1417
1127
1378
1284
1267
1443
1065
1153
1298
1226
1340
965
1178
1125
1430
1375
1122
1137
1331
1030
1291
1186
1312
1112
972
1264
1227
1280
1250
1252
1012
1415
883
1413
1102
1156
1382
1226
1122
1328
1038
1203
1199
1023
1292
1270
1199
1258
1111
1127
1398
1298
1173
1372
1027
1145
1285
1271
1244
1278
1113
1117
1112
1334
1007
1213
1128
1182
1154
1189
961
1412
1274
1047
1117
1169
1095
1085
1230
1118
1072
1392
1271
1134
1145
1086
1273
1127
1069
1168
1017
1252
1303
1179
1407
1071
1379
1415
1097
1310
1091
1032
1380
1225
1323
1329
1370
1109
1330
1159
1386
1053
1321
1387
1078
1418
1082
1404
1122
1221
1336
1393
1028
1395
1357
1186
1197
1159
1404
914
1302
1042
1389
1027
1270
1398
1228
1017
1404
1042
1277
1200
1385
1290
1378
1236
1074
1421
1071
1321
1082
1415
1299
1252
1004
1221
1392
1316
1284
1284
1415
1246
1257
1325
1314
1027
1391
1128
938
1096
1161
1095
1252
1178
1290
1252
1128
1050
1192
1208
1359
1202
1271
861
1336
1224
1348
1087
1271
973
1370
972
1221
1440
1149
1119
1158
1409
1108
1326
1090
1374
1190
1202
1302
1369
1133
1392
1424
915
1414
1206
1396
1150
1364
1037
1219
1317
1265
1109
1402
1216
1141
1393
841
1331
1235
1267
1316
1247
1206
1378
978
1345
1091
1381
1022
1296
1102
1405
1189
1310
1172
1340
1231
1393
1091
1347
1109
1047
1241
1280
1142
1315
1320
1244
1283
1370
1044
1355
1382
1241
1299
1159
1438
1006
1388
1088
1417
793
1214
1149
1377
1306
1231
1117
1323
1085
1363
1257
1403
1208
1198
1255
1151
1371
1071
1401
1037
1151
1193
1406
1197
1292
1175
1352
920
1403
1318
1407
1319
1207
1352
1220
1400
1295
956
1368
1177
1094
1333
986
1373
1313
1233
1278
1212
1101
1340
1380
1076
1378
1321
1273
1127
1335
1280
1359
1380
1122
1264
1214
1409
1400
1214
1336
1090
1038
1362
1277
1321
1246
1223
1394
1201
1385
1179
1216
1276
1280
1047
1199
1139
1191
1383
1284
1100
1116
1126
1209
1408
1045
1324
1186
1191
1209
1347
1114
1260
1132
1011
1328
1405
1142
1253
918
1402
1213
1269
1203
1411
1257
942
1321
1389
1075
1340
1169
1256
1004
1252
1289
1169
1274
1364
1030
1337
1052
1405
1210
1332
1131
1089
1242
1273
1238
1276
1130
1327
1335
1371
1139
1265
1314
1173
1206
1202
1321
1094
1246
1347
1114
1281
1143
1184
1284
1220
1252
1158
1370
1128
1391
985
1395
1051
1291
1195
1247
1139
1345
892
1382
1055
1411
1187
1286
1104
1270
1206
1259
1392
1183
1375
1135
1373
1162
1227
1434
1050
1332
1125
1291
1319
1404
1277
1378
1274
1244
1398
1097
1398
1408
1157
1369
1414
1102
1295
1234
1398
1410
1188
1303
1281
1322
1413
1312
1336
1284
1102
1385
1215
1409
1052
1381
1354
1302
1361
1199
1396
1114
1343
1085
1393
959
1419
1309
1324
1274
1354
1235
1233
1091
1353
1242
1077
1315
1066
1257
1397
1173
1198
1259
1081
1345
1322
1080
1142
1273
1295
1024
1196
1132
1405
1204
1381
978
1398
1131
1377
1316
1327
1301
1394
1404
1381
1409
1157
1417
1303
1265
1404
1350
1345
1399
1261
1146
1320
1106
1392
1419
1071
1357
1306
1246
1348
1236
1362
1191
1135
1415
1312
1218
1235
1263
1117
1320
1260
1416
1315
976
1177
1204
1230
1409
1189
1094
1294
1384
1328
1421
1012
1318
1213
1347
1276
1184
1131
1427
923
1328
1353
1155
1135
1290
1269
1283
1343
1016
1356
1399
1134
1424
1201
989
1388
1090
1355
1396
1201
1274
1247
1391
1225
1285
1404
1138
1345
1145
1421
1313
1256
1412
1279
1255
1297
1402
1387
1199
1241
1355
1291
1170
1134
1405
1399
1099
1418
1126
1126
1350
1303
1357
1345
1077
1248
1276
1279
1194
1422
1205
996
1362
1316
1210
1391
1379
1204
1355
1331
1315
1430
1410
1263
1200
1329
1332
1372
1406
1190
1373
922
1369
1321
1178
1354
1205
1311
1428
1386
976
1334
1423
1276
1372
1266
1289
1381
1385
1371
1058
1406
1162
1098
1386
1218
1389
1415
757
1311
1397
1175
1373
1139
1153
1147
1424
1321
1286
1239
1012
1418
1027
1408
1194
1304
1106
1051
1329
1382
1375
1197
1356
1221
1316
1350
1313
1314
1231
1277
1364
990
1265
1177
1233
1225
1267
1170
1373
1153
1420
1322
1159
1395
1034
1403
1221
1404
1225
1011
1386
1267
1392
999
1349
1399
1354
1376
1076
1273
1087
1332
1204
1280
1272
1032
1399
1098
1192
1369
1211
1192
1398
1244
1215
1259
1424
1203
1444
1365
1385
1118
1197
1311
1019
1420
1084
1376
1366
1159
1312
1372
1281
1207
1332
1062
1401
1183
1378
1208
1300
1221
1161
1404
977
1385
1136
1332
1228
1380
1043
1393
1189
1356
1424
1090
1341
1366
1172
1385
1169
1311
1183
1370
1092
1393
1249
1119
1391
1150
1421
1024
1275
1303
1191
1206
1172
1186
1414
1145
1305
1197
1405
1041
1395
1281
1186
1241
1114
1227
1383
1161
1298
1289
1288
1062
1191
1077
1272
1177
1286
1369
1198
1260
954
1322
1248
1296
1042
1264
924
1370
1230
1402
1050
1227
1118
1198
1391
1067
1170
1228
1049
1148
1276
1245
1100
1077
1394
1135
1075
1185
1256
1245
1377
1009
1414
1002
1402
1164
1374
1200
1194
1151
1384
984
1381
1175
1148
1407
1069
1282
1138
1317
1100
1230
1248
1021
1261
1367
1166
1230
1117
1397
1035
1218
1268
1330
1387
1413
1164
1122
1127
1407
1148
1198
1220
1091
1340
1362
1295
1215
1194
1082
1285
1234
1311
1413
1109
1244
1280
1225
1324
1293
1292
1367
1180
1251
1214
1314
1062
1042
693
1163
789
1054
1155
898
1152
1064
1042
1269
1131
1123
991
1121
1054
1138
1176
1273
1142
1339
1395
1170
1115
1373
1250
1275
1035
1385
1138
1232
1042
1420
981
1211
1400
1038
1226
1287
1022
1278
1296
1104
1218
1388
900
1377
1328
973
1378
1151
1230
1278
1392
977
1221
1339
1330
984
1436
1246
1402
1348
1294
1261
1409
1348
1110
1374
1354
1419
1080
1367
1116
1376
1185
1233
1398
1265
1294
1317
1207
1207
1432
899
1301
1365
1248
1236
1369
1170
1254
1268
1236
1059
1387
1136
1314
1302
1333
1200
1423
1193
1422
1248
1185
1144
1313
1204
1324
1416
1227
1288
1436
1212
1402
1180
1175
1204
1354
1405
1180
1397
1104
1344
1219
1344
1170
1161
1390
1058
1400
1387
1309
1308
1408
1263
1254
1076
1421
1200
1167
1309
1164
1414
1109
1287
1411
1394
1163
1412
1264
1327
1440
1298
1288
1381
1299
1292
1308
1403
1061
1203
1441
1351
1423
1138
1424
1360
1391
1331
1182
1397
1174
1392
1303
1257
1309
1313
1112
1372
1371
1263
1395
1216
1018
1379
1377
1222
1388
1355
1265
1359
1428
1231
1354
1416
1389
1243
1278
1341
1418
1311
1409
1347
1358
1365
1376
1331
1387
1351
1398
1411
1378
1336
1394
1372
1322
1398
1378
1342
1423
1326
1410
1270
1423
1394
1204
1299
1365
1389
1382
1398
1044
1393
1121
1372
1421
1229
1421
1110
1388
1273
1267
1401
1374
1162
1407
1263
1432
1388
1377
1351
1402
1192
1384
1401
1288
1391
1144
1404
1425
1211
1420
1406
1413
1393
1304
1425
1407
1333
1407
1278
1378
1247
1396
1186
1368
1310
1295
1420
1174
1366
1261
1274
1272
1221
1385
1331
1394
1454
1383
1431
1334
1386
1034
1354
1348
1355
1367
1108
1319
1258
1291
1266
1394
1106
1369
1382
1335
1412
1278
1392
1284
1375
1274
1377
1408
1179
1375
1285
1308
1312
1372
1413
1310
1240
1282
1412
932
1375
1360
1183
1093
1368
1377
1390
1246
1266
1370
1241
1091
1347
1415
1222
1166
1399
1383
1364
1116
1284
1177
1396
1365
1198
1330
1393
1303
1297
1320
1422
1236
1289
1331
1260
1393
1346
1331
1405
1268
1287
1449
1345
1330
1380
1423
1418
1393
1389
1230
1399
1226
1438
1240
1380
1401
1249
1360
1399
1224
1413
1271
1187
1259
1385
1400
1114
1385
1267
1167
1234
1411
1361
1291
1393
1180
1385
1383
1434
972
1263
1409
1340
1224
1282
1428
1164
1310
1387
1146
1410
1208
1343
1365
1211
1311
1412
1335
1408
988
1209
1337
1316
1180
1125
1304
1266
1166
1251
1215
1409
1056
1205
1308
1141
1387
1153
1190
1364
1340
1125
1308
1171
1172
1389
1278
1393
1205
1187
1300
1382
1297
1206
1223
1410
1181
1383
1361
1349
1070
1409
1141
1141
1193
1293
1363
1361
1097
1364
1395
1097
1365
1216
1351
1321
1420
1222
1393
1119
1433
1200
1334
1356
1367
1352
1273
1060
1423
1245
1335
1297
1361
1337
1185
1422
1036
1408
1421
1432
1157
1379
1426
1328
1294
1378
1397
1211
1365
1345
1378
1349
1422
1173
1292
1353
1395
1222
1251
1417
1251
1431
1204
1420
1312
1414
1401
1242
1374
1306
1274
1316
1419
1351
1169
1376
1027
1301
1432
1283
1357
1338
1398
1423
1380
1396
1184
1364
1366
1331
1438
1406
1377
1412
1238
1440
1099
1409
1151
1405
1164
1142
1393
1288
1254
1005
1382
1134
1414
1316
1371
1356
1169
1330
1253
1385
1312
1293
1387
1048
1206
1392
1355
1401
1357
1401
1386
1158
1416
1175
1397
1308
1354
1304
1399
1393
1347
1341
1259
1410
1407
1336
1232
1405
1224
1421
1180
1444
1113
1377
1290
1338
1348
1404
1419
1313
1425
1261
1351
1177
1365
1313
1109
1377
1145
1286
1288
1044
1361
1389
1414
1364
1239
1031
1381
1396
1031
1137
1374
1312
1181
1374
1329
1347
1225
1262
1390
1229
1369
1411
1192
1389
1078
1370
1236
1401
1392
1224
1400
1313
1398
1385
1317
1251
1420
1224
1407
1222
1379
1285
1381
1262
1419
1367
1238
1415
1296
1375
1216
1326
1439
1220
1376
1138
1382
1205
1393
1369
1358
1089
1346
1141
1446
1202
1338
1399
1096
1364
1398
1363
1379
1303
1221
1379
1409
1394
1393
1314
1401
1274
1401
1311
1376
1371
1346
1305
1323
1271
1313
1231
1394
1270
1131
1430
1289
1411
1118
1430
1383
1319
1216
1403
1382
1315
1263
1404
1401
1282
1248
1388
1371
1418
1374
1043
1426
1241
1368
1411
1378
1311
1406
1089
1427
1299
1388
1428
1179
1419
1206
1436
1396
1260
1189
1388
1077
1380
1340
1306
1373
1346
1163
1401
1119
1362
1347
1402
1129
1381
1303
1391
1411
1264
1390
1049
1376
1423
1376
1318
1365
1196
1367
1244
1405
1171
1395
1148
1396
1320
1350
1372
1412
1211
1406
1368
1418
1391
1088
1375
1417
1268
1243
1421
1195
1367
1409
1226
1412
1350
1233
1382
1378
1409
1144
1424
1395
1230
1194
1347
1382
1391
1195
1414
888
1377
1380
1116
1365
1246
1358
1391
1302
1412
1294
1328
1388
1190
1388
1220
1393
1233
1381
1294
1238
1375
1260
1128
1163
1434
1356
1298
1356
1414
1289
1440
1414
1337
1241
1390
1338
1388
1219
1319
1314
1400
1380
1279
1387
1376
1208
1220
1249
1442
1192
1410
1126
1392
1225
1394
1251
1322
1417
1302
1168
1314
1371
1098
1223
1409
979
1354
1220
1377
1131
1396
1304
1175
1371
1098
1193
1397
1186
1219
1229
1283
1080
1396
1213
1406
1360
1205
1038
1381
1326
1277
1221
1187
1408
1265
1284
1215
1239
1398
1101
1304
1339
1326
1388
1268
1319
