27008	1417	902	19
57008	953	902	17
87008	1114	902	15
1.1701e+005	762	902	13
1.4701e+005	916	902	17
1.7701e+005	937	902	15
2.0701e+005	882	902	13
2.3701e+005	929	902	16
2.6701e+005	806	902	15
2.9701e+005	734	902	13
3.2701e+005	785	902	15
3.5701e+005	794	902	12
3.8701e+005	959	902	15
4.1701e+005	797	902	15
4.4701e+005	762	902	14
4.7701e+005	794	902	15
5.0701e+005	748	902	14
5.3701e+005	859	902	16
5.6701e+005	739	902	14
5.9701e+005	792	902	15
6.2701e+005	816	902	15
6.5701e+005	874	902	13
6.8701e+005	1007	902	16
7.1701e+005	823	902	15
7.4701e+005	779	902	14
7.7701e+005	745	902	14
8.0701e+005	668	902	12
8.3701e+005	873	902	16
8.6701e+005	755	902	14
8.9701e+005	873	902	16
9.2701e+005	857	902	16
9.5701e+005	815	902	15
9.8701e+005	779	902	15
1.017e+006	606	902	12
1.047e+006	810	902	16
1.077e+006	719	902	14
1.107e+006	779	902	15
1.137e+006	800	902	16
1.167e+006	923	902	17
1.197e+006	726	902	14
1.227e+006	872	902	14
1.257e+006	900	902	15
1.287e+006	766	902	15
1.317e+006	800	902	16
1.347e+006	704	902	14
1.377e+006	867	902	17
1.407e+006	869	902	16
1.437e+006	667	902	13
1.467e+006	1069	902	19
1.497e+006	666	902	13
1.527e+006	820	902	16
1.557e+006	816	902	16
1.587e+006	765	902	15
1.617e+006	600	902	12
1.647e+006	926	902	16
1.677e+006	803	902	15
1.707e+006	926	902	18
1.737e+006	774	902	15
1.767e+006	843	902	17
1.797e+006	706	902	14
1.827e+006	801	902	16
1.857e+006	632	902	14
1.887e+006	758	902	15
1.917e+006	648	902	13
1.947e+006	928	902	18
1.977e+006	918	902	18
2.007e+006	868	902	16
2.037e+006	658	902	14
2.067e+006	1013	902	20
2.097e+006	651	902	13
2.127e+006	914	902	18
2.157e+006	724	902	14
2.187e+006	778	902	15
2.217e+006	919	902	18
2.247e+006	781	902	15
2.277e+006	621	902	12
2.307e+006	1038	902	19
2.337e+006	833	902	13
2.367e+006	1066	902	19
2.397e+006	792	902	15
2.427e+006	644	902	12
2.457e+006	959	902	18
2.487e+006	676	902	14
2.517e+006	863	902	16
2.547e+006	959	902	18
2.577e+006	735	902	14
2.607e+006	842	902	17
2.637e+006	704	902	15
2.667e+006	930	902	19
2.697e+006	754	902	15
2.727e+006	747	902	15
2.757e+006	797	902	16
2.787e+006	664	902	14
2.817e+006	908	902	18
2.847e+006	763	902	15
2.877e+006	685	902	13
2.907e+006	842	902	17
2.937e+006	620	902	13
2.967e+006	876	902	17
2.997e+006	644	902	13
3.027e+006	793	902	17
3.057e+006	784	902	15
3.087e+006	843	902	17
3.117e+006	672	902	13
3.147e+006	715	902	15
3.177e+006	995	902	19
3.207e+006	853	902	17
3.237e+006	905	902	18
3.267e+006	609	902	11
3.297e+006	555	902	11
3.327e+006	860	902	17
3.357e+006	936	902	18
3.387e+006	843	902	17
3.417e+006	574	902	12
3.447e+006	826	902	17
3.477e+006	830	902	16
3.507e+006	701	902	14
3.537e+006	748	902	15
3.567e+006	657	902	13
3.597e+006	782	902	15
3.627e+006	930	902	18
3.657e+006	977	902	19
3.687e+006	753	902	15
3.717e+006	632	902	13
3.747e+006	872	902	17
3.777e+006	772	902	16
3.807e+006	605	902	12
3.837e+006	900	902	18
3.867e+006	851	902	17
3.897e+006	762	902	15
3.927e+006	588	902	12
3.957e+006	771	902	15
3.987e+006	880	902	17
4.017e+006	558	902	11
4.047e+006	816	902	17
4.077e+006	918	902	18
4.107e+006	690	902	14
4.137e+006	889	902	17
4.167e+006	796	902	16
4.197e+006	893	902	17
4.227e+006	949	902	18
4.257e+006	740	902	15
4.287e+006	985	902	18
4.317e+006	830	902	15
4.347e+006	1107	902	21
4.377e+006	626	902	13
4.407e+006	733	902	15
4.437e+006	818	902	16
4.467e+006	856	902	17
4.497e+006	659	902	13
4.527e+006	924	902	17
4.557e+006	738	902	14
4.587e+006	973	902	17
4.617e+006	999	902	18
4.647e+006	609	902	12
4.677e+006	905	902	18
4.707e+006	899	902	18
4.737e+006	723	902	13
4.767e+006	1053	902	20
4.797e+006	895	902	18
4.827e+006	742	902	14
4.857e+006	626	902	12
4.887e+006	986	902	19
4.917e+006	954	902	18
4.947e+006	890	902	16
4.977e+006	592	902	12
5.007e+006	1077	902	18
5.037e+006	707	902	13
5.067e+006	1053	902	20
5.097e+006	664	902	13
5.127e+006	895	902	17
5.157e+006	975	902	18
5.187e+006	781	902	15
5.217e+006	835	902	16
5.247e+006	1061	902	20
5.277e+006	846	902	16
5.307e+006	687	902	14
5.337e+006	844	902	16
5.367e+006	830	902	16
5.397e+006	955	902	18
5.427e+006	887	902	16
5.457e+006	807	902	15
5.487e+006	816	902	15
5.517e+006	996	902	17
5.547e+006	874	902	16
5.577e+006	835	902	16
5.607e+006	794	902	14
5.637e+006	858	902	16
5.667e+006	789	902	15
5.697e+006	936	902	18
5.727e+006	835	902	16
5.757e+006	508	902	10
5.787e+006	1057	902	19
5.817e+006	748	902	15
5.847e+006	860	902	17
5.877e+006	865	902	17
5.907e+006	701	902	14
5.937e+006	724	902	14
5.967e+006	786	902	16
5.997e+006	973	902	19
6.027e+006	856	902	17
6.057e+006	811	902	16
6.087e+006	710	902	15
6.117e+006	820	902	17
6.147e+006	879	902	17
6.177e+006	853	902	17
6.207e+006	677	902	13
6.237e+006	881	902	17
6.267e+006	850	902	16
6.297e+006	792	902	16
6.327e+006	990	902	19
6.357e+006	870	902	17
6.387e+006	816	902	15
6.417e+006	991	902	18
6.447e+006	868	902	17
6.477e+006	889	902	18
6.507e+006	798	902	15
6.537e+006	602	902	11
6.567e+006	1148	902	22
6.597e+006	679	902	13
6.627e+006	1067	902	20
6.657e+006	771	902	15
6.687e+006	695	902	14
6.717e+006	763	902	15
6.747e+006	1031	902	21
6.777e+006	860	902	17
6.807e+006	792	902	16
6.837e+006	762	902	15
6.867e+006	760	902	15
6.897e+006	940	902	18
6.927e+006	685	902	13
6.957e+006	898	902	17
6.987e+006	868	902	17
7.017e+006	1045	902	20
7.047e+006	844	902	16
7.077e+006	858	902	17
7.107e+006	1113	902	20
7.137e+006	796	902	15
7.167e+006	1028	902	19
7.197e+006	673	902	12
7.227e+006	854	902	17
7.257e+006	888	902	17
7.287e+006	793	902	16
7.317e+006	955	902	18
7.347e+006	600	902	12
7.377e+006	1084	902	20
7.407e+006	775	902	15
7.437e+006	880	902	16
7.467e+006	730	902	14
7.497e+006	639	902	12
7.527e+006	737	902	14
7.557e+006	662	902	14
7.587e+006	800	902	16
7.617e+006	829	902	17
7.647e+006	800	902	16
7.677e+006	673	902	14
7.707e+006	783	902	16
7.737e+006	785	902	17
7.767e+006	819	902	17
7.797e+006	988	902	20
7.827e+006	925	902	19
7.857e+006	747	902	15
7.887e+006	551	902	11
7.917e+006	924	902	18
7.947e+006	563	902	12
7.977e+006	820	902	16
8.007e+006	935	902	18
8.037e+006	766	902	15
8.067e+006	871	902	17
8.097e+006	764	902	15
8.127e+006	823	902	16
8.157e+006	624	902	12
8.187e+006	694	902	14
8.217e+006	986	902	20
8.247e+006	927	902	19
8.277e+006	688	902	14
8.307e+006	828	902	17
8.337e+006	798	902	16
8.367e+006	836	902	17
8.397e+006	740	902	16
8.427e+006	769	902	16
8.457e+006	940	902	18
8.487e+006	803	902	17
8.517e+006	715	902	15
8.547e+006	746	902	15
8.577e+006	952	902	19
8.607e+006	1011	902	19
8.637e+006	814	902	17
8.667e+006	638	902	14
8.697e+006	813	902	16
8.727e+006	750	902	15
8.757e+006	1005	902	20
8.787e+006	854	902	17
8.817e+006	870	902	17
8.847e+006	742	902	14
8.877e+006	764	902	15
8.907e+006	868	902	17
8.937e+006	998	902	19
8.967e+006	884	902	18
8.997e+006	795	902	16
9.027e+006	874	902	16
9.057e+006	785	902	16
9.087e+006	858	902	17
9.117e+006	906	902	18
9.147e+006	852	902	16
9.177e+006	735	902	15
9.207e+006	1135	902	21
9.237e+006	991	902	19
9.267e+006	794	902	16
9.297e+006	664	902	12
9.327e+006	839	902	16
9.357e+006	836	902	16
9.387e+006	939	902	18
9.417e+006	968	902	19
9.447e+006	858	902	17
9.477e+006	860	902	17
9.507e+006	798	902	15
9.537e+006	823	902	16
9.567e+006	773	902	16
9.597e+006	785	902	15
9.627e+006	846	902	17
9.657e+006	924	902	18
9.687e+006	726	902	15
9.717e+006	786	902	16
9.747e+006	849	902	17
9.777e+006	872	902	17
9.807e+006	996	902	19
9.837e+006	748	902	15
9.867e+006	749	902	16
9.897e+006	959	902	19
9.927e+006	775	902	15
9.957e+006	605	902	13
9.987e+006	784	902	16
1.0017e+007	737	902	14
1.0047e+007	802	902	16
1.0077e+007	843	902	17
1.0107e+007	953	902	19
1.0137e+007	952	902	19
1.0167e+007	823	902	16
1.0197e+007	827	902	15
1.0227e+007	749	902	15
1.0257e+007	856	902	17
1.0287e+007	976	902	20
1.0317e+007	786	902	16
1.0347e+007	727	902	15
1.0377e+007	895	902	18
1.0407e+007	814	902	16
1.0437e+007	807	902	17
1.0467e+007	874	902	17
1.0497e+007	755	902	15
1.0527e+007	833	902	16
1.0557e+007	929	902	18
1.0587e+007	786	902	16
1.0617e+007	750	902	15
1.0647e+007	915	902	18
1.0677e+007	823	902	16
1.0707e+007	938	902	18
1.0737e+007	765	902	15
1.0767e+007	879	902	17
1.0797e+007	747	902	15
1.0827e+007	799	902	15
1.0857e+007	967	902	18
1.0887e+007	852	902	17
1.0917e+007	807	902	16
1.0947e+007	714	902	15
1.0977e+007	830	902	17
1.1007e+007	859	902	18
1.1037e+007	808	902	17
1.1067e+007	790	902	16
1.1097e+007	699	902	14
1.1127e+007	699	902	14
1.1157e+007	958	902	19
1.1187e+007	669	902	14
1.1217e+007	912	902	18
1.1247e+007	809	902	17
1.1277e+007	860	902	17
1.1307e+007	969	902	19
1.1337e+007	792	902	16
1.1367e+007	876	902	16
1.1397e+007	775	902	15
1.1427e+007	845	902	16
1.1457e+007	1007	902	19
1.1487e+007	661	902	13
1.1517e+007	978	902	18
1.1547e+007	916	902	18
1.1577e+007	909	902	18
1.1607e+007	779	902	15
1.1637e+007	886	902	17
1.1667e+007	872	902	17
1.1697e+007	859	902	17
1.1727e+007	751	902	15
1.1757e+007	984	902	18
1.1787e+007	921	902	18
1.1817e+007	686	902	12
1.1847e+007	899	902	17
1.1877e+007	912	902	18
1.1907e+007	919	902	18
1.1937e+007	744	902	15
1.1967e+007	556	902	11
1.1997e+007	697	902	15
1.2027e+007	914	902	18
1.2057e+007	751	902	15
1.2087e+007	948	902	19
1.2117e+007	807	902	17
1.2147e+007	884	902	18
1.2177e+007	690	902	14
1.2207e+007	711	902	15
1.2237e+007	870	902	18
1.2267e+007	1049	902	20
1.2297e+007	673	902	14
1.2327e+007	798	902	15
1.2357e+007	828	902	16
1.2387e+007	894	902	18
1.2417e+007	860	902	17
1.2447e+007	898	902	18
1.2477e+007	686	902	14
1.2507e+007	966	902	18
1.2537e+007	946	902	19
1.2567e+007	680	902	14
1.2597e+007	780	902	16
1.2627e+007	894	902	17
1.2657e+007	970	902	19
1.2687e+007	728	902	15
1.2717e+007	897	902	18
1.2747e+007	703	902	14
1.2777e+007	1021	902	21
1.2807e+007	670	902	14
1.2837e+007	859	902	17
1.2867e+007	720	902	14
1.2897e+007	976	902	18
1.2927e+007	669	902	13
1.2957e+007	1005	902	19
1.2987e+007	914	902	18
1.3017e+007	733	902	14
1.3047e+007	861	902	17
1.3077e+007	953	902	19
1.3107e+007	708	902	14
1.3137e+007	929	902	19
1.3167e+007	626	902	12
1.3197e+007	828	902	16
1.3227e+007	935	902	18
1.3257e+007	955	902	18
1.3287e+007	899	902	17
1.3317e+007	1105	902	20
1.3347e+007	766	902	14
1.3377e+007	706	902	13
1.3407e+007	979	902	18
1.3437e+007	871	902	16
1.3467e+007	898	902	17
1.3497e+007	962	902	19
1.3527e+007	757	902	15
1.3557e+007	898	902	17
1.3587e+007	743	902	15
1.3617e+007	751	902	14
1.3647e+007	934	902	19
1.3677e+007	789	902	16
1.3707e+007	719	902	14
1.3737e+007	854	902	18
1.3767e+007	979	902	20
1.3797e+007	596	902	13
1.3827e+007	614	902	12
1.3857e+007	1127	902	21
1.3887e+007	778	902	16
1.3917e+007	959	902	18
1.3947e+007	998	902	19
1.3977e+007	639	902	13
1.4007e+007	832	902	16
1.4037e+007	773	902	15
1.4067e+007	774	902	15
1.4097e+007	821	902	17
1.4127e+007	847	902	17
1.4157e+007	811	902	16
1.4187e+007	1050	902	20
1.4217e+007	681	902	13
1.4247e+007	1007	902	20
1.4277e+007	836	902	17
1.4307e+007	823	902	16
1.4337e+007	965	902	19
1.4367e+007	759	902	15
1.4397e+007	569	902	12
1.4427e+007	965	902	19
1.4457e+007	875	902	17
1.4487e+007	1042	902	21
1.4517e+007	848	902	16
1.4547e+007	811	902	16
1.4577e+007	701	902	14
1.4607e+007	865	902	17
1.4637e+007	917	902	18
1.4667e+007	770	902	15
1.4697e+007	804	902	16
1.4727e+007	905	902	18
1.4757e+007	860	902	17
1.4787e+007	946	902	16
1.4817e+007	1100	902	20
1.4847e+007	810	902	16
1.4877e+007	1011	902	20
1.4907e+007	726	902	14
1.4937e+007	774	902	15
1.4967e+007	694	902	14
1.4997e+007	657	902	14
1.5027e+007	1055	902	20
1.5057e+007	800	902	16
1.5087e+007	781	902	15
1.5117e+007	886	902	18
1.5147e+007	1003	902	20
1.5177e+007	675	902	13
1.5207e+007	928	902	18
1.5237e+007	746	902	15
1.5267e+007	940	902	18
1.5297e+007	997	902	19
1.5327e+007	709	902	14
1.5357e+007	965	902	19
1.5387e+007	760	902	14
1.5417e+007	900	902	17
1.5447e+007	792	902	15
1.5477e+007	878	902	18
1.5507e+007	922	902	19
1.5537e+007	605	902	12
1.5567e+007	899	902	18
1.5597e+007	750	902	15
1.5627e+007	865	902	18
1.5657e+007	715	902	14
1.5687e+007	798	902	16
1.5717e+007	615	902	12
1.5747e+007	1102	902	22
1.5777e+007	913	902	19
1.5807e+007	771	902	15
1.5837e+007	759	902	15
1.5867e+007	833	902	16
1.5897e+007	682	902	14
1.5927e+007	781	902	15
1.5957e+007	721	902	15
1.5987e+007	1080	902	20
1.6017e+007	862	902	17
1.6047e+007	620	902	13
1.6077e+007	931	902	17
1.6107e+007	856	902	17
1.6137e+007	763	902	15
1.6167e+007	805	902	15
1.6197e+007	748	902	14
1.6227e+007	708	902	14
1.6257e+007	1036	902	20
1.6287e+007	818	902	16
1.6317e+007	872	902	17
1.6347e+007	792	902	16
1.6377e+007	712	902	15
1.6407e+007	883	902	18
1.6437e+007	558	902	12
1.6467e+007	696	902	14
1.6497e+007	983	902	19
1.6527e+007	852	902	18
1.6557e+007	942	902	19
1.6587e+007	837	902	17
1.6617e+007	782	902	16
1.6647e+007	773	902	15
1.6677e+007	596	902	12
1.6707e+007	979	902	18
1.6737e+007	1031	902	19
1.6767e+007	768	902	15
1.6797e+007	700	902	14
1.6827e+007	995	902	19
1.6857e+007	764	902	15
1.6887e+007	949	902	18
1.6917e+007	906	902	17
1.6947e+007	637	902	13
1.6977e+007	613	902	12
1.7007e+007	862	902	16
1.7037e+007	943	902	19
1.7067e+007	842	902	18
1.7097e+007	894	902	18
1.7127e+007	725	902	15
1.7157e+007	989	902	20
1.7187e+007	715	902	15
1.7217e+007	939	902	18
1.7247e+007	672	902	14
1.7277e+007	781	902	16
1.7307e+007	588	902	12
1.7337e+007	895	902	17
1.7367e+007	931	902	18
1.7397e+007	865	902	17
1.7427e+007	833	902	17
1.7457e+007	795	902	16
1.7487e+007	596	902	13
1.7517e+007	1063	902	22
1.7547e+007	805	902	16
1.7577e+007	745	902	15
1.7607e+007	823	902	16
1.7637e+007	773	902	16
1.7667e+007	830	902	17
1.7697e+007	1056	902	21
1.7727e+007	601	902	13
1.7757e+007	907	902	18
1.7787e+007	961	902	20
1.7817e+007	783	902	16
1.7847e+007	667	902	13
1.7877e+007	848	902	17
1.7907e+007	685	902	14
1.7937e+007	901	902	18
1.7967e+007	854	902	18
1.7997e+007	711	902	14
1.8027e+007	852	902	17
1.8057e+007	960	902	20
1.8087e+007	736	902	15
1.8117e+007	809	902	16
1.8147e+007	984	902	20
1.8177e+007	704	902	14
1.8207e+007	925	902	17
1.8237e+007	949	902	18
1.8267e+007	794	902	16
1.8297e+007	851	902	16
1.8327e+007	792	902	16
1.8357e+007	892	902	18
1.8387e+007	892	902	18
1.8417e+007	694	902	14
1.8447e+007	875	902	18
1.8477e+007	807	902	16
1.8507e+007	727	902	15
1.8537e+007	792	902	16
1.8567e+007	1001	902	20
1.8597e+007	780	902	16
1.8627e+007	879	902	19
1.8657e+007	678	902	14
1.8687e+007	988	902	20
1.8717e+007	837	902	17
1.8747e+007	633	902	12
1.8777e+007	781	902	16
1.8807e+007	908	902	18
1.8837e+007	732	902	15
1.8867e+007	882	902	17
1.8897e+007	754	902	16
1.8927e+007	788	902	15
1.8957e+007	909	902	18
1.8987e+007	807	902	16
1.9017e+007	794	902	16
1.9047e+007	644	902	13
1.9077e+007	930	902	18
1.9107e+007	951	902	20
1.9137e+007	911	902	18
1.9167e+007	691	902	14
1.9197e+007	914	902	18
1.9227e+007	790	902	15
1.9257e+007	958	902	19
1.9287e+007	800	902	16
1.9317e+007	666	902	14
1.9347e+007	864	902	18
1.9377e+007	679	902	15
1.9407e+007	985	902	21
1.9437e+007	766	902	16
1.9467e+007	831	902	16
1.9497e+007	843	902	18
1.9527e+007	824	902	17
1.9557e+007	887	902	19
1.9587e+007	500	902	11
1.9617e+007	955	902	20
1.9647e+007	748	902	15
1.9677e+007	866	902	18
1.9707e+007	738	902	15
1.9737e+007	977	902	19
1.9767e+007	797	902	17
1.9797e+007	767	902	15
1.9827e+007	1017	902	20
1.9857e+007	622	902	13
1.9887e+007	855	902	17
1.9917e+007	749	902	15
1.9947e+007	771	902	16
1.9977e+007	981	902	20
2.0007e+007	846	902	16
2.0037e+007	983	902	19
2.0067e+007	780	902	15
2.0097e+007	1107	902	21
2.0127e+007	720	902	14
2.0157e+007	808	902	15
2.0187e+007	991	902	19
2.0217e+007	900	902	16
2.0247e+007	795	902	15
2.0277e+007	822	902	15
2.0307e+007	1015	902	19
2.0337e+007	1001	902	18
2.0367e+007	655	902	12
2.0397e+007	954	902	17
2.0427e+007	755	902	14
2.0457e+007	963	902	18
2.0487e+007	718	902	13
2.0517e+007	729	902	13
2.0547e+007	933	902	17
2.0577e+007	956	902	17
2.0607e+007	1080	902	19
2.0637e+007	821	902	15
2.0667e+007	806	902	15
2.0697e+007	1067	902	19
2.0727e+007	832	902	16
2.0757e+007	758	902	14
2.0787e+007	863	902	17
2.0817e+007	1083	902	21
2.0847e+007	801	902	16
2.0877e+007	906	902	16
2.0907e+007	789	902	15
2.0937e+007	851	902	16
2.0967e+007	938	902	18
2.0997e+007	814	902	15
2.1027e+007	1159	902	21
2.1057e+007	856	902	16
2.1087e+007	883	902	16
2.1117e+007	899	902	16
2.1147e+007	938	902	18
2.1177e+007	698	902	14
2.1207e+007	901	902	17
2.1237e+007	1056	902	20
2.1267e+007	927	902	18
2.1297e+007	835	902	15
2.1327e+007	849	902	16
2.1357e+007	754	902	15
2.1387e+007	905	902	17
2.1417e+007	768	902	15
2.1447e+007	991	902	18
2.1477e+007	882	902	18
2.1507e+007	941	902	18
2.1537e+007	830	902	16
2.1567e+007	951	902	18
2.1597e+007	815	902	16
2.1627e+007	784	902	15
2.1657e+007	1018	902	20
2.1687e+007	722	902	14
2.1717e+007	833	902	16
2.1747e+007	985	902	19
2.1777e+007	876	902	17
2.1807e+007	801	902	16
2.1837e+007	1072	902	20
2.1867e+007	750	902	14
2.1897e+007	903	902	17
2.1927e+007	889	902	16
2.1957e+007	846	902	16
2.1987e+007	934	902	18
2.2017e+007	942	902	18
2.2047e+007	771	902	14
2.2077e+007	943	902	18
2.2107e+007	784	902	15
2.2137e+007	1090	902	21
2.2167e+007	883	902	17
2.2197e+007	894	902	17
2.2227e+007	769	902	16
2.2257e+007	710	902	14
2.2287e+007	638	902	13
2.2317e+007	1177	902	24
2.2347e+007	633	902	13
2.2377e+007	862	902	17
2.2407e+007	1015	902	19
2.2437e+007	855	902	17
2.2467e+007	967	902	18
2.2497e+007	645	902	13
2.2527e+007	887	902	18
2.2557e+007	1005	902	19
2.2587e+007	816	902	16
2.2617e+007	757	902	15
2.2647e+007	980	902	19
2.2677e+007	732	902	15
2.2707e+007	761	902	15
2.2737e+007	909	902	19
2.2767e+007	890	902	19
2.2797e+007	830	902	18
2.2827e+007	663	902	14
2.2857e+007	792	902	17
2.2887e+007	973	902	20
2.2917e+007	554	902	11
2.2947e+007	897	902	18
2.2977e+007	875	902	18
2.3007e+007	829	902	17
2.3037e+007	893	902	18
2.3067e+007	694	902	15
2.3097e+007	893	902	18
2.3127e+007	719	902	15
2.3157e+007	936	902	19
2.3187e+007	613	902	12
2.3217e+007	979	902	20
2.3247e+007	704	902	14
2.3277e+007	887	902	18
2.3307e+007	827	902	18
2.3337e+007	715	902	16
2.3367e+007	918	902	19
2.3397e+007	692	902	15
2.3427e+007	694	902	15
2.3457e+007	922	902	19
2.3487e+007	806	902	17
2.3517e+007	646	902	13
2.3547e+007	917	902	18
2.3577e+007	1019	902	21
2.3607e+007	595	902	12
2.3637e+007	765	902	15
2.3667e+007	868	902	18
2.3697e+007	862	902	17
2.3727e+007	920	902	18
2.3757e+007	883	902	17
2.3787e+007	595	902	12
2.3817e+007	876	902	16
2.3847e+007	860	902	17
2.3877e+007	904	902	17
2.3907e+007	964	902	18
2.3937e+007	847	902	16
2.3967e+007	879	902	16
2.3997e+007	1169	902	21
2.4027e+007	492	902	9
2.4057e+007	964	902	17
2.4087e+007	1081	902	20
2.4117e+007	1004	902	19
2.4147e+007	798	902	15
2.4177e+007	961	902	18
2.4207e+007	987	902	18
2.4237e+007	866	902	16
2.4267e+007	823	902	15
2.4297e+007	849	902	16
2.4327e+007	847	902	16
2.4357e+007	891	902	17
2.4387e+007	971	902	18
2.4417e+007	849	902	16
2.4447e+007	874	902	16
2.4477e+007	1034	902	19
2.4507e+007	841	902	16
2.4537e+007	1005	902	17
2.4567e+007	911	902	17
2.4597e+007	911	902	17
2.4627e+007	927	902	18
2.4657e+007	719	902	14
2.4687e+007	848	902	17
2.4717e+007	706	902	14
2.4747e+007	809	902	15
2.4777e+007	1054	902	20
2.4807e+007	1038	902	20
2.4837e+007	823	902	15
2.4867e+007	1053	902	21
2.4897e+007	634	902	12
2.4927e+007	974	902	19
2.4957e+007	859	902	15
2.4987e+007	786	902	15
2.5017e+007	794	902	15
2.5047e+007	961	902	20
2.5077e+007	761	902	15
2.5107e+007	955	902	20
2.5137e+007	931	902	18
2.5167e+007	823	902	16
2.5197e+007	679	902	14
2.5227e+007	1002	902	19
2.5257e+007	774	902	14
2.5287e+007	972	902	19
2.5317e+007	841	902	16
2.5347e+007	1015	902	20
2.5377e+007	745	902	15
2.5407e+007	705	902	14
2.5437e+007	910	902	18
2.5467e+007	921	902	18
2.5497e+007	766	902	15
2.5527e+007	652	902	13
2.5557e+007	899	902	17
2.5587e+007	955	902	19
2.5617e+007	883	902	17
2.5647e+007	1004	902	19
2.5677e+007	1028	902	20
2.5707e+007	620	902	13
2.5737e+007	792	902	15
2.5767e+007	765	902	15
2.5797e+007	868	902	16
2.5827e+007	659	902	13
2.5857e+007	852	902	17
2.5887e+007	962	902	19
2.5917e+007	856	902	15
2.5947e+007	861	902	17
2.5977e+007	700	902	14
2.6007e+007	953	902	18
2.6037e+007	566	902	11
2.6067e+007	990	902	19
2.6097e+007	959	902	18
2.6127e+007	1010	902	20
2.6157e+007	864	902	17
2.6187e+007	819	902	16
2.6217e+007	787	902	16
2.6247e+007	844	902	16
2.6277e+007	927	902	18
2.6307e+007	696	902	14
2.6337e+007	967	902	19
2.6367e+007	887	902	19
2.6397e+007	614	902	13
2.6427e+007	975	902	19
2.6457e+007	899	902	19
2.6487e+007	645	902	14
2.6517e+007	788	902	16
2.6547e+007	908	902	19
2.6577e+007	545	902	12
2.6607e+007	971	902	20
2.6637e+007	761	902	16
2.6667e+007	763	902	16
2.6697e+007	923	902	19
2.6727e+007	817	902	17
2.6757e+007	829	902	17
2.6787e+007	735	902	14
2.6817e+007	918	902	18
2.6847e+007	851	902	17
2.6877e+007	867	902	17
2.6907e+007	694	902	14
2.6937e+007	1071	902	20
2.6967e+007	559	902	11
2.6997e+007	826	902	16
2.7027e+007	987	902	18
2.7057e+007	899	902	17
2.7087e+007	832	902	16
2.7117e+007	956	902	19
2.7147e+007	934	902	19
2.7177e+007	842	902	16
2.7207e+007	794	902	16
2.7237e+007	695	902	14
2.7267e+007	827	902	16
2.7297e+007	945	902	19
2.7327e+007	787	902	15
2.7357e+007	915	902	18
2.7387e+007	818	902	16
2.7417e+007	979	902	19
2.7447e+007	657	902	14
2.7477e+007	1054	902	20
2.7507e+007	793	902	15
2.7537e+007	842	902	16
2.7567e+007	923	902	18
2.7597e+007	886	902	17
2.7627e+007	1072	902	21
2.7657e+007	794	902	16
2.7687e+007	839	902	17
2.7717e+007	794	902	15
2.7747e+007	795	902	15
2.7777e+007	827	902	16
2.7807e+007	1067	902	20
2.7837e+007	704	902	13
2.7867e+007	839	902	16
2.7897e+007	1012	902	19
2.7927e+007	990	902	19
2.7957e+007	811	902	16
2.7987e+007	861	902	16
2.8017e+007	909	902	17
2.8047e+007	906	902	16
2.8077e+007	696	902	13
2.8107e+007	944	902	18
2.8137e+007	947	902	18
2.8167e+007	875	902	17
2.8197e+007	922	902	18
2.8227e+007	847	902	16
2.8257e+007	888	902	16
2.8287e+007	794	902	15
2.8317e+007	991	902	19
2.8347e+007	842	902	17
2.8377e+007	823	902	16
2.8407e+007	936	902	18
2.8437e+007	794	902	15
2.8467e+007	942	902	19
2.8497e+007	712	902	15
2.8527e+007	656	902	13
2.8557e+007	1100	902	21
2.8587e+007	694	902	14
2.8617e+007	1137	902	22
2.8647e+007	726	902	15
2.8677e+007	890	902	17
2.8707e+007	1004	902	19
2.8737e+007	848	902	17
2.8767e+007	719	902	14
2.8797e+007	636	902	13
2.8827e+007	910	902	18
2.8857e+007	888	902	18
2.8887e+007	898	902	18
2.8917e+007	901	902	18
2.8947e+007	854	902	17
2.8977e+007	956	902	19
2.9007e+007	601	902	12
2.9037e+007	781	902	16
2.9067e+007	933	902	18
2.9097e+007	843	902	17
2.9127e+007	833	902	16
2.9157e+007	881	902	18
2.9187e+007	714	902	15
2.9217e+007	860	902	17
2.9247e+007	1086	902	21
2.9277e+007	813	902	16
2.9307e+007	843	902	17
2.9337e+007	542	902	11
2.9367e+007	969	902	19
2.9397e+007	957	902	19
2.9427e+007	749	902	15
2.9457e+007	892	902	18
2.9487e+007	858	902	17
2.9517e+007	848	902	16
2.9547e+007	1033	902	19
2.9577e+007	879	902	17
2.9607e+007	820	902	15
2.9637e+007	895	902	16
2.9667e+007	829	902	15
2.9697e+007	1097	902	21
2.9727e+007	727	902	14
2.9757e+007	884	902	17
2.9787e+007	1002	902	19
2.9817e+007	823	902	16
2.9847e+007	1001	902	18
2.9877e+007	770	902	15
2.9907e+007	937	902	18
2.9937e+007	696	902	13
2.9967e+007	917	902	18
2.9997e+007	805	902	15
3.0027e+007	973	902	18
3.0057e+007	933	902	17
3.0087e+007	832	902	16
3.0117e+007	1026	902	19
3.0147e+007	841	902	17
3.0177e+007	862	902	16
3.0207e+007	834	902	17
3.0237e+007	883	902	18
3.0267e+007	685	902	13
3.0297e+007	1130	902	22
3.0327e+007	768	902	16
3.0357e+007	685	902	13
3.0387e+007	941	902	18
3.0417e+007	847	902	16
3.0447e+007	761	902	15
3.0477e+007	868	902	16
3.0507e+007	1008	902	19
3.0537e+007	838	902	17
3.0567e+007	792	902	15
3.0597e+007	881	902	18
3.0627e+007	687	902	13
3.0657e+007	1061	902	20
3.0687e+007	853	902	16
3.0717e+007	953	902	18
3.0747e+007	866	902	16
3.0777e+007	799	902	15
3.0807e+007	980	902	18
3.0837e+007	831	902	16
3.0867e+007	926	902	17
3.0897e+007	795	902	15
3.0927e+007	910	902	17
3.0957e+007	861	902	17
3.0987e+007	1104	902	20
3.1017e+007	870	902	17
3.1047e+007	819	902	16
3.1077e+007	666	902	13
3.1107e+007	1030	902	19
3.1137e+007	929	902	19
3.1167e+007	807	902	16
3.1197e+007	674	902	13
3.1227e+007	902	902	18
3.1257e+007	838	902	16
3.1287e+007	894	902	18
3.1317e+007	769	902	16
3.1347e+007	993	902	20
3.1377e+007	1023	902	19
3.1407e+007	521	902	10
3.1437e+007	675	902	14
3.1467e+007	990	902	18
3.1497e+007	1014	902	20
3.1527e+007	777	902	16
3.1557e+007	822	902	18
3.1587e+007	913	902	18
3.1617e+007	812	902	16
3.1647e+007	825	902	17
3.1677e+007	628	902	13
3.1707e+007	876	902	17
3.1737e+007	752	902	16
3.1767e+007	1075	902	21
3.1797e+007	992	902	20
3.1827e+007	675	902	13
3.1857e+007	912	902	18
3.1887e+007	722	902	14
3.1917e+007	985	902	19
3.1947e+007	617	902	12
3.1977e+007	825	902	16
3.2007e+007	978	902	19
3.2037e+007	836	902	16
3.2067e+007	860	902	17
3.2097e+007	780	902	16
3.2127e+007	933	902	19
3.2157e+007	911	902	18
3.2187e+007	608	902	12
3.2217e+007	876	902	16
3.2247e+007	769	902	15
3.2277e+007	764	902	15
3.2307e+007	983	902	18
3.2337e+007	919	902	18
3.2367e+007	770	902	15
3.2397e+007	969	902	18
3.2427e+007	877	902	17
3.2457e+007	831	902	16
3.2487e+007	938	902	18
3.2517e+007	839	902	16
3.2547e+007	945	902	18
3.2577e+007	701	902	13
3.2607e+007	932	902	18
3.2637e+007	791	902	16
3.2667e+007	986	902	19
3.2697e+007	950	902	18
3.2727e+007	646	902	13
3.2757e+007	832	902	17
3.2787e+007	874	902	18
3.2817e+007	937	902	18
3.2847e+007	844	902	17
3.2877e+007	552	902	12
3.2907e+007	713	902	14
3.2937e+007	1084	902	21
3.2967e+007	658	902	13
3.2997e+007	819	902	16
3.3027e+007	930	902	18
3.3057e+007	728	902	15
3.3087e+007	978	902	20
3.3117e+007	736	902	15
3.3147e+007	816	902	16
3.3177e+007	1009	902	19
3.3207e+007	762	902	15
3.3237e+007	926	902	18
3.3267e+007	734	902	14
3.3297e+007	910	902	17
3.3327e+007	837	902	17
3.3357e+007	1127	902	21
3.3387e+007	514	902	10
3.3417e+007	1066	902	21
3.3447e+007	983	902	18
3.3477e+007	528	902	10
3.3507e+007	943	902	18
3.3537e+007	976	902	18
3.3567e+007	1096	902	21
3.3597e+007	794	902	16
3.3627e+007	901	902	18
3.3657e+007	775	902	15
3.3687e+007	548	902	11
3.3717e+007	901	902	16
3.3747e+007	1125	902	22
3.3777e+007	698	902	14
3.3807e+007	853	902	18
3.3837e+007	965	902	18
3.3867e+007	709	902	14
3.3897e+007	963	902	18
3.3927e+007	913	902	17
3.3957e+007	826	902	16
3.3987e+007	956	902	18
3.4017e+007	756	902	15
3.4047e+007	1088	902	22
3.4077e+007	762	902	15
3.4107e+007	757	902	15
3.4137e+007	878	902	17
3.4167e+007	741	902	16
3.4197e+007	825	902	18
3.4227e+007	836	902	16
3.4257e+007	779	902	15
3.4287e+007	861	902	18
3.4317e+007	682	902	14
3.4347e+007	850	902	19
3.4377e+007	860	902	17
3.4407e+007	720	902	15
3.4437e+007	929	902	18
3.4467e+007	911	902	19
3.4497e+007	720	902	15
3.4527e+007	895	902	18
3.4557e+007	879	902	17
3.4587e+007	815	902	16
3.4617e+007	841	902	16
3.4647e+007	716	902	15
3.4677e+007	975	902	18
3.4707e+007	761	902	15
3.4737e+007	961	902	19
3.4767e+007	966	902	18
3.4797e+007	761	902	15
3.4827e+007	850	902	16
3.4857e+007	884	902	16
3.4887e+007	887	902	16
3.4917e+007	748	902	14
3.4947e+007	1005	902	19
3.4977e+007	1009	902	19
3.5007e+007	896	902	17
3.5037e+007	1032	902	19
3.5067e+007	812	902	15
3.5097e+007	856	902	17
3.5127e+007	809	902	15
3.5157e+007	652	902	13
3.5187e+007	806	902	16
3.5217e+007	1007	902	20
3.5247e+007	930	902	18
3.5277e+007	664	902	13
3.5307e+007	995	902	19
3.5337e+007	861	902	17
3.5367e+007	925	902	17
3.5397e+007	970	902	19
3.5427e+007	579	902	11
3.5457e+007	992	902	18
3.5487e+007	915	902	18
3.5517e+007	955	902	19
3.5547e+007	751	902	15
3.5577e+007	1037	902	20
3.5607e+007	782	902	16
3.5637e+007	754	902	15
3.5667e+007	744	902	15
3.5697e+007	900	902	18
3.5727e+007	710	902	14
3.5757e+007	993	902	19
3.5787e+007	1021	902	21
3.5817e+007	780	902	16
3.5847e+007	845	902	17
3.5877e+007	1004	902	20
3.5907e+007	708	902	14
3.5937e+007	658	902	14
3.5967e+007	836	902	17
3.5997e+007	941	902	18
3.6027e+007	801	902	16
3.6057e+007	942	902	19
3.6087e+007	933	902	19
3.6117e+007	661	902	14
3.6147e+007	800	902	16
3.6177e+007	1008	902	20
3.6207e+007	675	902	13
3.6237e+007	847	902	17
3.6267e+007	993	902	19
3.6297e+007	695	902	14
3.6327e+007	891	902	18
3.6357e+007	1017	902	21
3.6387e+007	616	902	13
3.6417e+007	860	902	17
3.6447e+007	1041	902	20
3.6477e+007	678	902	14
3.6507e+007	902	902	17
3.6537e+007	943	902	18
3.6567e+007	981	902	19
3.6597e+007	693	902	13
3.6627e+007	1035	902	20
3.6657e+007	815	902	16
3.6687e+007	830	902	16
3.6717e+007	874	902	17
3.6747e+007	866	902	17
3.6777e+007	919	902	18
3.6807e+007	855	902	16
3.6837e+007	943	902	18
3.6867e+007	785	902	15
3.6897e+007	790	902	15
3.6927e+007	841	902	16
3.6957e+007	1039	902	20
3.6987e+007	767	902	15
3.7017e+007	922	902	18
3.7047e+007	886	902	17
3.7077e+007	799	902	15
3.7107e+007	879	902	16
3.7137e+007	878	902	16
3.7167e+007	1079	902	21
3.7197e+007	820	902	16
3.7227e+007	873	902	17
3.7257e+007	993	902	20
3.7287e+007	675	902	13
3.7317e+007	740	902	15
3.7347e+007	922	902	18
3.7377e+007	828	902	17
3.7407e+007	761	902	16
3.7437e+007	853	902	17
3.7467e+007	841	902	16
3.7497e+007	910	902	18
3.7527e+007	746	902	15
3.7557e+007	650	902	14
3.7587e+007	907	902	19
3.7617e+007	973	902	20
3.7647e+007	756	902	15
3.7677e+007	765	902	16
3.7707e+007	871	902	18
3.7737e+007	822	902	16
3.7767e+007	940	902	19
3.7797e+007	898	902	17
3.7827e+007	532	902	10
3.7857e+007	1101	902	21
3.7887e+007	809	902	16
3.7917e+007	719	902	14
3.7947e+007	956	902	19
3.7977e+007	772	902	16
3.8007e+007	860	902	17
3.8037e+007	822	902	17
3.8067e+007	764	902	16
3.8097e+007	743	902	15
3.8127e+007	954	902	19
3.8157e+007	882	902	17
3.8187e+007	893	902	18
3.8217e+007	750	902	15
3.8247e+007	849	902	17
3.8277e+007	994	902	20
3.8307e+007	724	902	15
3.8337e+007	858	902	18
3.8367e+007	669	902	14
3.8397e+007	727	902	16
3.8427e+007	807	902	17
3.8457e+007	834	902	18
3.8487e+007	669	902	14
3.8517e+007	856	902	18
3.8547e+007	897	902	18
3.8577e+007	962	902	19
3.8607e+007	796	902	15
3.8637e+007	860	902	17
3.8667e+007	963	902	19
3.8697e+007	831	902	17
3.8727e+007	680	902	14
3.8757e+007	542	902	11
3.8787e+007	932	902	19
3.8817e+007	788	902	17
3.8847e+007	1031	902	22
3.8877e+007	740	902	16
3.8907e+007	718	902	15
3.8937e+007	866	902	18
3.8967e+007	840	902	18
3.8997e+007	743	902	16
3.9027e+007	720	902	15
3.9057e+007	845	902	17
3.9087e+007	774	902	16
3.9117e+007	910	902	19
3.9147e+007	898	902	18
3.9177e+007	907	902	19
3.9207e+007	747	902	15
3.9237e+007	827	902	17
3.9267e+007	709	902	14
3.9297e+007	822	902	17
3.9327e+007	718	902	14
3.9357e+007	842	902	18
3.9387e+007	940	902	20
3.9417e+007	790	902	17
3.9447e+007	809	902	17
3.9477e+007	687	902	15
3.9507e+007	863	902	18
3.9537e+007	692	902	15
3.9567e+007	827	902	17
3.9597e+007	655	902	15
3.9627e+007	813	902	17
3.9657e+007	923	902	21
3.9687e+007	732	902	16
3.9717e+007	831	902	18
3.9747e+007	776	902	16
3.9777e+007	787	902	16
3.9807e+007	710	902	15
3.9837e+007	980	902	20
3.9867e+007	700	902	15
3.9897e+007	753	902	15
3.9927e+007	854	902	18
3.9957e+007	824	902	17
3.9987e+007	690	902	14
4.0017e+007	928	902	19
4.0047e+007	729	902	15
4.0077e+007	875	902	17
4.0107e+007	921	902	19
4.0137e+007	849	902	17
4.0167e+007	600	902	12
4.0197e+007	1071	902	21
4.0227e+007	661	902	13
4.0257e+007	874	902	18
4.0287e+007	855	902	17
4.0317e+007	906	902	19
4.0347e+007	974	902	19
4.0377e+007	748	902	16
4.0407e+007	874	902	17
4.0437e+007	766	902	16
4.0467e+007	751	902	15
4.0497e+007	767	902	16
4.0527e+007	950	902	19
4.0557e+007	815	902	17
4.0587e+007	768	902	16
4.0617e+007	857	902	17
4.0647e+007	805	902	17
4.0677e+007	933	902	19
4.0707e+007	772	902	16
4.0737e+007	769	902	15
4.0767e+007	889	902	18
4.0797e+007	881	902	18
4.0827e+007	864	902	17
4.0857e+007	712	902	15
4.0887e+007	744	902	15
4.0917e+007	862	902	18
4.0947e+007	896	902	18
4.0977e+007	758	902	16
4.1007e+007	830	902	18
4.1037e+007	749	902	16
4.1067e+007	742	902	16
4.1097e+007	726	902	16
4.1127e+007	836	902	17
4.1157e+007	824	902	16
4.1187e+007	823	902	17
4.1217e+007	940	902	19
4.1247e+007	719	902	15
4.1277e+007	902	902	19
4.1307e+007	815	902	17
4.1337e+007	861	902	18
4.1367e+007	624	902	13
4.1397e+007	1069	902	21
4.1427e+007	835	902	17
4.1457e+007	565	902	12
4.1487e+007	850	902	17
4.1517e+007	947	902	19
4.1547e+007	880	902	17
4.1577e+007	768	902	16
4.1607e+007	1043	902	17
4.1637e+007	967	902	19
4.1667e+007	828	902	16
4.1697e+007	988	902	19
4.1727e+007	628	902	13
4.1757e+007	667	902	14
4.1787e+007	678	902	14
4.1817e+007	1095	902	22
4.1847e+007	914	902	19
4.1877e+007	746	902	16
4.1907e+007	844	902	17
4.1937e+007	943	902	19
4.1967e+007	672	902	14
4.1997e+007	751	902	15
4.2027e+007	641	902	13
4.2057e+007	1089	902	22
4.2087e+007	808	902	16
4.2117e+007	850	902	17
4.2147e+007	1002	902	21
4.2177e+007	837	902	17
4.2207e+007	575	902	12
4.2237e+007	973	902	20
4.2267e+007	827	902	17
4.2297e+007	592	902	12
4.2327e+007	844	902	17
4.2357e+007	892	902	18
4.2387e+007	767	902	15
4.2417e+007	916	902	19
4.2447e+007	883	902	19
4.2477e+007	819	902	16
4.2507e+007	696	902	14
4.2537e+007	1000	902	20
4.2567e+007	931	902	18
4.2597e+007	722	902	14
4.2627e+007	688	902	14
4.2657e+007	816	902	16
4.2687e+007	1116	902	22
4.2717e+007	692	902	14
4.2747e+007	883	902	17
4.2777e+007	979	902	18
4.2807e+007	819	902	16
4.2837e+007	965	902	19
4.2867e+007	750	902	15
4.2897e+007	740	902	14
4.2927e+007	799	902	16
4.2957e+007	923	902	19
4.2987e+007	815	902	16
4.3017e+007	817	902	17
4.3047e+007	778	902	16
4.3077e+007	644	902	13
4.3107e+007	606	902	12
4.3137e+007	507	902	10
4.3167e+007	677	902	13
4.3197e+007	616	902	12
4.3227e+007	578	902	12
4.3257e+007	626	902	12
4.3287e+007	814	902	16
4.3317e+007	610	902	12
4.3347e+007	707	902	14
4.3377e+007	796	902	16
4.3407e+007	713	902	14
4.3437e+007	820	902	17
4.3467e+007	590	902	12
4.3497e+007	799	902	16
4.3527e+007	540	902	11
4.3557e+007	915	902	20
4.3587e+007	795	902	17
4.3617e+007	742	902	16
4.3647e+007	652	902	14
4.3677e+007	663	902	14
4.3707e+007	785	902	16
4.3737e+007	776	902	16
4.3767e+007	758	902	16
4.3797e+007	633	902	13
4.3827e+007	785	902	16
4.3857e+007	845	902	17
4.3887e+007	679	902	14
4.3917e+007	943	902	18
4.3947e+007	869	902	16
4.3977e+007	668	902	12
4.4007e+007	1148	902	22
4.4037e+007	696	902	13
4.4067e+007	782	902	16
4.4097e+007	764	902	15
4.4127e+007	920	902	18
4.4157e+007	859	902	18
4.4187e+007	887	902	18
4.4217e+007	921	902	19
4.4247e+007	690	902	13
4.4277e+007	902	902	18
4.4307e+007	671	902	14
4.4337e+007	987	902	19
4.4367e+007	974	902	21
4.4397e+007	655	902	14
4.4427e+007	757	902	16
4.4457e+007	773	902	16
4.4487e+007	741	902	16
4.4517e+007	877	902	19
4.4547e+007	729	902	15
4.4577e+007	792	902	16
4.4607e+007	952	902	19
4.4637e+007	811	902	17
4.4667e+007	906	902	18
4.4697e+007	866	902	18
4.4727e+007	701	902	14
4.4757e+007	687	902	15
4.4787e+007	904	902	19
4.4817e+007	738	902	16
4.4847e+007	610	902	13
4.4877e+007	1012	902	20
4.4907e+007	804	902	17
4.4937e+007	889	902	19
4.4967e+007	786	902	17
4.4997e+007	635	902	14
4.5027e+007	951	902	20
4.5057e+007	854	902	18
4.5087e+007	889	902	18
4.5117e+007	512	902	11
4.5147e+007	911	902	19
4.5177e+007	874	902	18
4.5207e+007	812	902	18
4.5237e+007	779	902	16
4.5267e+007	903	902	19
4.5297e+007	821	902	17
4.5327e+007	903	902	19
4.5357e+007	717	902	15
4.5387e+007	849	902	18
4.5417e+007	670	902	13
4.5447e+007	930	902	19
4.5477e+007	912	902	19
4.5507e+007	586	902	13
4.5537e+007	933	902	20
4.5567e+007	845	902	17
4.5597e+007	854	902	17
4.5627e+007	919	902	19
4.5657e+007	813	902	17
4.5687e+007	711	902	14
4.5717e+007	791	902	15
4.5747e+007	1098	902	22
4.5777e+007	872	902	17
4.5807e+007	843	902	16
4.5837e+007	957	902	18
4.5867e+007	1006	902	20
4.5897e+007	853	902	16
4.5927e+007	819	902	16
4.5957e+007	886	902	17
4.5987e+007	1068	902	21
4.6017e+007	964	902	19
4.6047e+007	813	902	17
4.6077e+007	643	902	13
4.6107e+007	960	902	19
4.6137e+007	871	902	18
4.6167e+007	1082	902	21
4.6197e+007	834	902	16
4.6227e+007	935	902	19
4.6257e+007	615	902	13
4.6287e+007	952	902	19
4.6317e+007	868	902	18
4.6347e+007	702	902	15
4.6377e+007	1095	902	22
4.6407e+007	955	902	20
4.6437e+007	701	902	14
4.6467e+007	833	902	16
4.6497e+007	833	902	17
4.6527e+007	962	902	19
4.6557e+007	838	902	17
4.6587e+007	852	902	17
4.6617e+007	926	902	19
4.6647e+007	898	902	19
4.6677e+007	702	902	15
4.6707e+007	864	902	18
4.6737e+007	854	902	18
4.6767e+007	937	902	19
4.6797e+007	930	902	19
4.6827e+007	621	902	13
4.6857e+007	904	902	18
4.6887e+007	850	902	18
4.6917e+007	831	902	17
4.6947e+007	805	902	17
4.6977e+007	811	902	17
4.7007e+007	999	902	21
4.7037e+007	853	902	18
4.7067e+007	883	902	18
4.7097e+007	802	902	17
4.7127e+007	718	902	15
4.7157e+007	855	902	18
4.7187e+007	856	902	18
4.7217e+007	893	902	19
4.7247e+007	749	902	16
4.7277e+007	705	902	14
4.7307e+007	847	902	18
4.7337e+007	986	902	20
4.7367e+007	764	902	16
4.7397e+007	1036	902	20
4.7427e+007	806	902	17
4.7457e+007	820	902	17
4.7487e+007	810	902	16
4.7517e+007	883	902	18
4.7547e+007	837	902	17
4.7577e+007	928	902	18
4.7607e+007	891	902	18
4.7637e+007	794	902	16
4.7667e+007	1023	902	21
4.7697e+007	798	902	16
4.7727e+007	941	902	19
4.7757e+007	657	902	14
4.7787e+007	910	902	19
4.7817e+007	721	902	16
4.7847e+007	893	902	19
4.7877e+007	747	902	16
4.7907e+007	933	902	19
4.7937e+007	991	902	21
4.7967e+007	612	902	13
4.7997e+007	1077	902	21
4.8027e+007	867	902	17
4.8057e+007	847	902	17
4.8087e+007	830	902	17
4.8117e+007	776	902	15
4.8147e+007	920	902	18
4.8177e+007	899	902	18
4.8207e+007	1163	902	23
4.8237e+007	756	902	16
4.8267e+007	791	902	16
4.8297e+007	910	902	18
4.8327e+007	731	902	15
4.8357e+007	923	902	19
4.8387e+007	855	902	18
4.8417e+007	998	902	21
4.8447e+007	780	902	16
4.8477e+007	791	902	17
4.8507e+007	848	902	17
4.8537e+007	902	902	19
4.8567e+007	783	902	16
4.8597e+007	712	902	15
4.8627e+007	1185	902	24
4.8657e+007	719	902	14
4.8687e+007	895	902	18
4.8717e+007	747	902	16
4.8747e+007	805	902	17
4.8777e+007	947	902	18
4.8807e+007	780	902	16
4.8837e+007	1005	902	20
4.8867e+007	804	902	16
4.8897e+007	794	902	16
4.8927e+007	1019	902	19
4.8957e+007	891	902	17
4.8987e+007	928	902	18
4.9017e+007	887	902	17
4.9047e+007	889	902	17
4.9077e+007	891	902	17
4.9107e+007	929	902	18
4.9137e+007	902	902	18
4.9167e+007	835	902	16
4.9197e+007	956	902	18
4.9227e+007	617	902	13
4.9257e+007	1035	902	20
4.9287e+007	760	902	15
4.9317e+007	873	902	17
4.9347e+007	843	902	16
4.9377e+007	749	902	16
4.9407e+007	1005	902	19
4.9437e+007	604	902	13
4.9467e+007	1046	902	21
4.9497e+007	868	902	17
4.9527e+007	676	902	14
4.9557e+007	873	902	16
4.9587e+007	1024	902	20
4.9617e+007	791	902	14
4.9647e+007	967	902	18
4.9677e+007	1068	902	20
4.9707e+007	758	902	14
4.9737e+007	935	902	18
4.9767e+007	977	902	19
4.9797e+007	796	902	15
4.9827e+007	1054	902	20
4.9857e+007	852	902	16
4.9887e+007	957	902	17
4.9917e+007	857	902	16
4.9947e+007	1018	902	19
4.9977e+007	708	902	13
5.0007e+007	992	902	19
5.0037e+007	798	902	16
5.0067e+007	950	902	19
5.0097e+007	795	902	16
5.0127e+007	876	902	17
5.0157e+007	902	902	17
5.0187e+007	1080	902	20
5.0217e+007	815	902	15
5.0247e+007	763	902	14
5.0277e+007	755	902	14
5.0307e+007	962	902	18
5.0337e+007	935	902	17
5.0367e+007	923	902	18
5.0397e+007	1043	902	20
5.0427e+007	895	902	18
5.0457e+007	801	902	16
5.0487e+007	1131	902	21
5.0517e+007	757	902	14
5.0547e+007	952	902	18
5.0577e+007	962	902	18
5.0607e+007	765	902	15
5.0637e+007	1021	902	20
5.0667e+007	937	902	18
5.0697e+007	837	902	16
5.0727e+007	1031	902	19
5.0757e+007	857	902	17
5.0787e+007	782	902	15
5.0817e+007	903	902	18
5.0847e+007	911	902	19
5.0877e+007	697	902	14
5.0907e+007	837	902	17
5.0937e+007	1125	902	22
5.0967e+007	625	902	13
5.0997e+007	855	902	17
5.1027e+007	901	902	18
5.1057e+007	995	902	19
5.1087e+007	932	902	18
5.1117e+007	940	902	18
5.1147e+007	1016	902	19
5.1177e+007	899	902	18
5.1207e+007	931	902	18
5.1237e+007	840	902	17
5.1267e+007	778	902	16
5.1297e+007	611	902	13
5.1327e+007	1055	902	20
5.1357e+007	793	902	16
5.1387e+007	844	902	17
5.1417e+007	1008	902	19
5.1447e+007	1108	902	23
5.1477e+007	740	902	15
5.1507e+007	992	902	19
5.1537e+007	790	902	16
5.1567e+007	909	902	17
5.1597e+007	877	902	17
5.1627e+007	914	902	17
5.1657e+007	905	902	18
5.1687e+007	837	902	16
5.1717e+007	927	902	18
5.1747e+007	906	902	17
5.1777e+007	879	902	17
5.1807e+007	1173	902	22
5.1837e+007	943	902	18
5.1867e+007	1016	902	19
5.1897e+007	728	902	14
5.1927e+007	903	902	17
5.1957e+007	884	902	18
5.1987e+007	901	902	17
5.2017e+007	1106	902	21
5.2047e+007	763	902	15
5.2077e+007	1025	902	19
5.2107e+007	903	902	16
5.2137e+007	1033	902	19
5.2167e+007	818	902	15
5.2197e+007	951	902	18
5.2227e+007	988	902	18
5.2257e+007	920	902	17
5.2287e+007	920	902	18
5.2317e+007	1109	902	20
5.2347e+007	801	902	15
5.2377e+007	1001	902	18
5.2407e+007	703	902	13
5.2437e+007	1198	902	22
5.2467e+007	966	902	18
5.2497e+007	1058	902	20
5.2527e+007	977	902	18
5.2557e+007	1000	902	18
5.2587e+007	909	902	16
5.2617e+007	733	902	14
5.2647e+007	1140	902	21
5.2677e+007	822	902	15
5.2707e+007	981	902	19
5.2737e+007	883	902	17
5.2767e+007	1081	902	20
5.2797e+007	1046	902	19
5.2827e+007	800	902	14
5.2857e+007	942	902	17
5.2887e+007	953	902	17
5.2917e+007	952	902	18
5.2947e+007	1029	902	19
5.2977e+007	859	902	16
5.3007e+007	928	902	18
5.3037e+007	861	902	16
5.3067e+007	1133	902	22
5.3097e+007	878	902	17
5.3127e+007	731	902	14
5.3157e+007	891	902	17
5.3187e+007	1099	902	21
5.3217e+007	886	902	17
5.3247e+007	1021	902	19
5.3277e+007	959	902	18
5.3307e+007	902	902	17
5.3337e+007	892	902	17
5.3367e+007	718	902	14
5.3397e+007	1060	902	20
5.3427e+007	1088	902	21
5.3457e+007	877	902	17
5.3487e+007	754	902	14
5.3517e+007	1055	902	21
5.3547e+007	873	902	17
5.3577e+007	771	902	15
5.3607e+007	1050	902	21
5.3637e+007	1111	902	21
5.3667e+007	563	902	11
5.3697e+007	1071	902	21
5.3727e+007	902	902	18
5.3757e+007	1085	902	22
5.3787e+007	598	902	12
5.3817e+007	882	902	17
5.3847e+007	1079	902	20
5.3877e+007	893	902	18
5.3907e+007	969	902	19
5.3937e+007	831	902	16
5.3967e+007	863	902	16
5.3997e+007	1014	902	19
5.4027e+007	704	902	14
5.4057e+007	1193	902	22
5.4087e+007	1048	902	20
5.4117e+007	934	902	17
5.4147e+007	935	902	18
5.4177e+007	970	902	18
5.4207e+007	928	902	17
5.4237e+007	929	902	17
5.4267e+007	950	902	17
5.4297e+007	900	902	17
5.4327e+007	1077	902	19
5.4357e+007	912	902	17
5.4387e+007	950	902	17
5.4417e+007	1008	902	18
5.4447e+007	847	902	16
5.4477e+007	740	902	14
5.4507e+007	1305	902	23
5.4537e+007	925	902	18
5.4567e+007	903	902	17
5.4597e+007	813	902	15
5.4627e+007	949	902	17
5.4657e+007	1112	902	21
5.4687e+007	905	902	17
5.4717e+007	986	902	18
5.4747e+007	1028	902	19
5.4777e+007	906	902	16
5.4807e+007	1015	902	19
5.4837e+007	1042	902	18
5.4867e+007	879	902	17
5.4897e+007	857	902	16
5.4927e+007	974	902	17
5.4957e+007	1033	902	18
5.4987e+007	1002	902	18
5.5017e+007	1063	902	20
5.5047e+007	987	902	19
5.5077e+007	736	902	14
5.5107e+007	915	902	18
5.5137e+007	837	902	17
5.5167e+007	871	902	17
5.5197e+007	863	902	17
5.5227e+007	1085	902	21
5.5257e+007	755	902	15
5.5287e+007	941	902	19
5.5317e+007	951	902	19
5.5347e+007	742	902	15
5.5377e+007	1019	902	19
5.5407e+007	783	902	16
5.5437e+007	897	902	18
5.5467e+007	1008	902	20
5.5497e+007	512	902	10
5.5527e+007	1162	902	22
5.5557e+007	812	902	16
5.5587e+007	812	902	16
5.5617e+007	735	902	14
5.5647e+007	903	902	17
5.5677e+007	1025	902	20
5.5707e+007	998	902	18
5.5737e+007	838	902	16
5.5767e+007	1027	902	19
5.5797e+007	873	902	16
5.5827e+007	1126	902	20
5.5857e+007	896	902	17
5.5887e+007	885	902	16
5.5917e+007	948	902	17
5.5947e+007	1022	902	18
5.5977e+007	880	902	15
5.6007e+007	751	902	14
5.6037e+007	786	902	14
5.6067e+007	814	902	15
5.6097e+007	955	902	18
5.6127e+007	930	902	18
5.6157e+007	882	902	17
5.6187e+007	815	902	16
5.6217e+007	1022	902	20
5.6247e+007	749	902	15
5.6277e+007	852	902	17
5.6307e+007	823	902	17
5.6337e+007	688	902	14
5.6367e+007	981	902	18
5.6397e+007	877	902	17
5.6427e+007	870	902	17
5.6457e+007	855	902	15
5.6487e+007	932	902	18
5.6517e+007	659	902	13
5.6547e+007	1091	902	20
5.6577e+007	813	902	15
5.6607e+007	858	902	17
5.6637e+007	882	902	17
5.6667e+007	990	902	19
5.6697e+007	1087	902	19
5.6727e+007	800	902	15
5.6757e+007	988	902	17
5.6787e+007	1217	902	22
5.6817e+007	759	902	15
5.6847e+007	904	902	18
5.6877e+007	930	902	18
5.6907e+007	892	902	17
5.6937e+007	710	902	14
5.6967e+007	1222	902	23
5.6997e+007	682	902	14
5.7027e+007	950	902	17
5.7057e+007	907	902	18
5.7087e+007	892	902	17
5.7117e+007	855	902	17
5.7147e+007	1018	902	20
5.7177e+007	853	902	17
5.7207e+007	889	902	17
5.7237e+007	839	902	17
5.7267e+007	865	902	17
5.7297e+007	953	902	19
5.7327e+007	895	902	18
5.7357e+007	746	902	15
5.7387e+007	875	902	17
5.7417e+007	949	902	18
5.7447e+007	799	902	16
5.7477e+007	1156	902	23
5.7507e+007	753	902	15
5.7537e+007	701	902	14
5.7567e+007	963	902	19
5.7597e+007	953	902	20
5.7627e+007	858	902	18
5.7657e+007	962	902	20
5.7687e+007	540	902	11
5.7717e+007	997	902	19
5.7747e+007	781	902	16
5.7777e+007	896	902	18
5.7807e+007	1114	902	22
5.7837e+007	963	902	19
5.7867e+007	820	902	16
5.7897e+007	955	902	18
5.7927e+007	844	902	16
5.7957e+007	932	902	17
5.7987e+007	810	902	17
5.8017e+007	1033	902	21
5.8047e+007	725	902	15
5.8077e+007	898	902	18
5.8107e+007	787	902	16
5.8137e+007	1070	902	21
5.8167e+007	750	902	15
5.8197e+007	930	902	18
5.8227e+007	780	902	16
5.8257e+007	867	902	16
5.8287e+007	1104	902	21
5.8317e+007	1081	902	21
5.8347e+007	916	902	18
5.8377e+007	699	902	14
5.8407e+007	868	902	18
5.8437e+007	886	902	17
5.8467e+007	778	902	16
5.8497e+007	768	902	16
5.8527e+007	1050	902	20
5.8557e+007	873	902	19
5.8587e+007	798	902	16
5.8617e+007	912	902	18
5.8647e+007	885	902	18
5.8677e+007	874	902	18
5.8707e+007	939	902	18
5.8737e+007	810	902	16
5.8767e+007	847	902	17
5.8797e+007	998	902	19
5.8827e+007	892	902	18
5.8857e+007	915	902	18
5.8887e+007	948	902	19
5.8917e+007	912	902	18
5.8947e+007	709	902	15
5.8977e+007	949	902	18
5.9007e+007	926	902	18
5.9037e+007	819	902	16
5.9067e+007	900	902	18
5.9097e+007	1092	902	22
5.9127e+007	880	902	17
5.9157e+007	805	902	16
5.9187e+007	929	902	18
5.9217e+007	875	902	17
5.9247e+007	929	902	18
5.9277e+007	1032	902	20
5.9307e+007	721	902	14
5.9337e+007	918	902	17
5.9367e+007	1034	902	19
5.9397e+007	893	902	18
5.9427e+007	891	902	17
5.9457e+007	938	902	18
5.9487e+007	692	902	13
5.9517e+007	1100	902	20
5.9547e+007	912	902	17
5.9577e+007	1004	902	18
5.9607e+007	1058	902	19
5.9637e+007	1047	902	20
5.9667e+007	919	902	17
5.9697e+007	1033	902	19
5.9727e+007	829	902	15
5.9757e+007	1153	902	21
5.9787e+007	919	902	17
5.9817e+007	902	902	17
5.9847e+007	1103	902	21
5.9877e+007	636	902	13
5.9907e+007	1038	902	19
5.9937e+007	977	902	18
5.9967e+007	880	902	16
5.9997e+007	1045	902	19
6.0027e+007	820	902	15
6.0057e+007	972	902	18
6.0087e+007	990	902	19
6.0117e+007	814	902	16
6.0147e+007	860	902	16
6.0177e+007	1049	902	20
6.0207e+007	936	902	18
6.0237e+007	870	902	17
6.0267e+007	802	902	15
6.0297e+007	831	902	17
6.0327e+007	1101	902	22
6.0357e+007	873	902	17
6.0387e+007	916	902	17
6.0417e+007	882	902	18
6.0447e+007	872	902	17
6.0477e+007	1047	902	20
6.0507e+007	804	902	16
6.0537e+007	981	902	19
6.0567e+007	753	902	15
6.0597e+007	899	902	17
6.0627e+007	841	902	16
6.0657e+007	978	902	19
6.0687e+007	977	902	18
6.0717e+007	931	902	18
6.0747e+007	855	902	17
6.0777e+007	721	902	14
6.0807e+007	1145	902	22
6.0837e+007	704	902	14
6.0867e+007	799	902	16
6.0897e+007	1010	902	20
6.0927e+007	956	902	19
6.0957e+007	958	902	19
6.0987e+007	833	902	17
6.1017e+007	612	902	13
6.1047e+007	1004	902	19
6.1077e+007	874	902	17
6.1107e+007	942	902	19
6.1137e+007	802	902	16
6.1167e+007	902	902	17
6.1197e+007	851	902	17
6.1227e+007	816	902	16
6.1257e+007	1103	902	21
6.1287e+007	889	902	18
6.1317e+007	849	902	16
6.1347e+007	884	902	17
6.1377e+007	754	902	15
6.1407e+007	1040	902	20
6.1437e+007	702	902	14
6.1467e+007	1015	902	19
6.1497e+007	921	902	18
6.1527e+007	816	902	15
6.1557e+007	781	902	16
6.1587e+007	951	902	19
6.1617e+007	882	902	17
6.1647e+007	976	902	19
6.1677e+007	768	902	15
6.1707e+007	823	902	16
6.1737e+007	832	902	16
6.1767e+007	1053	902	21
6.1797e+007	1004	902	20
6.1827e+007	858	902	18
6.1857e+007	992	902	20
6.1887e+007	634	902	13
6.1917e+007	910	902	18
6.1947e+007	877	902	18
6.1977e+007	720	902	15
6.2007e+007	767	902	16
6.2037e+007	910	902	19
6.2067e+007	728	902	15
6.2097e+007	773	902	16
6.2127e+007	825	902	17
6.2157e+007	866	902	18
6.2187e+007	727	902	16
6.2217e+007	932	902	19
6.2247e+007	831	902	17
6.2277e+007	804	902	17
6.2307e+007	754	902	16
6.2337e+007	809	902	17
6.2367e+007	1038	902	22
6.2397e+007	777	902	17
6.2427e+007	704	902	15
6.2457e+007	814	902	17
6.2487e+007	980	902	21
6.2517e+007	724	902	15
6.2547e+007	887	902	18
6.2577e+007	823	902	18
6.2607e+007	810	902	17
6.2637e+007	840	902	18
6.2667e+007	774	902	16
6.2697e+007	821	902	16
6.2727e+007	861	902	17
6.2757e+007	939	902	19
6.2787e+007	914	902	19
6.2817e+007	854	902	17
6.2847e+007	806	902	17
6.2877e+007	857	902	19
6.2907e+007	642	902	14
6.2937e+007	835	902	17
6.2967e+007	928	902	19
6.2997e+007	1003	902	20
6.3027e+007	887	902	18
6.3057e+007	831	902	17
6.3087e+007	793	902	16
6.3117e+007	805	902	16
6.3147e+007	981	902	20
6.3177e+007	820	902	17
6.3207e+007	749	902	16
6.3237e+007	874	902	18
6.3267e+007	891	902	19
6.3297e+007	761	902	15
6.3327e+007	1065	902	22
6.3357e+007	818	902	17
6.3387e+007	808	902	16
6.3417e+007	759	902	15
6.3447e+007	844	902	17
6.3477e+007	866	902	17
6.3507e+007	1023	902	21
6.3537e+007	988	902	19
6.3567e+007	751	902	15
6.3597e+007	901	902	18
6.3627e+007	907	902	18
6.3657e+007	826	902	16
6.3687e+007	724	902	15
6.3717e+007	859	902	18
6.3747e+007	950	902	20
6.3777e+007	810	902	17
6.3807e+007	750	902	17
6.3837e+007	887	902	19
6.3867e+007	735	902	15
6.3897e+007	828	902	17
6.3927e+007	914	902	18
6.3957e+007	856	902	17
6.3987e+007	878	902	17
6.4017e+007	792	902	16
6.4047e+007	861	902	18
6.4077e+007	831	902	16
6.4107e+007	1121	902	22
6.4137e+007	890	902	17
6.4167e+007	697	902	14
6.4197e+007	898	902	18
6.4227e+007	984	902	20
6.4257e+007	644	902	12
6.4287e+007	1156	902	24
6.4317e+007	847	902	17
6.4347e+007	664	902	12
6.4377e+007	1196	902	22
6.4407e+007	726	902	14
6.4437e+007	866	902	17
6.4467e+007	956	902	19
6.4497e+007	939	902	19
6.4527e+007	944	902	18
6.4557e+007	772	902	15
6.4587e+007	761	902	15
6.4617e+007	1053	902	20
6.4647e+007	809	902	16
6.4677e+007	907	902	17
6.4707e+007	812	902	15
6.4737e+007	1028	902	20
6.4767e+007	891	902	18
6.4797e+007	877	902	17
6.4827e+007	1014	902	20
6.4857e+007	602	902	12
6.4887e+007	953	902	19
6.4917e+007	977	902	20
6.4947e+007	827	902	16
6.4977e+007	796	902	16
6.5007e+007	1006	902	19
6.5037e+007	874	902	17
6.5067e+007	807	902	16
6.5097e+007	972	902	19
6.5127e+007	813	902	16
6.5157e+007	749	902	15
6.5187e+007	907	902	18
6.5217e+007	1027	902	21
6.5247e+007	815	902	16
6.5277e+007	837	902	15
6.5307e+007	1029	902	19
6.5337e+007	888	902	17
6.5367e+007	990	902	17
6.5397e+007	1127	902	20
6.5427e+007	738	902	14
6.5457e+007	991	902	19
6.5487e+007	857	902	16
6.5517e+007	997	902	17
6.5547e+007	1182	902	21
6.5577e+007	731	902	14
6.5607e+007	938	902	17
6.5637e+007	1086	902	20
6.5667e+007	789	902	14
6.5697e+007	1149	902	21
6.5727e+007	832	902	16
6.5757e+007	1045	902	19
6.5787e+007	868	902	16
6.5817e+007	896	902	17
6.5847e+007	903	902	17
6.5877e+007	841	902	16
6.5907e+007	932	902	18
6.5937e+007	921	902	18
6.5967e+007	943	902	18
6.5997e+007	945	902	18
6.6027e+007	682	902	14
6.6057e+007	834	902	16
6.6087e+007	1126	902	22
6.6117e+007	786	902	16
6.6147e+007	935	902	18
6.6177e+007	893	902	18
6.6207e+007	1047	902	20
6.6237e+007	766	902	15
6.6267e+007	998	902	19
6.6297e+007	816	902	16
6.6327e+007	895	902	17
6.6357e+007	977	902	18
6.6387e+007	880	902	16
6.6417e+007	1000	902	18
6.6447e+007	904	902	15
6.6477e+007	994	902	18
6.6507e+007	952	902	17
6.6537e+007	1073	902	20
6.6567e+007	893	902	17
6.6597e+007	911	902	18
6.6627e+007	805	902	15
6.6657e+007	1040	902	20
6.6687e+007	836	902	16
6.6717e+007	804	902	15
6.6747e+007	850	902	16
6.6777e+007	1060	902	20
6.6807e+007	937	902	18
6.6837e+007	1051	902	21
6.6867e+007	873	902	17
6.6897e+007	640	902	12
6.6927e+007	972	902	19
6.6957e+007	1030	902	20
6.6987e+007	759	902	15
6.7017e+007	853	902	16
6.7047e+007	873	902	16
6.7077e+007	931	902	18
6.7107e+007	1056	902	21
6.7137e+007	857	902	17
6.7167e+007	859	902	16
6.7197e+007	804	902	15
6.7227e+007	946	902	18
6.7257e+007	890	902	17
6.7287e+007	978	902	18
6.7317e+007	890	902	16
6.7347e+007	1197	902	22
6.7377e+007	825	902	16
6.7407e+007	968	902	18
6.7437e+007	718	902	14
6.7467e+007	894	902	17
6.7497e+007	906	902	17
6.7527e+007	927	902	18
6.7557e+007	909	902	17
6.7587e+007	1031	902	19
6.7617e+007	982	902	18
6.7647e+007	967	902	18
6.7677e+007	1062	902	20
6.7707e+007	821	902	15
6.7737e+007	1047	902	19
6.7767e+007	781	902	14
6.7797e+007	781	902	15
6.7827e+007	1132	902	21
6.7857e+007	853	902	17
6.7887e+007	762	902	15
6.7917e+007	900	902	17
6.7947e+007	673	902	14
6.7977e+007	991	902	19
6.8007e+007	900	902	18
6.8037e+007	714	902	15
6.8067e+007	890	902	18
6.8097e+007	798	902	17
6.8127e+007	891	902	18
6.8157e+007	876	902	18
6.8187e+007	848	902	16
6.8217e+007	869	902	17
6.8247e+007	841	902	17
6.8277e+007	609	902	12
6.8307e+007	784	902	15
6.8337e+007	1008	902	20
6.8367e+007	680	902	13
6.8397e+007	890	902	17
6.8427e+007	973	902	19
6.8457e+007	905	902	17
6.8487e+007	922	902	19
6.8517e+007	939	902	18
6.8547e+007	907	902	18
6.8577e+007	720	902	15
6.8607e+007	959	902	18
6.8637e+007	869	902	17
6.8667e+007	935	902	18
6.8697e+007	745	902	15
6.8727e+007	859	902	16
6.8757e+007	825	902	16
6.8787e+007	957	902	19
6.8817e+007	877	902	18
6.8847e+007	1034	902	21
6.8877e+007	859	902	17
6.8907e+007	902	902	18
6.8937e+007	739	902	15
6.8967e+007	783	902	15
6.8997e+007	912	902	17
6.9027e+007	1096	902	21
6.9057e+007	880	902	17
6.9087e+007	923	902	18
6.9117e+007	993	902	19
6.9147e+007	935	902	17
6.9177e+007	819	902	15
6.9207e+007	1030	902	19
6.9237e+007	846	902	17
6.9267e+007	844	902	16
6.9297e+007	840	902	16
6.9327e+007	1044	902	21
6.9357e+007	881	902	17
6.9387e+007	1035	902	19
6.9417e+007	917	902	17
6.9447e+007	978	902	19
6.9477e+007	939	902	18
6.9507e+007	738	902	14
6.9537e+007	981	902	18
6.9567e+007	868	902	18
6.9597e+007	940	902	18
6.9627e+007	923	902	18
6.9657e+007	944	902	18
6.9687e+007	1039	902	20
6.9717e+007	734	902	14
6.9747e+007	1012	902	18
6.9777e+007	856	902	17
6.9807e+007	984	902	19
6.9837e+007	879	902	17
6.9867e+007	955	902	20
6.9897e+007	750	902	14
6.9927e+007	978	902	19
6.9957e+007	770	902	15
6.9987e+007	1013	902	20
7.0017e+007	846	902	16
7.0047e+007	967	902	19
7.0077e+007	856	902	18
7.0107e+007	696	902	14
7.0137e+007	1259	902	24
7.0167e+007	640	902	13
7.0197e+007	949	902	19
7.0227e+007	919	902	18
7.0257e+007	755	902	14
7.0287e+007	928	902	18
7.0317e+007	786	902	14
7.0347e+007	1010	902	19
7.0377e+007	1003	902	19
7.0407e+007	933	902	18
7.0437e+007	987	902	19
7.0467e+007	907	902	18
7.0497e+007	841	902	15
7.0527e+007	884	902	17
7.0557e+007	963	902	20
7.0587e+007	772	902	15
7.0617e+007	874	902	18
7.0647e+007	935	902	18
7.0677e+007	889	902	18
7.0707e+007	895	902	17
7.0737e+007	784	902	16
7.0767e+007	631	902	13
7.0797e+007	912	902	18
7.0827e+007	1057	902	21
7.0857e+007	867	902	18
7.0887e+007	866	902	18
7.0917e+007	675	902	13
7.0947e+007	692	902	13
7.0977e+007	1000	902	20
7.1007e+007	673	902	14
7.1037e+007	996	902	19
7.1067e+007	833	902	17
7.1097e+007	1032	902	20
7.1127e+007	1104	902	22
7.1157e+007	743	902	15
7.1187e+007	1086	902	21
7.1217e+007	737	902	15
7.1247e+007	829	902	17
7.1277e+007	733	902	15
7.1307e+007	981	902	19
7.1337e+007	882	902	18
7.1367e+007	1066	902	22
7.1397e+007	531	902	11
7.1427e+007	891	902	18
7.1457e+007	727	902	15
7.1487e+007	896	902	18
7.1517e+007	933	902	19
7.1547e+007	902	902	18
7.1577e+007	722	902	14
7.1607e+007	910	902	18
7.1637e+007	806	902	16
7.1667e+007	1012	902	20
7.1697e+007	827	902	17
7.1727e+007	823	902	17
7.1757e+007	824	902	16
7.1787e+007	914	902	18
7.1817e+007	926	902	17
7.1847e+007	999	902	19
7.1877e+007	848	902	16
7.1907e+007	900	902	17
7.1937e+007	908	902	17
7.1967e+007	978	902	18
7.1997e+007	851	902	16
7.2027e+007	972	902	17
7.2057e+007	809	902	15
7.2087e+007	946	902	18
7.2117e+007	828	902	14
7.2147e+007	885	902	17
7.2177e+007	1024	902	18
7.2207e+007	872	902	16
7.2237e+007	1003	902	19
7.2267e+007	869	902	16
7.2297e+007	1061	902	20
7.2327e+007	723	902	14
7.2357e+007	1020	902	18
7.2387e+007	939	902	18
7.2417e+007	975	902	18
7.2447e+007	990	902	18
7.2477e+007	928	902	17
7.2507e+007	881	902	16
7.2537e+007	934	902	17
7.2567e+007	813	902	15
7.2597e+007	1131	902	21
7.2627e+007	1039	902	20
7.2657e+007	720	902	14
7.2687e+007	1024	902	19
7.2717e+007	900	902	17
7.2747e+007	891	902	17
7.2777e+007	871	902	17
7.2807e+007	931	902	18
7.2837e+007	859	902	17
7.2867e+007	1020	902	20
7.2897e+007	1002	902	19
7.2927e+007	879	902	17
7.2957e+007	1001	902	18
7.2987e+007	947	902	18
7.3017e+007	898	902	18
7.3047e+007	867	902	17
7.3077e+007	728	902	14
7.3107e+007	975	902	19
7.3137e+007	875	902	18
7.3167e+007	1079	902	21
7.3197e+007	826	902	17
7.3227e+007	800	902	16
7.3257e+007	943	902	18
7.3287e+007	781	902	16
7.3317e+007	924	902	19
7.3347e+007	756	902	15
7.3377e+007	1037	902	20
7.3407e+007	838	902	16
7.3437e+007	998	902	19
7.3467e+007	841	902	16
7.3497e+007	757	902	14
7.3527e+007	894	902	18
7.3557e+007	842	902	17
7.3587e+007	1195	902	23
7.3617e+007	861	902	18
7.3647e+007	747	902	15
7.3677e+007	837	902	17
7.3707e+007	892	902	18
7.3737e+007	840	902	18
7.3767e+007	789	902	17
7.3797e+007	842	902	17
7.3827e+007	935	902	18
7.3857e+007	1017	902	20
7.3887e+007	792	902	16
7.3917e+007	798	902	15
7.3947e+007	824	902	17
7.3977e+007	908	902	18
7.4007e+007	978	902	19
7.4037e+007	954	902	18
7.4067e+007	712	902	14
7.4097e+007	1026	902	19
7.4127e+007	848	902	16
7.4157e+007	1057	902	21
7.4187e+007	1022	902	20
7.4217e+007	829	902	15
7.4247e+007	875	902	17
7.4277e+007	915	902	17
7.4307e+007	912	902	16
7.4337e+007	871	902	15
7.4367e+007	988	902	18
7.4397e+007	934	902	17
7.4427e+007	1002	902	17
7.4457e+007	1076	902	20
7.4487e+007	1022	902	19
7.4517e+007	749	902	14
7.4547e+007	1195	902	22
7.4577e+007	712	902	14
7.4607e+007	1076	902	20
7.4637e+007	907	902	17
7.4667e+007	862	902	17
7.4697e+007	978	902	18
7.4727e+007	759	902	14
7.4757e+007	925	902	18
7.4787e+007	1101	902	22
7.4817e+007	901	902	18
7.4847e+007	801	902	16
7.4877e+007	752	902	15
7.4907e+007	927	902	18
7.4937e+007	846	902	17
7.4967e+007	924	902	18
7.4997e+007	888	902	18
7.5027e+007	746	902	15
7.5057e+007	1097	902	21
7.5087e+007	848	902	17
7.5117e+007	864	902	18
7.5147e+007	686	902	13
7.5177e+007	947	902	19
7.5207e+007	1080	902	21
7.5237e+007	823	902	16
7.5267e+007	829	902	16
7.5297e+007	988	902	19
7.5327e+007	924	902	18
7.5357e+007	962	902	20
7.5387e+007	997	902	19
7.5417e+007	896	902	17
7.5447e+007	997	902	19
7.5477e+007	750	902	15
7.5507e+007	836	902	15
7.5537e+007	1042	902	20
7.5567e+007	881	902	17
7.5597e+007	904	902	18
7.5627e+007	906	902	18
7.5657e+007	921	902	18
7.5687e+007	764	902	14
7.5717e+007	1094	902	21
7.5747e+007	1037	902	20
7.5777e+007	869	902	17
7.5807e+007	781	902	15
7.5837e+007	801	902	15
7.5867e+007	840	902	16
7.5897e+007	986	902	19
7.5927e+007	959	902	18
7.5957e+007	910	902	18
7.5987e+007	1098	902	21
7.6017e+007	870	902	17
7.6047e+007	942	902	18
7.6077e+007	724	902	14
7.6107e+007	786	902	15
7.6137e+007	1125	902	22
7.6167e+007	698	902	14
7.6197e+007	976	902	19
7.6227e+007	957	902	19
7.6257e+007	945	902	19
7.6287e+007	959	902	18
7.6317e+007	887	902	17
7.6347e+007	806	902	15
7.6377e+007	1061	902	20
7.6407e+007	628	902	13
7.6437e+007	1187	902	23
7.6467e+007	763	902	15
7.6497e+007	924	902	18
7.6527e+007	860	902	17
7.6557e+007	963	902	18
7.6587e+007	1039	902	20
7.6617e+007	784	902	15
7.6647e+007	990	902	18
7.6677e+007	1038	902	20
7.6707e+007	863	902	15
7.6737e+007	968	902	18
7.6767e+007	1013	902	19
7.6797e+007	987	902	18
7.6827e+007	1040	902	20
7.6857e+007	835	902	16
7.6887e+007	733	902	14
7.6917e+007	955	902	18
7.6947e+007	944	902	19
7.6977e+007	788	902	15
7.7007e+007	918	902	18
7.7037e+007	955	902	19
7.7067e+007	831	902	17
7.7097e+007	912	902	18
7.7127e+007	831	902	17
7.7157e+007	1043	902	20
7.7187e+007	775	902	15
7.7217e+007	697	902	15
7.7247e+007	1034	902	21
7.7277e+007	926	902	18
7.7307e+007	837	902	16
7.7337e+007	795	902	16
7.7367e+007	979	902	19
7.7397e+007	776	902	15
7.7427e+007	1059	902	20
7.7457e+007	1024	902	19
7.7487e+007	818	902	15
7.7517e+007	727	902	13
7.7547e+007	1005	902	19
7.7577e+007	927	902	19
7.7607e+007	835	902	16
7.7637e+007	1026	902	20
7.7667e+007	1151	902	21
7.7697e+007	708	902	14
7.7727e+007	943	902	17
7.7757e+007	885	902	16
7.7787e+007	1046	902	19
7.7817e+007	669	902	13
7.7847e+007	953	902	18
7.7877e+007	1010	902	19
7.7907e+007	920	902	17
7.7937e+007	1125	902	20
7.7967e+007	964	902	18
7.7997e+007	641	902	12
7.8027e+007	1075	902	20
7.8057e+007	877	902	17
7.8087e+007	936	902	18
7.8117e+007	950	902	19
7.8147e+007	873	902	17
7.8177e+007	830	902	16
7.8207e+007	1055	902	20
7.8237e+007	809	902	15
7.8267e+007	880	902	17
7.8297e+007	933	902	18
7.8327e+007	984	902	19
7.8357e+007	1010	902	19
7.8387e+007	867	902	17
7.8417e+007	743	902	14
7.8447e+007	1081	902	21
7.8477e+007	872	902	17
7.8507e+007	841	902	17
7.8537e+007	910	902	18
7.8567e+007	1098	902	21
7.8597e+007	642	902	12
7.8627e+007	1015	902	19
7.8657e+007	939	902	18
7.8687e+007	956	902	17
7.8717e+007	1004	902	19
7.8747e+007	1059	902	19
7.8777e+007	973	902	18
7.8807e+007	601	902	11
7.8837e+007	1082	902	19
7.8867e+007	1010	902	19
7.8897e+007	844	902	16
7.8927e+007	1175	902	22
7.8957e+007	677	902	13
7.8987e+007	995	902	19
7.9017e+007	1031	902	19
7.9047e+007	841	902	16
7.9077e+007	894	902	17
7.9107e+007	912	902	18
7.9137e+007	1004	902	19
7.9167e+007	740	902	15
7.9197e+007	989	902	20
7.9227e+007	789	902	15
7.9257e+007	934	902	17
7.9287e+007	954	902	18
7.9317e+007	926	902	16
7.9347e+007	1024	902	19
7.9377e+007	695	902	13
7.9407e+007	1038	902	19
7.9437e+007	1185	902	22
7.9467e+007	843	902	16
7.9497e+007	614	902	12
7.9527e+007	1124	902	20
7.9557e+007	921	902	17
7.9587e+007	1126	902	21
7.9617e+007	855	902	16
7.9647e+007	691	902	14
7.9677e+007	913	902	17
7.9707e+007	911	902	17
7.9737e+007	1231	902	23
7.9767e+007	874	902	18
7.9797e+007	762	902	15
7.9827e+007	967	902	20
7.9857e+007	614	902	12
7.9887e+007	987	902	19
7.9917e+007	780	902	16
7.9947e+007	942	902	19
7.9977e+007	915	902	18
8.0007e+007	1112	902	21
8.0037e+007	845	902	17
8.0067e+007	785	902	16
8.0097e+007	959	902	18
8.0127e+007	920	902	18
8.0157e+007	799	902	15
8.0187e+007	1210	902	23
8.0217e+007	865	902	17
8.0247e+007	681	902	14
8.0277e+007	1101	902	21
8.0307e+007	842	902	16
8.0337e+007	948	902	19
8.0367e+007	848	902	16
8.0397e+007	827	902	17
8.0427e+007	967	902	19
8.0457e+007	826	902	16
8.0487e+007	891	902	18
8.0517e+007	855	902	17
8.0547e+007	862	902	16
8.0577e+007	1035	902	21
8.0607e+007	837	902	17
8.0637e+007	895	902	18
8.0667e+007	923	902	18
8.0697e+007	894	902	18
8.0727e+007	947	902	19
8.0757e+007	853	902	17
8.0787e+007	681	902	14
8.0817e+007	846	902	16
8.0847e+007	900	902	18
8.0877e+007	1133	902	23
8.0907e+007	608	902	13
8.0937e+007	709	902	15
8.0967e+007	972	902	19
8.0997e+007	1012	902	20
8.1027e+007	845	902	16
8.1057e+007	936	902	18
8.1087e+007	944	902	18
8.1117e+007	1011	902	19
8.1147e+007	874	902	17
8.1177e+007	917	902	18
8.1207e+007	807	902	15
8.1237e+007	894	902	17
8.1267e+007	1040	902	19
8.1297e+007	1193	902	21
8.1327e+007	951	902	18
8.1357e+007	1024	902	19
8.1387e+007	857	902	15
8.1417e+007	852	902	15
8.1447e+007	910	902	17
8.1477e+007	980	902	18
8.1507e+007	995	902	19
8.1537e+007	940	902	19
8.1567e+007	812	902	16
8.1597e+007	1007	902	20
8.1627e+007	760	902	15
8.1657e+007	864	902	17
8.1687e+007	1014	902	19
8.1717e+007	904	902	17
8.1747e+007	961	902	18
8.1777e+007	746	902	14
8.1807e+007	1049	902	21
8.1837e+007	821	902	16
8.1867e+007	1065	902	21
8.1897e+007	839	902	17
8.1927e+007	854	902	16
8.1957e+007	783	902	15
8.1987e+007	863	902	16
8.2017e+007	1110	902	21
8.2047e+007	975	902	18
8.2077e+007	895	902	18
8.2107e+007	932	902	18
8.2137e+007	889	902	17
8.2167e+007	968	902	19
8.2197e+007	834	902	16
8.2227e+007	1023	902	20
8.2257e+007	798	902	16
8.2287e+007	811	902	15
8.2317e+007	813	902	16
8.2347e+007	1063	902	20
8.2377e+007	777	902	15
8.2407e+007	1111	902	22
8.2437e+007	855	902	18
8.2467e+007	868	902	18
8.2497e+007	916	902	19
8.2527e+007	631	902	13
8.2557e+007	927	902	18
8.2587e+007	1005	902	20
8.2617e+007	893	902	18
8.2647e+007	661	902	14
8.2677e+007	804	902	16
8.2707e+007	894	902	19
8.2737e+007	802	902	17
8.2767e+007	829	902	17
8.2797e+007	673	902	13
8.2827e+007	965	902	20
8.2857e+007	782	902	16
8.2887e+007	907	902	18
8.2917e+007	845	902	18
8.2947e+007	846	902	17
8.2977e+007	846	902	17
8.3007e+007	995	902	20
8.3037e+007	957	902	20
8.3067e+007	729	902	15
8.3097e+007	886	902	18
8.3127e+007	924	902	18
8.3157e+007	850	902	17
8.3187e+007	779	902	16
8.3217e+007	965	902	19
8.3247e+007	859	902	18
8.3277e+007	804	902	17
8.3307e+007	861	902	19
8.3337e+007	907	902	19
8.3367e+007	725	902	16
8.3397e+007	816	902	17
8.3427e+007	935	902	19
8.3457e+007	726	902	16
8.3487e+007	806	902	16
8.3517e+007	1069	902	22
8.3547e+007	741	902	15
8.3577e+007	970	902	20
8.3607e+007	992	902	21
8.3637e+007	787	902	16
8.3667e+007	852	902	18
8.3697e+007	924	902	18
8.3727e+007	706	902	15
8.3757e+007	701	902	15
8.3787e+007	927	902	18
8.3817e+007	902	902	19
8.3847e+007	998	902	20
8.3877e+007	772	902	16
8.3907e+007	914	902	19
8.3937e+007	774	902	16
8.3967e+007	923	902	19
8.3997e+007	752	902	16
8.4027e+007	870	902	17
8.4057e+007	866	902	17
8.4087e+007	864	902	18
8.4117e+007	921	902	19
8.4147e+007	691	902	14
8.4177e+007	1042	902	21
8.4207e+007	881	902	19
8.4237e+007	835	902	17
8.4267e+007	812	902	17
8.4297e+007	832	902	17
8.4327e+007	913	902	19
8.4357e+007	726	902	15
8.4387e+007	943	902	19
8.4417e+007	889	902	18
8.4447e+007	851	902	17
8.4477e+007	825	902	16
8.4507e+007	1133	902	23
8.4537e+007	886	902	18
8.4567e+007	805	902	17
8.4597e+007	683	902	14
