1233
776
861
879
792
865
692
1034
526
737
820
856
778
794
717
703
715
604
703
765
742
579
847
758
714
657
631
622
623
699
617
656
705
742
631
608
641
752
713
731
716
860
798
690
491
855
586
752
804
747
533
685
777
560
607
677
542
595
658
726
704
557
764
670
572
666
740
613
715
548
633
695
608
841
628
583
816
694
624
656
718
606
692
592
746
719
657
682
526
704
674
609
725
634
636
749
579
726
540
637
667
572
681
666
653
711
600
634
653
692
628
717
501
594
634
736
548
650
598
504
695
639
687
735
561
576
718
686
539
656
625
597
675
581
583
568
666
719
580
565
849
558
582
543
781
551
790
736
727
590
603
593
638
555
586
671
670
579
600
753
590
545
640
687
752
697
602
527
777
605
722
698
624
540
603
547
694
596
669
500
666
753
575
700
677
680
581
513
700
580
644
607
621
725
620
694
572
580
622
619
678
691
629
656
569
630
654
555
696
652
610
594
673
636
742
647
638
586
748
588
646
481
667
659
829
648
526
751
517
581
676
593
712
714
707
489
664
639
662
604
670
670
518
672
743
710
560
654
569
552
549
510
669
458
598
719
705
531
601
606
515
701
478
647
769
597
546
476
723
569
575
694
507
515
684
595
562
730
603
630
601
592
641
553
716
583
638
597
704
633
521
659
700
538
752
608
613
676
640
451
605
652
605
614
635
701
674
683
710
604
562
810
557
555
777
600
531
698
809
544
790
667
396
637
609
651
600
591
682
617
650
647
671
659
664
653
520
721
666
517
570
792
493
705
737
536
418
607
694
613
657
658
569
527
685
628
607
678
590
316
697
540
593
670
540
624
560
545
575
576
460
533
650
702
447
577
674
424
661
550
628
573
551
598
503
692
528
662
636
516
646
541
432
676
680
638
555
636
586
499
595
592
422
618
788
608
668
536
523
606
622
704
657
657
630
655
558
578
652
562
728
611
645
686
666
522
880
609
595
561
738
650
403
673
752
646
583
739
701
470
570
710
569
550
662
709
516
512
753
607
585
769
645
604
586
771
597
420
659
693
624
636
453
714
526
644
653
637
710
611
609
552
562
837
605
663
502
716
655
645
601
615
599
631
488
742
675
559
597
593
651
703
446
621
503
602
508
658
597
619
608
469
635
582
645
718
452
655
603
631
705
608
550
561
698
527
555
605
658
404
621
606
700
700
476
626
584
607
504
590
724
573
527
686
728
548
514
715
548
615
645
543
629
618
605
551
594
641
651
577
641
619
579
663
767
567
444
620
575
632
612
649
627
571
653
691
575
676
655
456
823
547
633
621
691
611
631
625
713
523
516
541
644
742
514
673
695
606
567
526
671
527
671
595
544
664
708
580
663
564
613
584
534
650
578
467
522
753
544
704
568
514
573
595
594
724
590
610
650
500
561
542
647
550
644
496
633
588
620
540
563
646
549
604
598
654
563
457
596
511
651
646
662
503
639
600
694
690
464
593
657
645
512
611
712
506
621
641
653
552
650
552
535
679
589
509
591
558
600
556
567
714
542
453
637
614
627
634
610
670
513
589
737
706
477
622
653
663
551
596
640
546
640
708
693
502
557
690
401
707
611
665
540
693
658
509
508
683
776
561
610
661
697
612
732
646
619
553
657
581
672
557
704
527
654
626
525
682
449
636
498
651
635
663
624
630
566
626
667
680
542
590
587
585
694
611
557
641
545
637
559
577
635
633
660
604
615
626
603
562
560
500
607
728
588
656
759
570
691
600
690
587
627
670
575
686
626
595
502
660
644
608
602
535
576
489
761
476
585
574
546
561
444
748
581
595
602
620
552
581
637
531
590
552
577
626
637
675
589
597
495
796
608
501
625
545
625
662
601
582
569
558
609
654
617
551
636
560
583
655
617
637
538
664
618
696
626
663
607
620
605
601
689
761
550
498
614
451
673
625
569
539
566
697
645
430
528
702
677
594
581
672
577
570
739
632
537
596
534
584
417
796
486
574
749
544
678
396
649
718
428
631
643
599
594
719
445
590
540
661
669
445
675
670
475
578
744
653
528
669
607
577
410
677
698
695
623
499
664
512
701
664
533
631
579
615
711
571
584
603
595
624
627
587
442
551
613
488
717
595
490
628
485
637
441
585
485
696
559
546
608
465
522
650
444
554
628
684
498
643
556
500
565
700
570
486
636
639
582
425
761
476
518
707
383
642
485
617
571
570
731
579
648
542
561
729
502
564
693
652
452
661
677
673
555
607
577
442
597
617
627
641
546
683
484
682
613
419
661
619
688
556
764
533
599
715
488
719
495
697
578
584
626
634
624
563
496
517
662
571
560
641
690
594
732
638
493
626
625
635
611
558
596
656
618
537
458
666
626
555
566
507
670
545
609
676
557
528
573
659
563
474
708
715
448
637
598
620
481
617
591
528
654
692
588
403
698
688
548
635
547
622
405
637
702
616
479
583
586
550
623
531
638
625
364
581
598
718
574
489
569
530
666
574
588
432
593
627
542
632
621
487
548
633
618
583
519
630
541
660
619
565
525
523
487
589
531
568
624
546
522
588
590
551
566
537
625
414
654
631
511
585
607
463
565
607
598
571
519
676
575
600
540
633
559
674
519
513
506
616
540
640
544
695
574
644
575
379
592
615
644
384
706
623
474
568
496
702
433
571
686
618
724
588
603
549
527
524
514
627
531
628
555
650
472
606
623
540
529
578
555
534
730
533
513
640
606
580
489
613
498
636
566
570
636
525
521
554
597
504
469
599
458
556
589
623
630
504
535
493
507
521
604
623
520
447
663
627
428
598
609
445
606
631
574
479
589
552
553
526
553
513
661
548
411
589
629
512
621
556
503
550
528
662
441
584
635
517
635
639
596
620
425
725
500
532
651
550
528
561
638
579
546
698
627
545
551
649
640
670
509
475
723
644
581
594
579
583
519
717
684
466
605
609
576
658
592
617
584
518
654
577
578
573
616
489
579
696
502
732
604
642
611
693
606
747
575
663
522
541
579
680
551
695
687
533
650
591
589
612
618
602
540
596
710
696
487
623
621
651
577
789
506
574
672
710
612
547
621
649
505
612
636
650
635
644
617
537
670
697
651
552
585
584
602
561
724
668
467
612
579
661
609
691
537
513
670
695
628
486
609
515
599
709
584
641
565
586
585
602
674
550
633
640
603
623
671
603
604
604
553
601
629
688
523
662
605
466
736
648
558
611
593
701
585
681
584
553
556
644
644
626
676
701
613
597
607
636
667
648
673
651
694
735
635
678
494
611
686
588
627
678
601
527
647
702
546
601
588
626
606
540
655
747
505
588
608
632
717
502
627
674
534
687
578
686
547
690
554
543
688
699
600
624
558
671
631
644
520
623
547
683
678
646
642
551
710
554
586
614
650
503
666
691
666
663
573
557
666
425
720
596
662
479
739
542
511
691
578
554
512
599
692
606
628
722
597
604
515
729
592
570
567
713
573
634
711
649
497
663
588
556
640
628
685
517
564
622
673
542
624
648
504
653
740
661
620
564
671
580
579
625
737
537
643
582
635
797
534
637
703
548
684
758
636
547
798
501
676
588
747
609
624
635
746
644
661
772
599
672
659
691
762
646
645
713
591
653
660
808
555
503
611
633
686
695
522
711
653
703
594
618
741
599
522
699
621
604
669
565
631
650
654
672
726
520
670
639
566
558
756
652
669
527
633
564
720
533
622
591
686
692
531
701
635
590
614
623
509
724
607
603
692
702
670
508
637
680
520
604
644
712
591
694
506
585
587
589
608
533
590
721
603
735
686
582
552
701
622
691
531
661
646
548
803
496
676
667
565
606
584
607
645
597
588
550
660
601
563
525
719
529
589
761
714
414
580
780
689
561
464
652
608
535
615
676
713
634
682
739
486
657
639
731
610
662
569
596
755
520
735
583
637
725
634
760
620
603
733
717
647
679
471
742
663
560
627
690
628
672
645
632
551
823
512
718
700
534
506
767
580
557
659
702
524
567
668
656
517
607
798
655
584
688
527
623
602
650
628
635
733
614
687
679
734
701
407
695
589
756
542
658
607
600
609
667
684
564
503
666
585
672
526
797
591
618
554
674
666
556
596
644
622
739
529
691
612
706
554
668
554
675
690
659
612
700
708
516
589
547
468
697
566
623
669
735
618
664
511
619
622
468
794
622
678
661
555
666
618
624
655
642
596
681
469
705
712
605
588
511
661
569
552
757
418
601
707
722
695
556
639
679
615
570
864
603
546
592
575
697
567
755
553
675
496
599
704
698
563
561
684
461
650
742
504
603
658
559
577
727
634
533
478
595
719
708
565
540
706
516
652
701
601
506
701
645
543
588
696
694
483
643
665
485
684
640
381
687
507
621
629
544
543
631
563
656
656
584
666
556
536
613
609
698
594
637
467
709
604
576
566
639
562
721
619
627
462
565
521
685
568
660
529
560
688
444
618
667
567
561
606
510
648
736
704
541
514
573
599
555
512
583
685
563
496
651
533
639
546
498
629
779
693
598
554
510
550
601
687
635
591
601
478
711
668
755
512
678
617
450
643
615
624
646
583
615
744
655
716
578
505
582
748
705
685
480
555
597
420
739
646
613
477
650
486
575
653
653
451
707
616
503
548
573
564
535
688
555
643
578
420
651
643
645
604
795
569
541
623
677
712
538
665
675
600
751
532
783
548
697
643
504
689
603
686
527
603
619
772
564
512
644
631
716
653
484
734
611
621
744
565
715
600
636
611
616
685
625
530
723
625
731
654
623
671
492
577
736
522
740
743
620
571
638
684
656
644
730
517
641
731
565
739
725
526
637
726
642
554
562
648
665
694
792
531
583
654
517
727
555
712
722
455
667
616
574
648
707
580
678
537
715
628
587
639
745
738
560
616
648
569
849
587
797
664
755
714
434
683
644
701
631
600
695
585
647
699
585
693
671
615
658
687
585
683
656
603
844
622
598
658
639
436
780
648
717
639
680
664
361
622
785
568
627
621
520
628
570
826
570
625
662
589
582
652
632
686
596
657
673
484
663
605
570
541
686
712
637
620
586
659
394
709
614
631
616
591
548
650
592
598
709
550
621
689
506
617
485
597
669
710
621
641
610
501
539
626
643
603
566
582
589
598
590
543
678
549
518
588
755
587
510
634
623
610
667
575
636
592
587
764
649
571
734
511
625
650
512
718
653
526
618
578
666
753
569
661
624
606
557
535
663
655
650
801
451
686
590
503
580
479
885
643
714
556
573
441
514
631
656
624
514
632
675
452
679
622
581
468
541
703
605
477
746
577
524
655
586
616
516
569
432
597
719
583
600
603
711
446
549
652
651
606
774
405
678
586
493
692
607
556
597
547
610
562
634
579
681
597
593
600
453
654
581
634
637
542
606
504
696
493
619
696
545
574
620
540
530
528
692
749
397
604
680
533
575
563
697
633
571
646
674
482
503
698
661
597
683
520
628
485
650
506
699
538
559
547
554
659
646
514
709
681
589
552
640
508
641
484
700
739
626
663
578
554
497
722
667
607
529
668
554
626
754
678
618
709
620
644
642
711
577
782
577
623
819
585
621
602
564
620
667
778
574
589
584
642
620
639
522
699
517
651
601
600
848
564
720
634
422
644
678
729
617
658
665
562
643
422
691
611
580
672
718
585
557
744
640
512
623
668
557
631
703
602
466
654
691
640
668
638
467
653
393
765
697
545
589
645
499
564
603
632
639
668
508
623
652
716
562
509
671
549
588
567
547
590
533
644
638
542
641
506
559
549
507
720
665
540
630
554
632
520
713
555
605
530
692
540
463
798
558
502
660
656
482
575
554
608
593
543
694
600
471
612
559
480
671
762
593
637
649
525
625
613
753
587
592
518
627
657
530
888
683
549
402
686
632
586
622
627
746
594
652
622
654
499
583
661
588
661
684
612
571
625
628
625
632
689
683
588
470
658
657
705
633
587
559
612
716
443
757
594
817
765
529
541
718
557
516
700
707
623
510
618
554
632
669
628
566
623
669
575
522
704
552
813
700
459
586
672
542
634
706
574
754
692
618
513
614
684
669
640
618
662
678
532
605
720
608
568
721
665
593
636
676
529
605
642
636
563
590
670
595
562
708
565
647
564
604
552
619
714
610
626
550
631
709
535
607
737
636
727
453
639
615
619
718
580
585
683
593
668
461
575
741
737
671
437
767
538
594
639
675
588
685
548
731
540
590
606
661
788
657
594
559
613
485
549
725
596
577
526
628
511
455
584
584
562
668
460
693
697
623
716
527
543
647
607
674
469
753
561
690
674
469
612
549
563
576
604
516
759
700
452
655
683
476
711
684
610
518
537
665
541
719
698
526
553
626
540
560
563
707
548
655
662
478
604
553
594
515
623
610
812
615
525
642
509
718
664
531
561
613
513
550
631
733
652
587
529
653
523
567
654
623
657
558
595
623
457
610
681
432
506
720
598
598
533
653
470
676
740
538
579
448
618
595
661
753
544
573
587
646
619
531
661
645
687
596
616
662
546
587
589
595
510
557
793
700
465
688
696
629
609
545
578
619
641
592
522
709
649
569
585
658
654
620
604
584
749
720
546
562
696
547
606
496
630
602
510
669
673
627
707
568
679
546
562
537
560
609
646
740
414
526
713
614
529
631
588
688
649
598
503
602
612
708
546
527
656
641
598
532
756
689
569
560
559
573
677
577
666
688
535
630
581
570
512
644
565
614
724
726
568
539
632
712
630
568
624
641
525
683
563
635
661
642
553
531
609
576
771
361
778
717
485
652
600
537
648
518
661
675
648
610
561
465
692
662
504
577
697
719
406
667
616
552
651
647
573
595
599
487
665
612
590
655
538
552
690
502
654
605
736
458
674
643
462
697
649
639
590
674
625
493
494
687
572
611
682
540
658
635
498
707
621
677
649
761
557
592
633
708
470
667
560
579
630
488
592
684
637
719
591
501
550
684
638
541
683
660
658
465
601
645
575
559
485
604
681
651
549
698
456
686
628
492
597
589
595
588
593
549
679
628
631
597
571
546
673
675
595
597
682
492
520
685
555
558
605
599
726
642
581
537
579
601
504
560
561
524
528
650
565
530
649
605
437
554
560
555
641
538
474
556
592
417
613
609
479
620
623
451
642
598
424
612
556
501
509
550
