1332
841
1270
914
835
817
1126
676
681
1067
755
1008
984
763
753
719
678
910
870
946
840
766
768
801
683
794
708
702
815
688
829
835
593
1035
731
809
863
902
689
864
872
752
804
888
735
830
672
653
811
634
813
743
663
816
776
774
630
720
814
700
780
846
695
805
740
787
824
829
812
656
767
860
628
868
660
849
783
638
878
759
712
726
694
853
579
769
885
546
848
733
711
756
660
818
740
729
871
717
663
635
672
866
555
784
593
738
785
705
728
882
675
787
539
810
780
638
772
672
616
805
719
763
714
621
847
596
781
999
675
785
662
836
636
777
697
630
592
870
736
753
688
856
612
666
821
676
724
884
688
750
740
646
810
601
739
828
606
786
788
577
832
716
736
791
687
755
637
663
770
711
637
739
819
612
768
837
616
795
774
635
806
602
752
742
709
825
747
783
695
638
767
751
721
715
660
764
870
690
738
594
822
677
733
863
614
750
873
632
858
604
724
770
702
996
502
638
868
608
702
545
642
677
645
808
705
676
633
716
777
547
733
856
606
694
747
543
768
738
607
688
554
716
771
657
836
601
776
689
791
647
647
773
762
774
666
658
843
675
740
704
630
776
793
611
634
711
724
783
737
682
788
713
955
719
640
771
814
718
756
656
790
756
736
734
585
752
591
842
613
808
708
715
852
708
578
764
750
724
647
692
832
737
642
755
735
538
703
813
670
679
776
750
563
708
457
791
681
626
721
553
855
545
575
668
587
735
645
517
796
674
713
605
645
740
546
739
556
763
824
506
743
752
583
669
578
683
689
715
830
541
683
648
668
722
619
804
686
655
963
666
559
747
608
859
613
717
797
619
810
781
686
720
679
771
778
640
986
650
491
866
714
899
704
784
512
669
814
702
743
625
632
616
753
795
730
764
728
733
820
597
699
616
778
673
722
714
613
834
685
701
618
857
637
751
867
663
799
760
643
705
666
599
798
721
785
689
655
780
676
572
643
669
680
699
609
772
615
638
737
575
733
690
817
667
604
839
704
699
659
540
791
630
635
858
448
855
599
710
719
667
707
666
605
825
634
682
725
712
700
563
846
696
639
658
714
714
656
610
823
625
716
668
784
816
584
808
630
620
760
632
752
753
714
771
578
722
767
655
865
548
795
782
623
772
631
761
711
676
677
689
793
751
676
588
805
723
669
570
802
633
817
686
702
702
650
613
624
717
646
734
570
800
598
650
762
724
686
627
772
777
521
596
790
732
687
550
771
588
537
862
577
650
748
733
553
645
609
757
684
554
833
549
854
649
686
782
735
646
679
718
695
747
563
655
621
772
742
745
546
686
774
678
611
595
601
780
652
770
631
495
856
626
776
693
713
679
606
637
872
720
786
663
590
722
712
912
542
699
702
601
726
807
503
852
593
785
658
739
835
590
688
665
794
829
705
690
687
669
895
625
712
748
656
786
604
623
821
582
780
655
670
674
669
759
653
671
777
728
713
719
585
735
657
846
621
646
742
577
724
767
626
819
581
691
733
600
825
638
679
688
861
680
691
802
735
727
609
835
730
669
654
790
633
592
851
586
616
686
698
705
580
535
751
544
742
780
682
719
635
624
637
716
632
675
681
812
675
682
644
660
675
700
799
599
709
710
688
660
685
665
746
668
645
745
692
855
525
729
674
668
849
496
839
842
667
761
690
686
649
651
884
451
802
770
528
788
613
597
649
572
1008
633
630
733
717
611
739
762
546
681
711
603
796
708
583
707
711
585
785
718
562
735
635
775
730
533
682
624
710
714
720
692
592
664
744
757
752
566
774
558
717
932
591
807
557
767
741
664
717
649
680
790
567
724
703
720
583
625
719
691
663
529
759
593
723
624
626
582
674
742
611
599
613
674
607
688
530
750
433
870
741
630
556
655
735
659
680
643
768
466
800
654
571
621
672
618
656
749
608
692
747
632
720
786
545
811
585
798
733
507
898
606
678
631
688
709
582
772
685
632
783
625
665
611
709
910
560
742
805
613
716
719
536
886
634
616
718
617
797
541
828
618
627
766
717
637
732
762
783
626
764
639
615
685
695
583
775
604
779
594
665
590
772
626
704
675
629
615
739
698
659
658
637
774
598
754
657
573
722
692
788
677
608
626
837
437
830
717
501
760
659
615
671
658
697
716
630
582
678
719
599
757
574
706
671
660
654
543
617
685
723
584
718
620
679
677
618
715
760
621
679
651
694
564
524
716
575
671
721
625
609
627
757
580
740
585
498
747
690
584
633
557
715
700
679
674
679
641
750
529
763
559
844
686
609
644
550
678
656
710
699
508
652
781
615
731
625
558
746
488
750
702
521
854
630
662
731
661
716
568
719
648
577
714
605
728
534
594
803
664
656
613
576
829
711
564
704
536
706
657
687
708
534
645
684
624
627
639
543
634
676
616
585
705
630
579
628
537
729
694
623
622
520
634
700
688
650
526
648
725
656
591
600
647
646
638
644
523
765
659
635
555
621
643
680
682
597
641
584
731
642
628
655
729
685
725
543
701
645
579
771
624
679
639
822
587
699
792
638
752
647
604
734
743
554
715
694
709
702
675
602
654
751
744
718
704
627
654
750
629
614
661
667
691
690
728
604
822
808
581
889
726
654
718
585
800
606
594
762
751
817
639
762
647
546
818
704
751
738
543
759
702
712
815
640
660
826
663
736
707
622
765
612
815
653
684
690
641
863
743
732
695
587
685
759
760
712
632
687
620
746
701
581
705
759
647
727
675
591
762
753
679
601
737
712
689
822
550
813
703
672
703
627
672
794
598
703
658
738
769
702
562
828
691
766
627
736
742
726
628
704
738
689
668
859
701
704
751
623
770
694
731
822
778
690
765
710
780
768
633
719
670
766
759
676
697
645
736
716
642
781
665
684
634
656
765
581
815
728
666
773
578
775
740
729
734
690
742
758
697
636
639
772
705
667
785
596
773
666
690
799
705
628
802
607
782
752
514
957
573
654
832
712
727
615
568
787
602
789
627
584
698
642
840
549
886
659
630
760
772
725
733
621
706
714
719
794
596
663
783
654
740
736
605
662
672
767
692
620
767
653
786
699
849
626
629
778
676
782
791
637
792
739
533
831
761
640
833
745
858
693
648
786
648
882
724
641
844
747
817
711
788
733
785
936
695
812
657
803
761
897
466
735
757
577
879
586
881
749
788
594
799
707
728
730
781
662
768
656
768
672
661
784
781
670
781
758
708
699
655
769
678
606
812
733
737
691
787
673
656
832
633
722
690
724
790
647
784
623
681
852
725
520
957
482
742
749
678
731
631
718
712
655
764
703
786
731
667
802
594
721
810
704
780
696
793
710
551
776
704
584
897
506
684
766
653
745
663
622
770
722
872
566
602
630
783
783
637
714
790
535
849
634
864
685
731
643
799
684
906
679
639
647
920
610
888
618
778
772
822
759
663
882
729
666
680
739
823
696
830
654
653
811
726
774
823
512
957
662
748
711
614
673
794
718
695
813
624
652
607
880
757
675
640
749
736
693
822
683
773
768
730
882
756
591
772
604
670
823
592
805
719
729
690
746
771
582
716
682
641
737
706
793
776
650
747
655
714
874
677
663
812
607
773
758
798
704
576
899
708
705
584
655
658
735
672
781
690
738
762
848
570
520
942
685
657
850
664
758
665
787
735
696
696
742
675
737
630
665
641
837
674
564
649
765
811
830
757
717
688
618
906
692
640
861
600
706
797
740
574
834
553
735
709
707
787
594
637
886
543
677
740
708
681
715
703
700
759
708
671
676
688
822
698
642
593
747
720
726
695
727
633
748
710
623
727
650
592
617
754
684
574
850
708
625
746
622
778
753
579
736
699
642
725
513
804
647
702
704
665
812
706
626
713
600
710
568
787
621
685
787
623
555
710
656
758
677
740
685
660
600
715
599
752
578
747
563
652
756
578
728
722
655
817
696
722
656
532
880
641
620
758
645
626
707
849
622
672
795
601
735
731
699
651
732
829
751
766
709
721
854
496
658
798
654
586
826
565
660
717
692
654
628
743
558
719
721
624
677
689
643
579
779
742
578
592
757
723
655
699
796
649
712
809
793
705
685
748
792
705
747
719
652
748
732
699
686
770
660
598
767
753
696
631
801
762
654
857
709
783
725
598
755
763
750
744
721
883
589
651
774
694
853
608
723
868
653
734
806
674
692
684
818
795
645
888
725
616
845
719
771
639
789
752
599
945
610
709
740
681
827
575
768
800
506
920
754
600
683
694
844
644
675
916
623
687
848
688
732
756
671
781
891
899
594
761
805
715
796
711
886
629
662
846
744
682
697
693
808
722
766
774
645
843
770
792
727
672
853
547
822
884
588
760
690
750
556
891
660
694
593
838
712
712
724
813
520
730
760
786
735
683
700
777
714
675
592
698
726
900
539
678
705
701
645
766
676
667
726
751
719
639
760
697
589
709
665
655
667
755
759
705
751
634
602
758
685
732
608
596
733
627
681
775
640
707
595
727
755
533
810
657
668
829
737
683
675
834
667
681
870
551
708
761
739
713
518
838
750
642
721
816
704
572
712
852
643
558
880
736
540
766
758
708
724
851
599
618
771
636
519
855
514
675
721
764
645
484
690
674
703
698
651
649
632
770
773
616
561
740
683
589
674
772
689
752
780
521
673
751
829
447
675
763
608
577
801
746
547
803
728
598
695
752
683
730
578
760
590
741
623
688
601
693
853
530
607
797
669
583
759
620
603
601
785
772
582
807
656
698
656
781
715
572
724
773
649
740
605
712
585
598
730
649
598
827
554
754
695
690
660
641
829
724
636
832
650
507
851
752
714
610
736
671
645
857
670
612
820
652
781
677
873
792
699
816
714
723
791
734
850
670
642
880
661
655
832
518
793
642
929
606
707
713
561
736
753
779
676
647
887
650
721
877
723
604
709
648
738
691
795
687
747
596
857
695
733
663
818
573
796
790
431
694
803
676
701
707
742
655
523
852
702
599
685
751
673
648
729
792
670
705
688
704
715
602
666
651
701
717
628
592
732
647
588
728
687
567
640
812
676
657
738
666
659
769
647
734
620
691
653
714
685
629
620
670
692
775
606
641
789
601
689
592
703
545
714
804
748
631
883
599
657
838
672
653
669
843
616
704
928
549
492
767
636
938
669
802
754
537
823
778
619
715
630
750
689
749
872
623
574
784
782
658
722
886
542
765
731
587
662
761
668
744
755
911
765
578
825
660
706
754
748
754
571
782
584
679
668
765
623
728
771
839
639
758
803
499
644
835
682
704
665
901
692
716
922
578
587
781
775
662
775
726
670
700
696
868
665
796
638
824
635
745
682
759
490
801
686
677
700
790
655
604
689
669
750
741
734
700
694
875
711
688
721
649
639
876
698
758
605
736
723
668
708
830
589
707
746
812
635
675
723
680
687
870
731
677
698
736
704
833
600
750
668
757
503
670
686
710
708
511
632
689
478
931
586
693
697
708
710
704
709
835
674
542
817
732
596
705
839
549
700
725
486
630
818
646
823
683
829
593
575
919
580
708
677
679
735
677
758
634
606
719
735
729
562
657
773
598
741
707
548
631
873
707
732
603
824
617
667
648
701
602
755
788
728
651
731
557
668
799
616
673
785
569
728
610
681
726
577
586
786
624
744
604
720
608
665
857
618
595
803
699
740
733
707
522
713
775
737
586
792
739
650
724
731
631
642
659
999
445
793
737
805
619
535
885
697
634
720
662
734
658
735
840
620
713
565
703
910
593
793
734
690
684
645
661
737
673
726
752
655
680
704
678
608
694
779
652
717
673
642
722
631
727
639
686
793
542
700
864
586
661
651
806
719
699
826
608
694
637
724
813
609
787
619
592
745
690
829
457
722
814
692
806
840
429
735
786
718
732
637
719
642
735
794
655
623
710
709
707
674
821
614
617
806
609
747
711
675
742
702
672
615
708
519
764
697
810
685
679
585
802
700
573
733
827
660
653
634
699
584
654
834
627
689
847
503
770
738
638
654
734
668
829
625
681
698
698
594
698
713
658
817
813
707
704
749
761
647
638
787
610
660
806
621
769
524
780
786
675
630
681
595
821
721
696
716
635
698
601
734
746
663
637
687
736
750
629
769
499
684
738
629
769
653
729
679
632
804
597
666
769
724
634
635
640
766
565
767
696
673
779
688
725
651
516
765
685
622
687
524
634
715
606
709
603
660
594
681
695
589
523
681
569
598
613
817
534
635
750
609
680
515
605
714
601
625
