1375
1112
1048
1009
1000
1136
984
784
1114
854
1236
984
911
847
788
816
1007
1028
860
879
922
870
726
1024
702
904
925
813
786
895
1081
841
956
1031
664
1085
1018
889
946
794
912
766
739
859
820
750
908
911
831
833
879
816
840
865
855
812
867
848
822
1004
744
881
968
905
734
868
953
763
960
849
808
853
822
798
803
868
877
729
808
1027
711
756
859
800
839
914
853
774
797
868
760
740
959
714
766
844
823
837
869
782
781
853
901
671
819
764
841
681
863
899
771
865
781
999
885
923
840
858
729
647
819
868
730
737
854
739
945
812
912
873
843
915
785
835
860
710
701
883
725
752
810
1063
841
762
775
835
820
723
780
858
866
620
891
912
812
824
826
826
744
869
852
653
802
975
727
822
936
882
699
892
819
860
806
865
657
1000
780
734
823
947
707
858
945
805
742
858
899
657
853
768
910
767
953
703
653
827
775
626
816
935
676
688
837
853
758
900
784
594
898
681
674
736
983
684
776
798
713
836
872
735
783
840
865
739
855
869
809
780
946
720
754
815
816
798
692
842
768
794
868
781
883
858
866
808
977
803
981
677
775
885
798
810
654
922
790
770
773
942
818
714
795
950
816
807
768
779
779
778
756
773
939
737
743
901
727
831
766
795
665
734
791
724
816
712
711
704
892
623
632
787
882
644
722
702
758
838
740
687
683
881
760
793
782
756
673
710
798
598
923
784
761
729
736
756
724
858
765
836
692
1014
700
874
727
803
816
785
854
775
920
777
778
806
1005
819
787
941
491
866
858
899
735
897
797
757
858
790
798
694
899
713
762
951
782
782
857
824
640
822
759
809
862
746
741
788
1080
608
850
697
1099
673
838
856
751
879
749
791
777
840
872
622
806
833
743
712
724
742
845
691
806
648
827
690
822
869
710
807
858
803
636
849
791
715
794
744
757
701
928
667
872
712
835
827
677
863
618
885
788
661
888
846
788
698
719
838
661
928
851
617
936
722
807
882
714
805
620
1006
740
732
702
978
722
818
865
807
761
839
843
686
822
805
823
752
897
720
744
996
588
855
714
914
703
758
730
837
899
788
733
631
934
695
723
660
895
683
714
799
796
927
728
807
666
742
834
678
925
581
738
716
902
669
754
782
625
899
701
746
783
755
782
711
771
1008
757
770
737
721
815
692
694
909
807
724
833
885
652
710
719
843
634
754
822
708
851
775
723
659
904
795
800
797
902
766
660
790
797
805
761
898
726
844
781
737
831
742
648
902
876
535
862
733
859
845
796
1009
705
947
823
755
760
898
712
833
700
872
708
774
760
764
847
761
757
818
783
806
752
927
713
719
765
850
750
726
918
671
732
856
724
757
908
796
683
780
865
821
587
902
839
1049
642
883
781
777
753
820
962
588
888
640
938
686
788
813
604
803
629
691
690
877
819
733
758
910
681
710
682
772
759
724
855
831
761
723
782
853
799
714
823
826
659
796
794
723
786
770
757
754
904
706
804
849
954
663
888
852
696
931
649
785
793
804
762
712
892
742
597
733
971
614
835
797
851
699
795
857
686
759
680
752
720
893
753
711
721
874
741
814
769
698
911
625
813
797
768
667
733
867
664
787
754
908
810
754
764
792
825
862
757
694
849
817
724
717
1003
707
719
774
740
855
711
678
766
663
790
594
915
623
642
712
916
651
731
773
638
745
617
813
540
925
816
643
726
860
758
743
701
809
604
661
865
800
691
656
743
888
716
718
875
874
631
737
854
691
741
786
834
736
898
713
728
709
902
678
735
755
777
900
611
882
776
849
746
694
888
859
619
970
809
726
707
749
678
728
891
775
688
823
933
686
763
985
764
696
686
903
666
713
853
654
801
766
809
588
792
703
739
840
781
741
885
854
654
690
823
612
752
856
741
690
822
785
734
720
872
768
769
750
793
712
750
592
908
629
753
683
765
730
809
662
843
740
759
762
719
717
594
809
747
683
726
802
746
893
725
697
785
652
721
706
705
685
592
860
714
845
698
578
880
687
760
666
703
693
672
864
784
650
864
725
675
804
721
730
776
724
735
679
823
935
694
750
650
696
760
746
651
746
742
697
730
778
914
661
819
828
589
713
757
722
765
747
818
622
797
738
661
869
716
770
810
745
650
715
770
691
733
795
645
741
680
894
561
632
759
698
666
749
707
620
794
715
784
679
702
662
683
721
732
706
770
764
712
640
765
697
730
721
661
717
785
678
604
731
721
689
733
705
821
865
572
748
799
835
771
667
744
645
758
678
797
922
790
714
744
832
730
711
807
812
824
714
752
787
919
732
645
728
804
694
943
704
849
697
711
763
680
768
874
779
773
858
877
677
747
1008
740
762
842
718
754
735
907
796
761
972
674
733
673
740
858
806
815
757
903
789
787
884
794
744
806
777
715
788
814
829
690
824
911
743
785
860
730
744
974
656
816
783
857
659
865
734
728
782
768
815
658
877
773
793
799
754
733
822
806
744
793
871
594
805
924
701
822
904
694
737
747
864
783
808
822
701
829
836
741
807
815
798
774
800
882
794
829
799
828
1025
771
910
861
711
816
753
821
800
779
785
897
664
879
777
729
837
834
790
746
756
761
733
855
752
813
819
869
690
781
918
788
758
838
767
769
789
810
693
834
953
581
835
942
857
668
746
873
752
899
719
853
799
783
696
838
819
624
797
814
808
600
838
840
693
898
817
839
785
774
813
719
809
764
797
863
811
783
715
830
824
812
757
766
627
873
810
756
738
882
818
822
812
726
937
836
772
701
939
781
889
704
864
864
900
846
758
827
882
829
798
887
792
912
779
971
903
958
855
857
758
889
806
808
828
802
719
925
745
903
838
847
788
932
782
730
839
806
795
715
947
758
754
922
863
785
788
907
652
911
770
651
812
881
837
679
897
889
735
827
903
604
910
887
737
747
773
1000
680
875
801
850
740
679
822
726
878
754
647
961
905
676
874
846
638
999
855
732
802
893
798
645
874
823
775
788
853
678
697
830
803
674
806
816
728
760
813
874
783
840
784
702
783
820
909
832
875
744
864
785
888
757
818
920
700
982
833
778
960
720
882
940
816
738
814
1028
721
800
841
715
865
895
810
814
901
886
692
864
730
847
751
797
657
947
749
715
945
794
815
785
872
836
714
877
874
862
827
924
696
831
820
715
823
927
803
751
879
793
762
722
853
728
773
897
644
869
845
842
698
904
784
869
826
871
726
858
899
766
742
812
945
729
633
764
784
903
693
950
766
897
750
576
992
820
821
795
883
773
795
867
742
735
752
931
701
787
837
837
719
830
794
785
886
805
860
779
750
819
934
723
907
742
948
740
616
929
745
744
791
866
665
777
886
743
738
841
862
762
771
753
759
798
824
860
699
842
725
753
887
770
823
825
626
885
848
668
727
798
875
672
680
764
732
911
665
877
690
789
733
842
855
732
725
818
922
619
805
744
751
897
761
714
616
907
646
791
800
865
706
710
747
749
706
796
865
788
742
749
740
753
840
586
799
756
622
826
771
847
855
861
693
679
894
778
727
736
845
711
814
801
808
944
697
779
784
834
730
872
808
914
785
628
982
641
862
790
786
770
750
713
759
668
761
867
598
905
616
690
856
732
776
819
742
713
842
695
882
751
797
772
757
891
815
851
820
978
667
920
719
906
722
829
812
778
840
661
767
974
949
710
819
718
822
874
836
884
754
828
706
782
1052
883
673
732
978
623
892
810
867
841
889
808
709
1046
736
843
731
977
776
722
919
758
796
884
957
646
1038
776
848
735
879
709
832
841
598
911
866
795
838
813
827
675
1011
728
779
788
1045
714
672
968
1073
930
662
1032
759
849
870
886
674
870
785
794
942
718
942
761
963
726
828
925
828
830
850
895
652
1068
727
785
824
853
691
891
754
734
808
775
806
814
870
708
788
910
816
726
784
1003
639
897
592
875
867
816
838
716
749
734
861
723
940
631
923
741
796
789
734
850
705
857
805
754
757
796
676
734
915
666
775
760
775
677
778
764
642
885
843
679
722
913
715
821
863
770
919
764
805
777
870
792
681
817
893
723
692
983
691
864
715
1021
589
850
890
603
975
686
912
669
823
847
795
858
661
728
769
782
714
757
901
764
730
754
640
726
954
606
744
675
957
726
689
830
722
719
726
812
729
908
675
704
770
932
685
717
819
734
876
745
778
703
835
684
777
809
749
753
752
909
576
830
688
911
737
667
840
710
794
677
798
667
994
646
713
815
705
850
741
789
729
869
659
875
909
740
745
572
958
581
804
735
732
734
851
783
630
1004
695
854
687
960
690
768
820
704
821
725
907
704
917
713
829
794
947
665
887
985
754
865
833
897
739
1045
767
742
924
805
863
617
954
719
767
870
760
705
879
808
780
800
802
928
693
916
816
740
935
750
733
781
1004
620
786
806
1030
684
695
969
624
889
703
713
840
863
685
857
830
742
832
661
865
637
862
756
744
812
761
781
763
858
741
796
709
830
746
676
910
598
821
635
812
754
918
604
827
703
807
749
715
1040
708
658
780
729
817
728
722
755
826
620
782
694
822
805
828
617
696
1011
764
685
677
1034
641
753
793
898
709
767
947
746
971
729
775
725
855
827
760
896
537
959
774
895
623
939
817
749
915
681
783
780
1027
739
696
825
863
775
722
897
716
854
749
1011
765
886
905
599
951
749
807
702
832
676
821
774
807
863
736
933
639
861
744
915
761
884
720
708
901
881
815
744
912
726
884
754
859
817
862
801
721
949
732
796
824
784
747
779
862
758
829
719
843
791
795
741
801
658
818
888
791
849
731
893
770
875
771
876
822
782
887
480
883
798
854
852
909
649
909
851
681
852
632
1015
771
723
839
798
878
748
934
709
802
688
813
667
708
783
587
821
636
899
726
997
631
877
744
709
835
862
892
651
829
741
789
693
841
643
738
799
791
876
826
829
637
881
855
665
794
806
785
723
898
687
701
798
735
782
717
858
785
638
711
809
852
869
829
650
824
810
749
837
753
720
827
813
734
783
668
846
766
800
697
758
728
782
682
768
804
731
826
744
863
609
905
758
664
735
797
841
825
794
646
815
812
832
792
855
867
702
813
543
822
879
953
581
975
693
712
895
814
787
739
858
742
705
825
885
705
819
756
751
950
837
837
689
822
762
730
823
824
813
759
866
640
799
735
737
779
740
810
713
957
730
727
729
779
745
883
800
694
760
783
848
719
878
831
751
756
889
857
651
919
618
787
782
779
748
725
900
774
933
671
800
816
881
820
683
810
777
785
783
730
832
780
800
778
717
866
831
759
767
712
847
787
746
709
777
858
749
796
810
853
614
829
864
728
734
867
758
653
811
732
748
825
732
830
893
721
691
795
775
873
769
866
672
811
698
740
899
888
601
789
947
746
765
879
925
670
762
810
709
848
854
754
684
824
904
640
767
774
758
799
907
714
800
734
734
825
663
870
641
884
836
669
731
820
806
602
917
685
771
915
804
643
901
846
675
747
771
802
614
963
544
854
829
766
825
717
765
730
703
736
651
798
775
741
654
700
716
752
806
727
537
716
639
826
733
724
847
523
736
676
696
714
771
592
