5000	10000	15000	20000	25000	30000	35000	40000	45000	50000	
5000	10000	15000	20000	25000	30000	35000	40000	45000	50000	
300	300	300	300	300	300	300	300	300	300	
1350	1350	1350	1350	1350	1350	1350	1350	1350	1350	
256	256	256	256	256	256	256	256	256	256	
27883	27883	27883	27883	27883	27883	27883	27883	27883	27883	
16803	10997	7707	5833	4676	3899	3342	2924	2599	2339	
0.60263	0.3944	0.2764	0.2092	0.1677	0.13983	0.11986	0.10487	0.093211	0.083886	
1.6594	2.5355	3.6179	4.7802	5.963	7.1513	8.3432	9.5359	10.7284	11.9209	
116998908	116998908	116998908	116998908	116998908	116998908	116998908	116998908	116998908	116998908	
116990000	116980000	116970000	116960000	116950000	116940000	116935000	116920000	116910000	116900000	
238.3185	238.3185	238.3185	238.3185	238.3185	238.3185	238.3185	238.3185	238.3185	238.3185	
143.6277	94.0075	65.8887	49.8718	39.9829	33.3419	28.58	25.0086	22.2308	20.0086	
0.60267	0.39446	0.27647	0.20927	0.16777	0.1399	0.11992	0.10494	0.093282	0.083957	
70.123	70.123	70.123	70.123	70.123	70.123	70.123	70.123	70.123	70.123	
103.743	147.0568	199.82	256.179	313.4127	370.8797	428.5263	486.196	543.8492	601.4998	
133692.9401	133692.9401	133692.9401	133692.9401	133692.9401	133692.9401	133692.9401	133692.9401	133692.9401	133692.9401	
119202.9404	110595.589	105327.0411	102208.7551	100249.2005	98926.629	97978.193	97272.4598	96721.5123	96281.1292	
156571.5126	156571.5126	156571.5126	156571.5126	156571.5126	156571.5126	156571.5126	156571.5126	156571.5126	156571.5126	
132991.1958	119620.3112	111652.3553	106996.4432	104087.5588	102127.45	100721.8711	99673.2809	98855.6668	98201.9504	
0.89162	0.82724	0.78783	0.7645	0.74985	0.73995	0.73286	0.72758	0.72346	0.72017	
2505.7205	4993.7709	7502.5641	9970.7516	12439.7994	15001.5607	17470.2692	19976.9343	22464.815	24871.3815	
1442.8076	2885.9186	4334.9199	5781.8239	7201.5626	8674.0368	10088.0154	11596.848	13035.9916	14457.9566	
5000	10000	15000	20000	25000	30000	35000	40000	45000	50000	
4754	9487	14251	18981.35	23732	28506.1	33214.05	38020.1	42756.35	47478.7	
4950	9898	14856.67	19796.67	24769.67	29696	34655.01	39598.68	44529.67	49486.67	
4978	9949.085	14931.085	19898	24889.085	29856.085	34818	39785	44765.17	49756.085	
4996	9992	14990	19982.617	24983	29980	34973.085	39954.851	44970	49947.851	
5000	10000	15000	20000	25000	30000	35000	40000	45000	50000	
0.28188	0.060001	0.011795	0.0027351	0.00064103	0	0	0	0	0	
0.37235	0.19513	0.064872	0.01453	0.00085471	0	0	0	0	0	
0.23953	0.30522	0.165	0.058462	0.0089744	0.0010257	0	0	0	0	
0.086881	0.25402	0.25077	0.13641	0.041667	0.0069231	0.00029915	0	0	0	
0.017222	0.12812	0.24539	0.22701	0.10983	0.028718	0.0017949	0	0	0	
0.0019658	0.044018	0.1618	0.23641	0.21432	0.077693	0.0086753	0.0013675	0	0	
0.00012821	0.011111	0.071155	0.1841	0.25898	0.19231	0.05624	0.005812	0	0	
0	0.0023077	0.023846	0.10137	0.21346	0.27205	0.15885	0.040342	0.0046154	0	
0	0	0.0046154	0.030257	0.11133	0.26	0.30543	0.1371	0.017692	0	
0	0	0.00064103	0.0071796	0.034402	0.12718	0.31022	0.2906	0.11539	0.010257	
0	0	0	0.0013675	0.0053419	0.033846	0.1391	0.31829	0.30039	0.10556	
0	0	0	0	0	0	0.018248	0.1665	0.31423	0.26624	
0	0	0	0	0	0	0.00089744	0.036582	0.18308	0.31453	
0	0	0	0	0	0	0	0.003077	0.051154	0.20342	
0	0	0	0	0	0	0	0	0.010385	0.079488	
0	0	0	0	0	0	0	0	0.0026923	0.018804	
0	0	0	0	0	0	0	0	0	0.00085471	
0	0	0	0	0	0	0	0	0	0.00042735	
0	0	0	0	0	0	0	0	0	0	
0	0	0	0	0	0	0	0	0	0	
0	0	0	0	0	0	0	0	0	0	
