658
356
128
543
391
248
326
263
400
278
428
310
148
361
307
240
476
187
390
298
289
289
193
459
140
335
192
281
362
260
267
344
337
342
308
148
397
210
452
257
308
206
349
322
281
241
364
203
435
226
301
299
302
346
203
447
128
375
334
284
253
353
296
337
235
243
335
136
447
130
361
227
332
368
218
330
143
323
339
276
300
265
252
391
223
321
231
270
379
176
368
261
334
288
267
339
224
398
328
188
274
371
225
364
256
371
128
485
193
288
294
230
291
320
143
510
208
322
397
125
396
211
296
368
126
405
282
411
205
269
434
127
369
394
152
391
266
315
279
204
335
246
382
292
217
329
280
260
389
100
396
226
286
389
87
401
185
347
320
256
382
269
263
311
242
324
263
394
326
183
395
221
284
213
318
334
171
383
252
233
278
323
280
224
313
330
226
354
216
272
382
268
301
217
300
229
288
285
353
191
328
187
416
259
214
321
204
378
184
355
298
237
306
314
264
313
259
384
126
355
369
152
363
255
350
288
242
316
270
245
366
163
371
224
286
275
244
270
266
228
317
144
347
338
268
222
242
220
392
171
362
209
368
217
278
401
181
271
390
172
338
307
242
324
281
319
154
385
339
229
330
241
332
194
365
276
199
398
230
231
323
209
324
249
290
317
185
334
180
381
268
236
262
317
283
348
140
410
201
320
252
240
280
289
349
231
285
336
254
326
350
225
203
393
257
351
261
337
202
289
492
158
374
190
286
379
145
342
198
400
331
191
240
256
345
282
291
279
261
377
250
234
394
344
199
385
230
321
185
333
195
342
240
387
195
422
184
313
346
233
242
234
340
235
298
385
236
333
291
294
336
194
316
295
341
297
291
288
253
339
335
235
337
288
366
275
175
427
228
313
283
343
189
387
235
325
244
393
244
320
219
354
240
270
276
291
277
359
287
293
273
294
376
229
328
239
283
361
220
295
381
135
432
137
412
295
327
323
146
438
281
232
359
286
291
286
294
333
195
401
178
291
382
236
351
234
276
290
274
320
203
337
310
241
223
287
232
370
189
381
276
285
340
126
342
224
290
338
182
371
213
187
412
139
382
189
364
189
329
239
319
274
280
270
276
267
153
472
89
329
229
276
206
380
228
230
334
227
279
243
242
255
292
182
368
228
316
251
181
390
221
282
317
182
355
128
417
233
266
314
281
270
271
267
321
221
339
219
252
427
178
330
243
273
328
219
370
207
284
370
131
329
187
329
305
185
389
172
335
280
177
320
297
189
375
177
446
128
319
329
171
274
313
307
276
204
233
251
264
346
125
316
264
174
317
171
272
275
269
349
90
462
181
213
369
127
279
210
280
268
218
359
132
335
223
235
345
194
293
312
212
275
314
241
282
203
370
238
363
174
341
235
209
317
314
147
394
223
259
354
135
365
138
378
247
249
398
129
322
260
273
321
201
344
256
248
326
129
288
352
180
335
218
365
229
231
373
173
319
343
218
306
162
309
231
311
279
155
410
273
266
266
219
368
212
277
280
205
357
255
188
363
175
320
179
307
396
125
367
126
303
366
82
397
263
267
304
180
351
213
324
329
214
275
292
247
357
117
362
227
322
299
220
338
219
280
315
166
332
212
383
216
234
312
227
228
314
232
303
188
355
406
126
347
171
340
389
214
284
260
291
403
171
368
175
409
370
181
296
320
256
344
245
291
283
346
311
199
278
210
279
408
124
325
217
314
285
175
328
266
191
423
134
426
142
331
280
264
319
215
247
354
124
368
145
403
261
181
348
177
348
301
251
263
271
204
310
117
426
78
345
168
259
397
76
416
222
262
343
88
405
180
255
259
181
291
268
308
232
211
333
184
235
367
216
255
246
266
307
202
335
235
250
399
169
307
242
187
395
239
285
233
204
363
116
289
248
190
386
184
323
211
276
291
172
246
262
211
298
252
163
339
195
335
130
395
189
268
212
367
253
214
259
290
209
314
252
205
346
163
217
354
175
323
205
242
344
78
377
78
347
230
260
209
286
338
189
259
279
167
284
261
210
222
280
212
282
215
248
157
369
197
286
168
249
294
200
240
292
164
350
242
205
206
305
251
257
245
222
295
263
207
279
202
263
293
259
211
210
294
292
214
312
206
209
374
211
360
137
296
218
290
288
216
201
335
274
286
126
306
266
249
302
208
227
342
196
296
269
290
300
304
226
267
315
262
274
238
301
206
321
257
229
258
268
318
228
301
301
253
275
207
426
165
320
325
179
393
253
269
325
121
350
213
306
334
219
338
204
284
270
214
255
214
265
404
160
339
162
370
318
177
342
212
323
248
311
262
265
316
265
209
278
328
312
285
220
372
193
293
334
173
323
269
292
314
152
309
227
372
226
287
247
328
249
416
81
420
177
465
256
197
353
257
342
385
194
346
331
224
332
237
331
233
328
261
236
342
264
332
254
237
450
151
391
190
323
262
280
304
242
347
338
265
272
290
338
351
157
388
203
383
324
246
254
280
317
461
139
362
300
296
376
314
255
266
255
411
236
344
246
330
293
371
404
197
386
300
372
220
271
312
366
146
348
243
352
251
300
305
253
261
467
198
355
310
241
440
144
392
196
361
334
247
303
279
291
237
362
247
306
237
414
184
391
142
351
276
220
380
191
337
440
147
419
143
313
353
288
236
349
186
331
274
390
84
396
288
238
385
194
222
300
274
416
221
190
337
278
327
245
256
224
339
283
370
227
218
344
245
321
365
148
328
273
321
215
266
329
295
345
127
369
181
393
380
249
296
188
444
284
245
311
253
307
404
239
391
213
355
293
263
304
250
304
328
143
343
281
265
370
133
337
305
233
411
244
284
292
270
409
228
334
282
329
294
317
292
248
371
240
275
262
329
283
334
187
371
236
292
302
332
233
312
343
305
262
298
306
293
254
282
289
278
234
384
189
334
286
232
343
330
183
407
186
400
195
399
197
314
281
259
407
265
388
211
349
301
347
255
347
245
349
301
343
242
275
339
329
338
186
307
252
316
284
261
239
345
328
267
297
200
406
335
252
255
304
293
377
248
316
242
403
245
400
140
395
185
342
389
204
296
302
359
356
143
365
206
463
195
394
192
307
250
394
162
295
346
206
399
292
236
291
302
288
342
199
390
206
391
207
339
190
337
277
314
294
275
302
324
354
255
291
265
327
310
305
297
301
335
303
260
313
347
303
296
329
215
338
264
378
230
397
232
299
392
268
334
140
386
229
342
200
333
299
232
426
232
307
250
351
358
338
191
329
253
402
233
255
235
352
302
363
259
314
247
347
350
205
298
352
358
268
242
396
329
293
245
348
196
342
400
245
320
282
331
375
265
258
339
185
463
130
417
192
381
260
276
234
427
176
345
275
300
244
325
287
357
238
363
239
409
244
310
245
388
341
193
300
407
183
376
235
292
240
346
297
384
250
359
234
408
134
465
261
353
245
295
285
352
232
356
300
290
394
234
320
227
410
237
315
252
302
321
369
318
264
315
391
248
391
317
216
356
189
396
192
279
341
322
251
312
275
355
236
377
251
308
267
356
408
207
288
381
180
474
226
269
332
284
428
204
365
183
399
205
402
196
410
182
423
199
308
320
401
159
460
112
465
204
371
302
203
428
284
308
249
367
396
206
329
280
194
444
272
365
182
313
336
271
303
290
293
300
312
361
341
249
345
314
437
147
406
206
364
317
343
229
462
198
362
189
473
202
322
355
261
293
359
249
416
146
451
239
240
284
295
376
275
238
378
176
391
240
248
346
218
436
227
260
297
297
292
374
212
449
324
267
378
206
393
186
302
435
235
324
148
370
389
286
271
206
370
341
151
490
102
380
334
330
212
284
423
296
307
345
196
351
314
368
247
319
387
208
293
365
207
403
177
296
321
258
329
190
347
283
253
287
354
293
330
153
341
361
294
405
103
514
152
489
202
304
243
402
338
233
255
430
247
252
346
240
338
242
349
249
247
293
335
243
357
227
353
286
251
295
305
439
95
402
253
360
205
378
355
342
202
355
193
383
301
278
285
192
379
352
273
297
234
293
338
193
399
308
294
342
348
307
254
291
249
291
361
200
364
306
347
262
346
252
316
269
498
138
422
203
396
240
371
146
359
277
423
81
458
159
398
288
349
243
327
289
354
184
370
200
266
430
262
346
245
425
277
211
349
240
285
391
183
386
229
387
221
295
326
236
252
316
340
281
272
316
358
274
359
211
392
242
394
225
299
186
469
209
418
205
381
255
320
325
327
252
357
272
416
156
404
309
320
390
145
342
383
178
356
245
298
287
232
389
289
286
236
331
375
195
288
188
398
224
363
187
302
256
446
187
319
187
448
306
263
299
259
291
350
305
140
380
296
381
292
335
163
408
332
240
230
380
173
409
127
459
94
393
369
291
285
196
283
376
289
298
170
337
322
243
228
239
333
284
284
241
195
373
305
241
302
178
319
323
186
344
199
369
242
237
343
241
234
233
289
315
140
408
174
332
302
193
263
280
279
318
236
248
268
283
348
187
373
184
290
280
234
280
295
171
415
37
408
226
278
243
323
279
268
258
276
187
381
191
246
382
292
252
289
294
229
356
280
206
373
348
231
384
181
323
233
407
318
157
432
254
246
393
142
345
264
307
299
253
343
301
250
488
248
305
296
279
401
184
346
200
304
361
159
349
262
406
306
256
312
227
343
326
183
348
234
373
292
287
291
264
382
228
318
343
223
205
382
292
364
182
422
179
290
283
328
179
318
238
365
188
326
290
243
344
202
357
297
265
333
287
248
302
209
425
237
380
266
355
338
208
294
257
291
348
247
295
288
226
404
188
349
225
294
399
244
296
271
333
241
377
235
336
292
424
136
402
214
286
381
211
304
342
256
358
228
407
184
349
282
291
281
285
200
432
231
342
235
345
286
256
386
199
301
375
239
326
228
371
445
34
460
153
389
299
288
356
184
399
327
151
445
195
357
307
252
317
332
241
392
246
392
242
298
459
126
358
355
260
347
191
456
277
204
429
121
461
230
362
284
248
373
294
192
437
85
475
223
299
385
314
317
243
339
340
128
450
245
268
427
204
342
226
381
290
172
395
259
274
427
191
301
385
244
412
178
450
135
354
337
223
392
263
348
226
296
341
233
291
313
245
320
301
241
366
184
391
359
257
296
228
467
238
311
244
278
355
254
363
268
259
439
245
254
458
261
347
245
415
250
276
387
260
362
457
151
391
187
407
243
311
348
237
358
347
266
423
204
370
267
309
368
240
408
239
279
352
309
150
445
200
386
183
320
245
286
414
310
259
314
292
410
184
341
343
153
458
189
300
360
363
248
259
284
369
232
406
99
489
300
277
316
186
320
288
359
276
178
451
258
244
419
292
271
299
342
227
283
340
209
279
348
225
324
342
316
204
335
261
333
246
359
283
257
431
286
238
261
306
360
235
373
213
425
324
257
308
285
362
248
343
302
287
409
301
202
371
326
347
241
287
283
228
409
308
251
298
364
371
309
244
395
258
321
360
145
475
192
414
364
228
350
352
361
251
302
347
230
357
296
252
237
345
284
339
185
316
240
289
356
181
302
281
279
299
267
308
230
303
329
241
351
256
251
409
237
251
234
464
205
297
318
210
284
352
288
242
337
237
294
355
243
298
183
383
309
204
323
277
299
289
347
132
281
341
343
169
290
317
261
333
305
283
285
389
209
343
248
275
341
275
273
190
317
250
306
338
200
282
346
327
253
257
364
184
401
235
301
298
338
359
214
286
310
229
251
356
255
249
349
248
348
237
369
249
284
338
275
325
297
218
411
245
325
250
302
321
254
365
291
191
433
289
191
311
182
380
189
375
234
231
331
293
300
288
271
348
199
374
194
285
257
356
264
301
281
295
295
339
253
325
243
243
414
295
219
298
245
358
190
290
223
318
456
216
230
348
352
224
380
190
322
237
326
261
228
247
357
267
313
264
198
404
292
315
174
294
230
372
252
317
282
370
251
232
327
334
233
351
292
252
357
205
440
107
379
259
294
305
307
262
356
293
393
148
311
286
190
447
302
258
247
389
289
245
285
279
185
335
198
400
249
315
200
414
218
232
319
267
280
273
326
183
326
378
294
141
323
248
376
295
241
178
321
317
303
137
303
270
286
196
360
95
373
267
275
236
332
189
295
271
236
189
375
331
199
315
243
311
277
333
149
432
292
229
378
238
291
249
374
279
203
309
402
203
330
300
307
202
458
139
328
230
356
181
449
192
262
302
346
206
234
300
192
353
342
290
198
352
306
312
289
305
143
503
305
200
426
250
421
190
352
296
255
317
359
237
313
242
354
256
288
324
199
317
273
330
193
278
293
287
311
274
179
466
453
233
290
300
233
248
348
294
443
98
449
200
325
303
280
301
234
358
286
228
351
197
304
361
263
339
276
337
365
132
454
298
191
338
227
388
241
286
316
226
369
153
341
311
202
392
179
348
400
211
356
266
343
223
356
309
301
224
316
285
425
107
428
249
233
410
239
257
241
350
267
282
307
238
299
319
285
383
226
362
313
210
448
145
291
375
155
343
276
309
309
261
347
212
357
444
152
319
367
246
389
301
251
317
304
415
181
317
313
351
210
427
194
347
282
371
227
315
272
292
270
250
250
409
214
345
189
436
135
379
245
223
412
341
242
391
212
339
246
274
295
296
330
297
239
301
298
290
314
282
304
233
341
274
220
322
314
299
240
326
251
229
327
337
172
348
238
345
306
267
248
220
390
268
280
243
316
299
232
305
300
286
360
210
339
238
283
444
249
314
212
274
326
183
347
282
281
361
135
456
148
292
377
155
445
248
278
369
236
345
334
236
372
133
447
174
323
423
100
429
212
322
306
228
439
252
248
458
209
315
436
175
354
244
416
223
402
241
280
308
352
133
446
82
450
151
395
298
154
411
317
310
303
203
372
276
309
335
242
327
267
280
273
282
375
238
315
314
222
369
107
426
264
294
256
279
309
445
190
364
195
403
368
170
419
142
377
337
194
375
199
285
335
227
338
141
336
287
235
375
139
436
249
231
324
204
342
287
286
336
142
376
264
266
354
236
320
299
341
274
153
469
37
389
309
236
300
331
279
224
236
277
338
189
373
218
323
240
277
248
238
338
301
229
322
188
340
220
238
332
280
335
232
350
177
297
336
259
281
335
225
281
268
314
226
311
217
220
362
326
227
284
325
281
228
283
282
202
361
294
270
286
223
332
232
332
218
286
267
312
222
326
174
285
365
124
367
186
286
312
214
370
226
277
322
328
189
310
179
265
347
303
238
308
260
294
271
235
367
188
275
270
240
274
237
300
235
280
328
262
342
216
289
277
259
318
252
356
220
237
364
212
278
227
292
211
380
225
268
287
174
335
384
201
353
184
395
141
390
146
372
185
317
437
136
314
372
160
351
260
241
394
191
359
304
285
284
233
406
250
284
316
257
229
287
298
290
199
403
326
209
329
291
231
349
249
308
291
331
323
194
318
350
131
357
280
346
237
368
240
285
247
307
269
429
144
386
203
338
294
384
183
296
364
241
235
352
290
186
337
339
283
239
330
386
173
356
230
307
291
300
283
258
387
305
241
262
236
346
344
256
283
326
282
255
263
266
337
309
342
187
336
298
230
273
281
254
244
359
337
182
296
278
275
296
222
342
330
235
336
191
315
275
254
441
194
343
297
354
398
89
409
297
236
346
239
354
315
299
242
312
330
288
233
344
171
401
304
279
241
332
362
270
278
369
129
409
267
328
293
280
285
286
232
334
247
346
307
327
289
227
413
255
276
422
98
400
355
278
273
275
310
238
375
357
185
341
188
369
216
280
282
227
329
272
323
278
235
247
385
226
304
282
270
364
177
377
232
290
297
282
344
230
290
372
172
355
129
348
394
229
400
241
236
323
277
291
244
275
345
274
287
187
339
292
228
321
224
340
273
297
360
198
295
286
332
352
143
401
248
336
292
301
278
305
320
356
235
348
247
338
314
228
360
260
312
234
285
230
369
245
334
181
328
363
244
306
229
280
383
245
290
220
333
302
225
372
174
370
224
421
184
308
227
310
384
249
348
318
279
301
247
267
329
184
369
187
381
247
285
313
250
276
295
225
341
335
238
286
221
236
370
271
222
335
232
324
193
326
246
267
294
283
331
249
304
263
307
174
257
308
252
295
255
300
291
260
293
257
207
364
185
362
294
222
333
186
393
267
220
369
218
335
287
237
344
189
421
212
382
323
195
344
269
311
356
217
344
289
188
308
144
419
268
230
325
285
222
383
148
371
113
380
289
186
395
190
340
303
233
340
191
357
430
131
374
128
431
190
323
272
251
320
272
274
284
222
278
264
289
357
228
306
241
334
229
342
230
282
281
351
61
487
427
324
235
257
286
184
420
141
420
107
412
222
278
289
224
333
284
222
309
227
268
341
234
262
229
367
274
183
260
226
310
252
285
214
234
406
230
257
235
358
217
282
235
358
98
374
235
285
335
222
319
197
371
274
178
333
276
263
281
214
279
293
293
226
301
311
226
374
232
241
233
368
236
265
287
263
282
222
369
130
322
272
271
292
298
281
244
227
376
145
449
79
381
176
342
306
224
235
331
236
272
270
259
339
187
249
273
307
221
269
277
220
366
289
271
269
232
365
202
339
122
359
124
460
167
409
138
452
120
288
398
182
310
274
274
299
225
311
219
320
345
101
439
300
273
264
264
323
322
229
275
286
269
287
307
321
140
317
304
277
219
239
277
366
148
361
183
280
283
302
170
268
265
268
226
357
222
322
239
279
368
135
425
93
362
323
228
320
294
293
315
142
401
294
215
331
339
148
385
136
418
298
218
295
277
318
325
278
273
282
328
174
375
169
279
270
184
421
276
242
301
235
384
188
332
292
229
325
340
248
323
246
326
178
315
271
341
269
278
270
261
280
284
253
297
263
302
219
330
318
260
328
240
324
185
380
133
478
208
277
332
147
421
247
283
231
291
328
322
230
340
240
285
336
212
368
201
398
205
289
404
202
285
398
193
338
266
221
353
184
422
188
286
295
299
384
145
376
316
208
327
173
340
248
286
343
164
378
212
406
247
297
240
412
181
300
222
356
295
259
334
237
303
391
136
374
230
340
295
221
249
308
227
308
219
318
183
466
455
251
277
319
272
247
398
85
463
158
351
254
328
314
179
376
289
208
284
269
343
230
265
326
173
307
330
161
346
316
143
385
218
319
192
272
340
206
297
259
276
320
241
407
94
319
387
123
409
237
287
298
365
235
221
287
325
256
371
149
295
274
353
273
214
288
313
222
377
223
284
310
222
316
308
214
294
209
383
121
323
332
159
416
129
315
180
298
314
267
183
347
270
319
132
392
185
274
358
219
235
263
283
298
245
364
187
346
220
291
259
330
262
310
178
349
232
351
173
313
238
351
183
386
171
276
303
314
255
239
266
226
272
262
317
173
325
140
489
97
347
171
274
246
307
301
178
256
375
123
338
171
323
252
229
255
271
202
309
197
307
262
240
290
160
331
244
221
244
211
325
297
163
259
200
337
160
268
162
300
299
171
286
219
254
256
297
202
338
114
393
163
296
257
207
252
247
302
243
219
327
226
304
345
184
316
178
359
262
250
207
239
322
284
200
250
250
357
242
220
321
126
301
212
258
328
143
336
268
157
391
118
382
174
297
247
228
244
307
197
359
125
374
264
167
362
252
213
333
212
290
173
367
266
251
306
161
434
122
305
207
260
368
240
213
354
200
263
256
253
213
276
384
176
344
256
214
255
315
215
431
129
322
239
346
194
283
354
164
309
417
165
271
310
213
388
84
372
210
387
279
228
302
243
275
408
87
409
265
261
214
259
235
274
264
370
141
408
222
346
239
373
146
374
228
382
182
362
273
222
335
246
303
314
223
321
217
337
233
267
349
212
277
264
347
261
181
342
129
368
294
215
256
336
168
340
181
301
214
300
309
169
334
177
366
280
278
278
209
283
436
128
343
173
268
332
260
313
267
321
257
280
344
242
317
272
286
375
167
374
275
331
275
284
182
414
127
380
219
367
242
321
343
262
314
377
283
256
287
382
153
389
342
287
245
290
377
244
284
280
260
326
258
293
302
264
325
274
274
262
307
276
235
297
282
296
346
304
262
312
224
326
292
224
376
221
388
271
364
205
305
253
398
199
397
184
356
286
305
244
335
235
398
128
399
130
372
232
301
325
280
238
436
209
372
247
243
342
198
347
230
338
232
353
229
344
232
305
281
322
239
294
275
297
244
407
187
356
230
395
139
347
318
200
417
177
293
279
380
218
273
324
216
205
418
176
372
176
417
155
270
392
215
288
325
232
276
235
337
219
282
356
231
253
379
228
292
325
181
325
225
416
137
324
318
241
276
322
149
417
229
269
311
331
253
251
276
344
214
380
234
248
295
383
244
193
381
198
322
288
281
290
287
244
274
277
223
369
190
270
238
373
215
322
272
347
219
382
183
350
208
443
228
281
256
355
136
373
174
358
129
379
313
223
389
262
309
365
210
287
235
371
380
132
328
252
319
343
238
344
193
389
262
199
312
253
319
339
266
283
317
296
302
340
297
232
438
277
306
242
371
235
256
330
352
273
236
317
215
