1394
1185
1365
1077
1316
1319
1037
1238
1136
1381
1286
1190
1374
1335
1198
1272
1014
1250
1337
1182
1317
1146
1297
1341
1243
1323
1277
1098
1329
1125
1388
1285
1104
1419
1161
1368
1187
1212
1268
1209
1338
1332
1230
1258
1140
1210
1332
1243
1144
1194
1275
1218
1147
1282
1225
1220
1257
1141
1265
1105
1255
1045
1219
1357
1087
1324
1244
1244
1276
1159
1206
1231
1166
1327
1172
1158
1310
1260
1309
1186
1323
1257
1221
1224
1317
1331
1240
1152
1357
1177
1148
1365
1216
1362
1276
1304
1360
1252
1241
1286
1188
1288
1224
1281
1264
1186
1406
1198
1331
1332
1188
1256
1211
1162
1253
1096
1303
1046
1227
1226
1252
1277
1012
1141
1184
1064
1272
1175
1079
1347
1194
1205
1296
1164
1348
1069
1148
1217
1139
1339
1170
1061
1156
1019
1278
1039
1082
1234
990
1229
1143
1194
1190
1056
1347
1113
1044
1281
1146
1200
1203
1103
1275
1114
1198
1200
1071
1276
1078
1115
1257
1115
1330
1129
1164
1288
1077
1252
1098
1138
1351
1219
1351
1224
1276
1237
1244
1288
1077
1155
1283
1114
1244
1137
1064
1272
995
1122
1233
980
1208
1153
1033
1158
1126
1336
918
1261
1069
1109
1210
984
1133
1160
1113
1093
1081
1189
1042
970
1151
1181
1096
1021
999
1129
1088
1157
1068
1124
1048
1131
1115
1214
1105
1117
1209
1044
1188
1156
1202
1194
1194
1178
1192
1174
1334
1065
1296
1126
1050
1285
1104
1210
1267
1185
1226
1090
1311
1161
1189
1267
1192
1430
1196
1152
1306
1184
1241
1265
1297
1364
1230
1196
1446
1109
1333
1326
1365
1309
1328
1237
1314
1320
1197
1333
1270
1407
1075
1300
1313
1152
1378
1144
1270
1222
1102
1427
1085
1235
1245
1236
1162
1204
1351
1322
1234
1204
1315
1245
1216
1300
1210
1365
1284
1232
1247
1278
1174
1327
1314
1150
1246
1373
1357
1197
1269
1351
1341
1305
1222
1263
1347
1131
1383
1381
1266
1232
1371
1225
1287
1320
1179
1282
1270
1287
1320
1223
1246
1373
1298
1380
1305
1196
1305
1226
1213
1299
1326
1286
1208
1268
1369
1439
1286
1279
1287
1216
1408
1208
1309
1259
1289
1365
1218
1419
1238
1330
1381
1231
1355
1385
1233
1365
1435
1221
1288
1249
1289
1305
1304
1430
1366
1252
1318
1262
1400
1304
1267
1433
1078
1348
1332
1276
1381
1413
1335
1280
1287
1377
1371
1155
1384
1152
1312
1247
1444
1325
1214
1230
1401
1121
1355
1435
1269
1429
1207
1219
1270
1238
1321
1311
1297
1412
1327
1282
1229
1284
1271
1187
1384
1324
1340
1345
1158
1337
1391
1137
1428
1276
1292
1358
1273
1298
1258
1232
1360
1273
1160
1410
1237
1303
1187
1321
1429
1182
1339
1287
1433
1341
1231
1261
1258
1304
1317
1162
1236
1372
1220
1383
1246
1241
1304
1172
1449
1194
1127
1184
1207
1258
1177
1051
1416
1039
1193
1108
1132
1300
1212
1121
1164
1093
1291
1121
1288
1305
1255
1346
1142
1153
1424
1333
1210
1368
1228
1329
1199
1218
1318
1267
1227
1177
1265
1340
1203
1220
1291
1331
1300
1246
1145
1374
1201
1402
1263
1297
1261
1322
1414
1190
1219
1279
1265
1421
1345
1144
1439
1177
1336
1400
1255
1412
1251
1308
1270
1298
1348
1211
1209
1351
1308
1454
1171
1324
1320
1155
1337
1268
1310
1289
1241
1465
1370
1221
1473
1304
1248
1477
1231
1316
1265
1246
1305
1372
1213
1341
1295
1341
1353
1258
1432
1282
1195
1223
1319
1350
1325
1194
1333
1417
1465
1157
1348
1342
1268
1318
1287
1426
1257
1365
1279
1211
1302
1175
1249
1262
1270
1297
1249
1167
1249
1242
1310
1169
1243
1293
1228
1288
1211
1146
1236
1375
1202
1304
1217
1293
1312
1323
1180
1345
1373
1226
1025
1342
1313
1324
1206
1271
1264
1243
1334
1109
1295
1304
1148
1259
1041
1332
1234
1234
1342
1191
1342
1246
1280
1236
1357
1156
1275
1157
1240
1184
1241
1255
1171
1091
1165
1127
1194
1217
1241
1298
1289
1112
1300
1369
1191
1235
1140
1277
1323
1307
1324
1215
1386
1291
1261
1179
1219
1175
1122
1321
1347
1261
1208
1319
1216
1470
1112
1188
1260
1124
1379
1345
1271
1259
1269
1150
1369
1315
1293
1119
1204
1421
1237
1463
1269
1365
1233
1199
1280
1293
1181
1397
1213
1378
1236
1287
1206
1253
1184
1250
1265
1266
1167
1350
1313
1250
1209
1228
1213
1355
1238
1359
1180
1333
1372
1280
1268
1266
1286
1350
1239
1272
1361
1094
1409
1077
1385
1289
1251
1308
1246
1216
1171
1210
1266
1193
1354
1273
1069
1292
1174
1221
1079
1207
1319
1193
1258
1215
1193
1227
1153
1227
1195
1260
1262
1099
1250
1168
1178
1256
1133
1167
1264
1075
1176
1223
1216
1160
1137
1268
1116
1210
1321
1179
1232
1232
1236
1267
1253
1119
1367
1180
1469
1002
1304
1245
1205
1330
1389
1268
1252
1241
1286
1298
1242
1217
1237
1299
1193
1157
1282
1180
1300
1172
1388
1315
1330
1247
1329
1225
1352
1304
1330
1235
1277
1186
1282
1298
1214
1264
1205
1215
1299
1239
1208
1244
1216
1281
1262
1251
1228
1138
1329
1199
1275
1371
1334
1335
1281
1236
1191
1176
1303
1189
1178
1362
1284
1299
1245
1226
1196
1293
1190
1144
1185
1238
1320
1093
1307
1156
1265
1190
1194
1223
1300
1235
1301
1183
1168
1206
1107
1304
1181
1373
1215
1120
1198
1201
1183
1195
1139
1277
1098
1373
1230
1119
1199
1150
1081
1271
1188
1235
1075
1234
1209
1154
1218
1190
1174
1202
1105
1246
1199
1085
1341
1193
1176
1090
1192
1195
1246
1191
1206
1095
1224
1190
1257
1164
1247
1276
1128
1182
1223
1099
1210
1195
1043
1266
1188
1308
1227
1296
1168
1279
1251
1102
1203
1257
1300
1275
1213
1181
1157
1381
1312
1123
1220
1351
1174
1259
1260
1199
1271
1237
1222
1267
1117
1326
1261
1301
1156
1198
1336
1136
1197
1271
1094
1277
1109
1235
1251
1228
1235
1119
1308
1156
1134
1322
1114
1284
1193
1176
1240
1209
1274
1163
1086
1190
1060
1220
1271
1097
1248
1280
1185
1190
1243
1200
1287
1031
1183
1060
1139
1163
1114
1102
1108
1093
1106
1063
1033
1081
1131
1128
1020
1170
1108
1168
1067
1154
1258
1077
1035
1265
1072
1173
1047
1199
1125
1137
1224
1149
1182
1119
1202
1204
1247
1071
1305
1104
1223
1249
1216
1195
1086
1246
1350
1183
1257
1142
1312
1210
1160
1204
1164
1148
1171
1211
1222
1151
1280
1222
1205
1277
1117
1415
1250
1273
1192
1347
1291
1217
1244
1273
1140
1360
1212
1290
1339
1215
1232
1321
1126
1392
1219
1175
1267
1310
1184
1233
1394
1293
1226
1162
1219
1200
1238
1164
1185
1313
1121
1272
1159
1270
1277
1183
1339
1236
1234
1143
1160
1268
1280
1275
1252
1138
1217
1158
1238
1318
1211
1284
1140
1318
1394
1316
1312
1169
