1322
824
1026
855
866
1145
706
831
1087
935
968
851
995
763
788
913
862
896
904
876
863
908
806
804
798
871
950
752
886
790
1021
832
930
983
756
935
1002
920
811
835
883
799
713
799
870
801
850
923
880
784
920
894
716
815
1034
695
860
849
686
1082
766
892
859
909
730
806
893
869
911
752
938
779
783
795
919
720
884
886
701
928
765
745
859
943
755
862
961
778
789
773
791
693
969
702
822
797
930
738
811
922
704
903
834
772
720
816
878
694
713
883
868
704
981
889
843
815
895
812
680
836
738
760
828
738
854
801
886
801
938
716
823
915
876
788
816
810
703
849
703
808
847
998
768
760
716
917
765
730
859
725
909
729
965
732
961
672
886
826
726
830
853
748
818
817
865
880
893
790
767
820
917
705
897
774
968
731
781
790
828
843
793
958
759
915
774
716
936
918
611
804
987
683
918
653
836
644
814
825
620
893
719
782
755
965
732
806
737
745
793
734
799
610
885
724
736
834
863
765
717
945
612
783
803
832
802
829
869
775
867
760
752
721
906
708
823
711
867
849
797
793
891
774
827
912
884
905
828
796
809
914
616
810
818
788
740
930
792
743
853
743
816
940
762
810
724
973
717
777
799
783
871
641
858
811
810
767
735
934
518
689
832
813
726
729
745
702
803
668
677
738
841
784
629
712
894
645
785
778
643
785
760
880
737
804
671
721
739
881
698
725
856
683
648
756
931
755
754
829
716
1045
689
799
805
818
760
738
809
894
781
777
896
822
838
812
823
845
750
688
777
937
796
738
797
913
836
703
833
754
800
755
774
868
880
759
758
774
769
872
625
912
755
789
751
882
872
769
732
843
935
682
764
946
904
677
708
847
770
846
858
769
660
842
734
714
777
843
738
693
772
631
874
733
781
821
799
753
806
890
703
649
838
857
779
626
741
751
937
719
760
717
841
819
724
822
783
760
745
808
735
807
788
758
843
705
799
782
808
872
681
820
867
808
630
805
918
772
781
958
567
762
813
829
801
865
650
835
810
829
714
727
994
723
733
677
827
913
826
766
612
960
610
850
699
933
787
723
819
680
759
695
810
668
896
688
760
769
950
675
689
932
611
742
764
770
836
644
808
580
952
676
757
682
835
730
748
757
727
856
680
795
734
1020
739
778
734
767
704
785
753
754
810
772
889
738
794
756
577
840
786
601
825
811
747
731
723
748
863
834
847
663
902
849
729
745
944
590
776
887
723
847
780
791
775
847
736
764
781
791
691
688
993
782
798
910
776
830
755
842
701
850
796
903
529
925
742
687
760
913
749
667
951
664
829
762
744
853
739
809
722
904
688
728
831
826
660
773
849
810
710
838
770
671
921
767
698
827
1005
785
736
843
769
871
710
911
821
664
854
642
902
780
643
855
790
575
672
794
634
881
767
829
700
875
680
716
724
813
723
733
926
725
755
720
788
810
839
758
794
830
649
750
791
826
719
777
819
700
893
757
856
722
893
810
840
753
941
686
692
878
742
776
750
808
815
658
816
559
909
706
804
716
886
657
782
754
814
717
637
933
630
805
785
813
627
840
776
707
853
775
757
674
939
620
808
760
690
732
788
749
769
935
702
766
712
1006
688
808
734
836
710
774
777
829
942
655
721
720
928
667
711
781
704
707
705
785
766
640
754
715
742
739
682
734
826
599
659
836
616
742
862
775
599
904
703
761
771
681
740
610
833
747
733
701
827
757
676
850
793
824
718
693
855
804
662
750
836
792
880
671
782
701
816
767
774
679
852
753
701
817
711
874
707
876
719
863
765
725
765
772
705
794
717
873
618
775
871
730
823
901
671
842
786
784
645
906
750
622
768
861
640
809
788
628
708
761
771
728
836
821
688
854
771
681
715
791
708
721
925
545
783
878
768
635
925
763
762
711
838
666
707
739
803
678
710
854
695
581
937
706
716
790
664
803
768
627
732
758
744
687
722
890
656
861
764
699
736
656
799
630
745
679
756
701
711
801
699
666
828
696
771
639
674
759
771
703
794
652
827
831
659
693
723
759
723
701
703
804
764
767
779
665
697
852
684
712
698
644
704
785
786
614
961
662
711
828
766
616
735
905
565
796
728
786
613
825
800
684
675
849
711
725
740
760
728
695
805
626
729
776
641
814
724
516
712
779
667
711
709
697
671
756
828
674
703
640
708
678
786
747
687
767
698
645
760
831
646
629
739
765
708
670
601
825
728
630
697
857
711
779
669
854
638
890
765
619
741
650
830
697
809
774
830
719
788
783
733
749
766
837
829
661
826
815
898
587
770
694
688
851
812
657
805
790
658
726
827
712
737
820
831
783
878
773
725
935
843
665
797
766
699
762
899
859
639
1003
752
649
729
907
716
716
807
865
727
789
979
732
754
843
801
788
808
855
643
827
753
697
909
832
732
868
775
714
869
840
753
662
907
774
745
735
769
736
821
767
853
636
866
793
706
798
734
818
765
786
837
827
770
717
794
895
730
849
751
757
706
873
730
855
736
885
808
816
689
842
732
808
811
751
892
767
827
854
902
834
925
834
762
758
846
699
679
864
813
687
939
823
678
864
776
790
769
881
740
673
697
840
816
760
808
814
783
787
859
789
839
766
713
860
772
782
803
829
596
933
865
638
901
865
699
752
873
803
757
821
884
720
729
919
704
775
672
827
732
767
689
749
898
897
760
735
943
639
799
866
706
766
811
751
820
863
882
654
836
830
807
703
767
734
722
865
701
927
750
863
852
733
873
782
791
876
688
848
834
879
765
879
830
815
899
842
781
868
823
750
927
755
1016
698
865
884
894
900
924
802
781
825
784
835
754
723
937
837
833
837
892
742
794
782
816
848
796
852
729
853
807
784
889
798
857
653
907
795
788
775
801
749
827
837
778
845
841
832
633
903
863
736
802
821
771
768
897
771
933
747
798
743
725
825
673
836
754
889
806
818
882
712
892
811
798
859
812
636
893
892
758
667
863
777
805
794
807
653
789
811
808
676
807
814
627
863
882
859
706
877
831
606
967
864
685
1030
694
898
727
931
661
770
990
666
932
820
921
786
893
685
862
863
981
665
887
808
759
857
744
928
763
917
796
812
901
748
711
821
883
714
757
805
749
857
804
818
748
945
700
783
816
908
764
827
867
861
831
737
874
781
874
809
737
942
807
725
838
816
626
809
808
821
769
854
702
897
797
869
780
835
905
642
871
826
848
809
811
895
658
941
689
739
759
824
802
698
1007
708
833
806
843
669
820
946
856
809
702
886
735
788
736
747
999
827
551
837
889
816
726
842
820
827
905
762
716
904
753
738
723
963
692
862
836
667
782
835
778
764
877
697
765
781
862
713
745
864
679
824
740
811
759
920
751
701
937
748
694
859
817
683
825
711
864
809
739
778
611
875
767
719
630
935
708
753
789
690
836
800
924
749
730
747
801
829
706
841
706
857
706
761
809
745
683
732
806
777
830
706
756
741
856
561
790
954
705
779
667
893
600
840
692
693
756
762
767
690
1091
704
768
795
775
696
778
815
648
845
815
889
750
873
751
697
860
726
791
773
905
762
804
785
835
818
701
815
654
882
738
686
713
948
568
796
773
690
763
661
770
772
848
619
779
742
896
698
701
862
706
920
649
1039
695
799
802
779
958
820
839
759
903
636
884
757
884
754
644
1014
740
981
619
862
805
857
748
881
800
843
783
748
975
773
883
766
726
935
732
739
851
1014
707
874
825
858
841
797
915
687
933
776
764
880
869
700
862
963
785
852
776
988
746
776
703
831
844
860
702
810
845
747
813
827
971
715
774
828
718
1046
814
713
803
1137
815
701
922
788
812
818
973
748
709
888
893
740
891
788
764
1017
691
888
829
971
674
840
961
758
912
727
871
680
900
644
950
655
976
609
818
851
753
948
577
887
836
830
722
877
871
808
758
706
824
766
864
745
760
794
797
849
583
980
747
816
735
845
742
731
854
745
812
764
802
754
797
683
769
877
822
654
675
825
675
816
678
826
746
881
692
729
956
679
929
737
834
763
813
852
777
774
876
899
616
844
713
883
838
806
791
625
1015
673
753
874
947
663
642
819
878
671
821
943
599
753
675
771
800
872
677
744
815
770
708
641
835
759
744
649
673
965
758
787
696
805
635
722
940
632
797
675
788
757
841
707
774
757
879
781
743
741
695
881
598
940
691
751
804
797
766
783
705
820
745
689
759
748
796
802
583
939
637
925
662
827
686
856
741
699
788
744
812
710
1031
702
786
796
648
825
646
786
689
871
554
851
830
850
786
771
908
636
915
700
824
671
852
775
678
911
759
803
753
904
744
862
777
948
809
826
905
683
945
776
841
867
847
800
770
817
716
895
761
929
646
811
716
777
833
951
608
799
887
838
771
872
897
722
796
777
711
964
816
764
677
1052
684
739
906
639
786
703
803
750
863
835
868
693
823
749
796
688
695
887
718
887
713
804
785
766
855
799
645
803
781
703
730
811
731
735
588
954
706
881
611
858
661
837
761
722
938
708
658
780
875
714
915
590
791
692
760
790
650
922
643
786
705
859
760
803
800
674
941
670
854
643
934
660
761
930
909
767
668
807
673
881
841
802
754
814
853
648
990
690
751
778
891
773
728
913
685
947
745
931
542
906
774
822
755
814
756
849
891
806
902
848
731
799
871
796
701
759
726
805
727
913
713
830
885
641
813
787
961
726
830
763
812
832
929
757
695
873
726
976
756
850
822
873
751
801
912
796
825
727
794
687
831
816
761
822
867
799
752
832
640
845
672
871
819
749
986
665
779
914
817
685
958
794
783
832
730
831
690
987
772
878
760
809
708
770
782
738
830
795
818
719
855
887
635
923
817
653
815
729
624
730
828
632
734
738
880
712
886
710
755
744
937
607
904
850
706
904
611
913
594
796
770
651
805
881
785
741
888
693
903
764
778
678
859
735
812
763
742
820
669
884
674
716
818
839
740
580
891
826
776
823
793
634
914
834
733
715
673
912
728
864
695
774
801
753
769
827
694
691
816
603
725
804
830
727
874
825
640
832
750
754
646
896
831
693
794
749
712
854
904
678
937
835
779
709
724
686
813
1007
530
870
789
810
786
796
796
676
806
787
753
691
915
798
806
674
997
742
751
840
689
779
806
772
796
832
836
758
871
698
687
718
867
649
738
769
808
917
682
770
679
871
752
744
845
837
700
697
891
714
846
880
801
609
929
859
708
820
721
896
615
882
642
769
836
779
886
724
844
719
921
826
821
671
840
812
743
727
853
760
707
880
709
772
874
807
767
793
810
700
793
659
732
858
848
697
852
856
703
829
773
776
643
965
789
612
703
830
691
784
899
649
872
781
626
773
760
927
632
913
668
768
743
929
732
801
707
817
857
702
888
757
884
758
757
776
857
773
774
804
592
866
938
630
766
775
879
677
861
782
740
647
942
703
622
825
726
799
928
809
589
775
854
594
879
841
795
688
804
771
773
846
873
639
721
811
690
881
702
875
695
812
822
586
765
778
736
700
792
693
734
752
731
654
833
721
677
688
676
618
632
920
605
765
806
701
638
667
727
592
771
671
