704
725
421
577
562
368
558
588
378
684
458
569
453
418
450
588
587
485
529
486
534
522
496
435
508
363
480
660
295
601
396
631
436
463
592
365
631
436
351
455
423
505
571
335
460
534
528
322
575
456
534
354
544
390
589
472
599
454
500
544
500
406
446
529
626
281
626
371
584
601
385
488
485
489
482
220
607
337
565
406
461
556
385
482
547
436
421
514
445
440
458
495
579
329
613
270
592
398
633
296
518
466
531
343
532
395
621
458
456
415
593
349
546
452
500
389
444
560
437
426
411
582
470
487
455
391
520
522
479
444
390
393
484
502
468
335
527
434
485
454
452
396
497
527
453
309
599
340
474
658
284
559
379
590
482
237
623
399
556
340
431
493
454
334
518
454
456
321
568
509
351
590
310
567
416
518
425
441
550
369
456
410
424
507
438
525
297
485
379
468
487
415
485
328
481
428
577
303
578
395
500
443
431
398
578
420
530
467
416
479
517
491
275
548
351
482
305
585
329
529
381
504
323
616
334
548
494
356
531
374
571
406
363
487
527
396
569
394
571
366
526
428
429
377
484
452
457
374
508
358
523
328
565
455
423
396
631
371
484
356
396
547
367
541
411
390
428
445
529
326
522
476
485
485
360
418
483
482
573
280
536
383
490
502
438
387
481
431
537
313
507
438
460
495
477
375
487
452
575
244
639
439
492
351
541
405
518
455
500
429
383
374
625
368
597
314
552
399
518
274
573
387
482
462
475
411
529
381
656
230
624
296
585
390
554
373
423
387
621
368
574
283
611
418
450
446
478
278
551
418
415
316
470
434
369
352
422
489
449
483
331
432
448
524
420
373
517
295
601
347
551
296
436
501
383
512
348
429
480
419
367
507
319
466
411
503
270
508
484
358
489
482
315
534
424
518
338
447
441
398
528
445
284
568
371
535
291
551
422
480
477
519
344
469
528
312
448
401
459
365
565
457
363
377
424
520
399
547
375
490
540
333
552
489
359
507
539
402
403
495
530
335
666
257
509
530
568
311
506
558
440
346
509
303
411
499
465
452
335
562
408
394
494
467
376
553
425
370
580
363
517
348
620
332
515
376
389
397
573
366
534
401
611
181
596
378
403
568
348
388
411
460
529
341
531
386
432
498
549
227
526
282
556
175
648
309
415
362
450
356
494
329
470
382
497
304
410
482
266
410
493
332
451
387
447
393
364
491
367
433
515
317
452
393
498
265
514
307
418
460
507
291
515
367
649
239
514
338
420
298
550
308
541
225
603
407
498
322
496
357
498
324
451
246
562
441
487
322
516
435
492
377
476
317
539
613
317
454
373
576
392
413
429
423
482
505
383
364
435
510
568
448
366
408
555
383
422
605
219
587
548
337
523
369
601
275
626
305
451
384
648
326
503
382
493
377
530
391
403
438
551
382
360
489
432
392
421
562
353
442
529
386
481
560
328
440
419
627
257
461
375
531
367
496
367
389
501
453
430
409
398
487
471
473
312
538
519
429
429
411
414
415
666
418
386
381
672
278
527
360
480
457
467
460
286
599
293
575
248
632
327
597
417
390
437
360
475
360
516
301
408
440
418
329
511
368
510
356
473
431
389
298
521
350
513
357
505
400
511
304
535
357
476
450
614
216
528
302
581
265
610
353
409
360
507
309
487
318
476
473
502
368
528
325
425
444
467
340
517
321
585
231
586
381
528
197
631
234
675
375
505
228
568
415
454
389
495
290
549
384
426
419
471
354
493
338
598
320
576
329
431
542
420
397
506
358
609
326
378
442
482
401
514
289
612
408
421
313
512
318
502
453
476
391
417
522
469
299
569
345
458
427
569
241
620
328
528
383
503
304
549
442
334
544
316
453
480
596
228
428
670
267
521
414
426
335
628
376
277
427
475
444
375
624
264
441
540
469
292
483
379
367
448
534
314
378
533
372
379
439
449
400
380
565
293
466
438
395
554
453
219
549
456
473
336
372
406
456
458
491
227
551
414
403
374
401
396
412
505
394
308
455
418
434
404
353
408
472
465
368
418
483
314
370
465
357
528
452
357
477
416
511
354
467
505
458
460
377
445
323
485
478
456
333
506
224
629
317
518
289
641
314
514
374
550
322
469
298
504
307
549
339
448
310
516
277
646
272
423
333
659
211
561
214
506
428
545
311
502
511
309
543
423
371
439
505
476
325
477
489
398
470
578
208
569
367
600
274
510
399
439
445
554
223
551
326
601
319
465
366
512
342
552
315
513
269
658
284
646
124
643
441
459
414
477
275
711
428
399
449
507
494
302
495
407
417
495
400
536
326
409
510
398
493
376
389
446
361
499
269
527
421
455
474
394
364
583
365
430
373
437
470
497
433
350
563
411
475
453
357
448
314
514
480
305
487
479
408
371
455
404
450
362
507
394
504
437
343
559
389
357
478
462
396
454
451
361
329
625
361
376
424
498
514
439
539
329
507
499
435
571
303
459
527
349
581
278
493
509
321
478
403
360
505
384
551
259
569
331
444
456
390
348
485
400
356
313
545
331
359
425
414
487
464
467
401
438
414
402
358
454
355
491
311
460
403
407
451
494
340
586
308
460
459
362
435
491
505
376
352
498
445
436
370
529
324
542
363
427
373
465
376
513
370
477
339
500
450
367
471
433
419
525
329
507
428
520
281
478
429
435
515
603
280
461
483
510
387
551
272
460
513
507
228
507
417
359
499
457
388
394
405
599
166
613
252
561
211
641
127
574
435
525
332
497
340
473
456
421
339
567
198
616
364
447
318
524
370
417
386
454
305
521
415
518
308
541
413
310
516
398
493
332
414
429
454
441
370
389
539
356
362
352
584
402
354
398
446
404
459
406
445
370
532
404
383
457
337
583
450
421
382
465
283
583
369
440
418
501
483
367
414
460
324
615
373
478
336
581
342
377
575
367
381
519
403
367
466
392
494
373
506
198
588
318
460
436
346
356
441
449
470
203
557
397
398
368
454
298
411
573
340
302
434
392
413
482
345
286
441
431
424
274
423
496
302
562
350
412
456
412
406
373
313
420
516
445
393
440
326
500
415
306
382
486
311
610
250
362
477
343
470
437
264
485
386
584
253
460
445
447
469
420
479
335
494
552
225
521
424
405
513
374
492
291
405
470
510
470
303
513
449
358
419
436
356
496
317
589
263
510
404
396
490
411
423
367
531
387
359
559
347
458
413
533
316
408
467
447
354
548
325
520
367
487
374
490
296
499
401
493
342
445
314
472
531
398
301
513
440
428
464
457
421
468
379
513
291
509
453
355
471
449
418
382
473
472
349
490
283
472
320
478
367
450
466
469
383
349
436
460
439
335
457
298
518
352
510
382
450
342
475
302
603
346
505
309
459
477
296
535
385
309
486
398
456
315
505
450
420
503
316
513
362
456
507
265
547
301
464
452
354
495
358
483
352
393
537
306
484
378
358
444
398
405
450
310
593
175
541
412
402
369
390
395
445
396
489
255
577
307
484
413
342
453
319
484
403
377
442
358
398
444
409
414
353
525
446
406
384
366
488
455
382
399
302
522
347
350
346
447
435
406
402
358
406
299
546
322
437
433
414
469
315
421
493
302
443
335
434
404
444
426
307
401
391
335
507
358
432
429
422
414
382
488
378
404
384
434
360
460
360
479
325
501
424
339
484
291
378
376
407
468
374
512
343
447
469
288
459
339
447
385
412
473
304
483
348
440
438
339
314
548
199
682
226
579
196
551
407
493
377
449
353
523
392
371
351
442
405
475
299
439
360
490
344
480
245
472
399
436
411
413
438
446
307
417
356
356
582
313
579
236
486
430
344
404
463
330
445
401
517
382
397
401
379
423
349
435
299
474
417
301
420
428
284
433
324
451
363
382
500
246
504
375
322
385
447
415
338
396
480
254
469
417
354
407
393
371
425
382
425
447
340
435
382
455
362
438
299
475
413
320
375
429
382
437
371
297
517
262
507
289
540
258
458
343
378
410
514
282
482
286
528
246
498
356
465
345
502
381
363
438
510
365
402
446
425
435
379
408
431
350
519
212
450
531
323
538
256
475
444
320
639
410
326
508
373
495
509
261
577
259
552
314
436
505
392
448
347
492
459
435
431
428
334
485
342
478
291
441
467
390
347
546
420
446
342
540
262
528
391
396
450
357
341
529
297
513
294
597
386
553
352
424
455
562
393
464
311
521
442
523
444
482
355
433
323
537
385
481
364
552
247
620
318
607
307
445
392
651
229
571
180
592
318
609
275
515
377
560
279
567
237
588
424
577
343
443
420
556
299
474
439
426
498
461
430
396
483
460
345
446
499
359
470
453
412
430
511
371
491
397
527
448
334
544
403
323
555
361
481
397
404
484
314
620
326
419
438
504
485
340
522
363
414
488
367
458
331
540
388
428
364
570
314
510
373
451
459
323
562
252
543
407
427
471
470
373
446
458
516
360
491
436
449
475
327
505
416
414
478
406
482
320
509
379
469
389
557
270
603
310
513
375
523
361
500
355
527
401
544
218
544
465
411
437
393
462
572
383
526
377
465
469
410
477
338
512
472
496
424
462
477
565
403
519
280
596
439
357
502
462
419
474
358
541
402
361
365
485
422
458
507
429
419
401
429
438
434
409
468
355
566
430
386
413
415
521
305
540
310
428
482
443
369
531
403
545
351
452
450
419
501
502
366
418
358
599
400
482
483
341
511
327
530
415
399
556
319
476
368
470
446
362
458
572
348
514
311
470
477
554
364
411
422
518
316
573
297
615
293
558
375
432
426
557
197
729
162
678
245
490
473
370
491
443
273
511
357
554
365
486
324
362
561
333
459
509
270
537
502
394
462
380
605
315
483
315
505
477
332
529
417
434
481
519
342
501
445
382
478
425
454
352
509
468
349
534
291
615
270
524
389
367
456
485
426
443
419
491
358
541
562
271
540
367
474
477
399
331
627
288
644
184
697
344
529
503
345
489
383
442
488
442
508
402
521
409
490
551
505
360
525
313
579
491
331
592
437
395
533
391
459
508
593
363
462
498
398
535
433
492
432
403
693
335
497
465
556
366
536
438
486
336
701
215
565
320
524
486
276
596
428
438
553
350
513
458
518
470
304
550
490
293
624
297
481
405
526
509
327
489
415
430
525
464
332
534
413
629
176
602
389
592
383
458
327
575
379
557
321
525
330
524
473
370
463
446
418
535
299
591
233
639
400
435
403
538
335
548
409
532
373
487
370
511
421
502
412
464
333
625
248
625
269
575
349
628
249
549
283
607
378
503
357
464
402
503
308
455
420
510
298
498
426
571
365
548
389
532
278
617
283
606
318
524
496
432
506
333
564
409
418
521
313
572
328
521
446
364
460
494
408
433
439
386
464
391
413
414
380
551
295
555
285
572
392
461
409
455
397
620
181
625
235
636
296
579
466
307
483
455
476
445
377
325
488
583
511
244
585
351
676
344
511
285
598
325
644
390
426
376
572
289
514
420
479
443
586
271
592
478
531
347
541
374
534
413
622
295
568
392
432
586
342
439
628
377
428
442
517
392
453
459
480
362
508
426
509
405
578
349
484
483
512
338
504
341
517
324
555
447
358
488
471
373
516
473
378
474
364
530
274
632
380
553
283
482
471
425
446
507
387
426
577
419
350
473
519
488
472
535
382
552
368
604
317
418
492
418
525
391
434
414
360
561
423
427
472
508
409
468
412
505
304
490
399
502
251
554
378
591
359
490
366
520
390
633
304
506
335
501
425
576
299
482
534
516
336
494
425
451
469
463
450
356
540
517
333
525
325
522
558
476
312
414
447
425
440
442
372
570
379
389
346
540
464
557
369
460
385
514
469
427
390
414
497
467
451
451
426
460
532
461
337
516
454
509
326
453
396
383
610
372
432
372
503
547
279
470
364
487
458
461
461
250
541
513
309
601
342
527
422
639
420
357
446
419
530
490
411
399
410
454
515
393
365
420
501
442
469
365
393
410
558
323
509
415
402
461
451
441
479
318
554
348
498
377
403
583
352
347
491
346
556
442
355
477
316
607
278
478
481
367
528
389
524
358
382
571
411
455
427
426
405
440
450
405
415
503
408
414
565
271
481
464
357
371
469
501
410
324
330
496
425
532
313
409
315
446
543
389
421
381
528
511
403
400
287
593
390
407
478
405
419
518
349
468
269
475
403
581
408
417
434
521
404
382
366
487
500
441
321
524
241
565
369
461
373
360
419
603
271
521
354
471
356
527
220
623
280
464
381
555
328
507
371
628
194
615
313
430
391
491
317
379
455
406
366
577
251
438
438
357
491
390
345
530
337
538
230
560
567
429
418
412
348
513
403
471
267
426
582
363
465
267
558
463
379
606
246
524
554
390
375
430
322
619
316
552
319
423
565
407
483
336
434
518
384
536
369
496
485
459
440
392
501
372
418
577
324
337
450
458
421
398
377
407
389
560
335
421
310
444
491
437
370
439
334
477
465
315
343
557
385
387
452
319
321
539
407
409
423
316
578
315
567
228
556
450
454
367
460
373
582
386
548
287
543
451
560
324
519
277
559
494
596
256
561
483
442
383
544
388
419
426
504
420
481
481
341
573
302
436
370
626
431
377
465
413
460
577
290
568
324
521
607
291
515
446
484
525
409
386
454
434
489
424
461
373
464
625
399
481
370
435
432
572
475
327
386
671
218
755
239
550
414
503
382
555
287
574
461
544
389
440
540
320
575
541
276
511
419
630
338
432
478
488
488
426
342
492
526
557
360
472
366
372
663
470
345
568
421
485
352
524
358
454
499
515
328
569
220
682
318
671
233
473
414
554
297
602
379
504
431
537
249
463
528
376
518
429
418
500
588
408
445
431
491
454
480
583
265
713
330
555
371
475
625
340
466
559
308
605
408
449
407
449
508
380
552
441
403
475
373
546
479
471
385
459
597
332
455
523
314
632
457
449
463
416
546
393
507
454
334
567
603
297
485
485
472
426
400
474
313
516
455
492
428
312
512
462
433
371
445
426
508
335
570
197
639
474
498
287
558
431
496
428
485
279
508
511
531
323
535
391
409
427
554
218
646
355
582
324
466
424
438
379
451
369
408
514
484
396
419
375
509
359
521
489
319
462
406
479
408
425
407
574
418
336
452
306
556
569
231
523
333
560
508
331
368
454
365
589
300
509
351
462
395
445
319
454
399
420
456
403
446
315
554
427
364
467
509
408
311
552
270
523
518
376
436
427
424
496
492
431
345
579
366
613
251
480
466
468
399
551
322
425
571
415
469
421
377
385
486
576
238
652
317
583
327
573
179
598
414
535
287
560
334
533
409
580
187
665
312
494
233
528
345
418
479
526
384
406
493
505
277
424
400
364
597
378
369
397
391
488
354
463
415
363
535
366
397
361
475
382
369
509
304
452
477
395
475
450
222
605
398
495
308
390
473
471
311
461
311
449
539
352
388
513
365
479
446
383
289
520
265
560
486
394
498
319
595
218
488
355
426
490
478
298
531
364
459
389
456
369
407
547
411
363
510
341
499
356
559
260
450
482
503
306
474
381
555
277
542
228
522
445
499
257
514
325
532
349
526
179
495
401
535
306
462
361
472
455
367
447
402
453
575
361
347
509
412
556
273
483
300
534
422
512
359
387
425
607
387
396
294
541
433
485
291
404
353
511
377
451
279
511
396
428
522
369
454
373
458
528
403
327
443
507
461
412
400
450
501
482
261
590
242
575
482
367
426
472
435
592
268
588
219
613
301
562
311
509
312
573
401
586
276
498
576
574
348
506
369
571
346
556
313
441
501
496
485
486
390
521
474
470
319
531
483
411
401
522
328
546
445
508
250
568
457
417
336
511
270
534
414
465
481
367
512
442
435
580
260
568
365
556
424
434
522
434
546
404
337
424
463
542
393
389
409
473
528
435
378
409
496
441
513
541
224
544
453
585
170
534
382
350
587
311
389
602
198
615
453
399
365
460
603
412
320
470
423
398
519
368
377
409
453
492
336
403
499
418
513
329
536
362
524
418
427
357
392
560
387
455
477
368
418
437
503
275
411
466
450
322
451
357
504
402
460
269
413
498
453
370
518
270
423
504
389
478
366
387
509
421
427
420
379
551
542
228
477
441
399
507
307
421
272
628
397
558
186
504
326
569
354
436
309
463
464
407
373
358
468
493
470
423
280
422
451
499
389
328
477
364
551
452
373
458
480
541
313
426
430
393
579
410
374
337
528
539
389
521
318
467
542
445
314
309
484
590
172
640
333
571
387
515
359
427
399
577
379
595
221
497
490
483
294
539
316
581
373
515
243
580
527
399
324
567
348
559
487
543
244
561
365
499
333
527
321
493
403
516
336
474
558
387
464
497
349
589
299
765
240
487
428
630
272
456
342
543
381
651
328
360
423
426
460
421
360
460
431
536
375
429
433
427
472
530
300
496
504
464
394
431
353
465
493
489
441
471
356
513
566
286
567
315
541
463
538
490
251
577
332
580
344
493
479
462
526
330
509
395
405
510
462
293
523
566
475
300
587
433
443
447
504
368
480
309
531
337
609
246
628
373
453
328
430
457
529
373
559
263
471
470
307
530
465
291
583
469
505
369
373
640
297
500
342
540
494
381
486
366
389
530
477
478
327
569
475
360
425
404
320
612
466
350
494
328
701
338
536
459
294
575
424
437
463
362
418
434
483
411
363
522
389
627
342
418
367
449
509
382
435
589
356
500
368
444
412
430
369
458
444
456
270
534
336
349
489
378
289
579
209
503
213
604
450
420
417
361
567
449
298
631
124
656
416
518
273
478
527
405
390
561
369
493
463
460
242
481
387
497
325
513
298
469
300
495
392
466
477
406
492
384
439
329
598
447
494
332
374
619
294
527
286
433
467
477
517
288
472
398
497
354
385
408
452
536
413
364
406
459
449
478
345
454
355
446
376
468
310
494
394
640
343
405
389
497
564
371
434
326
488
470
389
353
561
289
508
434
360
439
484
549
373
399
325
497
380
436
414
469
371
529
430
374
509
344
493
333
490
284
442
366
553
212
543
345
515
376
531
226
560
297
655
242
595
227
575
406
448
342
461
314
571
408
525
307
518
334
542
377
369
516
405
462
436
449
447
424
491
443
367
557
317
482
370
438
283
586
321
469
389
465
576
296
628
388
354
432
551
392
314
445
381
441
499
414
415
424
534
364
464
420
321
501
472
440
462
482
481
476
281
597
193
676
357
427
454
523
368
459
407
412
439
364
426
470
508
313
459
428
533
469
376
377
535
414
376
420
368
432
494
413
384
304
567
369
390
628
218
549
460
411
311
504
267
547
418
403
462
419
358
546
406
562
314
501
302
604
218
564
324
590
402
475
406
419
469
471
361
385
433
588
356
425
449
413
503
403
411
357
440
527
370
449
377
410
443
477
507
312
510
512
500
461
260
537
304
719
294
439
359
603
330
534
347
418
409
538
388
503
359
449
370
445
456
420
485
468
480
335
487
321
520
340
515
351
451
462
481
425
456
399
472
449
387
451
399
351
489
285
622
233
655
232
655
167
640
315
580
379
455
265
598
424
426
434
382
349
420
583
397
348
524
353
435
418
409
425
357
504
475
335
317
555
404
511
302
523
400
424
434
405
400
460
507
501
212
592
325
534
392
416
322
418
523
512
248
467
515
279
510
472
448
316
578
623
297
484
359
497
531
391
435
365
530
431
429
373
379
516
451
418
393
457
304
592
360
461
404
573
300
507
357
463
273
639
295
565
316
501
404
504
316
565
293
438
442
497
278
507
413
403
322
558
301
515
366
552
413
324
484
375
504
395
417
479
332
558
259
554
258
601
311
457
455
445
401
552
352
552
210
673
366
504
263
457
415
538
322
520
212
546
457
355
392
423
551
396
474
350
462
491
276
496
445
307
506
442
303
461
317
382
407
612
249
394
442
425
309
470
362
451
310
516
340
339
519
322
402
324
398
315
432
417
436
387
396
334
405
436
332
474
308
520
346
446
298
422
345
470
338
378
463
257
