425
450
441
202
326
290
284
490
246
191
469
189
254
425
181
356
325
458
219
347
134
316
245
264
356
387
338
355
237
337
246
339
377
252
329
264
436
155
398
194
320
243
219
423
140
225
472
210
389
254
213
295
425
170
354
361
183
394
208
268
318
347
192
330
225
347
204
226
370
230
211
357
226
296
270
421
165
279
357
156
431
203
394
149
382
256
242
185
362
237
370
352
293
345
294
187
470
254
200
381
223
373
262
196
292
347
324
258
311
190
495
176
261
477
166
320
319
177
312
340
247
293
337
282
291
220
162
308
237
231
380
182
314
460
90
349
204
242
415
207
222
365
348
204
259
460
155
108
334
336
239
274
401
204
408
276
128
277
305
220
442
147
344
263
421
43
391
251
162
423
269
326
276
241
288
252
140
501
117
458
250
303
207
414
284
188
260
359
234
300
156
447
243
330
151
251
365
184
247
370
270
323
291
249
324
284
297
157
450
139
372
239
321
252
331
190
251
242
284
254
380
155
327
345
241
291
87
336
384
192
302
385
201
294
203
310
182
289
361
272
195
454
110
292
304
143
354
260
239
470
147
320
373
188
188
347
288
221
356
91
508
211
244
317
292
137
354
234
127
406
280
328
177
239
276
172
325
317
321
90
519
87
274
406
136
336
251
204
432
238
254
249
333
150
367
247
191
342
294
280
210
341
147
316
270
311
193
288
347
325
86
355
296
217
201
378
133
299
373
181
318
259
191
238
282
285
140
428
358
91
285
335
242
158
447
93
347
385
243
198
366
319
212
310
315
232
279
298
244
303
342
215
175
416
129
353
192
351
143
336
152
296
284
238
243
273
253
338
231
313
186
233
417
140
291
351
194
250
447
150
283
301
276
218
392
48
502
180
275
255
291
233
293
350
319
240
295
237
338
215
342
225
227
401
182
258
255
291
310
193
194
362
227
254
296
317
84
438
127
237
325
276
240
418
178
396
129
405
228
234
192
328
272
346
92
426
265
220
167
371
221
229
348
147
278
311
264
242
298
179
435
127
341
341
233
149
418
222
319
149
354
223
342
128
485
192
223
251
286
241
353
175
352
293
251
299
170
352
135
337
264
355
228
243
261
238
398
158
256
337
143
331
334
287
238
335
197
342
249
142
496
181
298
305
284
181
296
261
238
315
385
181
345
278
278
143
337
141
413
146
334
288
273
336
353
168
238
319
222
312
241
413
135
236
334
246
242
276
293
268
238
335
214
392
230
330
90
384
279
178
448
283
186
387
195
154
347
209
318
283
329
338
92
482
184
231
190
335
334
129
568
91
322
334
158
185
308
202
402
99
417
131
359
245
226
176
268
194
270
306
232
177
309
333
86
363
165
320
218
349
186
342
185
365
127
284
237
284
228
278
370
311
128
271
327
129
266
405
179
209
343
224
274
241
232
139
416
207
287
234
290
238
265
228
239
137
367
229
283
270
309
139
371
181
178
181
417
230
257
259
341
185
331
243
180
263
268
321
181
437
166
285
155
368
246
163
232
485
80
405
194
227
278
292
226
196
336
291
207
341
315
160
242
367
289
131
441
156
414
184
328
285
133
289
247
179
266
326
308
140
342
220
257
306
254
241
230
234
377
233
251
234
313
296
221
360
210
397
200
190
437
214
234
369
140
259
338
390
93
362
364
180
215
406
257
238
139
522
186
167
469
96
431
263
342
130
331
311
323
274
204
272
134
386
293
125
317
269
226
270
288
224
234
363
137
393
284
247
294
140
352
196
325
216
242
329
276
219
237
281
274
351
185
417
227
290
197
478
81
248
374
182
247
234
237
335
214
418
193
170
348
183
360
228
421
375
264
178
335
279
121
465
187
261
187
389
170
293
214
302
289
184
330
290
133
411
217
250
299
180
410
141
377
188
243
81
456
190
36
372
322
132
405
135
267
185
265
270
175
270
278
181
383
175
382
84
230
269
212
316
179
350
133
174
370
127
224
332
176
313
236
286
174
270
334
153
124
346
285
170
251
376
231
281
180
241
218
300
217
262
233
221
318
237
222
178
280
224
275
270
296
188
417
136
321
37
513
175
197
373
228
209
269
187
215
126
374
170
265
298
292
130
453
190
180
322
207
283
229
354
139
357
181
314
182
139
362
141
191
474
85
350
281
294
125
236
388
275
243
230
303
333
187
286
148
276
429
80
530
83
377
223
327
128
338
277
146
376
238
239
335
220
354
180
232
312
188
339
175
289
313
340
235
330
203
242
184
499
88
408
198
284
181
283
352
250
138
444
221
324
261
205
337
275
233
180
426
217
183
344
326
163
193
350
240
181
462
230
239
311
273
206
450
132
150
326
385
80
351
316
240
201
341
288
80
396
221
175
353
299
187
244
317
192
238
364
145
432
172
276
306
186
393
229
240
317
233
324
208
319
226
367
252
133
461
40
269
292
301
170
233
280
353
188
307
124
456
122
328
221
265
263
169
313
301
183
431
131
379
256
241
307
188
371
96
330
337
269
231
226
374
184
279
426
199
304
182
390
104
477
192
89
365
348
227
236
323
339
166
284
221
290
272
140
264
332
245
343
277
144
188
403
249
217
359
276
96
366
301
204
270
180
403
209
224
176
473
79
219
367
122
271
277
223
237
183
417
227
138
367
187
265
235
279
305
182
190
356
79
296
267
305
188
322
217
291
262
222
264
363
188
213
336
244
228
375
144
240
290
270
341
174
369
198
220
279
293
174
176
330
277
225
299
235
317
135
223
415
80
401
139
219
390
126
376
188
181
313
279
339
228
232
253
220
284
250
177
338
196
326
234
275
183
399
231
89
336
293
243
138
435
149
281
347
181
208
365
190
334
215
386
80
336
278
275
176
277
322
202
216
426
140
219
327
206
271
222
344
180
225
294
260
237
296
252
128
396
207
267
328
245
232
389
136
345
194
284
237
293
330
173
358
167
439
196
172
247
205
320
257
222
353
219
340
146
227
393
129
408
238
241
205
506
36
187
324
266
153
337
235
397
175
392
79
352
296
183
316
137
462
260
145
354
145
314
251
264
303
99
402
365
178
280
245
239
224
263
256
202
468
131
389
122
209
386
194
137
396
194
382
95
452
237
132
428
100
379
286
166
368
235
223
302
227
294
85
390
231
333
135
328
141
383
186
275
222
221
250
469
80
378
244
219
318
228
238
251
223
298
292
179
181
314
222
274
257
220
427
37
394
245
165
190
284
188
292
258
340
204
241
237
369
92
293
323
140
300
351
179
414
137
254
278
137
366
180
416
77
433
178
242
185
374
129
233
266
285
207
408
131
225
326
197
307
133
267
238
300
234
268
170
284
120
465
122
359
133
306
231
279
179
293
222
277
177
319
262
248
221
306
197
236
374
132
235
288
228
269
141
311
244
182
424
183
302
189
272
192
325
267
146
315
331
216
467
37
377
318
224
139
409
247
119
362
239
262
260
193
326
179
274
288
217
331
141
275
285
333
130
290
265
249
228
410
128
334
270
279
185
176
371
192
211
385
214
176
360
221
132
218
417
159
258
278
267
235
274
129
192
362
281
176
283
233
289
130
433
178
167
376
182
129
506
82
347
217
178
270
266
321
264
242
322
167
317
357
48
337
281
305
180
411
180
338
325
100
188
435
237
130
372
278
171
489
164
188
232
286
268
216
381
179
321
281
399
38
230
413
198
224
372
178
276
272
237
172
246
351
234
124
483
221
183
326
300
84
374
225
220
330
180
269
336
319
176
190
367
191
124
514
126
347
363
187
226
320
250
222
142
516
246
286
271
213
244
202
378
126
494
129
221
395
220
233
327
135
266
311
267
131
453
206
347
128
422
174
180
169
450
161
308
210
317
209
174
275
232
351
91
312
379
168
360
178
188
377
123
411
127
413
167
365
120
307
231
227
208
388
220
368
168
246
355
137
346
257
244
252
344
137
355
224
224
312
134
270
335
124
439
170
333
179
373
210
139
266
288
271
264
310
246
250
177
227
229
320
218
309
323
211
368
84
352
318
166
220
272
298
262
296
248
220
171
371
123
415
38
458
97
393
271
158
293
241
384
150
287
312
297
390
133
283
363
132
407
191
362
231
244
279
390
94
333
231
301
308
220
176
446
143
316
266
219
330
142
219
297
310
228
310
95
415
126
297
260
339
166
280
328
230
138
269
177
411
261
213
176
395
172
182
215
221
313
132
318
224
246
350
91
187
420
179
276
258
290
213
369
190
264
314
165
215
291
263
315
84
314
276
172
261
277
222
220
276
233
261
313
226
222
269
222
295
210
418
126
376
218
184
317
182
262
305
261
272
181
424
176
182
264
402
138
315
182
336
243
229
280
229
236
323
216
136
472
179
276
188
230
230
284
232
325
228
205
364
251
210
229
274
319
233
219
237
297
279
419
87
188
336
237
314
283
240
228
384
141
325
246
175
295
313
119
455
181
479
144
266
237
331
240
275
232
248
314
373
186
255
239
266
293
127
377
185
310
237
374
125
188
258
324
220
234
290
369
120
313
222
173
414
36
345
265
168
339
303
168
130
255
293
127
483
132
391
177
345
84
369
215
239
256
327
143
410
127
337
187
233
314
229
135
476
137
312
136
360
236
122
353
225
270
136
278
337
312
188
172
264
308
76
415
168
448
163
277
305
225
185
217
219
387
173
274
308
276
186
227
270
204
330
260
257
268
239
262
168
315
268
174
218
276
307
184
442
402
215
175
175
452
175
227
352
281
219
184
340
145
241
289
326
167
363
254
126
328
297
138
377
211
341
125
436
135
294
272
194
126
450
130
329
339
332
184
274
224
246
320
236
87
369
272
410
99
321
291
126
287
331
300
137
482
182
107
323
200
300
272
121
543
81
331
237
218
263
234
321
184
209
341
291
290
121
226
314
120
464
121
278
206
291
254
316
128
169
265
267
216
321
162
388
159
232
227
301
232
224
216
194
398
182
168
216
233
260
399
41
301
215
310
208
259
209
208
212
393
123
219
243
358
123
338
132
299
228
126
320
100
410
221
164
225
414
131
191
357
326
173
179
328
262
182
188
223
291
216
391
161
231
305
260
172
323
228
221
316
138
375
162
221
201
312
215
267
122
485
81
261
267
297
177
221
221
285
252
265
178
310
173
338
130
267
354
174
252
244
312
275
257
151
360
276
181
302
335
134
407
171
272
231
184
329
189
331
319
176
303
250
282
124
414
189
141
309
400
121
425
175
186
327
164
383
212
280
173
266
317
193
168
360
167
322
171
317
224
362
175
231
217
320
228
225
220
398
209
239
371
109
267
259
309
127
301
265
245
361
308
36
295
289
284
248
282
171
427
123
320
184
320
209
229
213
415
197
226
336
279
130
310
220
283
256
274
169
323
257
270
172
215
315
258
304
183
224
314
200
353
262
81
269
259
320
190
440
175
250
313
191
220
191
421
205
260
316
319
254
105
306
255
265
316
191
350
239
272
217
289
126
299
214
339
168
393
171
224
349
90
274
252
243
210
309
271
217
367
125
205
304
172
345
286
175
222
385
224
233
165
315
104
283
358
216
181
373
124
268
371
136
215
300
314
216
263
292
260
82
354
246
305
171
372
124
350
291
175
299
201
92
355
262
300
178
307
263
211
228
274
226
215
336
219
364
136
367
35
464
171
142
378
276
218
316
276
170
328
132
169
420
133
366
218
356
183
264
93
399
139
263
303
214
268
350
83
304
273
220
270
211
277
181
275
359
212
226
127
317
228
311
133
260
415
81
352
238
79
372
184
215
176
413
167
351
213
188
299
179
307
224
166
315
303
168
308
182
254
286
257
172
218
372
89
395
137
225
270
231
215
269
268
305
135
298
182
325
174
282
260
174
441
37
395
178
225
247
370
130
355
130
318
310
206
173
314
166
212
352
220
260
170
251
136
406
38
311
275
252
276
211
178
416
79
299
454
225
186
284
288
210
207
289
217
289
191
258
244
272
218
170
257
315
250
82
396
212
227
361
177
247
164
222
319
132
217
333
120
300
245
224
296
226
212
259
296
219
273
257
203
186
309
287
225
230
291
304
166
268
219
267
253
167
317
159
241
390
192
171
425
116
176
353
73
269
276
305
116
322
127
349
109
336
313
196
307
258
222
249
302
124
154
381
116
260
315
274
200
372
158
211
309
133
168
405
217
252
223
303
211
124
258
189
251
350
143
286
393
173
214
128
335
145
368
232
355
212
278
166
345
224
136
302
315
205
306
240
214
310
133
167
277
305
147
367
165
367
161
264
134
316
130
344
256
268
198
334
135
311
233
86
288
322
244
253
351
127
316
207
136
335
178
218
273
250
359
234
129
302
274
34
426
259
131
389
214
185
253
316
185
121
416
194
273
222
377
170
252
176
218
226
259
292
172
379
175
216
259
186
190
351
127
330
217
209
292
78
347
85
275
274
157
244
268
261
198
344
119
287
210
208
208
331
164
337
193
161
221
400
35
209
295
246
272
205
345
127
175
366
144
212
341
171
265
198
287
143
272
336
136
200
339
215
226
299
161
281
249
220
212
221
302
238
259
295
138
219
295
125
326
175
253
223
285
317
125
252
263
198
170
255
300
256
177
249
300
210
116
381
205
78
423
163
212
256
127
329
201
289
266
153
303
261
236
127
353
221
117
413
125
313
249
213
243
246
259
268
206
258
199
256
217
375
139
360
133
318
257
309
113
334
312
165
208
240
341
145
249
399
162
83
431
100
293
235
237
219
402
97
304
272
230
266
221
226
377
173
366
174
278
379
125
245
372
160
240
315
172
302
325
116
337
302
121
313
273
245
297
259
267
236
192
227
361
128
331
280
280
249
228
206
458
32
211
324
213
207
344
121
303
264
190
315
177
303
208
334
255
247
304
180
251
220
284
253
262
262
263
259
304
134
214
320
78
322
295
253
273
258
228
220
223
169
339
315
226
273
377
172
276
173
309
295
207
352
313
274
267
226
260
255
204
323
306
300
228
257
352
263
127
269
209
237
345
231
259
270
292
264
137
187
466
103
333
356
204
254
392
207
213
287
133
298
288
411
135
248
363
180
168
295
264
177
282
324
219
358
210
265
235
215
394
101
381
183
237
287
298
274
286
192
243
343
364
76
420
224
329
101
235
390
195
285
268
252
357
228
274
140
381
176
221
385
189
313
300
206
237
406
90
176
371
279
182
360
271
258
218
237
322
132
284
392
227
361
283
182
313
281
132
336
221
305
229
219
321
189
275
244
314
150
399
169
90
575
130
186
431
237
243
176
243
278
380
165
395
208
175
348
216
126
424
179
249
330
184
221
323
186
325
259
231
252
282
227
280
122
445
230
125
275
336
225
299
244
183
360
141
326
233
163
369
260
232
371
125
284
287
241
268
238
253
283
371
126
317
240
274
309
179
333
296
253
215
300
226
185
375
190
223
315
235
339
259
144
321
243
235
365
183
183
379
241
389
121
282
292
126
367
276
224
272
281
171
287
303
259
233
263
234
313
286
280
263
183
356
274
81
455
86
360
237
276
186
374
217
191
318
330
239
233
339
334
132
330
233
182
428
229
229
378
213
170
319
270
232
353
300
195
278
328
290
266
220
342
238
294
387
241
125
462
170
311
275
159
293
300
288
239
313
221
282
190
301
283
89
498
127
233
323
246
238
226
370
85
372
327
234
265
206
346
290
136
246
235
284
339
171
336
263
132
312
340
45
481
244
235
225
415
81
339
314
86
362
219
226
328
137
376
203
255
269
185
356
217
316
221
363
225
214
303
135
370
233
225
319
279
360
142
368
179
306
141
327
315
229
362
242
180
300
280
98
471
138
321
265
268
274
312
180
274
226
276
241
232
324
329
182
312
255
187
148
358
295
274
302
181
376
266
180
186
277
343
275
276
274
309
189
283
221
279
283
184
276
380
211
248
364
185
232
137
382
284
285
246
324
284
270
94
229
391
206
162
355
320
189
404
139
229
330
224
155
390
179
309
178
313
242
266
187
364
175
278
256
227
237
360
86
326
276
141
325
279
288
314
133
444
131
346
277
178
244
307
274
285
378
91
266
276
244
183
366
228
219
413
126
358
216
278
231
251
278
288
239
331
288
126
372
317
125
296
280
281
208
330
338
176
173
299
248
273
309
191
404
229
189
223
389
126
141
430
138
342
281
239
250
239
293
326
97
358
239
262
347
249
99
382
307
232
426
81
237
391
266
200
320
143
383
149
247
331
245
379
243
40
533
201
91
398
296
189
256
425
218
332
132
362
287
193
229
298
301
286
238
349
216
376
167
313
264
296
345
196
283
314
299
196
318
330
245
153
393
290
234
297
244
211
422
229
205
304
308
313
190
241
307
254
360
249
341
159
360
303
347
246
92
354
386
235
238
299
314
265
292
334
262
297
240
357
193
363
362
237
154
405
183
320
272
339
240
240
428
270
80
240
366
223
185
435
128
351
279
87
493
100
338
354
171
306
352
197
278
277
273
281
244
308
334
121
338
277
301
301
186
161
434
181
246
336
228
278
320
244
224
282
284
239
290
317
188
243
292
324
123
400
187
350
264
316
179
283
311
123
449
193
346
253
336
186
329
227
288
132
423
236
242
273
331
185
355
203
224
203
293
273
334
182
279
318
276
149
299
279
243
289
199
343
345
134
293
354
127
358
226
262
347
226
309
291
202
275
150
368
246
283
325
181
351
272
191
267
241
325
230
269
316
230
327
288
150
313
307
142
357
307
227
228
344
193
291
135
501
100
456
185
188
332
272
132
370
235
264
231
224
286
311
222
320
208
139
366
222
242
275
274
199
315
237
331
177
299
324
225
308
279
306
216
354
218
109
379
236
230
420
231
180
394
217
194
381
155
291
407
251
162
393
219
275
136
362
189
336
223
243
420
190
277
285
276
210
175
288
315
254
286
275
210
304
313
182
148
363
277
125
369
307
134
277
236
182
345
256
201
315
289
192
235
375
187
241
242
332
254
215
503
131
174
443
42
139
439
281
137
394
333
149
294
335
224
239
220
241
326
237
308
223
199
403
87
333
180
384
200
377
239
279
340
97
428
154
288
254
482
165
176
347
361
85
446
190
186
345
394
96
435
182
333
140
294
322
148
341
264
379
194
267
199
297
402
227
180
438
196
326
251
338
177
258
345
193
289
405
211
367
101
517
97
242
384
181
292
352
177
446
182
152
325
256
342
283
241
287
274
292
274
187
361
231
259
238
370
130
389
266
267
173
322
262
380
126
405
224
351
215
131
422
253
289
269
337
139
280
323
91
384
230
231
240
344
251
212
414
133
395
180
286
275
190
319
245
235
378
184
181
337
228
286
330
227
241
277
301
234
189
410
143
339
231
369
183
341
170
273
272
232
269
402
139
409
213
280
177
261
320
256
364
201
333
277
251
344
220
291
348
243
234
422
271
35
466
182
220
315
187
273
394
178
296
344
231
228
315
84
332
327
192
417
137
383
281
169
376
174
177
343
312
140
407
263
77
308
235
304
282
217
251
291
260
378
39
397
148
359
256
231
320
297
266
298
132
448
225
218
267
236
288
295
250
318
196
251
327
202
384
243
345
195
359
144
339
153
458
155
252
376
289
155
305
355
182
223
269
311
195
405
205
276
288
325
41
365
244
422
79
434
230
356
97
315
173
245
176
397
180
346
285
187
380
99
317
209
249
234
386
296
319
184
370
148
310
234
283
233
334
233
357
114
366
196
272
195
287
345
182
322
292
326
241
271
338
184
285
334
174
383
139
462
150
268
228
279
222
286
407
89
350
251
129
419
188
134
389
278
326
276
222
323
269
131
145
381
277
173
348
309
226
196
321
293
165
202
353
233
233
370
158
201
455
187
152
482
269
195
435
201
330
225
219
249
242
325
136
437
316
213
218
320
227
185
264
264
189
471
81
405
184
373
129
144
425
287
139
411
280
162
267
232
221
421
134
279
319
231
316
289
167
247
253
258
190
296
385
236
222
233
373
34
348
371
124
280
359
138
359
221
272
214
210
352
177
305
168
385
211
319
143
443
152
223
142
500
92
238
389
178
142
471
140
359
166
389
185
336
224
221
206
268
386
168
377
231
276
235
234
277
177
351
226
276
271
213
327
177
350
150
214
479
126
310
313
82
337
269
252
256
226
321
131
306
296
323
177
272
227
233
145
342
197
330
141
331
289
173
251
289
138
388
98
397
143
389
87
331
284
241
381
125
383
232
168
306
319
41
427
204
199
456
98
240
352
144
422
138
270
335
133
304
287
143
297
301
224
176
395
265
238
320
182
376
142
220
256
359
83
400
217
274
255
322
217
143
340
234
389
132
241
334
228
283
83
373
144
314
219
219
293
214
431
135
234
230
279
262
140
328
356
85
439
176
174
252
324
191
284
260
298
192
360
200
269
86
447
198
139
538
102
308
344
140
215
329
132
312
261
227
173
423
97
367
129
275
190
260
320
254
167
361
158
299
241
147
164
429
157
331
199
226
346
195
220
189
352
143
422
204
459
190
275
233
306
136
320
177
281
331
258
147
364
84
362
244
168
411
193
207
373
229
87
516
37
364
297
178
243
421
145
507
43
322
287
194
263
247
254
366
88
375
282
216
97
378
262
228
364
205
416
99
305
236
244
138
424
205
301
267
331
184
349
223
244
352
202
323
375
81
391
189
249
419
79
314
158
315
222
394
204
211
201
311
136
286
297
293
39
491
205
224
220
236
197
413
97
335
227
380
121
268
173
249
239
302
325
177
265
292
171
221
295
239
223
132
481
43
416
184
164
345
214
207
242
131
469
33
396
180
320
188
265
294
266
176
299
276
315
54
423
227
97
415
183
355
182
319
231
383
86
456
36
420
246
258
139
447
153
433
142
317
230
340
217
236
381
223
192
349
186
238
359
265
328
216
385
213
344
263
226
171
298
284
356
161
380
164
337
129
311
340
227
276
248
227
403
143
332
238
213
297
225
324
89
492
181
335
286
171
277
322
193
460
50
363
184
248
320
288
188
250
361
319
285
247
188
368
186
299
402
174
388
197
209
343
215
279
238
193
346
278
286
178
435
50
470
145
377
245
262
265
350
174
288
298
229
242
249
320
297
312
190
386
150
402
197
134
312
440
93
444
249
315
204
236
261
277
203
388
146
463
210
296
216
340
147
389
299
138
425
228
204
381
324
128
419
134
289
275
363
203
424
143
284
233
241
341
257
276
440
182
241
342
236
116
418
242
196
443
180
334
230
273
276
144
315
387
80
434
256
292
315
375
50
379
318
137
277
356
246
320
131
366
184
275
341
170
327
382
77
395
284
235
177
345
226
233
321
149
369
202
394
145
336
222
249
320
257
244
431
52
481
41
382
283
47
476
243
178
470
174
252
330
130
411
151
478
191
320
297
316
154
237
334
245
218
385
273
473
37
492
261
221
156
318
291
264
361
233
458
91
291
230
285
277
436
99
390
261
316
252
237
253
211
242
250
402
231
249
400
141
346
238
204
292
294
217
374
229
297
256
334
235
189
372
139
500
86
392
207
342
277
263
92
478
253
311
233
421
159
412
97
307
280
247
364
242
349
296
96
360
248
252
406
129
443
149
336
236
293
225
287
162
329
332
233
125
476
50
407
182
355
222
244
183
343
254
373
127
289
187
284
201
327
340
88
417
335
142
270
264
85
593
86
385
100
441
178
262
221
322
287
273
268
283
307
272
137
362
240
269
284
242
339
226
202
374
286
155
311
188
281
231
369
129
320
363
215
182
349
273
236
212
353
174
251
332
171
342
232
214
234
368
189
221
390
232
134
304
139
429
178
367
232
218
291
275
216
319
178
277
274
221
343
275
90
358
288
258
168
299
387
132
329
247
229
263
185
211
410
98
521
139
227
244
325
146
323
279
244
301
246
321
221
135
377
127
259
374
161
336
262
167
387
214
125
309
168
318
183
353
190
276
269
226
174
324
267
219
175
414
83
410
187
223
247
272
221
284
329
262
282
259
145
279
262
182
425
95
430
131
330
212
408
89
426
146
251
334
350
239
239
249
337
171
346
181
280
330
251
265
212
423
136
277
233
258
264
284
322
383
41
471
144
316
150
368
194
276
282
226
199
343
190
344
219
198
415
234
277
289
331
135
319
251
240
128
455
224
330
110
422
135
393
129
225
293
263
312
319
96
526
128
218
311
234
267
135
402
131
280
301
160
411
189
49
438
289
289
237
312
183
442
98
289
206
234
381
132
218
415
54
405
189
171
254
319
221
400
121
345
183
264
224
149
362
227
278
215
316
227
222
315
132
173
397
210
210
215
323
148
358
171
287
295
175
299
264
219
384
39
407
222
34
475
126
358
234
300
218
307
128
346
169
213
308
213
174
412
91
350
188
308
282
126
311
246
377
190
222
214
348
250
193
203
421
36
387
262
133
315
242
194
344
299
192
343
277
81
454
179
135
403
125
223
290
222
361
126
265
384
124
317
296
236
196
303
198
327
164
316
203
356
93
502
411
226
297
133
371
181
252
289
204
348
315
135
252
274
265
260
175
325
134
339
304
288
90
321
317
191
306
233
151
355
241
311
131
213
363
177
270
331
141
355
268
167
313
175
308
85
409
83
316
360
257
76
361
194
282
210
427
34
310
304
205
126
490
186
188
306
338
234
278
163
264
308
238
332
123
470
97
215
398
203
137
430
184
192
294
362
33
526
129
370
92
357
247
223
268
289
248
194
348
131
341
170
312
147
360
185
269
186
269
241
270
222
329
132
321
231
313
231
219
98
479
177
189
409
186
229
414
34
389
180
359
241
123
403
239
265
282
355
99
363
168
277
233
399
82
436
176
232
139
447
93
348
224
443
172
231
344
287
138
315
243
114
515
149
241
423
169
161
410
129
258
318
289
140
376
253
269
171
397
170
273
204
379
232
383
156
462
156
324
202
348
253
341
236
243
367
242
290
179
239
259
396
141
402
267
226
277
456
86
293
243
337
281
329
181
331
212
365
217
139
394
231
223
355
233
286
285
139
238
339
312
190
382
183
329
236
358
96
271
273
206
326
273
179
387
144
314
232
225
190
393
244
273
359
313
126
297
179
339
334
120
511
100
270
422
180
230
349
181
235
379
304
183
490
93
308
197
313
206
266
236
288
352
251
168
259
356
90
341
227
390
134
341
335
270
136
352
186
290
195
421
36
584
137
268
273
285
254
194
338
131
431
194
202
237
196
443
141
141
502
35
267
443
87
265
347
132
419
258
180
222
415
192
311
231
320
223
187
277
280
240
297
143
330
270
239
129
422
232
135
315
286
300
103
442
94
345
300
228
184
367
191
323
215
227
265
274
247
277
390
175
214
310
174
276
329
133
387
234
282
277
368
86
185
383
195
219
281
187
307
189
327
181
229
270
225
303
236
266
223
278
224
270
182
277
172
368
34
498
82
368
140
318
242
228
224
423
33
312
251
282
138
432
139
253
263
367
244
220
226
294
235
276
285
155
393
215
324
130
372
200
257
238
157
308
381
85
302
237
330
41
379
289
208
143
558
141
128
315
342
84
359
207
228
251
308
264
182
323
132
329
187
217
240
363
125
428
185
260
192
360
44
378
136
314
249
276
280
297
137
343
274
91
345
361
92
316
386
191
289
188
297
250
388
86
452
126
383
142
323
189
300
148
436
213
279
240
372
48
388
191
176
411
239
274
343
318
242
134
386
241
45
399
220
179
221
401
126
348
193
172
391
312
169
443
223
237
234
325
146
313
289
220
269
319
300
243
304
161
307
174
442
93
449
167
313
204
319
111
315
194
341
237
332
226
327
198
279
290
53
527
145
251
324
332
232
247
200
354
100
487
112
473
154
264
339
322
36
308
188
333
322
245
278
309
181
257
236
323
140
293
316
249
464
95
289
311
150
346
288
209
314
332
239
320
442
47
384
150
362
215
288
339
272
236
217
247
276
270
223
244
398
250
138
402
145
231
319
238
140
375
140
334
246
383
132
284
245
244
232
331
238
338
194
373
140
280
292
252
216
256
407
237
353
46
416
291
100
175
566
47
372
269
314
95
391
234
262
223
339
204
417
136
382
180
244
303
302
221
398
193
332
283
245
223
402
141
146
429
213
225
402
321
550
141
279
256
403
91
432
246
166
266
288
262
273
218
376
128
376
241
177
395
223
340
92
474
42
334
401
185
303
331
284
214
223
402
140
246
335
204
142
380
261
184
419
229
162
296
371
88
416
128
272
244
288
329
267
197
329
187
311
248
266
177
383
130
318
186
225
237
377
135
391
140
426
199
240
322
364
127
390
153
200
506
36
423
275
226
158
383
200
190
404
232
272
407
81
323
152
472
41
287
325
340
229
340
219
245
332
200
247
192
387
157
276
291
299
243
283
256
151
277
405
77
499
199
195
372
304
35
531
95
294
365
286
180
337
153
362
187
217
328
219
257
326
193
281
309
142
328
271
225
261
447
81
353
237
222
228
288
197
387
217
245
319
330
232
253
240
136
407
180
330
253
312
246
222
145
280
177
278
354
184
359
180
225
306
87
336
170
218
359
124
339
244
208
174
322
123
283
257
173
302
299
324
251
92
237
377
293
37
522
84
407
213
225
189
335
85
486
167
287
271
373
182
275
144
323
348
227
175
286
383
279
317
104
305
289
304
523
85
318
254
335
132
277
179
280
235
275
257
324
183
215
183
247
236
300
263
272
359
244
205
338
236
199
388
148
287
186
409
254
232
201
377
53
484
96
379
283
248
182
342
178
253
241
271
237
345
174
425
130
202
376
228
134
275
348
81
410
245
310
95
409
101
294
268
323
271
284
212
246
210
293
197
220
266
290
256
293
212
328
160
292
282
83
379
112
390
266
229
130
507
183
202
268
300
178
447
192
367
94
326
286
186
156
464
150
294
230
291
307
84
337
306
152
332
225
178
360
129
443
117
346
296
308
118
332
268
258
148
367
174
151
327
290
182
274
339
272
226
249
277
179
307
217
226
378
214
222
252
240
236
209
376
143
291
191
279
127
416
175
128
362
311
125
295
304
225
282
246
193
181
381
306
125
212
482
96
270
268
291
133
402
170
302
272
277
156
315
141
372
127
323
343
224
267
341
217
189
230
268
249
396
143
240
361
142
286
273
147
335
336
177
357
309
232
251
319
102
308
226
397
231
320
278
225
181
367
153
178
372
214
179
325
263
189
228
275
191
341
345
165
491
120
258
146
479
48
343
211
341
231
354
194
256
360
87
333
109
341
340
138
376
276
176
263
231
212
264
324
194
322
265
287
233
227
187
322
176
338
297
274
377
236
179
286
341
173
300
281
87
507
149
335
382
46
314
293
171
281
364
289
181
324
220
139
364
219
190
312
315
173
383
217
166
164
468
158
191
361
274
210
295
325
89
332
331
235
179
451
130
325
237
352
45
274
240
392
80
348
297
216
296
174
173
271
335
126
283
302
178
492
171
139
326
301
284
91
404
181
321
223
220
183
363
127
333
266
266
330
235
181
305
146
287
254
312
273
333
267
231
267
202
225
230
295
166
421
140
324
338
249
121
469
147
224
316
324
234
288
213
294
220
275
108
387
183
353
275
274
304
157
401
144
273
178
363
184
300
231
312
138
440
49
289
264
282
182
412
229
189
218
387
190
186
220
438
172
288
359
126
383
291
206
185
443
90
336
320
182
227
489
403
284
228
174
419
227
284
56
478
202
241
222
290
213
331
247
303
256
286
176
275
295
291
135
302
261
284
289
179
286
343
270
88
440
186
248
137
475
91
198
363
205
271
332
265
297
192
312
192
183
386
129
302
356
185
299
320
153
357
184
286
320
181
260
266
127
359
271
96
420
296
136
268
384
190
222
373
96
167
549
130
221
273
356
230
233
234
260
136
427
168
245
354
248
304
218
138
418
81
325
271
363
121
314
348
80
354
172
265
278
154
316
246
262
230
232
223
239
356
183
332
147
414
46
386
212
238
261
367
223
187
365
224
220
176
348
188
231
314
236
204
278
325
318
131
367
128
277
396
234
224
356
82
349
143
270
176
389
172
334
274
315
168
186
372
134
306
355
88
373
240
281
251
279
194
259
398
166
494
38
351
291
240
216
287
248
317
273
288
253
414
85
259
313
179
294
287
189
278
336
237
222
228
317
270
184
314
226
268
304
132
363
91
360
274
226
320
263
349
216
235
173
257
277
226
330
132
307
374
179
320
176
359
136
364
134
357
252
296
228
318
183
233
206
391
35
384
258
294
278
81
338
177
318
121
279
322
218
337
301
82
385
220
188
336
213
373
260
101
442
86
328
169
332
177
260
372
182
294
131
327
130
333
222
318
281
210
344
254
89
446
183
125
374
210
322
266
237
357
171
269
220
278
170
398
272
281
217
369
127
267
239
216
280
219
316
277
212
350
127
207
332
180
363
189
265
242
383
85
401
190
184
315
325
222
259
284
317
215
147
233
200
323
308
128
366
276
130
349
177
204
218
259
217
258
225
303
146
463
78
225
207
296
273
173
300
258
115
352
175
266
207
352
117
358
199
211
305
116
333
222
206
205
271
127
286
257
204
157
251
218
294
114
402
174
338
206
267
126
232
213
314
226
182
392
219
128
348
209
168
255
282
166
213
215
303
203
212
298
76
396
202
167
332
174
159
409
