994
194
600
409
495
503
112
602
770
481
427
510
258
318
339
283
551
840
607
201
252
291
238
583
586
257
121
497
345
516
328
429
331
692
625
527
281
315
270
152
247
442
524
487
396
214
169
324
438
374
228
364
349
551
171
330
333
393
356
449
565
299
499
502
285
542
435
391
440
206
306
403
299
405
280
116
384
621
352
445
414
215
324
292
183
360
538
690
413
202
253
352
333
435
401
431
285
352
161
359
235
248
549
619
410
109
228
560
359
336
217
519
710
372
207
848
244
145
394
494
383
223
583
336
325
332
188
131
157
470
614
594
334
363
404
127
288
236
502
432
252
230
101
443
496
626
391
167
298
431
279
170
350
449
179
248
411
588
566
385
224
476
390
170
435
418
450
166
237
809
239
193
365
312
158
533
460
472
336
350
111
412
220
349
518
391
516
228
296
386
120
408
367
319
391
387
459
161
291
428
349
232
536
283
509
513
170
555
266
412
328
556
775
377
269
548
262
261
429
888
299
215
298
392
320
453
498
493
108
222
105
438
463
226
405
506
222
222
499
776
197
244
176
381
441
679
323
273
236
232
248
523
779
376
51
124
185
294
675
439
461
295
306
221
238
595
364
353
293
318
551
182
469
302
258
470
449
332
380
258
370
368
376
283
180
591
396
190
355
320
147
238
727
149
526
399
337
434
378
209
447
402
455
176
201
292
348
477
594
248
182
366
362
827
259
177
107
432
255
746
573
213
342
337
271
291
338
319
225
101
362
430
532
726
668
272
102
309
222
247
378
451
124
271
294
546
392
466
256
401
427
498
212
259
207
592
245
400
321
588
100
329
213
651
182
216
469
504
47
403
371
218
735
419
218
281
344
311
370
609
117
231
384
114
149
545
696
524
425
422
265
308
183
270
345
346
168
314
279
522
420
285
716
373
388
248
441
391
434
211
129
541
412
579
464
294
521
398
314
307
577
264
459
116
185
344
520
548
497
156
426
571
276
126
190
461
524
305
178
301
615
470
435
276
121
114
357
268
598
431
456
273
273
253
267
449
223
107
365
548
269
178
285
429
381
317
352
462
296
222
313
280
286
401
222
453
382
448
491
220
318
44
446
215
527
275
626
258
573
356
123
231
116
295
413
404
423
265
330
839
313
226
168
282
362
492
224
534
232
434
327
223
192
251
310
340
234
613
179
375
277
364
583
431
362
214
282
445
457
565
464
277
279
316
218
428
308
341
378
660
319
373
404
499
288
221
230
485
467
219
321
321
394
334
226
344
523
336
217
443
622
340
339
379
510
119
45
336
577
330
463
156
303
344
260
284
632
455
366
215
284
316
176
542
643
297
118
392
484
473
459
345
365
555
266
392
232
284
246
294
162
565
287
485
694
332
476
465
401
291
118
352
293
349
277
400
523
518
569
356
111
270
297
284
309
277
367
399
270
609
288
185
232
467
277
526
394
412
253
161
318
591
492
352
346
778
584
494
129
113
406
270
435
106
534
640
450
428
242
372
433
219
61
409
300
335
511
327
404
360
379
433
386
405
214
270
407
453
340
182
277
343
415
282
348
375
684
348
544
441
265
214
224
277
177
358
331
569
465
795
53
267
173
278
476
160
120
444
681
532
299
58
392
454
352
247
425
513
261
520
742
325
118
182
217
361
306
437
399
508
463
386
189
110
290
324
315
288
262
778
267
521
225
279
54
122
393
311
324
448
459
328
483
244
415
517
345
377
433
109
407
441
251
218
345
339
326
495
519
566
171
314
336
228
413
569
480
416
417
226
553
279
181
180
528
680
220
219
197
541
518
439
228
339
411
336
256
539
468
351
286
464
756
340
273
562
412
109
238
283
287
573
482
390
379
336
462
507
464
396
237
622
334
394
283
489
470
296
348
324
388
633
514
283
445
361
287
344
408
350
276
242
309
615
347
307
486
352
169
267
570
503
227
227
305
419
318
297
381
471
361
332
326
431
222
262
389
22
400
739
368
302
455
270
178
489
518
264
279
360
270
351
289
533
239
565
510
498
327
327
438
243
350
311
462
542
340
229
249
366
390
668
404
290
318
338
226
343
335
441
452
566
244
338
516
240
242
334
304
188
580
471
624
476
279
124
450
346
632
184
268
430
469
294
356
338
547
509
291
208
182
751
411
378
356
410
363
223
63
540
465
271
508
221
488
303
522
330
229
411
607
524
116
237
409
294
168
388
743
550
273
331
486
184
231
349
553
395
229
340
362
340
505
398
346
428
355
233
245
384
285
185
383
528
456
558
551
388
273
342
576
434
172
388
602
192
239
548
608
165
343
289
494
242
463
317
237
346
276
387
307
806
488
227
200
377
414
421
275
304
351
276
354
514
456
165
366
417
322
617
474
325
410
286
103
574
863
346
132
187
394
279
488
461
394
228
412
362
339
481
301
255
284
309
200
590
507
403
669
429
217
175
362
574
366
270
273
528
367
520
342
391
408
299
411
190
160
341
466
445
235
477
414
371
313
447
389
149
457
546
100
346
451
805
345
55
337
174
565
497
365
270
242
475
457
238
83
409
516
454
292
446
347
333
341
313
274
554
423
337
331
176
355
516
543
112
60
362
437
752
228
284
443
595
284
288
229
306
276
564
299
198
554
472
277
355
510
530
341
466
280
456
229
346
358
418
291
370
484
646
273
153
387
584
357
159
271
405
635
366
240
232
231
360
314
301
480
622
343
234
559
229
357
249
413
546
365
403
411
332
236
458
318
319
371
412
285
482
560
254
345
367
634
333
353
414
185
297
189
469
405
167
532
372
520
281
108
219
373
765
577
475
417
45
102
423
578
136
358
521
727
216
187
208
285
473
532
412
343
373
461
243
237
401
352
356
404
357
379
520
594
238
460
573
366
244
240
365
628
364
590
282
449
114
247
517
304
326
463
299
610
412
217
347
419
268
334
479
299
443
186
535
537
169
214
340
747
411
179
236
353
167
484
346
561
309
409
279
562
469
282
355
268
45
550
664
339
394
106
466
414
262
126
460
657
518
107
172
633
384
186
337
343
419
169
796
392
232
161
191
348
443
754
429
396
298
370
422
337
436
238
306
312
569
348
218
542
251
356
530
396
294
236
44
636
322
245
694
357
226
254
694
328
251
343
419
251
337
544
344
358
275
657
463
218
198
456
345
191
352
462
697
382
129
290
530
329
460
440
111
161
253
316
566
293
449
536
431
319
340
191
335
312
370
435
525
481
157
410
557
413
415
274
334
186
335
396
393
402
270
317
393
500
517
203
242
317
429
318
534
264
291
359
292
419
341
478
221
198
587
326
589
380
251
497
181
345
370
602
394
425
436
66
244
308
380
343
372
568
469
162
291
511
343
225
303
217
542
797
223
475
240
363
360
109
355
336
300
736
633
212
227
280
283
544
174
278
396
482
342
333
399
362
395
172
417
385
558
299
340
340
376
345
412
259
371
304
330
564
566
160
388
264
322
53
465
562
745
250
457
336
341
119
257
220
642
642
276
223
231
486
340
225
171
294
703
545
435
277
306
220
234
418
298
193
833
458
510
176
171
334
354
368
516
356
488
224
106
244
795
601
241
106
241
520
308
683
242
320
182
350
456
612
56
343
272
471
289
107
423
370
837
344
219
336
377
394
295
401
347
379
431
184
466
289
242
401
319
780
193
152
390
466
665
359
381
352
341
416
589
378
434
522
219
398
415
293
324
178
398
410
510
423
422
494
208
46
266
529
410
362
285
638
537
202
143
462
337
376
336
190
270
664
481
124
142
280
604
457
423
226
205
568
298
381
380
364
348
340
385
449
328
575
392
188
285
319
390
594
395
177
392
279
378
231
442
383
442
376
161
460
217
347
215
260
500
574
460
243
391
94
401
177
676
458
511
224
220
223
327
570
530
108
216
189
448
663
380
391
479
132
128
374
484
335
566
369
287
113
435
346
348
223
332
453
444
506
262
295
328
479
502
453
221
166
203
461
655
257
388
281
160
592
379
267
160
46
543
383
639
442
239
418
45
383
414
334
337
660
525
169
520
320
343
173
174
302
763
459
262
497
273
544
396
273
299
237
160
212
516
539
560
377
282
284
328
331
311
294
412
368
396
261
325
436
239
399
327
460
177
417
439
260
206
167
311
336
266
301
873
396
114
216
703
305
162
163
335
702
699
319
198
569
512
405
170
378
723
252
165
476
539
121
239
437
464
408
225
427
361
437
330
290
211
213
268
936
387
156
278
245
343
350
426
382
378
605
438
415
46
151
231
380
597
507
386
593
164
271
282
149
174
602
373
339
283
469
363
511
452
538
355
195
308
297
416
238
287
294
659
231
235
625
420
338
465
542
328
261
217
228
338
521
237
500
508
385
457
234
182
470
300
356
458
632
470
418
389
115
55
432
349
393
461
309
522
437
338
323
294
324
355
435
275
328
204
574
344
494
364
273
390
313
169
211
512
230
325
653
274
817
410
247
136
214
216
264
597
505
621
440
344
50
402
276
114
458
322
385
452
494
400
507
439
264
315
512
363
113
233
333
337
393
506
506
417
537
248
201
169
427
176
67
477
463
769
594
266
61
281
509
233
225
285
290
208
588
465
333
641
232
175
278
362
435
402
700
402
411
302
346
140
230
169
194
866
434
464
392
321
279
340
246
338
231
314
266
227
746
378
365
301
601
435
181
366
216
323
224
434
591
302
182
600
451
332
295
484
328
155
555
355
171
197
468
564
436
456
510
289
245
301
328
583
246
206
351
389
229
381
734
451
390
254
408
227
234
299
565
500
162
408
460
223
508
345
479
317
402
293
43
385
277
355
182
366
626
681
331
298
532
383
168
183
292
267
509
311
573
377
563
498
230
233
355
352
318
283
557
327
334
122
446
657
211
213
387
219
395
447
385
370
255
322
337
283
424
508
277
138
292
608
210
120
441
621
313
216
352
495
259
222
300
376
636
101
95
515
155
357
183
416
566
362
323
163
311
333
111
284
262
607
585
362
565
182
365
112
350
634
431
111
168
215
367
781
667
321
258
454
217
113
245
535
508
252
338
287
470
241
460
209
416
215
288
301
604
288
455
260
244
706
379
60
182
522
520
417
244
340
315
439
121
420
404
197
368
454
358
518
349
344
68
292
293
354
346
379
488
289
94
227
657
493
421
226
235
156
280
408
530
481
440
337
345
339
186
393
455
535
466
494
212
501
324
502
252
308
337
379
393
533
277
442
366
170
349
378
691
401
216
446
250
345
510
231
478
156
303
469
339
429
348
167
638
534
181
522
331
535
156
229
233
473
309
389
531
273
483
299
326
338
297
358
166
282
793
446
242
353
166
419
282
459
405
439
559
370
400
128
349
176
496
411
535
206
211
562
689
233
48
306
599
498
221
226
286
529
484
442
512
349
414
171
447
319
227
179
370
386
655
619
451
290
105
314
658
334
229
226
406
505
525
386
426
171
444
393
222
101
449
353
398
578
325
271
767
346
448
447
354
129
624
541
446
383
280
502
347
336
390
279
385
340
621
654
276
324
171
453
247
350
180
527
225
420
391
466
423
397
120
435
397
399
169
554
225
486
376
302
270
323
918
279
257
221
382
313
341
350
220
517
295
361
491
342
701
172
319
449
416
231
191
309
504
488
400
331
229
277
416
344
555
319
306
294
326
286
329
502
484
358
225
152
485
349
314
345
462
498
574
169
174
605
318
475
232
367
862
436
121
113
230
578
458
47
347
415
277
339
497
592
291
214
340
350
243
348
762
448
551
320
213
180
554
340
453
580
263
337
169
357
530
298
229
289
435
310
45
558
500
256
345
817
493
213
236
541
506
101
176
306
249
313
383
552
587
471
186
474
292
304
485
267
223
392
507
723
171
457
163
269
309
247
177
314
816
315
407
628
569
260
325
449
281
633
391
101
307
104
513
275
414
495
391
354
617
331
264
230
358
599
398
210
363
395
446
547
336
113
424
235
170
261
261
526
295
751
153
288
174
337
439
228
121
281
659
802
154
55
396
106
260
226
571
225
107
457
351
338
249
230
609
581
58
232
377
474
296
338
435
366
287
263
291
320
162
343
378
391
343
235
773
580
229
478
385
269
114
108
289
564
247
116
503
547
333
191
305
457
259
465
541
343
109
167
448
711
361
170
163
571
341
289
273
450
722
560
298
242
186
255
571
199
327
462
279
391
549
182
359
391
571
384
457
23
317
243
610
305
369
439
397
454
403
250
160
176
649
514
111
320
629
336
349
334
474
391
218
411
151
275
413
220
341
412
288
323
323
390
388
697
512
167
288
450
293
323
243
214
382
451
360
183
359
726
192
282
201
164
403
786
567
343
435
256
226
370
295
47
455
379
350
383
426
371
165
367
404
436
279
451
397
166
481
463
387
339
122
352
365
158
378
478
378
439
290
547
314
423
232
172
600
706
337
227
383
610
231
162
277
426
536
234
192
477
400
497
582
333
168
411
268
407
394
453
356
277
110
160
421
539
233
352
321
364
101
213
755
319
421
449
616
553
531
279
280
123
417
249
156
415
442
615
416
151
434
437
570
367
251
226
238
434
426
629
281
548
231
169
106
638
412
338
352
362
399
311
411
616
570
263
175
161
236
619
298
384
272
499
382
262
233
410
300
259
484
272
280
499
388
400
497
390
156
271
399
683
285
156
245
531
100
217
463
294
356
271
620
471
215
307
514
348
274
167
476
672
381
247
317
168
259
174
355
375
313
367
585
506
423
257
105
460
526
390
680
161
171
158
286
581
242
250
222
638
503
478
281
362
530
189
126
242
252
446
683
510
406
283
345
422
333
320
536
185
291
434
224
365
252
193
319
542
596
644
287
360
593
178
123
589
503
448
235
131
346
313
401
551
174
246
414
362
593
201
366
323
264
466
425
372
372
335
204
398
460
179
286
309
302
282
378
535
362
347
178
507
500
362
329
397
438
394
412
266
388
270
270
45
324
486
358
570
330
318
252
301
610
576
439
410
154
331
374
213
333
394
224
513
277
519
219
281
260
371
322
219
513
395
314
668
421
425
379
232
391
269
497
157
217
231
487
425
374
487
374
334
355
334
267
676
534
99
160
284
301
498
335
375
454
208
412
448
390
295
222
283
132
594
526
406
338
324
622
341
597
378
187
236
201
315
477
231
497
443
556
44
329
623
319
485
528
481
483
112
295
190
546
234
416
599
429
314
181
368
344
386
538
480
419
340
120
563
404
255
521
318
423
341
268
170
421
176
675
562
404
523
270
240
458
188
436
185
402
361
388
533
407
383
634
278
478
377
267
450
625
457
164
425
390
516
225
175
811
216
451
285
276
106
293
538
643
501
164
332
401
463
472
314
244
337
341
269
190
230
291
427
600
391
356
346
351
462
353
176
257
642
410
174
369
485
428
290
257
256
536
427
473
286
175
178
633
619
404
274
234
269
396
357
294
523
519
469
528
225
67
533
353
328
272
399
517
315
308
638
516
212
242
392
153
185
496
382
370
445
486
331
679
455
224
369
237
349
300
397
287
653
298
420
236
494
254
471
312
587
469
599
223
203
56
184
432
540
345
265
638
435
340
335
498
382
158
183
55
496
185
666
665
392
443
376
170
324
672
288
281
101
464
363
258
493
536
514
359
278
177
366
357
275
484
386
322
342
116
371
200
439
545
602
534
428
231
296
216
522
493
163
271
551
456
439
346
244
223
312
550
650
278
107
215
657
438
597
366
47
231
401
312
267
469
522
544
397
275
107
422
338
462
288
236
239
457
317
404
229
625
697
263
422
283
88
393
232
371
520
345
492
490
466
442
150
273
280
176
192
335
390
507
319
447
332
306
573
285
176
174
429
562
168
528
223
286
297
355
250
568
781
883
50
166
383
116
22
359
289
424
548
682
120
181
542
465
468
46
166
369
498
400
277
467
505
210
181
644
507
328
303
679
446
349
101
303
404
390
410
241
511
221
229
717
377
173
314
300
861
223
377
454
336
304
216
359
221
409
338
221
409
275
465
231
430
167
606
232
101
399
548
330
478
605
368
116
285
267
476
439
231
341
343
1050
623
335
103
341
573
324
410
175
456
315
407
153
263
293
527
227
425
274
564
560
349
412
216
445
387
534
369
222
413
273
346
327
279
426
365
230
226
260
461
620
155
206
336
400
612
459
163
533
450
193
232
190
569
656
467
277
379
160
356
155
323
280
539
1004
379
277
341
124
263
116
116
471
641
583
535
215
117
657
120
171
286
539
269
556
360
273
182
436
461
458
404
229
237
284
323
686
436
381
433
213
575
394
276
116
393
255
457
441
584
559
398
277
326
318
383
337
399
288
111
332
477
649
540
199
302
282
467
273
397
396
174
467
853
413
318
362
344
181
433
295
265
192
394
406
414
666
280
213
581
354
357
399
625
140
47
172
343
494
240
451
332
349
386
368
451
428
284
347
163
367
245
530
716
429
166
164
265
398
298
509
697
509
434
353
280
354
184
323
332
232
111
480
596
679
466
609
333
157
245
650
641
404
372
324
185
337
432
313
113
99
216
529
531
748
117
351
116
290
248
541
331
441
463
493
341
462
309
222
311
522
363
426
315
415
336
206
274
636
492
157
221
295
487
421
460
270
374
307
116
285
325
401
522
469
476
506
44
164
225
543
470
174
497
298
449
291
490
289
116
451
479
385
335
383
183
320
471
397
394
402
210
446
404
352
221
407
467
454
279
452
538
602
274
151
133
400
365
614
260
336
292
334
599
361
265
382
604
286
308
361
363
292
124
295
451
630
439
268
560
164
386
181
331
204
596
468
417
598
621
310
247
127
326
394
470
182
234
335
512
543
289
316
215
453
519
327
541
304
349
411
241
294
403
431
376
352
339
533
245
332
403
325
261
170
544
510
478
289
365
503
454
431
193
350
460
359
176
374
348
413
457
304
569
515
225
345
282
530
299
206
454
458
366
336
489
328
241
224
116
523
530
421
464
495
381
280
280
288
193
659
640
290
435
163
405
225
275
111
648
573
257
239
428
449
535
160
270
568
374
276
214
203
503
286
317
217
385
723
205
420
321
454
258
176
161
686
567
213
168
433
583
393
230
278
626
767
250
192
144
295
650
284
442
535
339
381
198
271
406
477
396
339
268
480
354
508
304
474
284
219
235
550
324
395
235
450
333
458
597
534
468
295
354
331
345
215
307
427
252
395
438
556
464
586
478
472
160
315
397
299
218
323
187
45
552
766
421
548
337
384
385
305
235
291
370
348
486
696
296
225
307
355
663
484
414
201
282
287
628
490
523
55
172
357
553
210
397
273
683
422
692
111
333
248
165
363
438
481
303
245
337
825
448
102
202
117
186
643
390
397
411
378
328
340
477
184
290
279
373
559
492
223
110
399
502
765
165
166
514
306
292
460
469
284
391
330
161
276
441
631
374
453
148
284
363
275
465
582
467
478
138
261
339
281
609
562
410
380
334
156
386
497
307
483
470
360
339
333
356
727
64
501
176
355
230
204
406
940
362
396
460
229
299
273
447
210
408
470
46
402
335
685
204
369
361
108
628
206
380
283
233
513
456
331
286
406
436
156
468
464
615
123
118
234
383
481
480
268
273
335
659
163
280
374
417
342
339
447
283
533
412
321
227
360
625
180
406
333
341
519
439
164
412
306
457
183
464
464
469
448
407
217
183
437
399
272
325
467
238
448
347
249
639
697
277
255
111
323
306
293
386
479
447
483
484
343
163
352
237
524
343
563
228
421
333
390
675
359
250
227
278
501
117
589
347
496
449
105
465
283
417
361
305
469
281
516
375
506
350
465
264
228
64
232
455
708
614
260
525
224
320
217
342
436
482
250
201
324
648
533
326
576
182
182
528
273
240
248
413
618
415
537
230
449
58
174
509
536
569
311
176
225
339
568
736
181
235
366
372
249
654
354
355
537
419
239
271
464
486
361
175
171
301
578
336
239
227
537
293
503
579
290
312
491
419
203
281
336
454
498
518
234
247
371
479
183
285
478
536
710
216
335
392
289
245
328
542
220
299
473
316
363
168
408
358
219
422
512
452
412
441
280
188
539
315
514
421
114
279
488
540
170
312
484
611
593
118
301
105
321
598
161
772
235
311
362
467
616
199
398
137
385
608
461
671
233
122
349
414
316
254
514
514
455
461
212
109
572
406
348
284
478
257
223
479
231
483
443
395
432
177
409
170
242
540
350
555
342
167
164
397
560
478
321
388
461
441
254
221
455
307
335
355
111
340
392
412
502
409
456
343
298
355
208
499
558
388
333
361
244
226
521
328
269
400
214
714
645
395
152
298
446
412
577
299
342
161
286
472
241
389
426
367
442
514
252
402
436
548
621
123
179
372
471
181
536
374
482
612
262
419
426
264
307
321
370
613
294
696
191
451
249
175
314
193
335
949
702
638
165
312
307
286
167
387
667
461
405
347
306
294
540
158
397
687
222
289
345
422
581
444
221
56
419
423
396
300
440
507
337
336
294
306
300
499
769
370
119
61
510
359
431
331
667
335
234
116
422
279
303
202
443
366
506
404
458
302
316
393
637
48
217
496
394
282
185
378
606
340
548
330
271
349
303
299
302
580
498
434
306
456
329
378
232
117
541
615
339
300
295
170
521
342
241
359
645
405
223
512
601
114
252
292
356
513
660
258
391
356
327
208
154
229
527
655
278
290
420
295
310
484
469
225
358
250
306
447
759
340
123
118
471
301
581
684
168
297
560
270
290
478
372
447
399
128
416
227
316
562
401
170
219
424
491
242
634
502
156
303
402
507
175
249
526
706
611
273
117
185
317
543
183
275
510
275
391
360
548
171
310
224
490
391
278
286
425
432
496
460
474
456
439
341
172
170
329
316
242
952
401
501
385
557
501
215
328
302
244
459
379
401
481
333
365
359
224
434
345
442
510
539
336
341
326
350
417
123
290
430
419
381
505
576
298
426
459
108
501
303
159
244
447
237
575
234
576
335
213
549
326
214
163
488
649
401
289
279
506
310
308
102
212
822
624
231
265
446
389
285
102
373
283
467
178
529
596
225
263
580
280
225
277
459
448
223
246
289
320
407
198
530
471
428
325
280
230
159
541
465
250
566
279
284
298
217
286
559
219
670
473
111
303
359
352
275
471
416
214
123
676
171
361
245
605
313
538
312
443
433
236
315
240
308
512
483
477
484
573
274
385
187
606
512
229
215
170
929
226
137
458
228
400
611
374
153
365
286
684
271
222
162
446
522
351
553
297
502
528
254
471
735
174
415
171
429
257
539
312
292
584
322
411
249
347
230
186
539
246
328
352
682
433
372
210
345
221
274
245
349
220
542
307
486
415
489
183
346
424
399
576
291
294
512
290
235
372
446
501
298
598
354
176
301
556
360
756
234
494
291
278
466
227
602
282
247
320
346
702
286
389
425
591
163
121
312
509
559
69
384
590
643
156
281
172
484
364
534
227
406
426
327
331
343
442
451
386
445
461
234
188
374
448
288
406
384
534
102
116
454
601
676
399
533
117
575
425
184
117
407
576
544
222
168
393
498
519
168
293
682
485
179
222
442
454
402
554
314
181
311
422
237
406
526
668
597
54
115
474
304
365
439
299
295
501
309
302
515
298
446
703
389
518
310
180
235
523
291
409
239
281
407
286
590
451
457
237
517
211
245
218
648
405
298
430
397
441
350
348
226
285
133
665
408
360
353
487
241
531
283
306
169
421
347
415
837
363
116
320
184
516
334
266
606
751
458
106
287
271
472
248
237
241
273
350
481
524
621
461
213
259
389
289
341
401
383
470
607
614
221
251
306
461
396
699
202
103
564
412
398
617
434
351
341
488
723
232
175
437
253
474
370
442
272
24
407
644
677
240
342
228
363
285
431
410
628
412
469
111
382
105
484
295
522
463
380
321
609
398
486
229
174
557
324
393
427
249
228
236
283
575
529
530
174
512
143
361
310
266
484
634
617
456
234
352
292
301
247
292
552
374
196
253
618
531
184
286
686
212
239
497
260
197
121
251
588
489
231
320
227
237
516
533
531
405
542
359
403
131
111
191
653
664
631
362
294
289
269
276
297
182
257
469
622
323
425
255
425
710
343
533
503
421
360
165
274
337
301
477
556
511
392
221
345
305
457
585
350
351
477
238
337
158
452
595
475
288
324
415
224
470
577
524
283
160
392
126
507
407
519
288
566
262
301
117
452
327
309
452
539
469
341
308
432
214
120
421
353
617
335
246
399
166
383
431
679
454
230
365
439
300
317
360
295
520
401
463
408
311
262
67
429
360
822
400
466
286
175
399
324
485
285
235
179
170
604
414
490
242
749
466
168
185
248
441
336
240
467
170
379
379
354
393
533
450
246
291
497
267
117
230
165
582
456
494
339
113
522
512
647
451
230
269
120
283
588
607
240
511
230
405
321
625
398
174
311
360
273
335
595
517
477
285
173
324
366
350
352
404
415
408
289
489
220
359
328
109
274
660
491
436
446
442
316
338
406
560
275
173
405
179
329
437
527
342
482
335
461
220
166
590
277
334
181
419
558
383
224
349
341
647
241
170
473
517
452
235
166
323
416
271
449
465
320
280
470
478
399
441
402
303
178
450
188
355
468
223
164
460
480
807
395
216
102
215
466
329
252
287
226
676
360
461
254
363
351
540
193
530
686
456
189
286
102
581
232
605
325
527
756
531
413
48
232
229
384
388
226
314
792
217
382
283
498
427
363
293
153
421
452
239
349
339
218
384
335
425
501
218
409
597
411
166
349
217
349
278
297
476
272
232
496
689
209
285
563
498
286
383
329
186
235
282
508
640
304
428
228
290
277
388
299
474
452
436
233
412
414
544
486
166
423
550
454
174
428
272
641
442
368
132
227
351
423
449
573
168
283
495
187
254
617
319
428
222
538
299
481
391
274
239
422
291
454
172
138
356
525
552
272
445
111
359
605
116
228
573
408
773
266
257
263
341
521
346
395
326
285
665
375
46
344
352
266
371
330
162
522
340
238
237
691
275
270
411
318
452
495
261
282
428
318
371
306
463
218
223
389
323
329
232
505
665
337
366
270
327
56
330
471
621
298
434
213
156
473
666
409
170
204
458
268
427
205
416
562
135
187
625
345
278
276
194
677
510
294
434
242
567
335
124
479
377
453
104
365
222
275
408
666
391
344
459
170
146
239
381
794
533
341
450
121
341
304
677
343
354
270
385
290
223
541
516
259
309
227
360
391
460
821
45
336
172
352
173
542
429
251
127
379
701
378
469
551
285
56
311
415
421
247
312
424
489
482
415
460
354
243
171
368
182
799
386
204
176
449
474
492
291
274
413
556
185
201
392
368
398
301
280
179
350
769
227
345
550
395
400
754
170
347
216
227
286
436
340
515
458
121
408
221
678
412
226
271
280
359
232
533
502
361
319
153
345
647
792
356
53
236
285
265
536
163
477
677
480
358
398
389
174
349
350
218
233
488
302
391
372
308
346
544
554
187
220
297
378
273
279
333
389
604
394
432
350
478
488
514
170
237
434
379
455
47
167
296
400
672
617
366
414
204
181
319
290
624
351
206
384
406
752
285
421
305
413
527
187
264
434
468
221
339
489
552
355
294
447
345
274
204
258
488
458
429
238
491
462
335
358
435
507
373
371
292
262
379
186
381
573
371
354
416
166
511
281
412
274
644
266
158
399
725
616
234
159
163
271
523
460
389
219
465
276
298
467
163
382
313
544
515
318
186
682
100
415
293
291
606
481
702
343
172
511
355
157
278
313
227
583
468
482
481
235
315
365
290
214
436
516
434
350
274
503
414
309
113
311
650
693
346
221
173
349
409
460
366
351
112
226
451
512
239
325
679
405
468
428
345
233
217
361
325
582
278
241
286
484
378
457
462
350
364
448
587
476
253
253
410
577
404
231
181
420
217
129
245
761
535
413
320
175
361
482
280
408
295
528
302
334
496
273
296
677
169
127
324
249
273
499
521
565
784
533
203
174
251
299
262
454
452
444
286
511
551
175
344
285
314
421
323
355
282
577
567
335
479
178
293
159
165
361
668
561
297
413
216
292
255
465
661
673
349
322
217
247
390
338
329
297
369
481
476
499
154
234
421
668
176
339
661
371
327
165
290
285
485
296
556
395
280
515
232
162
569
474
281
426
439
512
304
357
448
297
125
232
233
501
278
528
142
538
490
402
397
419
339
241
168
336
308
340
100
698
579
112
285
323
342
174
350
522
286
495
348
527
184
478
408
403
268
400
248
375
372
542
418
485
505
288
252
491
670
234
356
548
154
239
245
307
281
180
364
557
580
408
326
291
164
635
502
425
353
510
271
460
171
533
379
402
392
404
435
296
184
173
686
342
364
475
354
377
391
394
537
117
182
181
456
271
372
593
463
57
552
217
451
343
555
657
117
306
296
47
357
374
394
364
484
225
338
447
379
350
288
220
274
392
447
221
583
412
183
225
420
498
111
508
277
547
538
519
404
564
107
453
289
118
230
286
519
827
478
319
299
292
225
329
491
488
421
367
351
520
249
317
495
549
340
303
407
413
119
453
569
399
308
414
394
163
227
328
354
301
344
571
336
552
695
339
398
304
385
361
304
295
498
347
796
227
573
406
227
266
117
230
301
568
416
421
274
394
356
707
292
391
514
515
290
232
215
330
342
465
355
222
241
275
702
486
345
524
325
260
254
311
234
281
446
591
595
345
401
292
176
345
338
509
686
517
223
57
184
132
526
290
517
333
532
588
301
598
293
124
424
484
153
369
312
431
599
529
517
360
303
126
175
165
285
483
358
451
475
550
228
362
534
341
359
213
373
416
493
632
357
121
330
507
162
448
395
349
554
265
347
218
326
235
554
162
332
495
434
377
467
384
377
273
337
110
448
201
274
579
475
280
287
47
468
480
570
120
341
381
371
365
383
278
435
441
296
350
609
272
285
464
363
422
176
291
444
193
388
344
303
506
466
157
334
499
485
277
282
183
299
647
342
523
390
478
231
247
106
412
442
666
382
384
484
119
231
220
474
395
161
341
339
562
589
285
164
855
383
218
317
432
99
550
305
400
668
375
470
109
119
338
494
505
260
377
290
175
611
251
524
348
526
458
161
358
229
703
452
406
231
169
411
586
327
388
338
169
336
242
289
337
430
670
325
419
252
211
66
310
488
808
341
276
478
264
553
168
496
586
210
354
168
415
463
356
593
218
124
362
235
281
296
550
623
112
168
174
379
407
540
660
438
212
508
131
530
298
407
304
344
353
364
148
598
485
195
167
271
662
431
251
526
227
497
469
362
220
325
359
637
456
360
467
420
278
57
278
544
641
286
357
127
427
313
497
270
568
346
358
272
570
282
232
408
441
387
290
340
415
341
296
292
455
401
361
219
605
567
56
121
366
520
611
407
350
227
290
251
505
593
289
425
293
474
399
345
290
430
118
593
171
695
341
294
286
221
616
313
519
346
406
522
374
263
235
583
405
298
279
219
401
524
215
217
419
473
413
478
430
236
271
226
431
568
666
278
304
187
343
398
369
551
247
346
357
447
281
323
219
385
636
539
270
264
463
490
408
435
236
265
390
443
131
506
424
364
205
267
309
354
480
283
509
340
526
350
738
394
125
115
545
162
223
587
539
221
310
224
304
244
221
572
448
496
312
174
330
710
646
338
331
278
306
104
535
516
226
106
332
366
530
412
383
255
318
223
302
313
340
544
650
392
293
402
410
576
223
241
542
665
47
208
173
171
354
476
356
376
254
506
521
290
298
556
384
496
432
568
309
348
425
170
395
285
472
399
358
285
55
330
324
366
522
481
516
370
296
220
232
475
402
596
517
272
174
350
113
434
469
548
228
178
395
324
449
444
508
405
555
338
225
163
582
348
286
498
367
182
451
261
374
235
455
108
198
368
572
426
338
297
475
505
394
487
195
394
343
194
354
164
468
162
361
354
186
552
365
474
165
176
608
733
175
415
291
611
229
467
230
532
231
331
264
335
524
508
271
339
277
445
599
299
115
222
440
631
327
420
292
467
531
289
389
579
335
209
374
382
155
356
417
596
238
596
410
477
355
111
161
631
226
600
591
232
225
356
183
322
122
450
571
369
722
290
345
531
53
258
750
357
219
386
413
177
563
105
402
182
536
288
317
400
213
525
493
219
228
375
231
478
530
563
265
429
595
393
116
425
315
518
443
373
178
366
282
316
234
423
420
478
379
336
172
532
583
366
387
296
421
382
126
271
240
323
583
274
577
191
422
346
309
427
385
393
342
455
300
204
172
428
554
650
295
154
704
399
444
585
525
324
474
163
218
778
348
235
428
650
45
465
294
108
373
361
578
493
604
608
103
437
513
321
418
150
277
102
294
583
351
441
507
219
378
176
316
328
606
387
367
303
449
376
475
356
279
164
493
585
135
550
222
287
806
448
177
290
184
255
644
328
294
286
525
349
101
549
336
226
585
460
287
597
435
228
395
653
187
61
505
545
319
355
307
361
394
385
270
292
390
318
471
402
439
665
173
512
380
233
184
648
351
477
387
170
168
566
579
437
412
226
200
372
474
107
275
331
469
225
518
611
43
538
578
274
301
234
298
344
492
352
219
399
23
399
303
511
272
341
528
483
506
343
57
193
706
273
350
436
531
560
395
432
151
374
235
360
671
362
301
311
456
345
297
378
424
243
256
482
667
125
458
286
283
345
309
272
295
590
726
158
350
354
156
405
328
487
609
56
117
455
572
162
217
270
319
551
610
350
481
343
403
252
291
510
453
438
310
204
473
114
302
540
290
231
295
180
410
484
410
730
356
573
661
415
164
592
282
280
223
246
175
159
215
601
477
258
465
340
551
513
354
402
270
798
247
303
220
181
319
231
273
389
474
637
343
514
373
299
293
297
334
428
654
227
114
244
360
617
503
452
451
203
351
421
398
142
490
758
220
593
275
364
82
391
635
402
472
334
287
281
180
253
409
406
691
347
264
245
583
420
640
357
231
269
63
323
635
460
242
238
227
420
296
622
491
275
109
327
557
300
589
181
626
165
227
292
593
378
465
588
472
193
186
172
243
424
428
464
301
235
314
435
480
584
518
556
438
207
242
380
221
520
364
285
172
236
58
469
682
728
380
244
297
576
429
290
48
335
371
446
427
167
447
321
330
408
458
337
299
265
384
178
408
443
236
643
391
188
463
222
263
227
448
460
616
639
458
327
322
113
169
388
451
491
496
456
277
304
177
399
280
650
299
220
271
470
498
328
397
287
363
136
230
718
513
293
269
390
161
216
436
214
294
290
739
532
397
295
229
207
235
258
330
604
592
386
290
267
223
162
408
531
812
398
331
301
482
223
556
305
285
108
425
570
378
417
602
191
121
165
539
474
586
354
329
372
319
286
303
494
917
350
347
114
338
367
342
168
229
520
631
422
413
273
236
315
269
309
731
696
260
370
412
403
281
382
325
238
333
474
440
55
367
345
435
287
348
508
636
229
370
490
346
173
427
585
232
130
523
470
542
111
279
480
187
661
487
284
46
285
605
275
311
289
795
560
358
209
212
357
502
282
268
235
446
518
412
424
353
226
409
65
370
688
844
246
23
400
365
348
185
896
412
320
358
463
299
187
209
443
306
401
157
493
596
332
294
394
750
489
113
180
280
129
553
481
301
474
281
618
60
306
355
391
159
550
401
430
330
585
493
342
187
441
286
250
487
158
173
460
403
433
531
428
117
541
57
412
270
253
699
791
402
205
329
232
295
278
183
533
396
413
408
241
626
238
170
355
476
606
494
342
191
405
304
340
420
278
299
328
303
585
418
217
275
270
455
423
643
483
355
228
284
308
359
581
359
298
286
547
179
403
578
232
118
296
587
416
621
400
210
643
281
196
311
502
377
503
477
460
390
776
176
409
304
268
663
386
221
262
507
398
384
130
206
316
561
444
275
347
463
385
581
291
236
174
260
273
287
422
731
390
185
208
272
624
560
508
539
310
377
432
115
530
520
607
355
168
333
412
608
528
328
267
473
228
356
289
362
309
648
311
178
578
116
373
361
466
304
239
635
450
216
167
448
537
121
473
481
309
365
479
416
493
335
407
428
451
179
438
120
406
518
431
344
397
626
289
446
337
434
339
526
574
342
121
302
386
573
177
449
465
538
562
571
237
99
374
248
605
730
176
171
188
230
258
468
348
518
552
432
289
596
646
401
114
475
419
372
375
129
301
238
476
361
521
383
65
558
155
314
443
397
493
568
494
516
406
243
472
276
112
566
312
425
312
360
355
422
297
377
614
393
304
376
619
301
347
421
179
498
383
241
46
503
567
275
528
157
503
228
753
224
505
105
432
386
231
585
360
424
264
348
497
255
651
111
240
239
232
346
405
224
486
417
482
458
681
288
219
153
315
539
435
635
410
338
337
304
168
455
382
300
717
311
157
366
435
119
229
121
421
471
730
404
597
100
359
470
23
373
301
525
749
458
333
418
236
113
475
555
290
663
331
396
234
574
113
220
433
444
168
401
237
584
396
229
347
377
332
415
483
123
549
500
106
623
411
305
369
348
443
415
220
435
479
313
170
412
446
441
160
245
370
180
502
470
468
410
401
233
317
224
432
231
67
713
386
687
527
359
327
424
108
324
229
170
368
766
351
350
319
337
481
581
435
232
163
471
588
333
333
280
237
324
331
408
356
457
161
242
620
396
286
105
482
738
387
115
454
444
481
309
409
157
222
561
322
230
272
299
353
778
390
364
175
315
431
332
256
358
226
396
492
463
610
515
234
441
440
222
194
283
283
421
453
383
511
193
305
429
247
420
580
299
325
356
373
565
563
317
409
538
214
253
351
349
273
360
749
142
447
385
485
234
247
244
179
224
432
580
423
408
551
405
227
360
603
283
252
399
433
350
168
369
478
188
424
306
244
470
729
171
274
715
212
163
859
333
217
468
233
195
190
539
434
433
597
132
247
243
443
473
463
367
118
279
400
464
293
524
634
437
221
429
202
246
546
336
497
617
187
166
430
279
647
418
118
161
322
411
348
355
333
423
402
387
613
413
398
489
328
297
326
239
48
268
536
407
589
375
378
544
286
249
466
390
218
227
136
285
411
461
428
318
388
416
303
397
729
269
161
607
294
233
273
294
112
356
171
765
301
571
354
121
397
476
271
389
337
418
448
385
210
191
355
284
392
657
343
239
196
599
476
557
269
282
381
531
170
320
576
170
516
473
291
162
492
472
433
403
453
268
207
382
424
326
283
271
393
106
697
207
375
438
448
270
52
572
475
174
498
671
169
431
295
271
473
234
113
557
326
294
409
398
486
470
354
283
322
327
512
113
383
547
292
483
266
360
483
378
353
430
231
475
697
173
103
544
464
260
388
376
313
285
512
477
459
229
364
180
257
407
454
175
318
344
746
495
321
343
351
165
315
425
342
391
284
345
385
343
407
462
186
300
507
215
498
411
320
495
342
103
241
249
511
666
419
266
404
440
443
418
418
322
200
161
357
410
430
566
562
270
217
288
420
155
328
416
538
300
208
435
347
418
452
268
489
96
514
344
535
288
284
523
388
522
378
291
291
326
229
240
487
509
233
554
476
552
261
417
169
248
454
102
55
648
707
481
500
158
300
110
292
474
189
431
397
417
459
462
762
400
107
285
251
295
523
715
449
291
62
184
393
414
650
240
227
239
546
642
283
336
248
222
197
558
662
363
504
234
226
257
410
450
302
179
475
415
169
524
448
556
399
374
373
354
285
337
230
365
405
253
407
545
400
309
204
722
376
44
470
473
384
405
405
391
255
550
363
301
245
309
298
348
389
499
561
327
534
648
182
227
390
292
355
647
460
135
357
263
173
564
404
244
174
657
649
173
305
352
670
154
418
204
405
237
472
500
306
271
254
414
295
498
250
224
333
777
406
388
353
478
571
581
179
161
427
399
532
231
390
236
306
492
655
309
303
459
638
443
423
65
171
292
386
409
839
510
134
175
170
538
394
479
281
365
283
389
219
491
604
395
211
336
480
375
384
291
485
394
310
370
248
278
485
329
453
374
467
344
369
256
429
448
240
250
350
445
608
326
495
346
46
219
355
551
350
233
390
494
340
512
353
392
354
169
309
496
485
303
302
220
307
428
570
373
404
57
370
367
326
298
295
481
355
315
343
462
613
525
349
484
174
507
461
274
297
470
175
47
230
432
438
144
417
469
939
251
259
23
322
416
402
340
611
328
283
301
279
545
177
295
713
515
64
249
203
723
501
242
412
379
341
267
636
374
259
278
420
398
347
418
215
418
343
471
404
326
330
297
276
103
338
790
345
281
409
258
290
751
340
225
294
557
589
181
56
404
337
604
348
232
316
150
325
451
288
292
602
256
289
588
397
515
366
536
241
469
314
146
266
412
464
361
512
357
136
441
353
551
358
393
601
399
242
631
314
293
323
165
397
389
669
174
237
514
521
118
235
505
226
302
410
461
318
368
458
415
465
272
428
491
558
52
303
284
300
224
174
330
697
575
782
170
91
199
465
403
338
464
240
533
419
681
273
278
232
410
205
410
471
298
416
114
409
399
407
381
327
280
696
644
223
276
363
490
298
627
232
447
314
189
191
377
216
684
171
542
435
515
243
466
243
291
454
603
600
276
222
706
180
56
112
328
805
578
353
170
302
594
239
313
221
399
468
673
229
100
299
533
300
484
273
831
414
107
115
307
288
482
318
330
276
422
323
148
558
470
417
481
519
284
406
163
297
322
419
463
688
324
342
233
309
334
164
409
230
276
274
553
394
500
480
549
241
456
407
483
121
230
518
478
346
226
682
170
108
173
675
422
284
444
251
354
219
231
447
444
294
387
353
603
359
413
539
111
388
558
241
160
252
693
415
246
242
458
483
254
278
563
497
609
186
239
292
412
422
651
302
123
352
259
370
412
480
416
465
404
464
352
383
299
407
47
280
177
574
408
452
415
254
493
400
286
419
694
679
604
133
126
382
276
165
219
440
545
490
417
186
417
350
485
168
278
563
389
340
298
521
377
343
359
248
360
239
344
362
453
237
231
373
771
420
452
565
415
291
198
176
501
415
256
298
377
559
530
275
455
605
298
148
290
396
483
384
114
382
466
303
520
516
527
299
355
162
353
509
355
367
441
273
171
159
664
407
558
527
424
297
337
239
691
463
222
172
56
452
300
647
438
453
340
335
361
264
335
558
328
391
562
370
170
445
539
349
421
224
234
241
485
355
468
716
232
353
617
327
349
240
359
543
495
461
163
47
419
372
482
408
184
636
352
353
268
460
600
347
317
221
428
293
404
280
365
399
283
483
288
364
229
515
404
526
343
293
176
241
898
450
62
261
495
477
315
358
382
408
224
542
496
472
446
350
298
481
121
392
443
631
292
44
410
360
586
251
464
526
575
334
332
290
308
336
507
515
703
308
62
342
56
795
492
345
211
237
439
423
297
245
258
218
415
512
369
359
282
532
521
165
482
497
347
445
401
136
320
173
474
375
367
404
368
402
517
418
188
588
173
357
683
533
146
273
484
456
129
370
222
348
426
488
225
238
724
464
441
341
239
295
280
567
606
321
410
371
230
219
287
215
647
543
501
260
199
122
407
703
348
357
350
567
220
412
713
457
164
221
198
222
517
155
242
704
724
473
174
326
341
245
428
414
457
329
303
691
515
128
356
462
474
345
283
250
502
461
329
304
622
112
511
311
401
120
430
1014
485
288
229
220
771
513
354
106
301
372
413
474
400
377
421
243
287
412
765
239
687
161
242
233
449
267
250
466
280
549
356
664
296
466
520
168
111
519
367
458
662
417
121
204
360
425
293
374
464
599
560
229
365
239
444
410
445
373
172
249
517
517
539
175
369
422
382
301
561
276
430
238
245
179
716
479
512
382
292
308
426
432
166
304
536
392
464
434
406
107
378
366
421
301
409
360
483
248
514
459
301
543
348
126
247
502
374
272
402
521
596
282
419
332
557
283
175
396
305
367
432
238
231
607
288
596
485
435
511
222
230
353
652
201
190
384
444
442
354
486
479
491
429
228
399
399
313
442
415
557
243
464
592
440
471
308
329
169
267
301
421
265
747
227
400
108
791
244
430
596
359
421
306
301
359
605
315
661
237
357
120
330
379
399
183
438
765
315
162
793
169
247
481
291
460
173
405
379
588
392
287
172
560
359
232
56
284
557
546
474
528
349
233
172
395
601
182
303
270
492
478
537
288
309
501
531
468
300
355
280
248
183
407
556
573
486
120
280
522
247
215
564
454
230
374
365
367
317
632
279
176
363
350
240
577
653
355
227
353
283
630
358
349
227
139
301
428
506
546
223
471
535
213
276
242
560
187
429
242
452
241
809
279
551
291
577
441
433
287
114
323
479
580
322
410
612
117
228
346
517
219
528
460
500
305
281
301
328
506
188
436
230
467
526
393
509
229
308
249
472
106
509
350
734
671
221
290
443
239
351
234
607
242
169
299
632
550
406
369
177
98
312
365
533
489
120
496
274
603
688
179
299
352
244
169
337
483
425
398
490
533
161
229
527
280
439
681
318
228
331
470
542
116
444
566
436
166
428
127
319
297
764
471
109
390
487
305
379
415
433
289
521
460
362
302
332
408
254
549
302
337
555
537
100
369
656
194
447
359
177
426
671
636
293
306
486
276
143
374
357
329
164
688
568
401
353
218
103
378
487
609
229
164
469
439
598
310
254
479
304
246
324
344
510
384
322
245
458
428
302
370
350
357
416
539
408
366
412
177
291
299
544
357
534
272
329
448
458
485
389
277
433
218
114
423
411
522
674
159
349
523
369
318
166
562
163
412
422
530
238
400
245
449
465
200
455
412
519
497
177
339
465
473
282
312
237
182
425
268
584
540
332
263
450
113
428
599
236
409
572
542
167
168
339
426
343
430
442
153
723
320
458
115
425
481
344
326
219
56
398
684
481
584
330
324
242
283
290
176
569
632
113
391
406
528
549
303
348
325
388
285
404
447
121
130
588
472
98
249
676
362
464
360
237
435
382
406
183
276
432
515
716
476
245
303
727
61
446
474
168
59
588
285
550
559
412
268
323
753
243
237
313
208
286
519
245
502
293
413
463
521
278
195
598
460
214
344
386
177
479
203
362
568
357
496
400
306
225
214
585
402
261
474
218
422
499
471
170
414
754
121
198
284
447
665
383
243
311
284
414
336
359
495
386
529
578
388
292
164
253
338
294
505
467
583
351
301
387
230
182
481
437
321
131
622
240
371
410
512
273
345
467
48
449
229
591
513
456
259
165
182
473
343
479
317
228
397
279
241
587
685
422
323
170
170
316
561
577
120
371
581
374
121
542
559
428
302
233
214
407
489
367
297
397
540
588
420
197
186
62
239
661
482
536
419
544
428
484
237
244
143
529
384
375
565
250
449
748
404
242
385
178
189
495
660
179
54
290
520
530
394
339
404
473
112
270
360
459
290
47
236
709
649
295
345
522
469
208
308
120
410
660
351
238
527
428
349
462
350
56
370
675
508
402
319
651
164
353
399
330
406
546
458
418
247
514
143
400
268
143
718
891
597
281
187
359
152
264
445
423
688
632
123
357
354
534
420
345
236
483
577
252
244
436
221
414
350
232
528
740
458
161
303
363
215
316
485
240
311
610
444
269
364
287
290
426
566
264
375
284
397
525
595
164
122
251
276
412
491
349
466
530
646
566
347
112
295
473
470
517
117
264
169
583
339
534
540
233
412
399
403
257
232
596
581
279
172
314
621
396
475
215
462
342
532
442
332
361
164
531
242
278
527
468
190
179
492
384
284
415
380
372
305
573
390
341
405
238
351
178
451
773
237
236
442
338
519
359
112
452
288
534
458
323
446
465
179
149
233
234
560
703
303
433
272
202
469
790
264
249
452
258
186
339
514
358
275
384
804
498
226
511
189
144
186
436
238
276
383
490
552
491
355
329
443
393
365
270
56
307
455
676
667
55
213
307
606
344
343
290
395
244
470
734
235
417
115
168
420
482
313
433
606
673
460
169
138
310
470
432
176
462
557
299
430
373
437
410
416
191
450
350
476
237
281
586
227
375
659
174
314
232
222
460
381
486
353
490
462
290
350
241
239
469
358
371
768
241
181
290
488
375
258
352
560
505
445
267
245
335
61
437
513
465
309
385
510
333
133
365
399
263
389
390
275
343
795
376
249
176
49
340
606
700
636
488
313
594
155
121
264
326
731
387
449
279
155
359
281
557
362
477
278
310
412
272
343
755
181
259
238
244
258
515
697
511
328
340
236
225
477
126
423
629
471
356
390
338
297
630
171
288
253
423
443
461
367
440
462
285
331
323
324
252
176
393
361
661
466
517
232
183
241
244
575
720
504
381
314
348
211
188
185
386
426
570
404
496
420
197
58
366
325
432
575
524
429
467
202
302
242
474
453
516
212
407
218
193
121
364
518
496
536
533
264
392
343
318
444
293
556
486
179
120
159
426
565
564
478
297
538
163
187
296
581
375
467
432
516
170
256
258
419
504
390
415
550
470
287
223
583
363
292
517
247
165
543
407
427
409
281
287
552
110
46
456
439
765
615
289
219
245
304
197
522
441
388
311
243
368
287
236
498
521
468
422
221
406
503
344
207
507
378
176
402
451
163
295
601
710
236
346
289
248
440
169
222
861
353
522
153
448
225
327
456
530
553
280
271
334
223
333
232
392
784
431
162
174
472
624
274
580
201
513
184
114
224
408
414
707
562
395
369
641
206
77
451
277
314
390
545
329
225
375
407
543
209
45
444
335
101
434
578
407
378
286
330
294
474
225
149
406
566
453
216
368
233
256
580
612
343
336
341
103
452
472
215
457
389
226
376
363
413
364
576
460
337
237
244
545
401
249
474
675
110
338
191
259
378
524
694
275
353
464
559
209
181
484
435
445
304
240
240
276
511
666
641
224
186
103
344
420
649
421
431
482
155
305
338
450
226
318
588
437
378
391
277
574
354
426
225
433
224
465
163
438
304
327
390
353
824
177
284
401
210
344
343
481
331
156
389
379
413
481
448
421
220
379
498
611
279
104
266
334
239
283
374
370
531
320
331
511
452
379
304
116
416
274
512
378
365
296
364
308
464
233
334
345
670
584
331
362
188
404
525
414
353
350
172
157
411
471
279
531
270
168
563
449
598
390
206
368
415
108
404
300
170
384
362
370
370
497
481
155
102
530
273
372
580
466
104
363
271
383
327
429
432
263
372
155
439
423
378
447
500
382
56
407
345
575
377
426
227
447
292
346
343
343
172
508
287
337
420
415
466
618
302
113
313
684
372
308
533
266
288
534
323
276
167
295
466
525
860
468
55
308
471
357
208
139
710
730
426
372
182
248
302
185
466
600
410
470
185
333
557
394
536
397
470
288
378
334
58
341
373
405
479
446
290
492
397
284
162
580
360
448
377
341
101
336
362
361
356
378
284
417
366
164
385
685
174
153
443
462
395
529
554
162
116
216
291
331
518
301
410
284
328
546
520
228
505
184
327
371
347
430
224
290
433
373
450
171
316
471
162
378
745
554
157
337
361
490
336
172
225
157
278
444
493
510
173
192
529
445
391
537
571
354
244
123
339
391
110
188
473
746
279
442
603
445
356
124
234
595
455
245
409
223
249
281
613
353
704
348
236
471
215
230
407
166
317
854
449
235
338
132
461
463
174
363
427
268
261
331
574
444
154
171
415
290
545
499
350
373
403
377
311
410
233
613
236
165
286
209
488
658
464
318
229
241
358
428
564
474
431
116
316
276
282
569
304
279
567
250
427
430
306
368
397
446
524
409
297
235
349
542
448
159
550
299
279
120
244
373
827
619
294
114
352
396
362
578
149
418
299
349
459
357
499
352
497
367
340
266
444
266
457
306
336
557
534
238
199
272
299
651
299
350
244
451
411
437
444
105
435
505
261
116
426
492
273
395
340
300
413
448
532
602
247
224
181
286
498
46
107
238
572
524
413
180
453
350
452
279
544
631
408
392
322
111
390
162
166
625
557
175
303
541
57
244
524
393
524
226
391
183
367
501
329
695
505
223
330
323
153
112
440
387
538
486
263
560
496
238
167
318
365
268
461
171
467
479
99
505
341
573
266
284
285
266
562
308
172
478
234
495
611
173
176
246
569
379
675
351
243
188
518
433
577
238
172
399
284
454
603
111
414
421
574
625
431
213
184
311
400
317
273
543
462
632
215
402
595
582
237
219
283
238
478
372
220
302
404
226
489
506
308
401
343
269
358
571
396
476
398
373
153
397
328
280
478
583
120
507
344
443
418
504
454
431
238
147
554
236
233
314
470
506
406
587
167
317
506
299
147
292
558
393
613
327
334
206
400
225
489
362
385
350
607
455
209
312
226
291
660
506
278
340
285
454
327
582
222
258
344
481
356
456
124
405
644
219
444
415
152
251
508
370
400
405
320
357
239
277
346
328
394
254
584
212
339
456
238
546
386
207
105
745
299
215
383
303
292
420
592
463
266
56
131
197
852
665
312
369
180
424
498
361
335
393
150
491
371
478
429
382
288
313
399
467
287
274
424
333
231
348
488
345
530
332
56
453
427
120
553
435
385
271
384
337
440
311
588
201
555
398
282
291
233
346
259
408
707
448
347
336
178
239
328
518
529
229
329
428
391
281
425
264
366
396
544
281
492
258
548
111
350
160
409
538
468
372
416
409
459
319
138
294
464
741
276
240
235
600
511
354
385
241
342
398
296
184
58
475
794
701
346
223
165
223
149
307
523
552
511
456
300
228
222
523
456
267
281
216
424
531
418
164
207
346
513
231
702
360
431
284
397
282
329
163
618
157
506
612
170
341
310
366
254
448
164
424
518
442
507
584
339
45
101
267
446
477
810
451
101
47
334
360
163
537
516
592
442
314
152
289
113
162
571
632
562
196
435
391
223
332
367
411
377
223
434
539
290
182
358
330
463
153
511
555
351
332
395
327
469
448
227
571
382
270
443
168
291
457
384
80
354
438
554
448
577
334
152
166
340
444
379
268
418
824
511
108
343
119
405
339
348
348
402
541
378
169
384
166
483
471
444
345
304
369
440
709
561
111
177
322
475
556
413
368
481
119
267
230
499
603
421
294
283
342
383
260
671
392
473
284
370
226
497
587
584
226
225
170
433
404
354
467
347
249
455
428
119
608
332
649
223
355
369
213
231
666
625
238
282
125
404
215
216
905
679
448
240
356
274
161
163
733
542
458
329
280
181
572
455
212
247
161
426
627
408
406
126
183
545
514
365
365
293
414
413
170
352
236
289
516
350
416
525
331
401
163
430
442
466
355
214
285
355
360
249
548
316
231
377
473
267
246
537
444
533
379
320
442
392
282
406
514
262
462
112
106
246
444
619
243
382
506
257
252
523
523
348
298
439
510
244
340
118
309
611
469
214
161
415
318
379
528
498
231
380
294
136
331
264
465
408
615
399
442
282
305
287
644
225
299
400
293
461
278
471
187
310
518
248
351
307
426
397
514
745
285
112
189
179
308
413
594
347
358
358
707
547
278
205
628
348
289
167
299
338
381
350
814
298
312
433
47
104
582
363
353
359
355
336
248
326
357
422
539
512
232
320
269
590
592
468
232
460
291
167
168
483
527
432
571
244
58
303
199
447
572
305
524
406
776
199
295
290
359
653
510
235
282
218
508
171
261
346
222
403
228
362
517
450
761
351
163
215
173
468
545
326
437
213
220
337
273
456
331
224
221
415
673
334
519
397
337
246
247
171
716
452
298
496
459
157
364
427
600
414
349
519
343
474
374
350
304
224
301
451
386
176
531
284
617
558
336
219
300
163
579
359
374
360
372
479
410
312
232
191
499
473
470
439
386
361
451
275
420
528
239
282
515
107
115
407
396
394
295
585
326
301
220
635
375
424
522
335
225
261
302
435
461
289
597
122
437
617
498
271
341
404
231
342
239
390
226
404
352
373
258
394
333
272
491
344
327
367
358
395
369
207
405
214
435
508
433
47
229
457
627
282
471
502
156
332
293
267
353
252
421
503
391
361
250
154
217
498
479
335
351
455
400
287
366
357
359
408
407
238
241
613
388
435
291
318
300
237
339
523
474
355
159
178
305
390
534
534
172
302
513
219
616
429
473
286
224
160
219
444
364
342
301
650
386
647
343
234
300
449
531
171
340
416
319
501
370
109
462
448
98
373
340
112
348
747
435
165
392
287
307
242
283
616
278
608
389
510
324
255
350
358
461
196
338
543
686
219
254
350
342
398
366
426
278
313
410
412
224
673
218
259
236
383
330
519
349
416
413
442
219
234
365
330
433
430
293
638
461
407
352
319
374
108
466
307
338
58
410
270
383
295
277
499
240
510
153
418
478
292
233
273
439
656
463
178
255
338
389
329
387
385
564
294
229
253
420
328
458
322
289
250
312
469
230
109
293
348
450
385
279
485
510
411
382
420
398
324
279
246
383
156
509
370
343
243
274
490
439
270
477
122
397
312
383
335
285
417
434
341
291
233
165
438
521
516
331
292
314
409
552
325
495
425
286
117
410
165
