12671
16647
12830
22283
12076
20031
14514
21503
17824
12479
20140
20400
21747
19217
18674
19911
17085
16138
14560
22294
20933
15752
24564
14407
22002
15483
25590
14175
21089
20089
15437
19334
18586
20306
20311
17158
21629
25342
12373
21976
22963
16344
16795
20636
18011
19120
19027
21636
19001
19258
22395
16265
24333
16520
16811
17622
15280
19262
14463
20414
19868
22101
19849
12978
23418
18540
17013
26348
13121
24246
15717
18525
20026
19093
19643
21107
22497
14669
21176
15585
25018
18615
13435
24197
14904
23356
24249
11184
18319
23175
21420
18175
19284
20311
19860
21612
19243
15396
21833
20723
22404
13114
22923
22947
19111
13486
17808
22839
11709
18264
18341
21776
15157
20002
18711
19302
24598
17342
20944
25319
20903
18966
21921
20048
16958
25021
15977
16592
26516
18363
20671
19389
17848
26262
17891
18452
20894
14424
21507
20098
15506
16555
19173
21219
20227
17529
17588
23894
20147
18204
19896
18259
19365
16212
17844
24339
19176
12486
17287
25288
14866
19406
25349
16195
22449
15275
21585
16619
10153
24516
17236
17108
25399
17562
17735
19505
18683
21857
17540
13725
26951
17246
15726
28366
11102
23502
18801
14411
25537
17170
14324
28888
15516
27130
19061
16814
17769
20971
21327
16140
20846
17506
15578
23209
13206
20959
19477
17012
22742
14332
22865
16661
18411
15552
15920
18006
18610
12724
18718
21709
18139
18284
18780
23190
18222
20597
24183
14193
21811
19852
18026
16669
16541
22155
18614
16151
18930
20816
13892
20714
22093
13826
21359
17139
18189
14119
20767
18015
21826
15974
18640
17123
20374
21060
13144
22618
19925
16937
16133
24094
19155
11510
19152
17749
19253
19968
17161
24345
10791
22055
21804
15575
22042
14053
18444
18897
18294
19426
16731
27132
11600
18304
16202
19676
16147
22166
18322
17608
17590
23623
11330
22637
18593
22667
15111
18092
20781
19195
16185
22634
18058
21163
16697
18399
16816
17621
20025
18754
19578
20391
13774
26311
13918
18248
21001
15544
19111
21692
15688
16680
19962
20476
16539
24763
9966
23526
19567
21826
16303
18858
21161
16851
20267
17805
17651
15399
22337
18480
18454
17890
19704
20692
17118
21753
16729
14909
23770
15634
21392
17723
18017
21239
14448
26356
11109
19714
22739
17213
15612
24687
16264
19227
17895
17948
19798
17950
21367
10495
22379
23515
18819
14538
22991
17121
18344
16618
20888
20850
16383
21552
19604
18648
17605
20133
19525
13463
24807
16137
19285
23811
12668
19639
21091
16810
22107
17309
18452
20919
18554
20430
17781
19351
19297
14486
27180
11096
22704
19310
16436
23296
14972
20497
17597
24610
8781
24399
17340
17409
22655
20526
16887
19958
16635
23924
14287
19794
17012
16829
18679
18638
18657
15500
24679
16614
20158
20925
13968
22193
20479
16521
21051
14949
23008
16861
21061
17433
23633
18363
21773
15466
23040
13646
24556
14243
23312
18352
21169
18823
20250
13261
23536
19735
19096
21384
17382
23623
11530
19424
21136
18538
16946
25049
11492
22840
20381
19504
20262
19589
26642
12478
20078
21305
22022
13754
17125
21791
19216
18980
25367
10440
26126
15826
13584
26091
13891
27286
16776
15368
18946
21760
18610
17187
16750
24408
15189
20445
23190
13110
25204
15976
17747
21677
21912
14759
21877
22815
11632
23452
18610
13339
25219
19403
14448
18603
23916
15104
17426
28803
10814
21926
26384
14415
19913
18354
11885
27681
13619
17327
23502
18641
18374
18566
20715
17787
18837
20300
19417
13935
22817
19468
18873
14302
23341
17541
16631
16884
25868
17462
15603
22823
18054
13564
20643
17943
22642
18218
18695
22145
19376
20653
16405
21021
20024
26080
17318
26529
18771
15694
20791
24351
11424
20444
19943
21105
23835
15850
21286
20694
14189
25422
18724
15925
27045
16580
20611
21347
18718
15383
22962
14067
17575
21463
17763
18080
14401
22565
17421
20493
17878
17086
24007
15520
20733
23547
12289
22346
17578
15055
22964
19859
19966
13052
20882
14653
19937
23482
11912
21418
19854
13626
20726
23142
15167
14423
18408
14147
18823
23691
11759
21318
21140
17553
19329
20079
16349
21211
17069
18689
21439
13316
20631
20957
16354
21068
18803
19398
21576
20314
11666
27399
15478
22646
20394
16361
20347
24586
11130
22122
13906
23671
20236
18893
17054
17533
22416
19864
13700
19515
21652
13890
25871
14597
19933
17754
16417
24372
16601
16054
18159
19019
20264
24599
13988
24045
21066
19106
22228
22870
18476
21797
18124
27279
18898
14462
18110
25436
17679
23066
15653
20572
21405
19485
11435
23483
20556
19356
14523
23709
14106
16252
22467
18642
19904
18251
23404
21762
13129
20563
24320
20006
19652
14753
16873
26919
17258
20336
17862
18540
22216
20178
17963
21503
11903
22082
23413
18966
14598
22591
16754
23391
21106
19852
15543
12354
28955
14156
19651
19455
18028
16869
21031
18626
15708
24830
16897
17881
23470
17329
16863
20072
21565
22241
15903
18988
21062
17128
23434
18568
20241
15577
24049
20762
11994
21432
21734
11174
22489
21772
21404
16192
15817
19584
19059
17980
21502
17129
18527
22867
22475
18099
19573
16399
17258
21628
23199
18479
15602
17395
20470
20534
22201
19021
13881
20184
24278
16552
17273
18640
23478
17338
16954
24251
17102
15687
15426
24134
17172
18708
15230
20784
19122
16527
19489
15163
20332
18285
21847
13988
19866
22399
14372
15809
18333
14310
19618
18227
18610
20819
18250
16240
22378
21663
16545
17337
18285
19417
20881
18565
15554
21996
18396
12909
23242
17707
16224
19802
23047
15089
14007
27772
15762
19528
17846
12885
27437
17060
17231
25822
14485
15410
17751
23339
16448
19857
17950
24284
18214
13579
20547
19230
16377
20541
22067
11624
25017
16532
20470
18988
21237
15186
16828
23026
17095
19250
25940
16133
18361
20933
21638
19350
8554
31198
15603
19204
24578
14033
21765
13078
15201
22883
17357
18313
21131
14204
21630
22595
19749
22828
17574
14796
21768
18636
8308
25596
19984
23491
18157
15327
20353
18541
20813
19782
16837
22512
17621
23064
11320
25848
16606
11649
30913
11546
19133
23146
16822
19675
21861
14273
18839
25986
17029
13681
22361
21714
12204
26722
17692
12700
21052
25166
16770
16874
18035
25318
18805
17757
22226
17116
18786
18718
13745
21674
22983
12543
15062
17189
17442
27875
16924
21458
19092
15238
20691
17238
23212
13423
23098
18471
22807
15116
24103
16936
19964
20015
21916
16915
17562
20259
17345
12606
25007
20758
17258
15817
24836
14459
18985
26815
15859
13923
21690
21540
19214
15992
17114
19798
18646
18504
20881
17222
14555
19478
21340
16141
17938
20945
17490
25189
12698
15958
23645
13990
22486
15985
20202
18517
22957
20930
16152
22852
15322
18806
18901
18648
18614
14913
21135
17808
15906
24214
18496
16520
11380
21173
22173
14993
13591
21296
27718
11566
16612
20841
16022
20863
12864
20751
18256
21912
13288
18346
21008
20556
17864
21191
18080
21147
16776
22845
15989
19284
17262
20575
16607
20800
13610
23997
12726
21555
16265
18298
16776
25749
10749
19188
21040
21414
15621
21989
17938
19027
18381
25168
17154
19234
17929
18214
21781
16103
17235
20085
19943
14034
23734
17615
17688
20125
20383
15304
20718
21388
18606
16344
22700
14973
21126
17067
16914
18810
22728
13633
24098
19695
13305
18276
25518
13149
22703
14792
23569
10786
23731
14702
19066
16022
23049
19781
16185
17932
19296
19378
20083
11973
18077
23833
18074
22873
14773
20570
14935
22630
19019
16694
21155
17557
14315
20528
13938
21950
17056
21151
17335
20418
16985
20586
18792
21883
15413
16994
21361
23915
15044
20252
16324
22306
19349
13483
20897
14725
22201
18277
18967
13679
21835
17814
15527
21111
15470
15698
26756
8598
21770
21338
15782
19761
17037
17154
21505
19356
16465
20288
15007
20415
16136
24792
18453
18997
17994
22437
15006
18447
21397
15328
20244
16712
22821
18406
16486
21016
13943
18186
24300
17807
17870
21218
12260
25521
15452
18338
16273
23474
20485
16625
16731
21346
12181
23433
19096
18824
20533
20394
14810
16171
25143
13743
13702
18116
19629
18264
20114
14431
19506
20810
16391
16501
19664
22314
16536
22614
14153
17572
23172
14835
21411
22152
16194
21063
20174
22161
14664
23335
16783
24226
15111
21363
18982
21640
18157
17089
28489
11268
16120
18286
21429
22962
17650
19540
22257
14672
15417
14484
22813
18667
18317
20674
19335
16442
25041
18213
19243
15199
18052
20862
15046
18574
16084
18778
20524
14354
16610
22789
18013
17422
17601
19487
19332
15791
22597
17760
20917
13304
17891
20856
19976
18232
17658
17762
19698
18845
10373
25876
18130
18949
13187
19057
20721
21847
13767
23163
17111
16759
23706
16162
16914
22811
12688
22350
18248
12264
23903
21981
12691
20409
21814
10567
22369
17364
16349
15106
18403
22202
18440
17823
19253
18928
13426
26784
12851
15206
21303
16776
23668
15702
23257
11703
18045
21771
19785
16954
17555
26321
16061
20006
14119
19635
18512
15060
25209
15819
19592
12976
15914
23733
12840
21556
14901
22607
14555
20030
13318
25570
15418
23000
17186
15523
23194
17413
21104
13373
18575
18477
17127
24205
13247
21036
22201
17358
14635
24203
22075
17977
17846
25128
16015
17532
14728
23084
15630
19351
19598
17269
18933
20557
15179
20884
19518
18313
16061
19507
19128
17705
19471
21873
18123
19947
14582
25595
17644
17124
18987
20683
19669
15368
24228
19025
17012
18093
14059
23440
13859
10417
24836
17712
20434
19997
19829
21402
17757
19612
21889
19002
17692
16180
23253
14677
22011
17446
17942
17968
17174
16987
21854
14777
23112
16790
18659
20723
22451
15890
21737
18986
13388
21022
19160
20306
19435
23099
17778
17317
19643
18871
23633
15033
21258
18749
24438
14461
21141
20511
18419
18826
19230
19246
19211
19729
15965
22790
13822
19935
19171
18491
21074
16903
22217
16908
19071
15352
23557
18580
15991
21820
15423
20287
18908
20524
20533
17069
17008
16916
22048
20160
15162
21291
18840
21705
9245
27159
15374
15771
19959
22125
19317
19383
21903
14219
16580
21194
16354
22170
14256
24790
18054
14392
18062
19592
18241
15786
22043
16319
17349
17116
21721
19525
18657
19730
18584
12205
24813
17768
16902
21560
17737
20482
13435
17238
26502
13043
18429
21031
19113
21085
10587
24580
14286
22401
16411
18343
21517
19750
16374
17594
14733
17988
26240
15087
21046
18255
18502
17433
25544
13290
10395
25924
16139
18359
20740
18914
14173
26861
13281
24614
10057
20088
22452
15251
20394
16461
19124
21511
14786
19065
18578
15935
26191
20589
12901
21806
24463
16226
23473
16341
16862
18639
18420
14817
18779
15927
24272
20114
16824
16618
15961
18876
17204
24312
15278
17194
19571
22813
18558
17107
16124
24543
19887
18659
22106
17495
23222
17003
14322
19032
23788
12879
22679
16256
19238
12834
19772
15860
23265
23872
13828
12700
20202
18848
13223
25033
17396
18810
15084
15619
22603
23099
12482
20270
21556
13486
20476
15802
26467
15572
14276
19675
20544
15865
15100
26888
16660
17121
18162
16424
19471
20492
16916
20579
19845
16705
23125
17471
23816
18587
18419
17438
16373
19707
22996
19428
19912
16798
19029
13965
26094
12610
23715
20269
14098
15943
24095
15567
14381
23010
22356
15653
18135
17172
21738
15930
23003
17186
19652
19890
16473
18831
18647
17745
21235
19381
25872
11439
17326
19631
20913
16697
19978
18318
19559
14642
16387
23762
19806
16785
18042
19153
16801
19640
19509
16153
23276
15206
21455
15490
18522
19726
17545
18443
18853
19429
16718
19708
21721
15043
20452
15682
21112
19002
21118
18254
19054
17362
21367
20126
19057
17332
12135
23550
17932
25735
16613
18751
11760
23573
21826
15925
23923
16596
17137
13145
18375
28684
18824
16353
14255
17131
20125
18889
24176
15202
20819
15885
18848
18594
21953
15877
16143
20326
22558
18912
22004
17688
14071
22353
22742
19124
21963
15444
16818
19738
18668
19718
16789
19157
19850
15901
18200
20057
16103
16009
21074
18698
24312
12460
16695
19631
20975
21516
18576
17192
23463
12885
15671
18838
22114
20708
16346
18375
17376
25754
15990
19501
18497
20473
15908
16090
14762
16578
17716
16121
27173
13983
15583
15886
26390
14567
22409
19161
15634
22085
14521
16925
22844
17193
22179
17089
16215
16656
19798
19782
20289
18475
14022
17095
19892
21199
13631
21582
22770
14813
19105
22206
21821
20842
15595
22238
16788
13110
20503
16792
19638
17965
17100
21986
21906
15616
21740
21184
21232
16454
16402
19640
19397
19523
25211
13534
14952
14312
22152
22212
18992
14596
15479
24246
19719
13568
22860
13976
23903
13707
18710
22201
16713
19302
16167
25248
13763
19469
14106
23041
23785
13155
22778
15838
22780
13142
21607
18878
20755
15215
14826
20969
27703
11341
18607
20612
17569
21023
18894
21043
16734
22560
16953
11467
25963
15006
21733
17373
19376
17242
19349
17603
26503
13480
22212
19623
17669
21322
11296
21188
20845
15612
24297
13103
18053
18554
11902
23152
19018
19727
18067
12606
22000
18956
23411
16174
16791
19482
20545
14600
21125
21848
17572
11722
23557
20250
14291
26133
9914
22141
15138
18032
22564
19320
16991
15369
24088
18584
20418
17918
16255
18743
25521
15714
17728
23710
8863
24153
19703
18668
20668
11397
21904
21419
15972
21803
10628
25150
17606
18920
22388
11758
16572
27933
14621
12554
21364
18107
19902
19414
17635
19107
24214
17487
16069
12990
26418
11887
21733
15777
20019
16459
22239
17339
15678
21040
18962
16802
17864
18678
18283
16607
16512
16016
21203
15878
13920
22937
11011
28740
15330
16502
16894
17308
24271
18263
20499
13108
13908
23263
17030
18891
16168
15565
20996
21011
17063
18893
19040
15987
18971
16632
26507
17401
15730
22125
13695
18102
20731
18513
26426
12988
17341
23339
10489
24071
15125
15483
22361
22342
17612
16683
17762
18440
18279
18514
20635
20942
18579
17628
27020
10912
16018
27082
12760
19439
16627
17041
24023
15861
21176
18279
18857
15622
21076
22971
14308
20273
22625
13240
15633
25569
16519
22449
15864
16838
16217
20106
18184
17953
27909
14575
13931
19357
17664
22833
20005
17073
16854
17041
22127
13875
23679
21972
16563
13576
22592
14436
22603
20562
19632
17846
13860
18305
24256
15193
17867
22775
21174
16225
15213
19245
26981
16402
19861
18217
16801
24510
18251
13781
20339
16486
19850
18570
18420
20062
21791
17210
21007
17577
19722
20571
18898
14649
19552
20511
18676
16497
15887
22588
21259
14318
26227
17304
11745
25929
18943
18116
20708
17980
21103
17481
18887
14648
24257
14799
20821
19668
19616
15981
20535
20473
13931
23552
17985
14623
20351
22547
13768
24080
18794
14386
20707
16229
23280
13751
20721
20359
17021
17451
21890
20192
15670
18250
22281
17956
18823
18490
16333
19175
20978
18248
14142
18870
16764
24566
17422
13025
19271
23274
16705
21983
20204
12311
16714
19030
19042
18635
16577
13630
26117
11440
22723
19649
19660
16029
18805
18175
20480
17206
19809
20136
16921
21660
18979
16860
17113
20163
22427
14832
23464
19204
17278
14553
18092
18800
26849
12997
23803
17264
21196
18670
21775
10808
20143
18013
20165
18268
16729
26646
14226
18390
18093
19636
16504
23673
18959
16046
16236
18736
20191
21124
14791
17094
16137
22685
17946
20948
19580
16900
17197
13159
30157
14401
20461
18885
15352
15748
21666
20774
17748
16166
16863
16092
21217
19892
17193
19730
14850
18069
22553
12081
20769
20290
20791
16600
11326
25787
21657
19222
14024
23063
16269
18298
23690
19750
11742
19112
20519
17750
22053
19281
22753
17104
15674
18645
20136
18721
17608
13985
23423
19978
17846
15413
18055
26397
14090
18397
14981
11450
30808
13094
19752
18306
19399
18725
21373
22188
12748
13859
22217
24417
15763
21484
16076
21891
12928
22857
15916
22146
13805
21548
14624
23323
12635
23022
15676
18589
15819
23129
12179
22532
19897
16781
20978
18231
17648
19136
17020
21948
18184
15933
18399
20563
18273
17778
15102
16409
18560
21728
15965
15435
26013
11453
23938
17247
20800
21081
19251
16879
14191
24748
17521
16883
18849
13624
20714
22744
18973
13827
22025
13396
25647
14662
21699
14803
20510
11642
27235
14743
17571
18345
19312
17003
16215
18669
17688
22985
10208
21124
10420
22570
16579
20911
10970
24043
19990
13374
19710
19022
13907
22930
14698
21317
14422
20483
18261
17635
21452
14065
17489
21827
15054
22211
16830
19228
16038
22696
18651
13923
15667
22883
19680
14141
20019
19687
16911
15194
17913
23162
17645
14158
21720
16671
20866
14743
16658
18550
16636
22656
14298
20049
17059
19484
20191
22845
13878
21139
17624
16564
18512
13270
26823
12317
19410
18907
19470
20338
19928
15433
17356
23854
15526
17787
22044
18894
13413
15551
22404
14803
19210
17960
16599
19285
21373
13659
23722
15566
15483
22745
18882
12733
24958
18365
14500
21155
18429
17545
21428
13424
19287
16965
22838
13137
19841
19162
16523
19271
19316
18298
15621
19173
14462
21359
20702
11399
23057
20659
14629
21327
17774
18761
19023
16444
22013
15760
19148
15441
24236
13690
18117
18892
18807
18539
20286
16150
18383
21877
14078
24332
16529
17600
20020
16866
20537
17685
19286
14460
27043
13672
16493
18577
17861
20959
19141
19728
23142
11724
16929
17395
24020
13651
14988
25529
19690
14443
17572
23755
18104
14736
21313
21346
13636
20861
17477
22514
17009
13545
21208
19342
14747
23241
18764
17753
23159
15534
24122
16366
23217
11160
26910
15801
17418
14667
23440
17696
11963
25689
13595
14083
24001
18058
13149
23179
21199
14840
17373
23216
19430
16295
22729
12366
19780
22357
13535
16278
19381
12401
20837
17846
10495
26923
12529
18903
17814
17340
19316
18444
15718
21080
18990
18211
18290
18203
24297
16415
14491
14391
19858
21396
15369
17047
19040
26044
13375
19479
16420
22202
19400
18220
17833
17022
21848
16704
16475
19236
18175
25587
13049
19923
17461
19039
18937
10297
27495
19574
14308
17535
24094
12615
20105
21251
14441
24791
14867
11172
24632
16462
18353
17697
20690
17709
18749
19065
16550
21704
15592
19677
19812
14347
25332
16722
20305
19019
17533
29667
11629
13688
24628
12465
23619
15696
21619
17635
21356
12346
22000
17236
17449
18511
19566
16868
20507
21544
13245
24220
11630
22376
20354
14492
24302
14815
20221
16141
24581
15613
16562
18898
14970
23797
16540
27008
16634
21308
16126
14515
18583
21881
14959
18748
21913
13035
24400
18276
22547
14722
16743
20181
23076
10701
23866
15974
18960
17676
17336
25552
12409
18413
17283
24806
11470
16011
25825
17475
17043
28799
13377
20986
20541
18685
16882
21064
18144
17435
18166
18348
19321
17093
20519
15767
18334
15844
22348
10912
26170
14613
21007
19149
15319
16744
20721
18978
16890
19661
19073
21543
15964
17290
22620
22025
17680
15444
22061
19689
20056
14195
19229
17473
22826
21381
12994
19984
24657
17607
22675
15617
22864
17380
21811
16380
20868
14676
21514
18806
20386
14631
19387
18688
19330
18690
14515
23730
11702
19365
20568
17787
14769
16555
23953
15854
17984
19700
21945
19325
20751
18748
17353
16676
23632
21027
15311
20631
20055
20665
19075
14507
16822
28495
19357
15737
13680
28888
14783
13658
22502
18567
19550
14591
22557
15759
22733
18047
21301
20691
16369
17461
20797
24782
12141
21333
15032
24567
18321
15989
17263
16991
17955
21925
17980
18176
17747
21147
14471
17961
19535
18735
20938
15560
19105
20296
20237
17290
19947
16711
27972
15713
18349
15613
16530
23904
19747
20961
16801
20015
14193
25363
14219
14899
24470
17899
19605
22046
19986
14566
23760
15217
18845
20182
18964
15002
17586
21726
19374
16671
19656
20656
19365
17888
17179
17512
20464
17594
22337
14300
21133
19432
17521
22013
15051
21701
18355
14306
24252
12581
18591
22370
17826
18232
21496
15621
23049
19980
16852
18620
20897
20755
14941
22548
18793
16262
20532
15846
20167
18685
20275
20608
19397
18391
17189
16752
24016
13850
23014
15882
18879
21039
17122
19323
19399
16681
22797
11242
19423
20390
25090
11671
21207
19492
14960
18830
23397
20966
15659
17203
21646
15428
22245
19157
16039
24472
13780
20381
19431
14493
27995
12281
20206
19598
15642
22681
17009
20794
15456
18053
25681
14149
19805
21269
12697
23011
20691
18015
18042
18917
12806
22930
14693
22272
15650
20272
13681
23235
10264
21930
19446
20769
14525
24668
12123
26815
8167
18821
20115
17334
17996
21141
22239
14160
18207
23983
16740
19018
16823
24197
19192
19211
13642
18116
16538
26558
16384
19075
17671
16506
19196
23480
15649
24855
17206
15816
18232
20333
22412
19714
15900
19295
20598
16763
16963
15958
23978
12947
23952
18125
21324
14286
20327
14975
23981
14082
26352
15865
10915
22802
16290
22546
21963
13951
23060
15609
23990
22498
14659
18476
23445
15178
19265
15098
18534
20397
19392
14654
22792
18228
19577
18195
16603
17326
19773
22297
17775
18526
15617
22231
18945
13885
21094
21504
19834
18855
20052
19564
18022
19728
16233
24262
18084
25902
15054
18146
18490
19482
17292
21214
20488
18805
19166
16274
25112
18888
11450
20478
18770
16475
24212
22405
17890
19674
16513
17885
19316
13350
23559
16853
19070
21624
16939
18038
22028
16843
15745
20703
23557
21225
19964
21452
12736
22876
17145
23004
19079
24163
19542
16871
16512
21908
19454
18152
22978
21086
17462
20456
17000
17925
20746
0
