12671
15000
11405
15000
15000
10243
15000
15000
15000
14565
15000
11623
15000
15000
15000
15000
15000
15000
15000
15000
15000
15000
12446
15000
15000
15000
15000
15000
15000
11454
15000
15000
15000
15000
15000
15000
15000
15000
15000
15000
15000
15000
15000
15000
14029
15000
15000
15000
15000
15000
15000
15000
15000
11465
15000
15000
15000
15000
15000
13741
15000
15000
15000
15000
15000
15000
15000
15000
15000
15000
15000
12898
15000
15000
14620
15000
15000
15000
15000
15000
14993
15000
14915
15000
15000
8697
15000
15000
15000
15000
15000
15000
15000
15000
15000
15000
15000
15000
15000
14435
15000
15000
15000
15000
15000
15000
15000
15000
15000
15000
15000
15000
11394
15000
15000
15000
15000
15000
15000
15000
15000
15000
15000
15000
15000
15000
15000
15000
15000
15000
12758
15000
15000
15000
15000
15000
14914
15000
15000
12955
15000
15000
15000
15000
14818
15000
15000
15000
15000
13983
15000
15000
15000
15000
15000
15000
15000
15000
15000
15000
15000
15000
15000
15000
13532
15000
15000
15000
14149
15000
15000
15000
15000
15000
15000
15000
13880
15000
13465
15000
15000
15000
14791
15000
15000
15000
15000
15000
15000
14253
15000
15000
15000
15000
15000
15000
15000
15000
15000
14142
15000
15000
15000
15000
13845
15000
15000
15000
12580
15000
15000
15000
15000
15000
15000
15000
15000
15000
12255
15000
15000
11549
15000
15000
15000
15000
15000
15000
15000
15000
15000
15000
13696
15000
15000
15000
15000
15000
15000
10532
15000
15000
15000
13385
15000
15000
15000
15000
15000
15000
14370
15000
15000
15000
15000
15000
15000
15000
15000
15000
15000
15000
13694
15000
15000
12087
15000
13022
15000
15000
15000
15000
15000
15000
15000
13287
15000
15000
15000
15000
15000
14666
15000
15000
15000
15000
15000
15000
15000
15000
15000
15000
15000
15000
11557
15000
15000
15000
15000
15000
13094
15000
15000
15000
15000
13204
15000
15000
13574
15000
15000
15000
13455
15000
13265
15000
15000
13158
15000
15000
15000
15000
15000
15000
15000
15000
15000
15000
11629
15000
15000
15000
15000
15000
15000
15000
15000
13240
15000
14114
15000
15000
15000
15000
15000
15000
12058
15000
15000
15000
13747
15000
13944
15000
15000
15000
15000
14966
15000
15000
15000
15000
12967
15000
15000
15000
15000
15000
15000
15000
15000
15000
15000
15000
8348
15000
15000
15000
15000
15000
15000
15000
15000
15000
15000
15000
12411
15000
15000
15000
15000
15000
14738
15000
15000
15000
14782
15000
15000
15000
15000
15000
15000
15000
15000
15000
15000
15000
15000
15000
15000
13889
15000
15000
15000
15000
15000
9846
15000
15000
15000
15000
15000
15000
15000
15000
15000
15000
15000
15000
15000
15000
15000
15000
14742
15000
15000
15000
15000
15000
15000
15000
14713
15000
15000
15000
12682
15000
15000
14858
15000
15000
15000
13290
15000
12631
15000
15000
15000
15000
15000
15000
15000
15000
15000
15000
15000
15000
15000
15000
15000
15000
15000
15000
15000
15000
15000
15000
15000
15000
15000
14608
15000
15000
15000
15000
15000
15000
15000
15000
15000
15000
15000
15000
13974
15000
15000
14752
15000
15000
15000
12507
15000
15000
13827
15000
15000
15000
15000
15000
15000
15000
15000
15000
15000
15000
15000
12425
15000
15000
15000
15000
15000
15000
14512
15000
15000
12869
15000
15000
13489
15000
9435
15000
15000
15000
15000
15000
15000
15000
15000
15000
15000
15000
15000
12332
15000
14200
15000
14793
15000
15000
15000
13032
15000
15000
15000
12226
15000
15000
15000
15000
15000
15000
15000
15000
15000
15000
15000
13615
15000
15000
15000
15000
15000
13161
15000
15000
12682
15000
15000
15000
13523
15000
15000
13561
15000
15000
15000
15000
15000
15000
15000
15000
15000
15000
15000
15000
15000
15000
14866
15000
15000
13563
15000
15000
15000
12644
15000
15000
15000
15000
15000
15000
15000
15000
15000
11993
15000
15000
12859
15000
14246
15000
15000
15000
15000
15000
15000
15000
12265
15000
15000
15000
15000
15000
11858
15000
15000
15000
15000
15000
15000
15000
15000
15000
14543
15000
15000
15000
15000
15000
15000
14434
15000
15000
15000
15000
15000
15000
15000
15000
15000
15000
15000
12283
15000
15000
14378
13982
15000
15000
15000
14835
15000
15000
15000
13375
15000
15000
15000
9107
15000
15000
15000
15000
15000
15000
14589
15000
15000
15000
15000
15000
15000
15000
14334
15000
15000
15000
15000
15000
15000
15000
15000
13028
15000
15000
15000
15000
11883
15000
15000
15000
15000
14495
15000
15000
15000
10965
15000
15000
15000
14194
15000
15000
15000
15000
15000
15000
15000
15000
15000
15000
15000
15000
15000
15000
15000
15000
15000
15000
15000
15000
13435
15000
15000
15000
15000
10241
15000
15000
15000
15000
15000
15000
15000
15000
15000
15000
15000
15000
15000
15000
15000
15000
15000
15000
14363
15000
15000
15000
15000
15000
12324
15000
15000
15000
15000
15000
14323
15000
15000
15000
15000
15000
14380
15000
15000
15000
15000
15000
15000
13350
15000
15000
13459
15000
15000
12809
15000
15000
15000
15000
13517
15000
15000
15000
13020
15000
15000
15000
12028
15000
15000
15000
15000
15000
15000
15000
15000
15000
15000
13090
15000
15000
15000
15000
15000
15000
15000
15000
15000
14194
15000
15000
15000
13260
15000
15000
15000
15000
15000
13599
15000
14261
15000
15000
15000
15000
15000
15000
10725
15000
15000
15000
15000
15000
15000
15000
15000
15000
13264
15000
15000
15000
15000
15000
8797
15000
15000
15000
14929
15000
15000
15000
14185
15000
15000
14464
15000
15000
15000
15000
15000
15000
14762
15000
15000
15000
15000
15000
15000
15000
15000
15000
15000
15000
15000
15000
15000
15000
15000
15000
15000
15000
15000
15000
14164
15000
15000
15000
15000
15000
15000
15000
15000
15000
15000
15000
9745
15000
15000
15000
15000
14580
15000
15000
15000
15000
15000
15000
15000
15000
15000
15000
15000
15000
13385
15000
15000
15000
15000
15000
15000
11858
15000
15000
15000
15000
15000
15000
15000
15000
15000
15000
15000
15000
15000
13046
15000
15000
15000
15000
15000
15000
15000
15000
15000
15000
15000
15000
14664
12329
15000
15000
15000
15000
12632
15000
15000
13704
15000
15000
15000
15000
15000
15000
15000
15000
15000
15000
15000
15000
15000
15000
15000
15000
15000
15000
15000
15000
15000
15000
15000
14205
15000
15000
15000
15000
15000
14809
15000
15000
15000
10756
15000
15000
15000
15000
15000
11970
15000
15000
15000
15000
15000
15000
15000
15000
15000
15000
15000
15000
15000
15000
15000
15000
15000
15000
15000
15000
15000
13602
15000
15000
15000
15000
15000
15000
14859
15000
15000
15000
15000
15000
15000
13301
15000
15000
15000
15000
15000
15000
15000
14352
15000
15000
15000
15000
14547
12566
15000
15000
14462
15000
15000
15000
15000
15000
15000
15000
11677
15000
15000
15000
15000
13419
15000
14239
15000
15000
15000
15000
15000
15000
15000
15000
15000
15000
14667
15000
15000
15000
15000
15000
15000
15000
14254
15000
15000
15000
15000
15000
15000
15000
15000
15000
15000
15000
15000
15000
15000
15000
15000
15000
14951
15000
15000
15000
13755
15000
15000
15000
13865
15000
15000
15000
15000
15000
15000
15000
15000
15000
11509
15000
15000
15000
15000
15000
14719
15000
13483
15000
15000
14998
15000
15000
15000
15000
14083
15000
15000
15000
15000
15000
15000
15000
15000
15000
15000
15000
15000
15000
9129
15000
15000
15000
15000
15000
15000
15000
15000
15000
15000
12236
15000
15000
15000
15000
15000
13518
15000
15000
15000
15000
15000
15000
15000
13444
15000
15000
13522
15000
15000
15000
15000
15000
15000
15000
15000
15000
15000
15000
15000
15000
15000
15000
14696
15000
15000
13439
15000
15000
12528
15000
15000
15000
15000
15000
15000
15000
15000
15000
15000
14450
15000
15000
15000
15000
14033
15000
15000
15000
13224
15000
15000
15000
12844
15000
15000
15000
15000
15000
15000
15000
15000
15000
15000
15000
15000
15000
11062
15000
15000
11443
15000
15000
15000
12474
13461
15000
11557
15000
15000
15000
13513
15000
15000
15000
14867
15000
14571
15000
15000
15000
15000
15000
15000
15000
15000
15000
15000
15000
15000
15000
15000
15000
15000
15000
15000
15000
15000
15000
15000
15000
15000
15000
15000
15000
15000
15000
15000
15000
15000
12522
15000
15000
15000
15000
15000
15000
15000
15000
15000
15000
15000
15000
15000
14304
15000
15000
15000
15000
15000
15000
15000
15000
15000
15000
15000
15000
15000
13711
15000
15000
14179
15000
15000
15000
15000
15000
14388
15000
15000
14154
15000
15000
10032
15000
15000
15000
15000
15000
15000
15000
15000
15000
15000
14475
15000
15000
15000
15000
13420
12413
15000
15000
15000
10549
15000
15000
15000
12564
15000
13174
15000
14103
15000
15000
14768
15000
15000
15000
15000
14807
15000
14221
15000
15000
15000
15000
15000
15000
15000
15000
15000
15000
15000
15000
14655
15000
15000
13430
15000
15000
15000
15000
15000
15000
12610
15000
15000
15000
15000
15000
15000
15000
15000
15000
15000
11934
15000
15000
15000
15000
15000
15000
14133
15000
15000
15000
15000
15000
13744
15000
15000
15000
15000
13476
15000
15000
15000
12697
15000
15000
15000
15000
15000
15000
15000
15000
15000
15000
14955
15000
15000
13929
14863
15000
15000
15000
14329
15000
15000
15000
15000
15000
13653
15000
14010
15000
15000
15000
15000
15000
15000
15000
15000
13882
15000
15000
15000
15000
15000
14837
15000
15000
15000
15000
15000
15000
12499
15000
15000
15000
15000
15000
15000
15000
15000
15000
15000
15000
12061
15000
15000
13342
15000
15000
15000
15000
15000
15000
15000
15000
15000
15000
15000
15000
15000
15000
15000
15000
15000
15000
15000
15000
15000
10046
15000
14138
15000
15000
15000
15000
13952
15000
15000
14800
15000
15000
14630
15000
15000
15000
9352
15000
15000
15000
15000
15000
15000
15000
14273
15000
15000
15000
15000
14844
15000
15000
14339
15000
15000
15000
15000
15000
15000
15000
15000
15000
15000
14937
15000
15000
15000
15000
15000
15000
15000
15000
15000
15000
15000
15000
15000
15000
15000
15000
11801
15000
15000
15000
15000
15000
15000
15000
15000
15000
15000
15000
15000
10516
15000
15000
15000
15000
15000
15000
15000
14246
15000
15000
14149
15000
15000
15000
15000
15000
15000
14830
15000
15000
15000
15000
15000
15000
15000
15000
15000
15000
15000
13909
15000
15000
10062
15000
15000
15000
15000
15000
15000
15000
15000
15000
15000
15000
15000
15000
15000
15000
15000
15000
15000
15000
15000
15000
15000
15000
15000
14279
15000
14557
15000
15000
15000
14530
15000
15000
15000
15000
15000
14930
15000
15000
15000
15000
15000
15000
13282
15000
15000
15000
15000
15000
15000
15000
15000
13795
15000
13461
15000
15000
15000
15000
15000
15000
15000
15000
15000
15000
15000
15000
15000
15000
15000
15000
15000
15000
12857
15000
15000
13504
15000
15000
14080
15000
15000
15000
15000
11264
15000
15000
15000
15000
15000
12067
15000
15000
15000
15000
15000
15000
15000
15000
15000
15000
15000
15000
15000
15000
12818
15000
15000
11231
15000
15000
15000
13421
15000
15000
15000
12765
15000
15000
15000
13712
15000
15000
15000
15000
15000
15000
15000
15000
14548
15000
15000
15000
14563
15000
15000
15000
15000
13577
15000
15000
13143
15000
15000
15000
15000
15000
15000
15000
15000
14962
15000
12852
13150
15000
15000
12437
15000
15000
15000
15000
11877
15000
15000
15000
12392
15000
15000
15000
15000
13051
15000
15000
12572
15000
15000
15000
15000
15000
15000
15000
15000
15000
15000
15000
15000
15000
15000
15000
15000
11760
15000
15000
15000
15000
15000
13471
15000
15000
15000
15000
15000
15000
15000
14255
15000
13830
15000
12308
15000
15000
15000
15000
11266
15000
15000
15000
15000
15000
15000
14560
15000
15000
15000
15000
15000
15000
15000
15000
15000
15000
15000
15000
15000
15000
15000
15000
15000
15000
15000
11815
15000
15000
15000
15000
15000
14094
15000
15000
14637
10680
15000
15000
15000
15000
15000
15000
15000
15000
15000
15000
15000
15000
15000
15000
15000
14593
15000
15000
15000
15000
15000
15000
13663
15000
15000
15000
15000
15000
15000
15000
15000
15000
15000
15000
15000
15000
15000
15000
15000
9216
15000
15000
15000
15000
15000
15000
15000
15000
15000
15000
15000
15000
15000
15000
13044
15000
15000
13974
15000
11802
15000
15000
15000
15000
15000
13990
15000
15000
15000
15000
13919
15000
15000
12873
15000
15000
15000
15000
15000
15000
14128
15000
15000
15000
15000
13365
15000
15000
15000
15000
15000
15000
15000
13974
15000
15000
15000
15000
15000
15000
15000
15000
15000
15000
15000
15000
15000
15000
15000
8577
15000
15000
14953
15000
15000
15000
15000
15000
15000
15000
15000
15000
15000
15000
15000
15000
15000
13598
15000
15000
15000
13483
15000
15000
15000
15000
15000
15000
15000
15000
15000
15000
15000
15000
15000
15000
15000
15000
10951
15000
15000
15000
15000
15000
14079
15000
15000
13474
15000
15000
15000
13906
15000
15000
14805
15000
15000
14653
15000
15000
15000
15000
15000
12528
15000
15000
15000
15000
15000
14641
15000
14461
15000
15000
11812
15000
15000
15000
15000
15000
15000
15000
11354
15000
15000
15000
15000
15000
15000
15000
11872
15000
15000
13190
15000
15000
11564
15000
15000
15000
15000
15000
15000
15000
15000
15000
15000
15000
15000
15000
15000
15000
15000
12635
15000
15000
15000
12896
15000
15000
15000
15000
15000
15000
15000
14992
15000
15000
15000
15000
15000
14710
15000
15000
15000
15000
15000
15000
15000
15000
15000
15000
15000
14764
15000
15000
15000
15000
15000
15000
15000
15000
15000
15000
15000
15000
12717
15000
15000
15000
9832
15000
15000
15000
15000
15000
15000
15000
14160
15000
15000
15000
13485
13948
15000
15000
14277
15000
15000
15000
15000
14582
15000
15000
15000
15000
15000
15000
15000
15000
12955
15000
15000
11419
15000
15000
15000
14181
15000
15000
15000
11712
15000
15000
15000
12900
15000
15000
15000
15000
15000
15000
15000
15000
15000
15000
15000
15000
15000
12529
15000
14408
15000
15000
15000
15000
15000
15000
15000
15000
15000
15000
15000
15000
14819
15000
13238
15000
15000
15000
15000
15000
14865
15000
15000
13009
15000
14838
15000
15000
15000
15000
13992
15000
15000
15000
15000
13943
15000
15000
12440
15000
15000
15000
15000
15000
15000
15000
15000
15000
11411
15000
15000
15000
15000
15000
15000
15000
15000
15000
14272
15000
15000
10094
15000
15000
15000
15000
15000
15000
15000
15000
15000
15000
15000
14403
15000
15000
15000
15000
15000
15000
15000
15000
15000
15000
15000
15000
15000
15000
14351
15000
12361
15000
15000
15000
15000
15000
13259
15000
13472
15000
15000
15000
15000
15000
14858
14082
15000
15000
15000
15000
15000
15000
11106
15000
15000
15000
15000
15000
15000
15000
14569
15000
15000
15000
15000
15000
15000
15000
15000
13972
15000
15000
15000
15000
14899
15000
15000
11892
15000
15000
15000
15000
15000
15000
15000
15000
15000
15000
15000
15000
15000
15000
15000
15000
15000
15000
15000
12648
15000
15000
15000
15000
14118
15000
15000
15000
15000
15000
15000
15000
15000
15000
14953
15000
13297
15000
15000
15000
13495
15000
14610
15000
15000
15000
15000
15000
15000
15000
15000
15000
15000
15000
15000
15000
15000
15000
15000
15000
15000
14233
15000
15000
15000
15000
14049
15000
14677
14764
15000
14971
15000
15000
15000
10192
15000
15000
15000
14816
15000
15000
15000
15000
15000
15000
15000
13238
15000
15000
15000
15000
15000
15000
15000
15000
15000
15000
15000
15000
15000
15000
15000
15000
15000
14419
15000
15000
15000
15000
15000
15000
15000
15000
15000
15000
15000
15000
15000
15000
14573
15000
14027
15000
15000
15000
14915
15000
15000
15000
15000
15000
15000
15000
15000
15000
15000
15000
15000
15000
15000
15000
15000
14038
11935
15000
15000
15000
15000
15000
14287
15000
15000
15000
15000
13012
15000
15000
15000
15000
13190
15000
15000
14514
15000
15000
11805
15000
15000
13091
15000
13184
15000
15000
15000
15000
15000
15000
15000
15000
15000
13253
15000
15000
15000
15000
14701
15000
15000
15000
15000
11672
15000
15000
15000
15000
15000
15000
15000
15000
15000
15000
15000
11292
15000
15000
15000
15000
15000
15000
15000
15000
15000
14968
15000
15000
15000
11409
15000
15000
11437
15000
15000
11963
15000
15000
15000
15000
15000
15000
14549
15000
15000
10330
15000
15000
15000
15000
15000
12219
15000
15000
15000
15000
15000
15000
14669
15000
15000
15000
15000
15000
13891
15000
15000
12350
15000
15000
15000
15000
15000
15000
15000
15000
10901
15000
15000
15000
15000
15000
12424
15000
15000
15000
15000
15000
14045
15000
15000
15000
15000
14042
15000
15000
13348
15000
15000
15000
15000
15000
15000
15000
15000
15000
15000
15000
15000
10810
15000
15000
15000
15000
15000
15000
13920
15000
15000
14391
15000
14011
15000
15000
15000
15000
15000
15000
15000
15000
15000
15000
14275
15000
15000
15000
15000
15000
15000
15000
15000
15000
15000
15000
14743
15000
15000
15000
15000
15000
15000
15000
15000
14406
15000
15000
15000
15000
13554
15000
15000
12374
15000
15000
12142
14114
15000
15000
15000
15000
15000
15000
14969
14296
15000
15000
15000
15000
15000
15000
15000
15000
15000
15000
15000
15000
15000
15000
15000
15000
15000
15000
15000
14000
15000
15000
14671
15000
15000
12969
15000
15000
15000
11540
15000
15000
12184
15000
15000
12489
15000
15000
15000
15000
15000
15000
15000
15000
15000
15000
15000
15000
15000
15000
15000
15000
15000
15000
11007
12267
15000
15000
13240
15000
14766
15000
15000
15000
15000
15000
14531
15000
15000
15000
15000
15000
15000
12245
15000
15000
15000
14055
15000
15000
15000
15000
15000
15000
15000
12947
15000
15000
15000
15000
14798
15000
15000
14867
15000
15000
15000
15000
15000
15000
15000
15000
15000
15000
15000
15000
15000
15000
15000
15000
15000
15000
14818
15000
13414
15000
15000
15000
14153
15000
15000
15000
13573
15000
15000
15000
15000
15000
15000
11860
15000
15000
15000
15000
15000
15000
15000
15000
15000
13347
15000
14023
15000
15000
15000
15000
14208
15000
15000
15000
15000
15000
15000
15000
15000
15000
15000
15000
15000
15000
15000
15000
15000
15000
15000
15000
15000
15000
15000
15000
15000
15000
14008
15000
15000
15000
15000
15000
15000
15000
15000
15000
11137
15000
14592
15000
15000
14978
15000
15000
15000
15000
15000
15000
15000
14984
15000
15000
15000
15000
15000
15000
15000
12945
15000
15000
15000
12361
15000
15000
12413
15000
15000
15000
12232
15000
15000
11752
15000
15000
15000
15000
15000
15000
15000
15000
13437
15000
15000
15000
15000
15000
15000
15000
14618
15000
15000
15000
15000
15000
12397
15000
14338
15000
15000
15000
15000
15000
15000
14097
15000
15000
15000
13278
15000
13829
15000
12637
15000
15000
15000
15000
14403
15000
15000
15000
15000
15000
15000
15000
15000
15000
14103
15000
15000
15000
15000
15000
15000
15000
15000
15000
15000
15000
15000
12740
15000
15000
15000
15000
15000
9687
15000
15000
15000
15000
15000
12024
15000
10715
15000
15000
15000
15000
15000
15000
15000
15000
13869
15000
12453
15000
15000
15000
15000
15000
15000
15000
15000
15000
15000
15000
15000
14182
15000
15000
15000
15000
15000
15000
15000
15000
15000
15000
12817
15000
15000
14549
15000
15000
15000
14910
15000
15000
15000
15000
15000
14538
15000
15000
15000
15000
15000
14377
15000
15000
15000
15000
15000
11597
15000
15000
14518
15000
15000
12052
15000
15000
15000
15000
13921
15000
15000
15000
12659
15000
15000
15000
14730
15000
15000
15000
15000
15000
15000
15000
15000
15000
15000
14234
15000
15000
14943
15000
15000
15000
15000
13437
15000
15000
15000
15000
15000
15000
15000
15000
14632
11450
15000
15000
13601
15000
15000
15000
15000
15000
15000
15000
15000
11405
14355
15000
15000
15000
15000
12746
15000
15000
15000
13091
15000
15000
15000
15000
13380
13725
15000
13834
15000
14549
15000
15000
15000
15000
15000
15000
15000
15000
15000
15000
15000
15000
15000
15000
15000
14555
15000
15000
15000
15000
15000
15000
15000
15000
14966
15000
15000
15000
15000
13676
15000
15000
13217
15000
15000
14739
15000
15000
15000
15000
15000
15000
15000
15000
14455
15000
15000
15000
15000
15000
15000
15000
15000
15000
15000
13240
15000
15000
14730
15000
15000
15000
15000
13785
15000
12942
15000
15000
15000
13656
15000
15000
15000
15000
15000
15000
15000
15000
15000
9655
15000
12956
15000
15000
15000
15000
13279
15000
15000
15000
13599
14198
15000
14271
15000
15000
15000
15000
15000
15000
15000
15000
15000
15000
15000
13663
15000
15000
15000
15000
15000
15000
15000
15000
15000
15000
15000
14755
15000
15000
15000
15000
15000
15000
15000
15000
15000
14543
15000
15000
15000
15000
15000
15000
15000
15000
15000
14428
15000
15000
15000
15000
15000
15000
15000
15000
15000
15000
15000
15000
13389
15000
15000
15000
14294
15000
13644
15000
15000
11928
15000
15000
15000
15000
15000
15000
13679
15000
13427
15000
14942
15000
15000
15000
15000
14859
13495
15000
15000
15000
15000
15000
14629
15000
15000
15000
14523
15000
15000
13528
15000
15000
15000
15000
15000
15000
11947
15000
11203
15000
15000
15000
15000
15000
13123
15000
15000
15000
15000
13095
15000
15000
15000
14711
15000
15000
14010
15000
15000
15000
15000
15000
15000
13984
15000
15000
15000
14986
15000
15000
15000
15000
15000
15000
15000
15000
15000
15000
15000
15000
15000
13364
15000
15000
15000
13954
15000
15000
14734
15000
15000
15000
15000
15000
15000
15000
15000
15000
15000
15000
15000
15000
15000
12971
15000
15000
15000
15000
15000
15000
15000
15000
15000
15000
15000
15000
13516
15000
15000
15000
15000
13638
14988
15000
15000
15000
14486
15000
15000
15000
15000
15000
15000
15000
15000
15000
15000
15000
15000
15000
15000
12853
15000
15000
15000
15000
15000
15000
15000
15000
15000
15000
14272
15000
14788
15000
15000
15000
15000
15000
15000
15000
15000
15000
15000
15000
15000
13662
13558
15000
15000
15000
15000
15000
15000
15000
15000
15000
15000
15000
15000
14970
15000
15000
15000
15000
15000
13590
15000
15000
15000
15000
15000
15000
8811
15000
15000
11908
15000
15000
15000
15000
15000
15000
11384
15000
15000
15000
15000
15000
15000
15000
15000
15000
15000
11671
15000
15000
15000
15000
15000
15000
15000
15000
15000
15000
15000
15000
15000
15000
15000
15000
15000
15000
15000
13517
15000
15000
15000
14435
15000
15000
12254
15000
13671
15000
15000
15000
11888
15000
15000
15000
13822
15000
15000
15000
10111
15000
14855
15000
13953
15000
15000
14672
15000
15000
15000
14580
15000
15000
15000
15000
15000
15000
15000
14828
15000
15000
11658
15000
15000
13492
15000
15000
14422
15000
15000
15000
15000
15000
15000
11324
13688
15000
15000
15000
15000
15000
15000
15000
15000
15000
10469
15000
15000
13676
15000
15000
15000
15000
15000
15000
15000
15000
15000
15000
11516
15000
15000
15000
14863
15000
15000
12542
15000
15000
15000
15000
13651
15000
15000
15000
15000
15000
15000
15000
15000
15000
15000
15000
15000
15000
15000
15000
14668
15000
15000
13275
14330
15000
15000
15000
15000
13193
15000
15000
15000
15000
12996
15000
15000
14496
15000
15000
13949
15000
15000
10718
15000
13333
15000
15000
13203
12812
15000
15000
15000
15000
15000
15000
15000
15000
15000
15000
15000
15000
15000
15000
15000
15000
15000
14284
15000
15000
15000
15000
12262
15000
15000
15000
15000
14656
15000
15000
11536
15000
15000
15000
15000
15000
15000
15000
15000
13666
15000
15000
15000
15000
14560
15000
15000
15000
15000
15000
15000
15000
15000
15000
15000
15000
15000
15000
15000
15000
15000
15000
12058
15000
15000
15000
15000
15000
15000
14343
15000
15000
15000
15000
15000
15000
15000
15000
15000
15000
15000
14237
15000
15000
15000
15000
15000
10350
15000
15000
14873
15000
15000
13508
15000
13981
15000
15000
15000
15000
15000
15000
15000
15000
15000
15000
15000
15000
15000
15000
15000
15000
15000
14856
15000
15000
15000
15000
15000
10059
15000
15000
15000
15000
15000
15000
14523
15000
15000
13970
13283
15000
13392
15000
15000
14900
15000
15000
11342
15000
15000
15000
15000
15000
15000
15000
15000
15000
15000
15000
15000
15000
13987
15000
14191
15000
15000
15000
14122
15000
15000
15000
15000
10415
15000
14913
15000
15000
15000
15000
15000
15000
15000
15000
15000
15000
15000
15000
15000
15000
14227
15000
15000
15000
13732
15000
15000
13006
15000
15000
15000
15000
15000
15000
15000
12465
15000
15000
14177
14470
15000
15000
15000
15000
15000
15000
15000
14780
15000
14913
15000
14137
15000
15000
15000
11883
15000
15000
15000
15000
14941
15000
15000
15000
15000
15000
15000
14558
15000
14861
15000
15000
14853
15000
15000
15000
15000
15000
15000
14256
15000
15000
15000
15000
15000
15000
15000
15000
15000
15000
15000
15000
15000
15000
15000
15000
15000
15000
15000
15000
15000
14081
15000
15000
15000
15000
15000
15000
15000
15000
15000
15000
15000
15000
15000
15000
15000
15000
15000
15000
15000
15000
15000
13929
15000
15000
15000
15000
15000
15000
14504
15000
15000
10944
15000
11577
15000
15000
15000
10418
15000
15000
12110
15000
15000
15000
15000
15000
15000
15000
15000
15000
15000
15000
15000
14786
12971
15000
14815
15000
15000
15000
15000
15000
13300
15000
15000
15000
15000
15000
15000
14588
15000
15000
15000
15000
15000
15000
14129
15000
15000
10932
15000
15000
15000
15000
15000
15000
15000
9194
15000
14537
15000
15000
14030
15000
15000
15000
15000
15000
15000
15000
15000
15000
15000
15000
11232
15000
15000
8686
15000
15000
11753
15000
15000
15000
15000
15000
13948
15000
15000
15000
15000
15000
15000
15000
15000
15000
15000
15000
15000
15000
15000
15000
15000
15000
15000
15000
14891
15000
15000
15000
14758
15000
15000
15000
14762
15000
15000
15000
15000
15000
15000
12216
15000
15000
15000
11666
15000
15000
15000
12967
15000
15000
15000
15000
15000
15000
15000
15000
15000
15000
15000
15000
15000
13365
15000
14418
15000
15000
15000
15000
11442
15000
15000
15000
15000
15000
15000
15000
15000
15000
15000
15000
14265
15000
15000
15000
15000
15000
15000
15000
15000
15000
15000
15000
15000
15000
15000
15000
15000
15000
15000
14993
15000
15000
15000
14552
15000
15000
15000
15000
15000
15000
15000
15000
15000
15000
15000
14709
15000
15000
15000
15000
15000
15000
15000
15000
15000
15000
15000
15000
15000
15000
15000
15000
15000
15000
15000
14258
14926
15000
15000
15000
15000
15000
15000
15000
15000
15000
15000
15000
15000
15000
15000
15000
15000
15000
15000
15000
15000
15000
15000
15000
14139
15000
15000
15000
15000
15000
15000
15000
15000
15000
15000
15000
15000
15000
15000
15000
15000
15000
15000
15000
15000
15000
15000
15000
15000
15000
15000
15000
15000
12716
15000
15000
15000
15000
0
