0	3537
100	417
200	446
300	395
400	437
500	436
600	422
700	410
800	422
900	413
1000	395
1100	424
1200	412
1300	418
1400	389
1500	405
1600	434
1700	454
1800	438
1900	442
2000	440
2100	443
2200	428
2300	431
2400	474
2500	447
2600	477
2700	462
2800	483
2900	424
3000	461
3100	462
3200	476
3300	426
3400	460
3500	469
3600	436
3700	484
3800	438
3900	470
4000	448
4100	476
4200	472
4300	400
4400	455
4500	409
4600	433
4700	445
4800	446
4900	438
5000	430
5100	454
5200	443
5300	473
5400	410
5500	436
5600	444
5700	392
5800	415
5900	409
6000	419
6100	460
6200	435
6300	415
6400	388
6500	410
6600	419
6700	413
6800	455
6900	429
7000	447
7100	428
7200	403
7300	402
7400	421
7500	415
7600	459
7700	400
7800	435
7900	384
8000	433
8100	444
8200	398
8300	439
8400	411
8500	439
8600	438
8700	423
8800	426
8900	428
9000	444
9100	409
9200	419
9300	393
9400	429
9500	395
9600	412
9700	419
9800	399
9900	410
10000	465
10100	435
10200	428
10300	366
10400	420
10500	406
10600	444
10700	436
10800	406
10900	398
11000	394
11100	440
11200	407
11300	397
11400	400
11500	406
11600	403
11700	401
11800	403
11900	426
12000	385
12100	393
12200	356
12300	395
12400	395
12500	382
12600	408
12700	379
12800	341
12900	406
13000	409
13100	408
13200	403
13300	412
13400	385
13500	370
13600	398
13700	371
13800	375
13900	375
14000	316
14100	370
14200	355
14300	332
14400	344
14500	352
14600	318
14700	326
14800	346
14900	368
15000	340
15100	294
15200	311
15300	332
15400	352
15500	314
15600	338
15700	311
15800	305
15900	308
16000	302
16100	311
16200	300
16300	285
16400	295
16500	277
16600	285
16700	285
16800	283
16900	236
17000	294
17100	250
17200	250
17300	262
17400	239
17500	216
17600	239
17700	231
17800	225
17900	246
18000	226
18100	217
18200	198
18300	195
18400	189
18500	196
18600	208
18700	199
18800	181
18900	194
19000	176
19100	170
19200	180
19300	144
19400	131
19500	131
19600	164
19700	122
19800	131
19900	139
20000	139
20100	129
20200	116
20300	110
20400	131
20500	119
20600	96
20700	105
20800	95
20900	97
21000	95
21100	72
21200	91
21300	88
21400	87
21500	71
21600	64
21700	60
21800	75
21900	71
22000	64
22100	65
22200	64
22300	60
22400	56
22500	47
22600	47
22700	42
22800	40
22900	43
23000	45
23100	36
23200	32
23300	32
23400	39
23500	30
23600	35
23700	14
23800	26
23900	31
24000	25
24100	27
24200	18
24300	18
24400	17
24500	11
24600	21
24700	17
24800	21
24900	14
25000	17
25100	14
25200	11
25300	4
25400	15
25500	17
25600	9
25700	9
25800	14
25900	8
26000	6
26100	13
26200	9
26300	3
26400	4
26500	1
26600	6
26700	9
26800	5
26900	3
27000	2
27100	1
27200	1
27300	3
27400	2
27500	0
27600	2
27700	2
27800	2
27900	1
28000	2
28100	1
28200	1
28300	2
28400	1
28500	1
28600	0
28700	3
28800	1
28900	0
29000	0
29100	0
29200	0
29300	1
29400	0
29500	0
29600	1
29700	0
29800	1
29900	0
30000	1
30100	0
30200	0
30300	0
30400	0
30500	0
30600	0
30700	0
30800	0
30900	1
31000	1
31100	1
31200	0
31300	0
31400	0
31500	0
31600	0
31700	0
31800	0
31900	0
32000	0
32100	0
32200	0
32300	0
32400	0
32500	0
32600	0
32700	0
32800	0
32900	0
33000	0
33100	0
33200	0
33300	0
33400	0
33500	0
33600	0
33700	0
33800	0
33900	0
34000	0
34100	0
34200	0
34300	0
34400	0
34500	0
34600	0
34700	0
34800	0
34900	0
35000	0
35100	0
35200	0
35300	0
35400	0
35500	0
35600	0
35700	0
35800	0
35900	0
36000	0
36100	0
36200	0
36300	0
36400	0
36500	0
36600	0
36700	0
36800	0
36900	0
37000	0
37100	0
37200	0
37300	0
37400	0
37500	0
37600	0
37700	0
37800	0
37900	0
38000	0
38100	0
38200	0
38300	0
38400	0
38500	0
38600	0
38700	0
38800	0
38900	0
39000	0
39100	0
39200	0
39300	0
39400	0
39500	0
39600	0
39700	0
39800	0
39900	0
40000	0
40100	0
40200	0
40300	0
40400	0
40500	0
40600	0
40700	0
40800	0
40900	0
41000	0
41100	0
41200	0
41300	0
41400	0
41500	0
41600	0
41700	0
41800	0
41900	0
42000	0
42100	0
42200	0
42300	0
42400	0
42500	0
42600	0
42700	0
42800	0
42900	0
43000	0
43100	0
43200	0
43300	0
43400	0
43500	0
43600	0
43700	0
43800	0
43900	0
44000	0
44100	0
44200	0
44300	0
44400	0
44500	0
44600	0
44700	0
44800	0
44900	0
45000	0
45100	0
45200	0
45300	0
45400	0
45500	0
45600	0
45700	0
45800	0
45900	0
46000	0
46100	0
46200	0
46300	0
46400	0
46500	0
46600	0
46700	0
46800	0
46900	0
47000	0
47100	0
47200	0
47300	0
47400	0
47500	0
47600	0
47700	0
47800	0
47900	0
48000	0
48100	0
48200	0
48300	0
48400	0
48500	0
48600	0
48700	0
48800	0
48900	0
49000	0
49100	0
49200	0
49300	0
49400	0
49500	0
49600	0
49700	0
49800	0
49900	0
50000	0
50100	0
50200	0
50300	0
50400	0
50500	0
50600	0
50700	0
50800	0
50900	0
51000	0
51100	0
51200	0
51300	0
51400	0
51500	0
51600	0
51700	0
51800	0
51900	0
52000	0
52100	0
52200	0
52300	0
52400	0
52500	0
52600	0
52700	0
52800	0
52900	0
53000	0
53100	0
53200	0
53300	0
53400	0
53500	0
53600	0
53700	0
53800	0
53900	0
54000	0
54100	0
54200	0
54300	0
54400	0
54500	0
54600	0
54700	0
54800	0
54900	0
55000	0
55100	0
55200	0
55300	0
55400	0
55500	0
55600	0
55700	0
55800	0
55900	0
56000	0
56100	0
56200	0
56300	0
56400	0
56500	0
56600	0
56700	0
56800	0
56900	0
57000	0
57100	0
57200	0
57300	0
57400	0
57500	0
57600	0
57700	0
57800	0
57900	0
58000	0
58100	0
58200	0
58300	0
58400	0
58500	0
58600	0
58700	0
58800	0
58900	0
59000	0
59100	0
59200	0
59300	0
59400	0
59500	0
59600	0
59700	0
59800	0
59900	0
60000	0
60100	0
60200	0
60300	0
60400	0
60500	0
60600	0
60700	0
60800	0
60900	0
61000	0
61100	0
61200	0
61300	0
61400	0
61500	0
61600	0
61700	0
61800	0
61900	0
62000	0
62100	0
62200	0
62300	0
62400	0
62500	0
62600	0
62700	0
62800	0
62900	0
63000	0
63100	0
63200	0
63300	0
63400	0
63500	0
63600	0
63700	0
63800	0
63900	0
64000	0
64100	0
64200	0
64300	0
64400	0
64500	0
64600	0
64700	0
64800	0
64900	0
65000	0
65100	0
65200	0
65300	0
65400	0
65500	0
65600	0
65700	0
65800	0
65900	0
66000	0
66100	0
66200	0
66300	0
66400	0
66500	0
66600	0
66700	0
66800	0
66900	0
67000	0
67100	0
67200	0
67300	0
67400	0
67500	0
67600	0
67700	0
67800	0
67900	0
68000	0
68100	0
68200	0
68300	0
68400	0
68500	0
68600	0
68700	0
68800	0
68900	0
69000	0
69100	0
69200	0
69300	0
69400	0
69500	0
69600	0
69700	0
69800	0
69900	0
70000	0
70100	0
70200	0
70300	0
70400	0
70500	0
70600	0
70700	0
70800	0
70900	0
71000	0
71100	0
71200	0
71300	0
71400	0
71500	0
71600	0
71700	0
71800	0
71900	0
72000	0
72100	0
72200	0
72300	0
72400	0
72500	0
72600	0
72700	0
72800	0
72900	0
73000	0
73100	0
73200	0
73300	0
73400	0
73500	0
73600	0
73700	0
73800	0
73900	0
74000	0
74100	0
74200	0
74300	0
74400	0
74500	0
74600	0
74700	0
74800	0
74900	0
75000	0
75100	0
75200	0
75300	0
75400	0
75500	0
75600	0
75700	0
75800	0
75900	0
76000	0
76100	0
76200	0
76300	0
76400	0
76500	0
76600	0
76700	0
76800	0
76900	0
77000	0
77100	0
77200	0
77300	0
77400	0
77500	0
77600	0
77700	0
77800	0
77900	0
78000	0
78100	0
78200	0
78300	0
78400	0
78500	0
78600	0
78700	0
78800	0
78900	0
79000	0
79100	0
79200	0
79300	0
79400	0
79500	0
79600	0
79700	0
79800	0
79900	0
80000	0
80100	0
80200	0
80300	0
80400	0
80500	0
80600	0
80700	0
80800	0
80900	0
81000	0
81100	0
81200	0
81300	0
81400	0
81500	0
81600	0
81700	0
81800	0
81900	0
82000	0
82100	0
82200	0
82300	0
82400	0
82500	0
82600	0
82700	0
82800	0
82900	0
83000	0
83100	0
83200	0
83300	0
83400	0
83500	0
83600	0
83700	0
83800	0
83900	0
84000	0
84100	0
84200	0
84300	0
84400	0
84500	0
84600	0
84700	0
84800	0
84900	0
85000	0
85100	0
85200	0
85300	0
85400	0
85500	0
85600	0
85700	0
85800	0
85900	0
86000	0
86100	0
86200	0
86300	0
86400	0
86500	0
86600	0
86700	0
86800	0
86900	0
87000	0
87100	0
87200	0
87300	0
87400	0
87500	0
87600	0
87700	0
87800	0
87900	0
88000	0
88100	0
88200	0
88300	0
88400	0
88500	0
88600	0
88700	0
88800	0
88900	0
89000	0
89100	0
89200	0
89300	0
89400	0
89500	0
89600	0
89700	0
89800	0
89900	0
90000	0
90100	0
90200	0
90300	0
90400	0
90500	0
90600	0
90700	0
90800	0
90900	0
91000	0
91100	0
91200	0
91300	0
91400	0
91500	0
91600	0
91700	0
91800	0
91900	0
92000	0
92100	0
92200	0
92300	0
92400	0
92500	0
92600	0
92700	0
92800	0
92900	0
93000	0
93100	0
93200	0
93300	0
93400	0
93500	0
93600	0
93700	0
93800	0
93900	0
94000	0
94100	0
94200	0
94300	0
94400	0
94500	0
94600	0
94700	0
94800	0
94900	0
95000	0
95100	0
95200	0
95300	0
95400	0
95500	0
95600	0
95700	0
95800	0
95900	0
96000	0
96100	0
96200	0
96300	0
96400	0
96500	0
96600	0
96700	0
96800	0
96900	0
97000	0
97100	0
97200	0
97300	0
97400	0
97500	0
97600	0
97700	0
97800	0
97900	0
98000	0
98100	0
98200	0
98300	0
98400	0
98500	0
98600	0
98700	0
98800	0
98900	0
99000	0
99100	0
99200	0
99300	0
99400	0
99500	0
99600	0
99700	0
99800	0
99900	0
100000	0
