1191
1012
1001
717
1254
940
579
625
1394
811
546
824
846
621
864
760
1026
1155
599
425
692
1014
613
496
815
595
903
504
729
808
867
1004
830
829
649
712
707
399
1008
800
632
619
546
1231
618
608
771
835
640
523
486
1171
522
791
698
739
1085
1058
392
891
609
922
660
322
630
1211
700
534
527
937
485
547
1125
561
732
452
802
430
1002
954
703
563
856
619
1049
435
680
694
935
689
526
572
912
747
685
531
689
781
623
722
584
822
1025
728
681
887
1155
820
526
1320
517
693
776
994
333
546
692
914
447
1278
444
560
1123
599
471
774
1158
190
482
1117
759
530
836
720
614
736
774
731
784
641
741
662
774
589
678
388
879
928
774
590
852
634
496
828
845
551
1192
439
542
1004
789
682
565
660
329
795
1261
943
414
472
832
398
843
861
660
928
474
802
648
912
432
867
401
976
456
592
1157
502
658
982
351
501
697
1223
850
576
456
694
485
804
708
1092
639
835
648
673
994
761
922
624
844
578
532
1071
656
1000
405
654
832
482
1088
714
238
628
1032
732
529
719
333
916
450
717
701
817
521
596
690
678
833
714
381
664
805
887
932
357
414
820
691
1172
542
453
857
761
669
553
446
653
850
557
644
1017
579
730
1025
744
598
649
652
1041
695
906
512
718
689
645
731
573
862
663
965
721
632
393
910
622
650
547
1090
584
603
721
943
513
960
807
923
661
519
543
730
775
1029
944
695
473
645
680
1044
928
384
584
589
769
882
476
702
806
809
417
912
847
1127
1081
245
679
544
1177
881
617
655
471
638
841
767
815
794
487
863
525
623
700
726
1035
988
482
504
538
903
1263
335
454
639
567
1216
349
849
602
941
784
1070
303
581
746
910
852
302
617
606
1043
791
507
188
707
775
790
730
935
725
545
851
472
687
824
1088
488
567
985
899
646
835
364
1211
442
741
960
570
750
798
822
286
1223
616
977
350
573
1058
772
801
974
636
959
680
962
647
715
1150
731
651
755
629
554
965
796
524
840
733
535
740
681
835
661
656
654
471
1110
760
451
1010
546
633
643
775
1078
828
768
596
776
885
481
759
1075
611
567
681
896
813
857
485
641
771
1098
758
577
981
455
902
653
888
803
393
1165
737
776
284
1008
782
712
828
562
1021
643
649
465
1134
826
820
418
905
627
705
848
747
786
481
672
571
987
1112
664
921
609
993
434
1159
511
786
708
557
625
697
1297
430
794
699
658
633
973
534
742
1094
738
392
1384
537
584
705
923
643
704
785
542
512
1044
1068
712
540
943
546
836
927
802
713
353
810
683
841
740
839
609
649
738
1215
354
792
865
463
987
324
928
690
855
677
537
981
723
534
1062
182
802
983
730
882
520
585
866
755
752
868
821
751
739
707
712
857
922
482
1005
404
1072
609
466
677
784
968
796
589
665
865
866
571
779
693
700
1045
602
943
750
602
439
927
643
954
392
595
1345
895
153
1004
497
1251
406
496
901
865
808
512
756
763
739
1117
238
987
662
608
966
904
566
716
684
765
1025
567
690
816
680
734
764
557
1161
418
523
833
873
691
1034
640
318
1217
673
638
679
589
1115
280
1085
476
815
968
627
355
724
1256
697
736
835
547
834
551
864
889
693
292
961
942
535
973
611
765
540
942
636
1123
419
804
546
1162
514
823
792
554
417
885
745
915
717
529
628
958
703
970
831
547
588
792
675
713
1020
385
812
855
558
654
705
760
788
918
517
798
718
999
737
421
635
713
1042
453
919
531
762
1023
718
726
467
639
1372
442
566
665
562
998
735
760
592
946
642
719
760
579
691
1083
601
589
529
1260
760
680
379
865
921
457
766
462
948
1035
586
457
651
1041
1027
350
635
943
847
333
983
848
406
831
928
422
892
676
618
763
533
1088
688
716
631
750
875
653
534
723
976
545
1134
743
696
912
911
685
819
676
579
923
848
705
268
948
703
1178
289
861
715
463
1148
269
887
883
434
840
793
654
789
780
970
419
717
984
632
609
727
828
540
680
565
707
1093
590
483
757
1069
511
553
1103
327
640
1046
748
388
804
961
659
551
697
558
900
771
626
984
677
372
1119
597
495
920
484
593
1025
684
470
800
645
1217
692
610
406
1068
672
825
825
642
451
617
1216
600
677
645
709
767
589
678
729
582
865
521
481
605
1063
627
871
521
501
1404
319
770
861
559
1029
516
791
679
813
665
684
736
483
1026
727
467
625
941
913
929
211
472
1200
1031
386
486
779
657
813
877
807
739
546
719
584
832
872
813
958
644
448
862
670
911
512
349
843
759
1163
759
217
784
857
834
723
611
632
710
519
946
919
716
485
726
506
982
1230
386
377
920
1021
895
399
453
783
782
955
949
520
940
233
736
955
926
788
373
606
488
1293
863
344
745
445
518
995
1017
433
636
837
1043
837
489
351
918
1044
769
557
601
551
484
1187
669
963
626
542
546
1011
785
786
720
548
861
364
1044
895
852
487
976
455
684
672
1188
596
689
536
1068
519
690
845
860
673
464
635
551
1257
551
1052
354
513
814
940
1028
520
704
604
946
459
1106
314
722
845
758
518
685
935
418
903
333
1002
541
790
598
679
740
498
630
551
933
538
588
457
821
1001
750
419
937
603
386
1152
1043
715
270
846
710
616
779
672
524
702
895
718
842
558
561
1030
587
760
597
604
761
943
589
451
593
732
779
309
1222
650
394
635
1070
780
687
397
1059
1082
666
829
613
667
921
782
483
786
1045
653
548
856
637
775
645
644
1175
596
874
429
773
641
867
785
667
601
457
1293
598
526
749
842
994
531
528
852
802
720
981
364
1071
479
766
924
921
588
769
409
759
1226
795
285
1132
406
847
1033
600
840
274
857
809
769
1116
844
511
1197
780
837
686
672
728
1164
661
620
598
666
757
748
935
446
911
726
648
686
599
1258
418
761
694
583
765
887
812
835
650
503
995
734
460
762
927
603
615
721
958
380
766
680
1016
574
346
926
710
1180
612
346
919
356
869
839
834
440
765
295
1214
823
499
897
983
656
529
767
585
748
625
708
1216
709
780
610
433
617
938
992
672
659
755
618
1124
687
438
609
494
1134
981
562
543
782
1035
463
492
767
942
912
660
591
944
582
894
886
481
467
525
824
907
415
770
411
891
1011
407
420
800
283
863
590
789
692
559
826
726
706
500
542
672
789
1011
812
712
540
400
814
622
883
499
719
895
509
678
1024
387
862
618
1123
913
431
777
478
795
944
543
1017
844
373
681
852
783
916
413
828
628
952
632
804
675
565
691
513
754
649
781
1147
523
678
637
488
801
599
938
486
623
1356
680
465
789
387
793
822
591
721
771
792
642
920
464
657
602
859
676
868
710
714
1107
227
933
407
758
773
672
900
918
517
743
789
697
273
963
588
688
262
1132
873
1121
808
462
615
628
948
682
822
992
480
675
850
989
454
526
974
717
651
1092
836
339
858
685
774
647
646
562
759
782
739
942
319
1129
511
677
422
708
682
979
640
812
497
1151
631
488
436
733
624
1052
784
568
919
844
332
870
495
863
984
588
717
434
701
1196
692
701
725
724
663
657
448
803
1245
577
846
705
1024
369
592
1025
353
799
847
692
620
913
643
567
697
648
587
856
709
751
865
679
885
681
661
331
813
879
703
503
1242
852
488
590
730
678
802
562
521
599
969
932
738
778
663
657
451
915
864
659
744
764
818
385
813
662
718
912
627
569
680
925
662
1028
914
490
519
711
873
676
904
795
1075
598
488
783
1018
746
422
803
958
833
676
695
871
767
441
600
1240
877
501
714
624
670
1020
793
858
853
782
1085
592
909
344
1038
790
385
782
1199
499
867
729
587
621
472
660
1055
644
877
532
834
655
735
843
516
905
704
475
1203
682
557
703
821
1043
756
420
849
674
785
946
732
689
288
934
713
925
1021
712
237
652
687
954
606
804
726
1061
883
255
568
939
906
728
817
557
302
684
1264
908
489
880
751
508
622
1094
876
458
656
768
725
461
624
925
1149
714
487
929
504
999
849
470
810
986
325
1098
966
283
716
739
1069
675
481
802
579
699
663
918
963
708
484
606
868
985
911
426
342
647
900
769
579
858
418
994
635
576
593
762
1395
563
487
304
836
1053
536
838
694
166
1154
751
770
627
999
841
930
457
707
746
746
641
852
459
1247
717
665
590
715
513
796
699
550
782
494
936
868
710
583
784
682
1064
1238
215
740
671
696
852
473
703
569
917
934
584
831
963
513
793
493
906
519
612
836
547
837
803
686
657
713
1178
619
566
485
511
1362
721
468
382
539
1205
768
659
416
882
775
689
495
871
813
524
959
772
750
910
338
512
663
1021
967
605
757
687
454
812
1080
311
470
860
686
754
1269
623
588
659
468
867
1022
557
877
767
749
302
781
685
752
757
882
634
533
652
1219
388
615
738
1332
731
696
510
499
662
1249
1054
495
882
1115
648
576
748
215
696
1269
475
470
737
830
959
806
482
835
845
733
478
980
652
519
856
735
687
402
729
981
988
278
707
711
735
806
720
579
858
731
528
901
799
659
702
627
985
681
986
638
481
789
734
742
963
650
840
725
658
422
1084
710
727
570
331
631
1060
1113
602
421
911
477
799
886
534
975
690
837
598
757
758
746
781
738
589
717
930
718
960
627
813
469
794
873
876
677
696
832
663
827
766
634
343
1056
888
879
563
454
1211
787
633
503
635
960
670
987
433
945
493
709
606
605
931
673
786
340
1038
602
967
625
797
1183
310
917
720
946
582
611
895
660
703
949
656
562
717
737
842
1058
946
596
794
525
682
703
1156
1067
635
715
520
446
600
1207
942
772
543
608
893
995
535
895
1027
486
795
1071
299
858
607
905
1128
496
468
804
787
534
1272
362
306
1036
811
653
876
419
713
1054
336
736
1101
509
713
994
614
558
720
880
732
594
743
1056
601
612
886
957
803
483
869
901
706
743
792
617
651
613
1243
805
591
779
568
590
740
892
733
684
644
454
986
671
731
678
1145
244
560
1024
494
924
569
794
684
680
1001
551
934
590
730
904
572
830
650
936
858
403
785
601
761
798
773
1095
369
632
629
927
1025
509
592
819
614
540
838
976
541
782
709
776
627
699
774
781
736
953
868
495
244
1218
825
742
602
731
785
471
1241
905
367
804
491
917
1072
630
292
923
942
470
910
920
604
624
959
896
712
738
722
477
829
631
701
736
1001
747
684
620
955
687
689
603
828
1249
554
684
576
647
833
689
571
641
826
978
673
713
900
538
676
807
746
1260
357
494
762
1010
676
1033
541
608
1101
907
474
733
715
967
737
569
760
877
483
713
929
651
768
229
1079
900
334
897
865
801
749
617
707
407
797
917
868
644
513
1113
546
786
683
667
617
1362
550
629
988
651
565
643
830
746
769
865
1205
375
775
621
977
929
848
574
633
903
886
711
556
469
1427
1031
256
608
332
1119
926
598
775
803
721
649
1096
456
662
751
961
633
716
651
1143
381
692
787
946
639
653
469
658
860
807
742
860
486
900
367
966
895
727
479
759
978
854
651
535
896
830
554
745
524
1187
572
1000
371
795
1072
741
604
386
897
849
660
760
730
597
774
1221
176
830
941
739
792
686
678
791
655
558
846
519
973
807
721
695
670
882
1128
391
691
598
681
789
791
711
598
733
713
939
1044
730
574
468
1039
916
933
840
599
725
902
872
492
736
564
1157
1020
388
772
466
864
1058
776
805
681
351
750
806
875
428
878
541
1091
529
852
610
690
1140
659
726
383
866
469
1053
549
694
616
965
371
656
813
910
760
351
883
763
672
526
829
695
857
614
631
869
399
854
603
786
853
835
789
312
629
1037
888
634
684
1064
327
1159
169
712
758
875
509
1024
329
994
750
806
961
981
702
594
689
720
918
645
599
794
538
796
880
757
485
491
801
802
668
737
879
810
835
622
601
1024
963
455
995
934
843
563
775
759
615
1060
692
945
302
998
529
1196
434
580
1042
572
817
504
965
892
917
444
738
778
724
461
1126
967
681
790
414
1067
571
813
713
755
1002
551
748
905
538
871
646
1212
404
697
843
518
798
719
906
1035
780
614
817
526
702
822
1007
721
620
465
934
847
834
709
422
890
774
853
641
661
594
935
963
458
746
744
1403
384
570
715
366
744
1254
773
481
623
935
776
1166
544
759
1057
379
891
1099
655
518
1037
584
752
840
555
656
1194
526
697
619
1100
823
491
601
932
736
1102
708
536
873
774
405
858
880
875
517
545
923
1260
458
706
555
784
635
966
622
968
724
439
451
891
658
553
835
1059
999
590
245
1034
1174
644
569
458
616
1084
703
866
1048
919
613
599
662
971
843
718
856
823
829
459
870
815
755
688
1089
532
555
752
866
909
528
670
535
1054
765
834
345
772
854
751
496
1202
544
875
558
920
784
759
504
666
1233
750
408
912
582
423
836
847
1237
336
611
725
590
676
672
1071
616
829
293
388
1279
598
885
1024
578
450
998
828
643
682
1072
555
517
1081
844
567
768
527
1000
586
773
558
519
1227
737
828
825
700
584
553
915
884
683
707
609
490
1059
629
812
653
705
983
495
578
725
899
636
1003
670
760
552
753
392
1173
1027
318
572
711
626
1055
463
781
787
1106
771
351
834
1066
1372
574
346
891
507
996
612
877
688
520
818
689
570
830
754
650
989
522
463
705
624
852
901
947
622
798
341
927
940
602
627
804
825
603
1013
831
657
840
662
930
825
406
922
805
571
568
927
766
820
713
560
725
687
428
1037
687
535
982
351
1287
729
462
990
678
833
773
405
623
753
867
414
917
540
866
823
592
728
607
795
608
544
958
845
631
390
1002
836
531
800
802
611
612
639
946
411
853
632
917
857
728
763
531
781
595
508
1063
793
528
320
1283
1017
559
852
749
570
683
826
715
498
931
1044
400
527
934
529
669
1029
1027
295
777
629
880
944
766
524
555
1080
432
737
989
555
923
488
770
648
465
1065
808
822
1106
566
331
734
1083
468
746
975
448
655
826
949
374
1107
932
472
495
844
1049
795
685
590
510
719
687
683
1015
572
640
645
667
1016
761
900
932
415
884
442
605
1116
967
351
624
983
493
1049
839
613
941
519
887
572
983
937
574
561
722
903
729
748
824
836
608
644
738
729
830
793
584
1017
445
1322
536
327
1041
617
802
807
385
764
958
584
827
603
884
1189
727
594
453
700
947
910
732
480
765
882
686
890
293
1296
881
402
641
961
455
694
625
1129
873
725
439
766
670
901
639
973
724
1024
599
890
704
479
576
674
1127
725
425
889
764
831
774
704
596
524
707
984
1367
511
525
582
970
737
885
575
797
618
636
1264
654
457
347
1085
843
576
499
1359
992
409
687
630
760
1024
430
925
685
1009
648
400
773
973
776
534
951
648
1036
611
854
424
540
826
549
1220
617
779
461
580
589
1026
466
665
639
891
891
717
742
686
628
888
1012
711
657
1000
758
602
538
531
494
1271
675
743
1042
702
668
673
988
799
847
356
992
651
826
829
877
243
728
722
834
785
697
897
725
474
536
720
847
670
788
627
439
961
769
465
706
758
699
1205
859
791
463
413
914
1140
727
468
980
701
1001
492
1173
586
912
399
1190
501
793
482
734
672
875
1255
669
640
717
737
1094
976
463
386
817
770
769
740
1032
889
673
576
677
695
586
1155
720
773
482
540
978
996
697
462
785
1319
470
236
791
844
872
1110
508
665
639
687
1044
1108
609
287
509
736
1073
828
763
691
668
895
827
719
628
625
958
615
611
728
636
793
1075
484
670
604
496
1120
453
610
978
552
600
913
703
643
1015
645
822
527
681
650
775
865
424
1027
590
547
969
972
487
474
977
987
819
339
706
719
672
1058
541
1035
674
480
900
894
909
359
921
564
723
817
859
821
641
610
1122
516
748
798
626
624
537
762
1063
660
238
963
977
798
655
835
683
697
770
839
523
538
649
1053
221
676
1057
942
789
591
768
661
690
841
607
491
991
769
861
708
489
1294
696
948
100
1144
664
624
707
960
748
756
673
717
762
673
779
462
1047
464
1124
241
1046
807
517
717
993
836
688
705
784
647
928
577
650
1028
817
840
621
787
781
455
868
622
646
894
885
400
1109
776
494
971
644
596
925
545
333
1101
725
739
1040
470
687
665
902
464
620
766
973
817
1145
290
663
533
1091
603
542
508
972
751
559
1359
677
468
769
623
586
884
689
610
479
975
864
749
1037
580
841
605
453
515
837
713
905
712
972
1060
668
701
681
687
784
358
595
941
1080
592
520
937
934
458
598
902
652
668
784
843
1031
499
747
689
829
715
665
522
494
820
813
846
938
633
638
542
696
494
577
993
509
1026
731
714
835
766
713
536
913
802
606
927
520
1021
630
638
979
951
711
659
374
1067
715
954
780
320
1044
979
566
430
448
1018
1140
835
349
1073
691
618
749
455
835
629
639
981
465
721
818
993
928
524
967
720
580
576
558
949
870
574
879
933
716
429
472
912
884
586
679
1021
528
772
417
1150
769
933
732
1266
634
549
1030
750
663
710
497
945
1203
680
922
627
380
652
904
846
612
474
1047
593
840
788
674
740
807
620
1262
401
549
966
604
644
575
875
776
948
947
851
500
750
743
673
682
714
744
789
976
814
748
534
942
690
590
1121
686
429
793
493
803
823
662
1004
567
541
974
599
336
735
781
875
984
288
955
696
907
959
786
472
1031
721
661
647
860
650
947
574
634
661
621
1201
643
577
658
930
287
911
448
664
1275
696
700
598
971
632
730
550
770
482
763
934
876
1354
688
761
465
395
334
1092
773
994
769
1014
769
470
442
606
924
1100
557
652
766
1063
292
595
1081
949
662
613
316
1128
878
585
643
1111
634
452
611
848
940
763
931
778
445
625
969
424
708
952
619
691
780
1111
447
461
1004
1159
491
303
804
761
596
929
1002
1190
422
690
817
580
289
711
1368
480
1040
558
454
864
555
764
741
813
603
513
919
766
685
698
409
1119
1154
655
490
689
764
1071
589
511
880
632
686
777
812
444
1055
742
608
395
588
640
1331
765
259
496
1210
760
508
451
1053
1090
584
838
848
409
1119
806
540
289
1206
870
648
547
962
1166
406
760
519
694
1116
679
641
653
1357
610
705
666
688
876
498
668
655
986
750
971
411
1006
368
1061
702
590
851
774
660
624
605
1293
622
582
798
565
953
721
635
410
1174
980
506
664
1137
682
824
489
717
704
776
831
722
1132
416
414
1020
725
850
359
749
883
716
968
735
631
601
586
700
879
858
711
466
586
1379
610
500
481
683
892
700
934
337
1109
953
601
644
642
634
772
866
548
774
1182
640
474
1003
546
717
761
860
427
945
1054
774
654
311
745
979
881
941
772
1005
610
583
921
339
767
775
869
974
582
295
652
1076
711
296
1261
1061
662
442
706
1015
703
524
1302
546
755
596
788
827
770
550
896
546
1088
386
730
742
906
728
969
753
814
615
424
1113
661
1072
607
955
930
586
676
757
981
1103
761
395
866
971
368
474
695
1131
860
1193
517
770
807
370
771
910
551
716
626
914
1178
796
614
562
876
666
859
660
936
760
929
780
542
832
411
1002
647
760
857
823
709
566
879
761
616
1016
470
483
747
591
981
1064
633
529
865
1039
799
424
730
1019
633
738
363
532
1109
1059
569
531
677
967
1104
542
451
974
1016
743
639
657
665
583
979
525
775
758
809
621
983
667
662
884
798
605
586
773
663
652
804
917
630
637
356
1032
1223
702
527
554
511
1148
634
671
1219
449
886
742
570
711
642
643
809
782
652
901
622
930
845
372
894
431
671
1047
724
694
699
471
899
896
1040
884
222
709
720
883
614
737
952
622
778
1144
783
700
489
737
915
736
873
469
500
603
983
839
843
891
601
832
527
777
695
484
1154
564
931
807
822
653
375
982
893
580
630
946
540
507
879
1099
718
627
697
907
902
418
1057
531
490
644
684
879
892
1003
712
726
300
799
954
690
953
635
578
534
597
935
602
695
1261
494
904
509
357
582
1069
803
591
692
784
701
824
485
692
993
448
889
963
634
842
783
461
1005
628
934
802
588
810
615
719
535
637
1108
323
986
613
969
560
806
460
750
738
926
831
496
1015
308
918
815
724
838
608
1188
339
941
774
580
680
1054
713
372
703
665
987
925
644
528
726
790
522
862
753
690
709
861
840
347
710
1141
498
831
1018
526
446
968
959
610
699
498
1009
511
721
809
779
670
881
341
1030
936
723
505
720
747
980
875
577
712
214
1300
808
643
457
666
716
941
1104
627
532
712
1174
511
580
946
486
826
995
587
422
1101
862
541
483
925
544
769
744
1137
736
708
517
599
754
1037
511
1095
467
821
911
649
968
420
678
620
1130
876
885
621
637
1172
370
440
1034
366
1311
462
987
746
612
643
805
601
598
797
518
1185
855
812
1003
591
837
514
696
934
829
988
925
318
660
1111
786
345
989
710
595
600
1096
660
838
699
714
772
736
603
767
849
791
728
689
424
1186
832
505
518
963
517
780
858
812
594
854
738
356
1061
771
492
615
687
768
783
965
878
710
899
533
771
209
887
507
1411
681
330
874
692
755
484
945
777
810
350
1164
639
847
699
905
557
769
669
739
993
430
755
375
1202
690
443
1131
589
1107
345
634
897
607
538
794
580
752
1047
806
787
779
476
790
853
612
805
852
991
739
846
751
446
1091
390
866
580
741
592
898
725
913
767
1069
282
667
454
843
1307
410
645
808
639
994
924
575
670
632
856
527
921
592
907
1061
506
866
871
749
325
566
952
911
761
719
635
1272
563
939
186
1004
1119
475
769
553
786
988
384
906
709
1299
163
660
698
604
802
642
887
962
743
528
688
1080
737
598
498
650
609
782
973
971
709
764
516
956
761
537
613
894
701
626
623
739
749
841
1009
626
744
323
1134
618
944
426
1053
855
596
751
914
439
731
898
876
699
763
863
358
691
752
827
844
831
1218
898
449
506
535
1059
589
843
706
780
796
760
671
724
548
708
689
604
1147
905
814
445
856
241
778
1121
672
908
386
806
691
851
523
1243
710
389
1049
741
454
715
880
1216
525
662
1071
172
806
976
908
580
550
902
991
609
801
893
525
788
720
1057
720
521
588
850
966
331
735
837
775
758
679
998
543
728
798
600
748
723
815
855
769
290
1294
471
880
738
745
782
845
1022
667
549
1043
475
710
770
942
1035
566
643
433
1199
528
468
1099
750
613
725
437
651
938
480
1214
531
1036
700
412
676
853
710
1049
609
712
1035
690
613
718
614
697
783
970
912
572
593
1057
782
605
629
703
1052
619
532
940
640
864
1007
855
291
771
379
1264
813
684
789
811
564
1183
536
989
640
688
912
821
543
747
587
1381
592
689
1160
428
785
895
773
601
740
1246
461
682
517
707
953
912
1008
439
760
1047
808
397
768
669
1173
703
481
1179
549
593
989
658
817
780
785
486
659
1151
829
608
797
661
923
951
412
814
713
678
713
915
792
541
951
382
1362
683
644
658
638
942
403
957
1057
961
472
781
540
963
631
901
958
541
887
447
847
664
1218
826
555
637
532
1014
579
903
861
904
721
737
849
720
616
929
323
1281
610
732
721
701
703
1072
572
810
473
668
908
993
463
885
483
689
1048
763
990
874
651
426
671
1146
498
824
621
863
728
672
990
361
720
1046
778
574
973
657
431
869
866
759
729
609
630
709
911
958
947
934
511
634
887
1042
480
784
712
955
705
642
682
739
691
1033
578
749
580
810
1153
570
746
645
739
634
1075
778
418
671
840
774
915
798
540
457
1077
582
1075
555
681
1051
599
870
646
1049
586
457
808
1019
638
812
647
762
1063
649
654
868
701
903
714
752
737
791
1176
681
566
706
617
857
1038
391
745
904
498
928
805
791
588
847
583
777
799
644
735
997
707
605
714
793
737
843
979
522
591
707
1110
733
948
379
784
697
899
681
895
660
664
946
619
887
606
597
825
926
647
526
849
992
771
355
813
806
762
974
521
903
650
341
1150
902
592
701
332
1172
612
968
781
727
663
696
637
730
672
889
721
814
665
406
1248
959
920
541
671
631
648
1174
557
1094
673
438
630
876
762
985
494
917
563
637
648
985
956
593
576
945
527
781
955
932
421
551
1238
496
595
823
847
1155
792
352
647
820
982
763
510
652
723
732
704
989
659
584
551
1236
592
427
760
665
734
500
1383
556
345
827
825
952
609
871
856
327
965
654
1069
829
386
502
1124
999
994
656
473
850
798
781
1025
751
366
1103
229
997
903
687
549
568
695
460
1271
672
1003
407
780
767
940
780
643
699
917
961
747
699
741
1142
607
691
454
1113
1362
403
462
763
1178
701
778
835
584
1063
695
643
712
762
1078
588
518
921
584
905
583
631
1090
671
686
946
289
581
982
872
1053
861
586
836
571
551
865
1086
636
753
545
1182
459
322
952
763
737
1089
584
769
504
1034
314
911
752
712
812
847
592
502
1198
532
853
755
567
887
785
851
331
659
1133
743
467
1272
514
655
658
745
662
1366
679
336
697
445
946
1097
566
913
564
411
1215
652
531
995
525
697
1256
551
286
905
749
1401
562
402
905
703
797
806
850
680
733
716
921
617
825
497
748
807
846
755
659
707
733
950
525
815
675
1006
775
523
571
914
763
780
501
665
833
623
1178
192
283
894
1339
804
752
388
1060
839
437
643
922
758
725
618
939
500
505
1215
842
579
705
552
1103
749
638
804
544
805
895
905
619
650
431
757
1130
752
427
822
1227
698
562
376
815
977
919
270
694
1010
956
672
547
930
731
628
317
885
1035
800
738
765
792
728
282
994
1045
838
163
486
959
902
689
517
926
808
1023
513
949
759
468
900
892
571
665
510
1207
907
467
504
966
702
614
526
1022
893
630
850
717
557
856
461
1314
585
540
612
1086
878
604
555
989
836
608
559
627
1218
339
1099
857
717
301
635
1124
960
1013
286
731
707
877
603
953
265
782
538
988
667
627
702
558
1022
587
492
1195
682
447
927
675
618
742
780
1039
577
792
653
1152
451
453
905
972
820
771
668
883
547
519
1180
868
292
767
1073
916
463
791
547
1028
772
854
783
661
692
604
634
746
1004
688
557
827
490
771
897
872
602
1112
386
603
525
747
854
845
834
423
693
893
664
675
700
682
1257
696
595
942
706
332
885
813
441
1015
991
577
526
707
557
676
929
639
635
648
1049
470
657
759
698
530
865
828
885
461
923
806
677
641
689
683
627
838
1087
418
1000
683
802
825
602
465
994
1331
358
831
350
1375
869
433
428
953
1061
461
1014
936
761
715
242
896
861
850
736
619
877
613
557
777
737
704
533
1022
381
908
615
918
448
574
813
573
1008
742
754
645
713
588
861
624
730
485
1368
380
915
619
385
540
1026
533
925
911
885
485
680
354
1022
856
1069
533
539
996
606
511
960
1115
605
459
620
998
913
423
864
540
811
595
914
379
649
1056
716
849
721
596
710
434
1159
787
472
708
1116
609
595
680
699
809
804
734
865
869
654
894
610
791
401
581
1371
525
591
868
576
654
930
804
914
625
778
630
756
965
547
627
912
552
999
623
772
598
699
779
688
653
978
853
476
613
285
820
927
692
859
809
1067
539
445
645
935
616
588
703
914
618
627
995
916
547
427
727
878
734
1007
459
638
731
938
447
892
764
503
836
478
832
879
488
785
1065
549
807
976
348
914
835
588
1166
873
349
772
786
416
981
750
1052
463
584
845
649
563
886
707
792
936
694
821
674
627
892
809
324
818
1024
481
766
409
912
1014
697
799
370
795
1089
584
610
792
622
1252
478
494
1113
626
793
919
557
687
767
717
909
691
441
925
850
612
528
740
763
688
658
783
903
494
773
608
579
1211
503
192
1317
902
497
865
686
603
1034
738
589
860
572
813
524
831
871
509
652
894
655
731
722
899
860
570
659
662
1054
678
465
691
929
737
749
752
594
888
836
811
350
924
829
797
822
445
952
768
619
1216
629
577
710
281
1166
933
443
390
1027
969
701
521
921
468
848
770
427
926
957
724
615
562
784
1018
556
665
683
614
961
978
744
169
718
1386
442
490
370
1127
1018
535
338
935
947
799
504
706
735
722
770
654
737
732
856
666
966
574
947
715
638
698
354
1053
1086
434
448
826
755
1272
454
750
530
805
857
506
832
848
603
877
1147
291
864
970
790
500
688
960
687
621
984
926
549
836
1126
443
799
682
786
640
651
827
823
830
406
1303
518
466
549
1390
773
531
429
1227
677
567
1091
462
479
956
660
602
1021
667
882
464
589
807
944
737
656
799
630
628
613
720
760
759
724
976
705
897
517
955
628
355
911
713
836
655
890
786
788
491
797
812
579
700
911
481
684
546
861
964
793
536
985
515
782
914
412
801
595
889
1088
633
310
718
905
673
1357
383
1030
563
514
629
1285
728
130
988
580
837
511
907
883
662
690
1112
711
516
580
985
920
322
513
997
842
1060
607
840
868
620
745
433
635
701
808
1161
508
582
987
595
503
733
615
562
1033
915
569
379
540
989
897
558
897
927
806
830
729
472
964
509
857
1063
472
708
898
658
840
631
676
764
852
872
739
952
569
456
531
905
833
604
881
854
677
611
802
882
480
1216
666
630
575
750
761
475
888
601
738
703
830
549
653
946
419
947
647
961
454
744
545
862
780
375
845
701
801
780
659
864
547
829
910
496
692
813
656
473
932
778
700
802
871
646
435
757
571
995
1032
664
921
575
637
1010
408
639
704
512
1095
649
446
568
957
1000
826
665
892
415
1106
674
693
514
898
719
760
777
492
684
976
705
781
592
658
733
1145
704
760
524
703
347
832
634
680
728
780
584
609
1124
551
642
576
991
665
518
873
793
250
1017
223
882
705
897
855
763
769
412
614
802
492
1068
668
533
738
508
837
706
467
913
935
617
893
782
717
406
620
