5208
5701
5327
5185
5389
6257
6570
5266
5237
6046
5849
6693
5071
6292
8858
5175
6711
5958
5132
6335
9425
5888
5837
5977
6571
5605
5174
5379
5024
5508
6143
6273
6140
6977
6001
5475
5309
7550
5271
5618
5397
6441
6529
5663
7061
8651
5823
5568
5516
5703
5342
5796
5398
5145
6237
5352
6900
6692
5217
6372
5960
5991
5045
5557
6099
5146
5359
5408
7460
5908
5647
5684
5611
5511
6404
6697
5885
5361
5521
6715
6200
7516
5159
5150
5890
5073
5212
8208
5202
5068
7174
5087
6358
6279
5583
7975
5311
5265
6194
5650
5064
5273
5558
5681
6761
6091
5707
5756
5125
6419
5428
6041
5216
6288
6166
6039
6609
6216
5164
5125
5367
5410
6436
6234
6399
7279
5990
5265
5982
5330
5630
5384
6034
6336
5272
7961
5401
5750
5478
6636
5006
5245
5681
5901
5611
5186
5100
6111
6572
6372
6835
5218
6725
5752
5487
5001
5370
5411
5506
5621
5348
6879
7209
5258
6748
6833
5040
6926
5695
5763
5183
5125
5653
5044
7072
6543
5448
5662
5162
7002
5741
6814
5931
5185
5318
5274
5246
5471
6827
5749
6033
5419
5537
7105
5540
5026
5315
5096
5744
6872
5050
5672
5571
6420
5500
6281
5149
5230
5900
5415
5185
6128
5114
5185
5677
5668
5423
5691
5452
5670
6793
6233
6652
5857
5570
5194
5859
5065
5177
5078
5237
6065
5123
5900
5068
5463
5194
5254
6057
5109
5654
5476
5130
5877
5561
5404
6768
5013
5312
5157
5233
7222
6420
5569
6244
5186
5104
5295
5334
5609
5694
5307
5044
5700
6113
5977
5529
5078
5065
8140
5205
6242
5681
5082
5369
5461
7492
5093
5310
6694
7600
5079
6341
5044
5462
5127
5264
5465
6970
5322
5548
5861
6490
5016
5616
5058
5410
7056
5772
5687
6819
5416
5408
6084
5125
5383
5386
7536
5092
7517
5660
5206
5075
5821
8587
5414
6669
5504
5897
8580
5265
5835
5585
7681
5831
5039
5619
6258
5061
6251
6490
5802
5246
6122
7079
5479
5199
7903
6198
5142
5266
6548
5063
5167
7315
5082
5348
6025
5141
5267
5038
5010
5206
5020
5874
5111
7293
5060
6689
5769
5724
5747
5052
5555
5050
5930
6167
5783
5992
6574
5230
5118
5231
6162
6983
5786
5156
5738
5845
5748
5156
5262
5195
5247
5647
5742
5086
5036
5407
7675
5082
5098
5020
5119
5808
5113
5082
5562
5084
6886
5286
5079
7877
5113
5147
5003
6769
5284
5484
5072
5270
5054
5358
5679
6534
5307
5950
5705
5224
5225
6531
5198
7777
5002
5489
5213
5533
5692
5811
5687
5675
8473
5294
5025
7897
5222
5715
5143
5271
5923
5171
5958
6108
5465
5020
6005
5082
5058
6016
5111
5191
7670
5748
5043
5554
5004
5382
5107
5085
5345
5443
5018
5596
5095
5100
6642
5735
5952
6425
5897
8553
5515
5977
5185
5349
5992
5083
5091
5368
5300
6153
5223
5650
6659
5275
5396
5761
9467
5006
5351
5467
5145
7242
5876
7046
5639
5929
5064
5153
5927
6091
5953
5617
5648
5838
5138
5739
5135
6154
6908
5502
5482
5209
6479
6661
6561
6507
7336
5027
5188
5064
6351
5352
6480
5656
5736
5068
5721
6023
6686
5169
5252
5044
5063
5327
6124
6682
6208
5863
5824
5259
5445
5234
6345
6790
5181
5624
6735
6666
5630
5444
5085
5567
6183
5448
5414
5150
5507
9338
5208
5666
7720
5175
5732
6023
7368
5104
5913
10965
5022
5168
5483
6861
5322
5080
6409
5239
5127
5184
5410
5831
5188
5583
7468
6027
5152
7046
5880
5028
5509
5410
5846
5579
7854
5727
8878
5083
5162
5204
5031
5095
5088
5358
5541
5388
5963
5405
5509
5311
6213
5159
6761
6529
6434
6926
5096
6126
5933
5058
5939
6759
5505
6719
5349
5113
6016
5461
5425
6350
5951
6678
5338
6842
5763
5378
6849
5722
6125
5070
9151
5369
5817
5590
5964
5573
5313
5065
5796
5342
5725
5087
6886
6240
6005
7447
5648
5391
6834
5439
5148
6340
5190
6178
5717
5285
5379
5204
5966
6136
5035
6978
10375
5766
5490
7309
6892
5031
6392
6209
6279
5095
5531
5123
5518
5341
10779
5655
5434
5193
5512
6157
5153
5925
5630
5320
7016
6560
5199
5589
5388
5191
6274
5652
5748
5062
5374
6042
6070
6433
5652
5333
5257
5610
5099
5652
5052
5127
6106
5131
6123
5045
5898
5438
5939
5070
5065
5743
6116
5684
5969
5285
5761
5732
5656
5495
6683
5157
5508
6460
6065
5636
5658
6791
6428
6719
5645
5279
7526
5694
6133
6125
5169
5227
6356
5951
5900
5703
5453
5491
5665
5709
5128
5221
5693
5143
5226
6381
5849
5050
6041
6345
6940
5172
5028
5109
5668
5490
5034
5530
5010
5961
5358
5645
5423
5495
5569
5458
6354
5905
6394
6635
5856
5048
5239
5110
7082
6022
5045
5625
7249
5690
5414
5991
6218
5710
5084
6061
5116
5453
5304
5589
5034
5185
6436
8037
5107
5356
6166
5332
6724
5318
6604
5018
5444
5050
5305
6701
6026
6254
5681
6920
5042
5586
5534
5868
6023
5805
6697
5463
6152
6036
5493
5675
5961
5491
5331
6310
6435
5050
6196
5595
5151
8373
5226
5461
7167
5411
5185
6467
5147
5037
8606
5848
6442
5095
5403
5625
5217
5227
5695
5375
6145
6187
5813
5613
5694
5143
5215
5432
5330
6538
5592
5054
5269
6793
5929
5401
5106
6126
6716
5121
5258
5055
6608
5401
5370
5145
5645
5318
5243
5129
6347
5097
6272
6519
5612
5061
6749
5605
5499
5216
5807
6763
5206
5552
5465
6632
5199
6061
5046
5446
6572
5818
5497
5037
6763
7784
5983
5202
6448
6088
6547
5130
7380
5170
5690
6032
5848
5184
5798
6304
5633
5050
6572
5547
5085
5467
6371
5039
5040
9463
5559
5465
5211
5150
5323
5098
5466
5301
5528
6672
5484
5275
6277
5613
5478
5041
5340
5212
5759
6737
5603
5506
5950
5617
5559
5060
6757
7729
5063
5201
5564
6258
5713
5169
5443
7332
6173
6446
5709
5389
5620
6247
6418
6496
5681
5391
5001
5327
5371
5552
5230
5993
5146
6142
5293
5886
5074
5279
6276
6367
6192
7005
5102
5130
5058
5169
6120
5962
5776
5650
5713
5223
6477
5633
6936
5353
5074
5072
5582
5718
5927
6870
5218
5119
5518
5777
6219
5307
5061
5266
5935
5412
7031
5187
5243
6701
5635
5533
5800
5538
5048
6695
5362
5888
5279
5352
5469
6810
5357
5029
5538
6639
5399
5158
5435
6859
5001
5057
5443
6672
5350
5294
5335
6434
5725
5884
6124
6850
5304
5716
6268
5835
5026
5320
6563
5028
7421
5004
5092
5243
6335
8282
5383
5915
5424
5185
6161
7221
5687
5637
5138
6279
5789
5586
5315
5569
5539
5577
5156
5596
5240
5469
5003
5693
5070
6077
5541
5454
6072
5779
5036
7501
5302
6204
5053
5952
5028
6770
6207
5051
5634
5009
8387
5033
5177
5064
6227
5242
7683
5243
5843
5248
6459
6319
5356
5475
7053
6880
5451
5977
5016
5805
6332
8017
5718
5955
5393
5788
6456
5554
6387
5064
5537
6725
8738
5144
5731
5267
5068
6644
6085
5454
6521
5129
6419
6113
6083
5060
6644
5778
5223
5149
6290
5509
5092
7556
5269
5618
5310
5712
5189
5481
5126
6450
5154
7101
5261
5781
5784
7019
6420
5799
5356
6020
5765
5324
5471
5423
6615
5447
5249
5365
5047
5314
5485
5908
5592
5593
5243
5274
5395
5074
5150
5027
5062
5524
5466
5415
5105
5607
6410
5199
6103
5209
5393
5206
5017
5616
5535
5982
6447
6414
5497
7093
5149
5545
6344
5251
8881
5014
6245
5592
5317
5657
5019
5997
5264
5052
5144
5154
5662
6210
5309
5812
5789
5329
5001
5004
5032
5512
5214
6041
6141
5545
6905
5030
6373
5733
7657
5576
10350
5399
5430
5059
6686
5551
5577
6376
5017
8326
5345
5543
5277
6635
5260
5536
5224
6600
6204
5075
7886
6554
5572
6119
5358
6106
5076
5970
5503
6172
6440
5887
5257
5350
5593
5533
5206
7075
5240
6213
8017
5306
5951
5045
5426
7575
7235
5193
5271
7029
5677
6060
6506
6663
6690
5679
5771
6496
7526
5163
5544
5008
7322
5169
5135
6806
6241
5855
6657
6337
5761
5190
5342
6854
6074
5230
6168
5160
5478
5024
5058
5527
5204
6362
5639
5462
6291
8179
5900
5680
5289
6046
6420
5332
6904
5332
5727
6906
5580
5179
5598
5495
5362
5082
5735
6360
6493
5556
5213
7213
5184
5429
6165
6160
5556
5751
5086
5406
5025
6218
5233
5896
6142
6730
5233
5132
5048
5586
7852
5314
5705
5254
5419
5005
5088
5255
5255
7055
5085
5812
5223
5597
5131
6079
5093
8171
5076
5134
5173
6637
6027
6488
6116
6469
5140
5140
5010
6240
5167
5091
5371
5290
6313
5287
7037
5331
5688
5015
5236
5347
6407
5577
5786
5059
5100
5104
6159
5594
5917
5339
5094
5758
5027
5446
6893
5042
6437
5029
5133
5272
5327
5729
5387
6629
5316
5034
7709
5468
5172
5551
5135
5079
6251
5802
8731
5905
5898
5334
5048
5477
6773
5709
5053
6569
5103
5353
6028
5240
5973
7169
5009
5341
5382
5454
5196
5050
5219
5089
6229
5167
5867
5084
6071
6559
5558
6086
5339
5135
5339
7543
5148
5233
6282
5336
5580
6315
5192
6408
5332
5497
5217
7701
5726
5144
5255
5139
5620
5580
5304
6444
6928
6003
6441
5347
5029
5048
5089
5076
5297
6178
5008
5266
6380
5326
6493
6228
5363
5069
5568
5070
5960
9608
5018
5234
5249
6016
5301
5175
5080
6677
5149
5015
6887
5319
5223
12372
5336
5028
5090
5143
9752
5615
5515
5319
6967
5069
5089
5931
5853
5141
6240
5193
5888
5366
6953
5021
6076
7567
5650
7283
5124
6245
5477
5914
5049
6569
5116
5498
6068
5348
6337
5347
5039
8952
5899
5114
5791
5034
5130
6985
5902
5540
5001
5623
5090
5814
5410
5368
5376
5782
6228
5546
5702
7477
6166
5432
5793
5290
6420
5804
5481
5137
5058
6788
5197
5754
6634
8272
5662
5458
5128
5386
5310
6352
6087
6483
5972
5150
6096
5388
6247
5135
6070
5016
7797
7561
5123
5152
5187
5258
5175
5258
6130
6824
5037
6055
5121
6111
5074
7442
5158
5034
5239
6471
5591
5529
5424
5483
5507
6174
5322
6377
5346
6254
7934
6998
5913
5265
5615
5415
5070
5690
6352
5795
5095
5498
5947
5366
5984
5005
5137
5184
7259
6530
5415
5648
6888
5854
6877
6313
5026
5520
5319
5069
7038
5281
5159
5433
8339
7138
5266
5619
5129
5788
7101
6117
5600
5040
5450
5467
5124
5373
5724
6172
5069
5373
5141
5021
5022
6250
5920
5249
6823
8511
8533
5056
5563
5943
5061
5755
5461
5231
5068
5519
5429
5517
5321
5291
5323
5192
5339
5012
5529
5278
5788
5296
5298
5262
5707
5957
5148
5767
5253
5762
5664
5800
5319
5776
5898
5028
6211
6146
5331
5888
6069
5334
5928
5999
5004
5287
7599
5609
5232
5765
5820
5324
5436
5106
5724
5425
6303
5456
5465
5086
7557
5590
5141
5873
5050
5501
5212
5147
6524
8457
5027
5128
5941
5560
5104
5489
7056
5310
5253
6240
6629
5264
6429
7552
5036
5159
5629
6276
6667
6269
5170
6735
5752
6209
5875
7093
5256
5064
7526
5264
5743
5618
7111
5287
5832
7085
5654
5065
5532
5752
5641
6665
6394
5958
5908
5348
5149
6196
5682
5587
6166
5008
5550
5511
7477
6224
7028
5085
5829
6708
5618
6173
6878
5989
5003
7125
5455
6246
5151
5972
7445
5275
7627
5049
6355
7426
6136
5004
5334
5669
5845
6856
5011
5754
5247
5281
5335
6015
5619
5194
5276
6418
5676
5710
7287
6233
5395
5417
5932
6714
5571
5033
6552
6451
5827
5032
5194
6498
5257
6970
9290
5855
5350
7329
5114
5968
5659
5143
6352
5394
5434
5996
5234
5051
6295
8716
5403
5067
5055
5940
5571
6206
6721
6340
5139
5279
5044
5163
5106
5386
6482
5937
5156
5368
5071
6837
5289
5119
5839
5901
6363
5189
5359
6227
5421
8268
5807
5821
5156
5624
9182
6018
6093
5175
5466
5057
6277
6175
5593
5443
5595
5678
5093
6306
5133
5692
5428
5526
5471
5887
5453
7320
5370
5558
5047
5597
5070
7976
5046
6810
5113
5623
5268
5131
6042
5386
5065
5877
7248
5175
5252
6561
6554
5415
5699
5482
5122
5048
8678
5273
5061
5189
8510
5043
5095
5237
5632
5151
6315
6193
5383
6055
5685
6212
5404
7452
5926
5332
5470
5333
5047
5084
7006
5765
5305
6367
5256
5799
7236
5200
5315
5477
5004
5990
5650
6871
5391
5656
5149
5225
7131
5942
6464
5268
5171
5617
6956
5818
5312
5092
5782
5058
6293
5658
5295
8257
5140
5470
5021
5505
6058
5637
7313
6191
6651
5245
5112
5744
5122
5369
5497
7542
5801
5382
8896
5394
5908
5047
5053
7061
5226
5064
5600
5264
5012
6228
5163
5016
6067
5183
6900
5571
5208
5678
5255
6066
6237
5503
5068
5937
5574
6172
5314
6245
7268
5775
6709
6070
5370
6234
5315
6275
5196
5070
7294
5293
5015
5763
5546
5113
5108
5746
5017
5737
9520
5552
5135
5022
5099
6673
5057
5812
6362
7198
5005
5489
6973
5089
6323
6756
5066
5009
5251
5168
5978
5672
6795
6254
5305
5315
5138
6257
5642
7370
6254
6460
5098
6790
5557
6422
5086
5351
5862
5013
5711
5553
5757
5511
7578
6634
5305
5873
5843
5745
5163
5741
5359
5872
6004
5816
5632
5267
5696
6152
5307
6591
5186
5694
5705
5322
5335
5786
5252
5151
6364
6575
9364
5982
5338
5032
5011
5157
7333
6153
5346
5256
7101
5412
6134
5385
5212
5333
5018
6356
5194
5052
5463
5519
5849
7062
6376
5483
5188
5602
5068
5045
5106
8127
6140
5012
7135
5231
5047
6655
5170
5228
5992
7396
5572
5085
6339
6343
5458
5413
5620
6307
5514
5257
5811
5035
5295
6912
6303
5997
6601
6786
6105
5041
5472
6070
5617
5041
5908
5390
6224
7080
5444
5854
5854
5965
5314
5798
5368
5105
5080
5851
5004
5390
5356
6039
5423
6643
5425
5881
5171
5989
6196
5028
6078
5235
5171
6280
5369
7277
5401
5200
5356
5389
5161
5119
5244
5108
5108
5606
5632
5242
8468
5031
7015
5023
5272
5246
5834
5489
5083
8097
5065
5712
5618
5763
5318
6299
5386
5343
5139
5289
5685
5072
5634
6805
5624
5676
5688
5918
7273
5921
6003
5152
5074
5310
5429
5547
5644
5387
5349
5354
5157
5855
6599
6291
5532
5117
5090
5212
5648
5937
5843
5099
5193
5228
5540
5307
6389
5871
5425
5493
5216
5098
6081
5692
5019
5604
7274
5254
5269
5740
5267
9233
5592
5728
5112
5097
5339
6027
5657
5109
5907
5325
5619
6624
5565
5070
5225
5519
6893
6592
8097
5076
6685
5459
5798
6385
5173
5553
5568
5321
5095
5657
8020
6254
5323
6831
6158
6012
5527
5643
5382
6103
5338
5401
5057
6432
5436
5922
5779
5537
6496
5976
5913
6816
5213
6905
6159
5080
5697
7905
5586
5068
6073
5985
5703
5526
6357
5354
5910
5305
5257
5115
6390
5651
5132
5461
5597
5024
5093
6139
5637
6157
6462
6316
5150
5491
5155
6323
5418
5895
6480
5036
6189
5400
5239
5072
5688
5894
5199
5422
6352
5291
5181
5738
5251
5290
5373
6929
6751
5482
8023
5753
5575
7048
5420
5146
5767
5333
9259
6783
5482
5223
6044
5738
5093
5276
5759
5636
6588
6912
5293
5927
5093
6132
5667
5776
6007
5867
5850
5819
5151
6025
6907
6614
5017
5217
5082
5499
5074
5732
5097
5035
6281
6076
5159
5413
5088
5358
6321
5567
5080
5716
5832
5379
5442
5633
6527
5077
5393
5902
6146
7026
5075
7242
5198
5449
5263
5402
5174
5563
5573
5209
5127
6402
5470
5935
5321
6416
5042
5024
5561
5007
5432
5388
5421
6048
5322
5984
6103
5498
5381
5451
7371
5200
5318
5263
5026
5322
5482
6605
5326
7218
6014
5045
5374
5770
6009
6210
5043
6554
5075
5154
5136
5298
6023
5479
5507
7323
6081
6015
6586
7555
5578
5400
5556
5191
7440
5735
5315
5809
5439
5039
5724
5601
5039
5011
5113
5458
6909
6026
6775
5676
5889
5778
5377
5488
6443
6400
6505
5450
5291
5098
7073
6228
5019
5247
5729
6169
5673
5618
5105
5644
7911
5269
5333
5950
7276
5024
5056
5275
5236
5710
5614
5233
6041
5464
5591
6420
5675
6064
5928
5673
6637
6895
5949
7173
5625
5290
6187
5893
5222
5800
5251
6710
5080
5470
5986
5726
5625
5425
5770
5119
5665
5452
5398
6233
5161
5371
5284
6438
6547
7308
5852
5668
5281
5457
5244
7094
5779
5614
5914
5455
5329
5561
5600
5101
5290
5141
5094
6933
5543
7854
5250
5918
5222
5440
5157
5608
5201
5205
7416
5439
6219
5346
5554
5638
5102
7035
5310
5998
5402
5497
5336
5172
5156
6525
5048
7299
5194
6047
5444
5077
5052
6236
6157
8455
6289
5331
5015
5371
6100
5329
6238
5674
6236
5347
5625
5737
5242
6235
5001
5065
5076
6832
5697
7034
5571
5756
5270
5131
5132
7112
5392
5148
5881
6391
5788
5352
5024
5054
5393
5687
6228
5263
5350
5043
7956
5024
5205
5132
5973
5937
5065
5048
6471
7335
5614
5100
5193
5556
5390
6302
6015
5338
8626
6531
6783
5361
7275
5084
6151
5563
5343
5684
5720
6468
10733
5522
5517
6233
6276
5032
5080
5427
5574
5905
6117
6078
5863
5063
5261
5891
5636
8177
6123
5143
6527
5291
5364
6201
5499
5448
6428
5783
5761
5754
6886
5291
5417
5548
5604
5557
5666
5350
5806
5089
6140
5312
5928
5203
5068
5271
5541
6367
5097
5144
5416
5234
5184
5035
5658
8765
5523
5419
5056
5074
5321
5149
5229
6901
5358
5108
5782
5172
5309
5457
7031
6856
5011
5769
5415
5422
5621
5258
5169
5287
5301
5765
11073
7016
5144
6936
6422
5172
5716
5103
5117
5725
5969
5636
6192
5978
5976
5070
5518
6204
5093
5786
5730
5731
5149
5027
5733
5542
5676
5170
5190
5758
6267
6090
5789
6875
5595
5630
5881
5255
7351
5454
5306
5027
5336
6490
7670
5891
6243
5098
6414
5468
5631
5882
5742
5135
5343
5754
6411
5409
5739
6903
5654
5436
5499
5069
7924
5096
5452
5870
8446
7855
5258
5865
5458
5277
6407
5275
5850
5125
5780
5064
5190
5279
5449
6370
5212
5112
5126
5975
5040
5071
7184
5982
6133
5636
5584
5179
6565
5189
5806
6225
5580
5360
6163
6448
6283
6253
7091
7547
5586
6881
6544
6768
5357
5282
5299
5237
5150
6045
6614
5056
5128
5586
5120
6340
5518
5366
5115
8082
6125
5503
6024
6303
5140
5387
6665
6937
5036
6334
6163
6036
5016
5227
5178
6117
7568
5367
6228
5329
5329
5419
6354
6517
5148
6599
5110
5127
5499
7472
5207
5257
6244
5456
7157
6032
5499
5911
5611
5338
5606
5855
5223
5286
5370
5922
5975
5363
5988
5476
5003
6486
5117
5482
5933
5492
6115
5381
6713
5455
5268
5240
5008
6009
6638
5330
5620
7317
5968
5218
5577
5289
6381
6371
5935
5144
5127
6709
5471
6409
5403
5112
5343
6615
5699
6553
6248
10144
5014
6273
5411
5365
5457
6036
5331
6206
5005
5269
5431
5734
6535
6504
5427
5517
5763
10965
5160
6875
5363
5048
5176
7398
5250
5225
6016
5538
5651
5853
5288
5460
5984
5120
5743
5754
5191
6018
5711
5446
5185
5046
6074
8727
5332
5268
5442
5937
6100
5589
5207
5424
5062
6047
5055
5290
6637
5441
6439
5354
5338
5012
6613
5004
5116
6688
5898
5157
6466
6752
6124
6527
5409
5095
5186
5659
5538
5731
5453
5081
5016
5100
6242
5734
5479
5121
6453
6120
6580
6532
5571
8733
6469
5144
5039
5644
6901
7439
5058
5196
6334
6429
6851
5230
5959
5241
6732
5232
6898
5991
5524
5367
7153
6918
5113
5173
5048
5365
5480
5756
5960
5103
6549
5970
5739
5900
5816
5361
5423
5006
5342
5323
8688
5386
6853
5058
6311
5139
5189
5218
5164
5259
7636
5596
6567
5307
6057
5704
5064
5720
5040
6155
7032
5115
5268
5670
5500
5844
5199
6111
5840
5513
6572
9595
6321
5451
5276
6274
5588
5517
5851
5241
7282
5169
5796
5465
5763
7479
5612
7894
5588
5301
5569
6453
5123
6271
5775
6736
8967
5866
5310
5911
5458
5675
5496
5820
6435
5286
6212
5893
5466
5951
5296
6087
5068
6400
6856
6357
6150
5099
5074
5379
6499
5063
5850
6222
5385
5745
5701
5325
5120
5501
6625
5153
6467
5197
5756
5846
6826
5142
5074
5775
5298
5875
5717
5248
5930
5084
6165
5085
5352
5293
5641
6315
6384
5239
6154
5079
5427
5440
6146
5946
6583
5566
5263
5219
5062
5355
5185
5016
5917
8464
6509
5204
5041
5348
6712
5535
5241
6734
5002
6165
5313
5002
5544
5329
5538
5615
5067
6084
5180
7409
6088
5265
5774
5802
6026
5840
5873
5742
5625
5554
5363
5205
5243
5560
5592
6450
5137
5698
6037
6177
5165
5035
5696
5095
7439
6238
5046
6879
5327
5742
5651
5900
5666
5504
5488
5293
6164
5686
5439
6118
5615
5016
6428
6729
5026
5176
5878
5065
5846
5491
5017
5054
5473
5036
5071
5262
6181
5530
7070
6979
6543
5236
5209
5669
5405
5472
5209
5323
5291
5453
5126
7928
8036
5061
5214
5103
6010
5190
5067
5191
5742
5319
5387
5557
6092
5074
5134
7356
5187
5630
5088
5044
5144
6581
5115
5715
5035
5301
8199
7726
5980
6384
5073
5191
5043
5094
5179
5783
5154
5341
6439
5084
6319
5310
5638
5987
5623
7857
5830
5707
6733
6050
6227
5079
5702
5006
5461
6016
6321
6868
6584
5152
5819
7189
5115
5010
5118
6378
6350
6090
5529
5808
5014
6032
6216
7307
5701
6227
6510
5197
6240
5298
5023
6637
6174
5523
5364
6834
6332
5531
5691
5081
5536
6059
9271
5427
5138
5495
5231
5196
5347
7076
5488
5316
7658
7183
5038
5308
6996
5304
5364
6020
5337
6034
5403
5097
5336
5053
5201
5190
6327
5631
5719
5748
5351
7791
5008
5230
5315
6552
6462
5540
5088
5177
6430
5595
7293
5027
5401
6862
6999
5388
5388
5077
5635
5643
5760
5465
6570
6233
5296
5084
5383
5005
5536
5044
5188
7378
6537
5428
5964
5674
6009
5360
5343
5587
5098
6475
5035
5644
5204
5088
5018
5468
5065
5699
6450
5964
6963
5306
5454
5258
5375
6050
6395
5576
5718
5791
5162
6466
6560
5890
5498
5121
5602
5036
5272
6064
5089
6292
6402
7298
5368
5232
5080
6187
5137
5600
5049
5571
5612
7204
5534
6801
5548
5219
5065
7285
5211
5168
5268
5620
5240
5425
5683
5905
5909
6116
5118
7106
5616
5404
5235
5530
5966
5795
6569
5518
5880
5155
5463
5415
6539
6549
5626
5149
5569
5649
5157
6442
5211
7096
5452
5763
5173
5834
5206
5723
6425
5581
5487
5950
6575
5806
5238
5273
5115
5115
6315
5867
5649
5159
5501
5225
5590
5139
5753
5059
5329
5120
5478
6111
5098
6195
5089
6225
5339
6004
5139
5834
5601
5913
5418
5929
6068
5903
5856
5219
5090
5136
5296
5147
6458
5568
5711
5146
5530
5790
6083
5478
5755
5101
5722
5984
5458
5886
5123
7243
5305
6381
6713
6458
5255
5154
6023
5619
5978
6558
5265
5419
7872
5865
5717
5902
5532
5031
5819
5171
6460
8933
5461
6164
5176
6479
5236
5177
5385
6304
5109
8101
5105
5671
6204
6620
5587
5631
5160
5232
6789
6511
5152
5456
5319
6202
5067
5369
5101
6167
6790
6415
5928
6972
5373
6386
6162
5986
6726
5628
6447
5150
7239
5087
6353
5349
5275
5392
6117
5083
5905
6613
6496
5207
5451
5323
9107
6414
5246
7021
6404
6365
5224
5631
6938
7812
5038
6543
5607
8379
5752
6670
5492
6585
5314
5023
6059
5159
5083
5032
5109
5893
6854
7488
6537
5045
6003
5118
5566
5157
5550
7118
5199
7028
5323
6539
6971
5340
5006
5220
5259
5579
5021
5361
5038
5040
5016
5826
5373
5045
5074
5713
5187
5162
6378
6090
6481
6086
5105
5146
5266
5854
9573
6870
5830
5988
5579
5237
5306
5297
5039
5408
5549
5469
6396
5041
5600
5205
5667
5080
5796
5146
7649
5014
5032
6445
5220
5266
5748
5584
5063
6364
6108
5311
5181
8272
6024
5045
5778
5998
5173
5452
5878
7589
5293
5040
5108
5829
5143
6590
5975
6740
5789
5921
5700
6242
6201
6313
5692
5335
5114
6104
5150
5605
5062
5189
5061
5101
7075
5168
5017
5079
5310
5295
5704
5033
7948
5514
5788
6066
5184
6855
5253
5997
5627
5488
5583
5436
5227
5550
5677
7072
5011
7085
5805
6081
5129
5115
5559
6234
6203
5193
5333
5095
5226
6371
7388
6009
5964
5289
5233
5367
6048
5422
5391
6059
5852
5404
6416
5524
5360
5922
5341
5206
5658
5998
5184
5083
5961
5613
6886
5115
5063
5171
5378
6913
5399
5454
5772
5824
6626
5472
5360
5413
5271
5853
5031
5017
7204
5462
6297
5127
6517
6149
5975
5101
5548
5177
5246
5309
5729
6413
5194
5110
5415
5329
5241
5338
5327
5519
6440
5154
5567
8197
6012
5790
5762
5047
5276
5716
5220
8211
5960
5441
6025
5070
5370
6248
5207
5900
5859
5057
5820
5706
5702
5169
6227
8629
6244
5170
6251
6234
6627
7109
5869
5368
5737
5884
9145
5595
8181
5442
5303
5340
5106
5281
5515
5679
5490
5640
5336
5866
5610
5083
5055
7499
5561
5221
5168
5196
5384
5133
5121
7344
5001
5691
6791
6705
7391
5133
7417
5432
5906
6700
5019
5450
5256
6912
5045
8344
7513
5457
6115
5355
5012
6686
6664
5471
6616
6864
5639
5854
5042
7103
5380
6146
6656
5045
5804
5225
5463
6945
5450
5739
6043
5079
5626
9325
5174
5140
6016
5001
6696
5361
5639
5327
5764
5060
5953
10656
5063
5638
6673
6076
5048
6511
6002
5464
5129
6595
5507
5043
5305
14741
5179
5376
6123
5234
7485
5218
5629
5066
5845
6578
5519
6903
5265
6204
5292
5437
5191
6288
5180
5767
5141
7103
5343
5110
5839
6118
5324
5200
7826
5320
5444
6378
5099
5410
5180
5263
5565
6642
7146
5577
5962
6591
6372
5121
5873
5021
5116
6834
6166
5863
5474
5572
7199
5271
5713
5538
5027
6610
6281
5347
5904
5436
6781
5293
5468
5051
6383
6106
5646
6815
6015
5149
5260
5924
5254
7150
7850
6407
6239
8034
5092
6493
5575
7523
5055
6792
7043
5453
5555
5104
6433
5716
5437
5734
5484
6782
5020
5374
5882
5892
5139
10563
6170
6179
5143
5153
5988
6342
7642
5351
5056
6072
5234
6458
5072
6118
6294
6286
5035
5531
6410
5023
6479
6150
7374
5971
5291
5723
5398
6712
5262
5612
5367
5372
6298
5777
5162
5194
5549
5258
5057
5657
5603
5959
5423
5106
5180
5082
5232
5782
5437
5128
5564
5244
5003
5286
5015
5049
7152
5777
5260
6374
5731
5771
5587
5423
5012
5568
5074
5699
6220
5407
6084
5616
8664
5472
5548
6095
5702
6373
5997
5569
6140
5042
5386
5099
6596
5219
5590
5132
5003
5351
5266
5188
7226
8379
6198
5255
6707
6364
5302
5285
5368
6655
5117
5733
5339
5776
8302
5695
6298
5073
5202
7108
9459
5656
5174
5046
5880
5120
5730
6637
5894
5746
5784
5346
5346
8515
5642
5186
5474
5167
5151
5013
6192
6289
5165
5418
5550
5714
6261
5680
5239
6032
11370
5249
5443
6302
6892
6574
5712
6193
5118
5468
5093
5403
5691
5934
5655
5658
5651
6195
5578
5118
5448
5362
5714
5118
5176
5086
5606
5834
5183
5304
6930
6501
5432
6764
5649
5809
5225
5466
5597
5039
5681
5041
5219
6534
5659
6124
5333
5906
7197
7365
5223
5069
5267
6618
6109
5774
5462
6437
6914
6117
6294
5210
5213
6407
5433
5582
5193
5422
5007
5525
5665
5942
5592
10209
5277
5400
5252
6410
5423
5397
6269
5841
6071
5836
5246
5673
5370
5106
5136
5811
5124
5800
5825
5420
5585
6157
5153
7266
5157
5022
5429
5484
6599
5184
5420
5324
5117
5185
5308
5398
5870
6036
5253
6335
6438
5004
5042
5631
5235
5440
6156
8032
5424
5498
5082
5433
5429
6210
6245
5472
5799
5262
5233
5011
5794
5370
5390
5718
6160
5559
6668
5424
6578
6165
6607
6089
5327
5326
5646
5060
6572
5738
5104
5075
5999
6556
5229
6777
5213
5148
5878
9267
5227
6077
5096
5342
5112
5451
5001
5472
5197
5358
5538
5974
5196
5249
5109
5441
5062
5256
6452
6415
5083
5449
5849
6314
6669
5098
5014
6146
5376
5158
5568
5044
5454
5693
8568
5372
6352
5181
5544
6278
7003
5067
5112
5380
5679
6147
6842
6051
5152
6254
6135
5474
6074
5319
6347
5222
5683
6405
5743
5088
5270
5082
7284
7168
6622
5167
5339
5890
5084
5033
5381
5215
5731
5501
5177
9240
5156
5244
5560
5404
5140
5352
6056
5052
5798
7808
5194
5011
5326
5059
5804
5426
6342
5355
5456
6195
6101
5319
5514
5294
5164
5379
5651
6412
5213
5525
6157
5730
5720
5358
5607
6558
7318
5356
5358
5156
6001
5262
5029
5776
5260
5188
5555
5231
5488
5487
5742
5351
7656
5240
6526
5355
5181
6707
5452
5468
5937
5632
5114
5060
6091
5043
5145
5013
5909
5132
6829
5513
5628
5082
6051
7921
5742
7140
5809
5246
5156
5926
5126
8079
6001
5134
7230
5320
5272
7477
5265
5101
5208
5471
5721
5452
5827
5166
6987
6065
5735
6295
5250
5128
5164
8042
5685
5020
5684
6768
5505
5221
5040
5566
5659
7232
5740
5018
5133
5874
5019
6797
5243
5150
5336
5589
5823
5881
5119
5635
5006
5161
5345
5857
5422
5227
5556
5145
6207
5710
5327
5167
6159
5191
5229
5533
6412
5211
5757
5620
5865
5587
8004
7091
5310
5120
6023
5085
5805
6133
5783
5183
5362
5094
5126
5762
5679
5146
5106
5032
5355
7555
6438
6121
5161
5599
5130
6231
5175
6513
5015
8893
5496
5248
5195
5475
5760
5911
5056
5165
6223
6162
5945
5142
5202
7481
5415
7484
5091
7067
5493
5277
6000
5926
5104
8548
5730
5528
5153
5614
5016
6115
5721
5051
6110
5433
5212
5305
5110
6552
5017
5025
5811
5176
5070
5069
5841
5737
5242
5198
5065
5197
5142
5804
7720
5028
5753
5076
5640
5610
7011
5257
5250
5888
6996
5892
5258
5960
5435
8265
6126
5357
6290
5995
5293
6208
6074
6394
6061
6359
5472
6846
5077
5270
5711
5321
5340
5979
6221
5855
5106
5920
6034
5619
5154
7241
5513
5619
5043
5903
5443
5780
5099
5355
5539
5066
5681
5559
5096
5258
5106
5551
5757
5393
6907
5083
5571
5486
6579
5877
6067
5487
5363
5184
7067
6252
6937
5353
5091
6348
7014
5168
5427
5237
5541
5220
6511
5119
5655
5293
7215
5156
5194
5462
5540
5497
5131
5451
6736
6331
5887
6989
5770
6191
5296
5253
5632
5588
5715
5798
5162
5222
5029
5302
5058
5262
5452
6634
5532
8968
5231
5398
5414
5169
5225
6563
5889
5182
5052
5051
5523
5923
6054
5324
5356
6164
9242
5286
6711
5379
5255
6073
5097
5743
5093
5198
5469
5254
5887
5172
5386
5703
5658
5019
6034
5464
5732
5147
5103
6708
5783
5521
5352
5247
5340
5231
6843
5212
5628
5791
5681
5576
6691
5026
5407
5921
5162
5187
5807
5263
5266
6258
7396
6679
5572
5344
5031
6436
5691
5333
5102
5679
5025
5906
5101
5046
6978
5793
6261
5078
5545
5083
5433
6397
5290
7088
5237
5080
5839
5010
5235
5197
6254
5102
5538
5305
6169
5959
5616
5036
7020
5064
6382
7085
5070
5722
5315
5544
5511
5984
5867
5432
5126
6065
6144
5606
5069
6754
7432
5104
5502
5143
5241
5315
5041
5119
5086
5270
6345
6098
5064
5131
5617
6336
5083
7155
5288
5336
5408
5073
5647
5339
8541
5220
6482
5619
5802
5004
5466
6118
5303
6391
5551
5026
5029
6309
5040
5435
6129
6136
6304
5753
5175
6676
5488
5734
5541
5131
6353
5123
5278
5484
5691
6062
5726
5249
5501
5222
6791
5366
5002
5803
6023
5403
5625
5106
5101
5580
5984
5032
5217
6597
6159
5358
7249
5192
5153
5021
5315
6354
5480
5101
5450
5238
5712
6572
8639
6909
5112
5048
5214
5285
5194
6187
6042
5388
5937
6807
5691
5416
5095
5219
5858
5077
5622
5498
6974
5267
5065
5130
5785
5151
5065
5211
5806
5404
5572
5320
5258
7200
6566
5041
5101
5845
5868
5074
5967
5374
5845
5557
5184
7438
5517
5718
7323
6397
5241
5969
6299
5160
5673
5058
6571
5357
5388
5427
5209
5285
5564
5016
5045
5778
5807
6351
5761
6169
8864
5827
5499
5994
5532
5417
5004
5362
5256
6133
6669
5651
5864
5985
5567
5409
5200
5001
6096
6005
6872
5503
5381
5012
5665
7469
5240
5330
5954
5388
5265
5070
5020
5537
6065
5848
5312
7238
6129
5539
5810
5392
5164
5159
5912
5155
5003
5654
5661
5359
5246
6062
5758
5096
7558
5279
6175
5549
6652
7015
5324
5708
5306
5016
5131
6719
6458
5602
6826
5167
5346
6992
5044
5959
5570
5540
5480
5470
5247
5843
5137
5164
5754
5233
5045
5285
5738
5342
5693
5280
5351
5513
5417
5737
5269
5549
5766
5388
5114
5205
7745
5081
5274
6290
6480
5101
7802
8851
5505
5776
5967
5391
7078
5114
6281
5507
5145
6370
6721
5350
8332
5177
5012
5704
5064
5097
6276
5048
5177
5140
5076
5293
5662
5491
5106
6496
5044
5123
8359
5051
5276
5368
5587
6491
5215
5075
5136
5423
5908
5398
6124
7693
5559
5437
5099
5304
5947
5624
6018
6629
5952
6623
5262
5617
5722
6075
5796
5391
5909
6395
5413
5034
5520
6539
5107
6052
5287
5465
5807
7942
5780
6244
5650
5044
5665
5422
5577
5626
6027
5161
5022
5737
5027
5288
6452
5184
5220
5766
5231
5379
5408
8076
5860
5443
5807
5461
5839
5021
5095
5634
5045
5067
5714
5771
6072
5263
5260
5436
5288
6601
6466
5061
5133
5934
6203
5583
6501
5030
5193
8477
6432
5511
5110
5326
5210
5124
6611
5958
5989
5112
5301
5980
7641
5405
5412
5471
5423
5254
5863
5075
5249
5561
8688
5642
7575
6177
5542
5151
5333
5309
5170
6226
10797
5474
6052
7013
5014
5468
5039
5827
5603
5325
6066
5457
5726
5434
6264
5901
5068
6736
5100
5208
5034
5148
6630
5779
5175
5956
5377
5071
5969
6519
6390
5162
5004
5916
5285
5732
6635
7386
6678
7010
5037
5028
5628
5026
6126
5943
7070
5533
6723
5522
5105
7248
5082
7215
5235
5082
6465
5190
5675
5247
5191
5212
5342
7523
6708
5537
5042
5610
5874
5460
5429
5349
5792
5009
5767
5964
6123
5594
5684
5183
5243
5164
9882
8222
5727
5135
5728
5095
5228
9483
5340
5337
5956
5349
6040
5434
5014
5186
6300
5562
5186
5005
5316
7032
5352
7165
5627
5360
5280
6516
8609
5145
5041
5788
5755
6589
5481
5572
7036
5426
5073
5619
5310
6904
5397
5203
5264
5765
6589
5318
5694
5954
5462
9752
5134
5320
5206
6314
6685
5672
5296
6914
6239
5192
5173
5090
6073
5508
5305
5054
8214
6407
5202
5041
5380
6131
5318
5057
5041
7302
5044
5834
5558
5589
5783
5029
6096
5710
5165
5357
5042
5607
5637
7323
5061
8988
6085
5556
6481
6259
5225
5775
5009
5725
5817
5513
5081
5188
5052
5338
5444
5248
5164
5646
6397
5937
5048
5393
5519
5151
5185
5127
6599
8090
6047
5226
5747
6421
5315
6128
5327
5519
5356
5703
5481
5079
5496
5172
5411
5378
5199
6682
5112
6193
5495
5680
5073
5816
5604
5262
5829
6598
5233
5404
5053
5048
5087
5920
5882
5966
6012
5544
5591
6001
5730
6805
5286
6370
6469
6787
6161
5095
5463
5525
5183
6532
5040
5523
5342
5143
5089
5135
5892
7238
5091
5619
5104
5134
5032
5366
5688
5175
5537
5500
5325
6532
5080
5438
7310
5309
5103
5500
5414
5320
6615
5635
5160
5502
6124
5340
5515
5374
5381
5370
5077
6390
6750
5104
6645
5408
5370
5947
5283
8252
6198
5660
7779
5035
6270
6825
6380
5139
5074
5330
5287
5415
5471
5058
5897
5003
6904
7564
6616
5312
5456
5282
5034
6261
5608
5063
5869
5205
5155
6712
5131
6472
5526
5248
5708
5164
5686
5161
5303
6493
5383
7005
5644
5905
5155
5317
5451
5149
6972
5122
5777
5411
5062
5458
5097
5684
5272
5029
5788
5492
5096
5376
6113
6400
5034
5835
5648
5371
5150
7354
5018
5185
6224
5175
5143
5183
6828
5569
5689
5574
5005
5003
5857
6159
5205
5345
5304
7129
5006
5249
5832
5780
5071
5328
5068
5713
5422
5099
6820
5249
5272
7550
5184
8759
5912
5172
5339
5967
5958
5976
5160
5635
5565
5823
5230
5695
5353
5180
5013
5391
5185
6738
5289
5363
6417
7227
7088
5601
5821
5218
5166
6807
5688
5398
5013
5750
5523
5562
5767
7005
5668
5607
5946
7518
6604
5552
6504
5562
6047
5745
6024
8048
5003
5169
5523
5420
6073
5258
5805
6203
6331
5055
5066
5027
5448
5181
5195
5131
6538
5415
5432
5497
5154
5143
7016
5350
5260
5963
5607
5873
6590
6004
7232
5725
5074
5314
5237
6322
5402
5360
5307
6387
5501
6795
5003
5434
5728
5226
6880
6632
5955
5252
6297
5026
5005
6801
5317
5468
5328
5393
5318
5405
6119
6600
5149
5820
8084
5959
5565
6270
5194
5028
6828
5961
5011
5093
5107
5603
5613
5239
5459
5146
6351
6849
6284
5227
6527
5388
7443
5032
7371
6156
5163
5429
5249
5527
6972
6454
5236
5972
5053
5386
5790
6492
5278
7817
6092
7162
5066
7111
6657
6617
5093
5211
5386
5483
7176
6556
6999
5380
5231
6112
5582
5343
5396
5695
5049
6377
5686
6623
5250
5137
5259
5273
5987
5974
7236
6460
6256
6108
5045
5533
5468
5118
5275
5163
5703
5107
7385
6257
6213
6924
5372
5216
5774
5967
6124
5858
5316
5061
5169
7973
5496
6781
6263
5033
5402
5185
5605
5342
6223
6673
5531
5596
5739
5079
6252
6305
6837
6341
6042
5089
6421
5249
5389
5677
5024
5078
5363
5833
5051
5715
5354
5331
5138
8945
5556
6304
5654
5472
5016
6651
5708
5425
6029
5157
5543
5961
5750
5279
5776
5208
6248
7323
5212
5109
5300
7417
7309
5480
5263
5223
5304
7010
5398
6271
7213
5092
5529
5901
5292
5033
5177
5142
5843
8157
5680
5899
5582
5002
7089
5431
8266
5020
5080
5720
6109
5255
5635
5015
5250
5434
6408
5395
5515
5651
5556
5309
5015
5061
7157
5564
5775
5423
6156
5742
6183
6553
6275
5216
5929
5045
5278
5670
6165
5478
5753
5425
5133
5171
5099
5087
5528
5556
5814
5445
5833
5606
5520
5903
5132
5467
5281
5537
7540
6241
6742
5383
5117
5018
5375
5412
5024
5508
5014
5612
6049
5085
9394
5944
5837
5946
6509
5446
5028
5480
5158
5700
5383
6467
6829
5319
5409
6225
6867
7151
6027
5006
5923
5972
5114
5545
5589
5621
5393
5399
5224
6288
5018
6004
5784
5574
6518
6209
5833
5511
6092
6208
6859
5087
5241
5049
5074
5505
6301
6057
5544
6017
6515
5093
5030
5112
5250
6693
6145
5057
5467
10189
5074
5113
6569
5206
5377
5737
5330
5048
5311
5405
5179
7667
5154
5401
5993
6138
5247
5227
5117
5193
5286
5089
5503
5271
6060
8090
5073
5169
5005
5889
5585
5396
5736
5466
5305
7076
7978
7504
5874
6093
5372
5150
6289
7537
5599
5584
5723
5871
7134
6608
5147
5329
5292
5636
6094
5833
5226
5131
5644
5338
5349
5151
5261
5307
5812
5433
5805
5582
5208
5039
6154
7365
6022
5252
5589
5143
5158
5402
6289
7029
5858
5226
5437
5262
5643
5420
6890
5414
5030
6605
6400
5009
5034
5318
5507
6552
5623
5465
6081
5091
5494
5006
5055
5026
5096
5177
5698
5169
6388
7093
6136
5449
7042
5224
6666
5102
5260
6198
5532
6074
7291
5311
6130
5769
5431
5792
5572
5424
5301
5511
5656
7446
5253
7209
5759
6895
5888
5707
5062
5089
5541
5264
6485
5673
6335
5147
5012
6114
6034
5521
5422
5362
5124
5414
5174
5800
5192
5556
5139
5623
5364
5012
5142
5077
6016
6331
7318
5540
5086
6939
5135
5882
5015
6039
5033
5563
6361
5513
5530
5398
5733
5849
6988
5063
5027
8586
5971
6230
5558
5535
5077
5352
5749
5354
5345
5514
5035
5215
5704
5448
6461
5462
5798
5143
5353
6705
6038
6423
5021
5109
7166
5734
5031
5865
5891
5010
6656
5177
5233
7056
6100
5044
5213
6579
5288
5177
6098
5256
5074
5011
5835
5234
5717
5950
5829
5204
5883
5322
6450
5305
5018
6887
5554
7041
5953
5523
5756
7056
5036
5121
6329
5072
5242
5028
8433
5495
5369
5986
5516
5107
6007
5034
5299
7900
5597
5942
5005
5357
6926
5385
6150
5972
5142
5498
5470
7193
5498
8452
6527
6058
5114
6351
5554
7362
5570
6415
5808
5208
6480
5639
5072
5732
5363
5398
5147
5361
5383
5351
7269
6013
5136
5379
5683
5171
5507
5710
5609
5260
7061
5136
6277
5201
5182
5246
5152
5384
5873
5083
7158
6534
7179
5272
6478
5940
5083
5111
5067
6213
5059
6653
5574
5648
5042
6938
5272
6288
5015
5662
6025
5656
5818
5340
5057
6343
5476
6487
5056
5120
5457
5811
5617
5288
5684
6885
5345
5231
5532
5792
5155
5071
5007
6532
5082
5574
5458
9570
5395
5763
5032
5547
5173
5285
5165
6513
5072
5845
5400
5005
5618
5885
5156
5118
5979
5886
5796
5296
5076
5637
5380
5155
5248
5548
5809
7211
6027
5513
5275
5574
5140
5160
5429
5277
5217
5040
5609
5068
5331
6233
9662
6202
5421
5420
5364
6113
6292
6724
5295
5709
5317
6142
6525
5395
5120
5141
5152
5393
5134
6941
5856
5081
5627
5016
5106
5219
5039
5020
5241
5593
5243
5695
7137
5133
5584
5193
5024
5015
5462
5032
5434
5373
5982
7796
5399
5689
5045
6043
5774
5158
5167
5410
6419
5826
8192
5127
5550
7721
5794
5637
5089
6028
5115
5630
5232
6193
5479
5531
5223
5451
5114
5568
5278
5172
5120
5464
5868
5024
5086
5220
5627
7110
5748
6019
6721
6447
5471
5771
8916
5252
5179
5198
5785
5516
5093
6141
5951
6887
6223
5811
5106
6822
5914
5808
5258
6266
6120
5595
5759
5444
5279
5160
5147
5393
6056
5142
5223
5137
5435
5250
5339
5514
5183
5434
7309
5365
5745
5062
5052
6455
5421
6298
5088
5100
5225
8576
5291
6102
6214
5183
5450
5237
5356
5399
5129
5118
7276
5004
7425
5422
5552
5774
5100
5092
5015
5928
5990
6156
8498
5804
5423
5677
5305
5304
5246
5483
5726
5644
5013
5095
5650
5070
5570
6389
8118
7227
5105
5390
5040
5120
5912
6134
5036
7893
5122
6378
5167
5388
6233
6799
5994
5506
5871
5388
5265
5258
5854
5615
5316
5112
6050
6063
5182
6472
5150
5665
5071
6077
5028
5405
5348
5053
5065
5136
6558
5558
5253
5073
5889
5436
5146
5045
5763
6291
5224
5013
5363
5239
5079
5283
5833
5435
5066
6481
5611
5699
5042
5487
5207
5047
6899
5610
6997
5356
5160
5327
5033
6944
5147
6360
5558
5406
5437
5327
5100
5195
6251
5598
5570
5071
5329
9706
6056
5557
5283
5196
5384
5451
5659
5401
6315
5060
5577
6476
5417
5269
5688
5259
5657
6243
6833
5032
5113
5391
6312
5266
5209
5585
5093
6887
5779
6310
5007
5204
5723
5802
5220
5231
6736
5846
5725
6321
5539
6231
5004
5043
5616
5772
5270
8196
5162
5395
6562
5768
5185
7103
5037
7548
5278
5050
5657
6395
5020
5387
5266
5216
5693
6430
5372
5056
5954
6086
7517
5025
5018
5204
6343
5170
5284
5125
5419
5201
5357
5035
5397
5636
5089
5235
7202
6357
6978
5295
6089
5866
8299
6096
5279
5757
6134
7480
5208
5036
6544
6037
5234
7484
5239
5450
6319
5884
9381
6557
5634
5919
5251
7298
6257
5078
5046
5326
5701
6472
6704
5086
6464
5129
5277
5952
5651
7529
7342
5208
5623
5675
7751
6205
6266
5147
5432
5954
5798
5094
6315
5126
6727
6778
6800
5811
5747
6247
5801
5480
6117
6322
5974
5183
5146
5226
5015
7383
6060
5917
5087
5897
7954
6103
6621
5127
5750
5877
5387
5235
6133
6432
5046
5331
6102
5002
5742
5223
8044
6956
5866
5295
5249
5613
5314
6250
5868
5117
5190
5573
5011
6069
5471
5261
5798
5450
5120
5339
5097
5159
6406
6055
5567
5634
5483
5277
6411
6102
6206
6530
5182
6059
5565
6370
5316
5363
5282
6237
5602
5328
5975
5785
5840
6210
6892
8140
5280
6646
6094
5057
5116
7256
5724
5917
5457
5095
5752
5269
8143
6514
5524
5054
5382
6922
5367
5066
5421
5401
6657
6831
5141
5157
7313
5879
6609
5365
5024
5037
5277
5344
6840
5219
7350
5893
5079
5132
5043
5596
5382
5359
5061
5023
5157
5627
5087
6033
5395
6581
5851
5257
5418
5518
5950
6668
5012
5527
6037
5732
6680
5609
5282
5085
6416
6157
5918
5283
5618
5176
5579
5312
5452
5127
6141
5030
5072
5224
5842
6448
5218
5014
5765
7352
5312
5652
5109
5335
5561
5450
6850
5759
5049
6852
5269
5335
6305
5652
5173
5751
5116
5095
6483
5748
6389
5964
7014
5435
5362
5542
5342
6129
5061
6059
5197
5757
5039
5187
5909
5341
5035
7570
6018
5501
5725
5023
5058
5283
5337
5156
6717
6840
5687
8243
6206
5658
5416
6295
5701
5592
5062
5956
5057
5100
5300
5379
5179
5085
5420
5041
6130
5523
6317
5324
5485
5087
6557
8085
5033
5192
6969
5656
5326
6230
5331
5277
5072
7032
5185
5361
5268
5206
5454
5727
5036
5173
5483
6358
7471
6242
5199
5552
5371
5012
5409
5334
6507
5334
5556
6503
5014
5213
6707
5134
5596
5409
5085
5058
5206
5870
6830
5183
5568
5165
5326
8818
5817
7099
5895
5209
6272
5877
5502
5329
5175
6861
5326
5770
7560
5981
5405
5357
5129
6681
5147
8705
5643
5079
6700
5238
5217
5736
5031
5444
5222
5778
6800
5132
5972
5231
6190
5071
5523
5315
5457
5564
5106
5496
5017
5130
6240
5370
5501
5665
5719
5516
6200
6163
5684
5487
7995
7977
5119
6249
5263
6047
5107
5156
5590
6205
7431
6780
5510
5292
5572
5349
5089
7030
5532
5791
5216
5296
5719
5122
5637
6575
5698
5434
5046
5600
6192
5044
5088
6683
6366
5581
5076
7372
5241
5168
5797
6627
5325
5782
5093
5544
5279
5418
5180
5132
5067
5057
6797
5184
5452
6990
5810
5166
6142
5406
5030
5002
5685
5243
5146
7132
5910
5395
5313
6414
5936
5637
7548
5222
5749
5522
6948
5256
5734
5095
5151
6012
5383
5268
5194
5882
5247
5345
5627
5054
7390
6152
5612
5720
5961
6470
6707
6393
6360
5908
5970
5092
5402
5644
8665
6337
5209
5823
5005
5637
5035
6018
5959
6911
5328
5318
5315
6467
5584
5204
5391
6098
5110
5250
5666
5764
5092
5282
5713
5383
5291
5836
5781
5257
5888
5497
5513
5327
5491
5287
5023
6955
6302
5056
7099
6878
6315
5239
5039
6128
5197
5068
5718
5913
7005
5007
5834
5440
5175
5750
5608
6180
5055
7055
6210
5112
5632
5095
5119
5301
5482
5395
5001
6476
8381
5088
5315
5116
5390
6758
7135
5511
5300
5586
5765
5767
5647
6926
5218
5079
5121
5971
5391
5453
5039
5319
7207
5396
8254
5014
5198
6105
5583
6108
6688
5102
5110
5351
5665
6181
5640
5367
7193
5883
5849
5100
5130
5958
5492
5106
5277
5169
6886
5459
6421
5138
5995
5899
5080
5770
5151
5883
5086
5218
6096
5372
5261
5146
5339
6242
6151
5256
5087
5627
5374
5419
5004
5347
5187
5429
5084
6206
5075
5334
5207
8276
5996
7265
5058
7469
5141
5042
5998
6573
6406
7163
5587
5849
5757
5497
5126
6457
9309
5858
5965
5017
5271
5389
5270
5296
5664
5324
5109
5700
5071
5901
5850
5078
5478
6761
6858
5478
6848
6413
7589
5047
5106
5152
5609
5219
5699
6485
5075
5097
5678
5699
5893
7166
5491
5731
5655
5914
6044
6402
7326
5115
5770
6067
5321
5655
5609
5465
5285
5433
5252
5148
6287
5165
5965
5383
8572
5271
6229
5140
5545
6054
6899
6733
5292
6020
5002
5522
6116
5412
6229
6776
7337
5817
5866
6223
5017
5147
7603
7354
5823
6733
5047
5386
7282
6390
5288
5196
5639
5516
5049
5412
7432
6069
6464
5419
5094
5337
5237
5238
7121
6287
5530
5275
5127
5501
5732
5045
5531
5171
5314
7238
7506
5287
6007
5500
5379
5426
5315
5042
5349
5129
5166
5125
6386
6720
5009
5440
7250
5823
5210
5181
5398
5599
5400
5021
5270
5518
5401
5110
5142
5125
5025
5466
5978
5534
6649
5674
5332
5214
5122
5328
6452
5109
5603
5935
6195
5244
6401
7057
5781
5372
11529
6464
5946
5797
5147
5386
5875
7333
5266
6055
5192
5119
6751
5186
9286
5089
5592
5560
5720
7838
5077
5038
5920
5613
8112
6320
5754
5409
5583
5574
5020
5023
5668
5171
5068
5577
5966
6150
5820
5224
5117
5983
5357
5151
6148
5155
5074
5005
5280
5706
5217
5072
5553
5115
6801
5783
5128
5044
6672
5641
6000
6830
5138
7450
5575
9685
6331
5111
5710
5188
5307
5255
5279
6195
5595
5026
5497
5295
5009
6040
5599
5889
5004
5369
5214
5882
5885
6630
5761
6288
5092
5395
6234
7538
5349
5342
5718
5168
7099
5418
5790
5730
5526
9029
5128
5370
5647
5612
5289
5075
5383
6108
5518
5317
5865
5913
5066
8983
5847
5178
5319
9172
5587
5110
7123
6429
6723
5308
5631
6633
5730
10374
6608
5052
5913
7112
8239
5020
5780
5644
5900
5546
5223
5532
5495
5734
6603
6550
6412
5158
6313
5173
7650
5269
7208
5911
6442
5133
5850
5717
5522
5340
5637
5053
5539
5331
6013
6694
6096
5151
5455
6725
6274
6483
6843
7844
5108
6356
5317
5503
6800
5451
5362
5128
6141
6864
5283
5003
5163
5046
5939
5434
5082
5334
6748
5172
6073
5609
5528
6173
5352
5145
5196
5137
6726
6684
5229
5107
5072
5095
5190
5752
7045
6210
5772
8131
5001
5444
5637
5038
5519
5057
5757
5019
5061
6411
5175
5041
5873
7491
5095
5365
5312
5664
9075
5205
5293
5016
5049
5273
5785
5314
5807
6079
5283
5162
5068
6075
7054
5454
7536
6291
5441
5321
5128
6042
5344
5702
5129
5281
5207
5294
5510
5460
7207
6573
5210
5053
6778
5141
5314
5329
5729
5052
5792
5364
6142
7802
5252
5045
5573
5226
6144
5323
5035
5972
5128
5237
5759
5494
6956
5178
5164
5241
5060
6707
6329
7066
5611
5475
5269
5063
5083
5397
6354
5781
5320
5899
6692
6863
5573
5088
5118
5820
5837
6640
5399
5135
5833
5363
5388
6018
5861
5685
6120
5139
5006
6145
5014
5179
5426
5961
5084
5104
5045
5373
8177
6470
5823
5972
6362
5048
5543
6360
5158
5193
6269
6570
6610
5078
5637
6234
5434
5893
5739
5896
5283
5807
5198
6189
5043
5092
5641
5318
7791
5104
6340
5327
5451
5091
5256
8265
5575
6109
6928
6703
6064
5367
5004
5169
5882
5602
5891
6232
5276
8634
5121
5010
5353
7893
7113
6141
5207
5540
6518
5506
5791
5025
5788
5060
5512
5688
5785
5251
5693
5169
5068
5043
5059
6146
6610
5065
8374
5112
5851
5102
5001
5133
6205
5018
5335
7729
5063
5455
5427
8828
5163
5133
5377
6228
6851
5822
5913
6717
6504
6059
5086
5261
5677
5623
5351
5272
7158
5240
6056
5643
5598
6065
5118
5309
6223
5956
5173
5051
7346
5885
6368
5783
5519
5647
5059
7151
5300
5811
5860
5705
5315
5124
5433
5234
5218
5852
5189
5671
5216
5811
5053
5511
5474
5487
7020
5722
5297
5506
5966
5143
5456
5610
6364
6069
5673
5026
6769
5147
5940
5898
5144
5290
6372
5867
5927
7619
6019
5175
5488
5100
5066
5572
5015
5789
5155
6366
6195
6015
6634
5899
5379
6575
5199
5454
5252
5600
6296
5221
5158
5277
5578
5626
5310
8279
6190
5992
6759
8933
5041
6567
5406
5108
5480
5140
5060
5365
5717
7250
5226
5685
7296
5184
5878
5139
5378
5129
7172
5757
5633
5110
5152
5813
6942
5066
6527
5681
6010
6107
5023
5040
5019
5328
5603
5116
5721
5711
5304
6685
5034
6605
5171
5268
5593
5365
5488
5079
5175
5760
5271
5280
6653
5225
6763
5057
5751
6712
5648
5188
5305
5958
6203
7897
5900
5403
5998
5016
6368
5609
5276
5825
6595
6151
6444
5734
6367
5047
5482
5490
5018
6432
6037
7001
5384
5255
5018
5395
5543
5730
5993
6838
5245
6724
5097
6139
5199
5217
5418
5899
6644
5110
5085
6423
5208
5355
5740
5068
5228
5675
5127
5840
5779
5018
5585
5033
5634
7140
5530
5572
5628
5209
6265
6104
5375
5097
5245
5423
5167
7005
5076
5286
5619
6425
6169
6319
6576
5603
5234
5517
5577
5873
7017
5209
5386
5147
5097
5906
5512
5049
5003
5095
6076
6067
5004
6519
6257
5940
6369
5155
7472
5506
5668
5808
5899
5005
7171
5366
5540
5463
5875
6125
6780
5126
5492
6563
5836
5163
5401
5096
6269
5967
5112
5444
6424
5667
5076
6752
6028
5638
5090
5731
5280
6326
5499
5417
5310
6283
5336
5035
6679
5733
5557
7851
5714
5451
7921
5846
5301
5755
5009
6613
5192
5598
5300
5039
5625
5286
5229
5113
5106
5451
5366
6560
5252
7464
7534
5007
5868
5379
5145
7127
5310
5236
5284
5545
6643
5091
5985
6359
5394
6192
5331
5565
5083
5268
5380
5044
5136
5795
6262
5745
6053
6095
6603
6292
5024
6112
5346
5152
5279
6180
6705
5724
6095
5135
5353
7683
5150
6705
6570
6449
5282
5215
5227
6565
5910
5855
5047
5817
6602
5071
5406
5678
6947
5967
5339
5593
6767
5868
5063
5281
6074
5023
5950
5791
5411
5996
5931
5487
5548
6128
5100
5112
6285
5332
6543
7818
5147
5534
5552
5299
6933
5550
5426
5153
5020
5315
5351
5213
5347
5146
6563
5273
6064
5572
5594
5110
5177
5119
5074
5124
5266
6227
5940
5848
5031
7576
5155
5219
6456
5750
5670
6336
5013
5572
5172
7100
5552
5167
5108
5108
6254
5782
5010
5340
5722
8658
5594
5368
7028
5253
5379
5275
5103
5291
6020
5300
6367
5137
5328
8368
5552
5815
5226
6152
6219
5046
5020
5608
5127
5210
8164
5107
5541
5057
6096
5759
5627
7494
7217
5005
5009
5007
5176
5167
5240
5318
5687
5406
5946
5226
5432
7417
6611
5265
5020
5710
5506
5878
5619
5101
5477
5146
5750
5548
5855
6507
5034
5014
5209
6926
5793
5398
6164
5053
5090
5555
5239
5929
7412
6067
5457
5580
6903
5322
5261
5078
5284
6382
5026
5359
5890
5476
5076
5660
5437
5152
5530
7046
5650
7010
5180
5754
6000
5861
5043
7725
5208
7630
5762
5846
5392
5460
5658
7670
7430
5449
5560
5406
7237
5139
5242
5113
5483
5067
5651
5642
5121
9688
7041
5149
5202
5348
7385
7336
5656
6465
5851
6776
5026
5672
6117
9229
5623
5375
6998
6720
5796
5873
5361
5311
6195
5260
5391
5919
5644
6000
5881
5139
5417
5883
5272
5395
5185
5119
6115
6338
5051
5556
5758
6323
5204
6090
5147
5152
5779
6842
6322
5354
5413
5927
5232
6005
5359
5144
5453
6054
6490
5111
5657
6023
5968
5076
5179
5069
6845
5836
5383
7117
5163
5480
5408
5279
5850
5106
5105
5491
5998
5414
6304
5074
5627
5801
5158
5364
5231
6074
5160
5695
5914
6082
5743
5183
6855
5408
5066
6141
6348
6337
5830
5429
5288
5215
5920
5465
5278
6662
6153
7081
5308
5088
5116
5704
5347
5167
7205
8060
5353
5570
5012
5027
5916
5365
5727
5020
5083
5460
5341
6194
5392
5172
6344
6975
5162
5625
5184
5055
5192
5110
5929
5124
5504
5147
5581
5416
5553
5283
5425
5807
5189
6010
5331
6052
5387
5570
5063
6462
5711
5159
6881
5602
5251
6414
5011
7578
6516
5845
5389
5943
5419
5683
6666
5025
5689
5465
5167
5973
5348
5153
5183
5020
8292
7739
5009
5673
5672
5388
5124
5115
5938
6895
5056
5084
6096
6121
5010
5114
5108
6931
5170
6088
5415
6712
5557
5076
5001
5782
6873
5472
6106
7086
6141
5011
5143
6189
6117
7052
5518
8025
5126
5417
5117
6782
5065
5893
6857
5431
6191
5064
5839
5256
5539
6199
5609
5931
5760
5883
5285
6051
5383
5181
5598
5929
5855
6334
6388
5212
5477
5512
5270
5101
5265
5104
7143
6428
5585
5268
5752
5348
5794
7671
6845
5990
5077
6569
5741
7018
5903
5350
5147
5527
6123
7221
6042
5287
6147
5301
5202
5110
5059
5107
5015
5861
5797
5210
5392
7354
5207
5049
7653
5632
5366
5137
6069
5718
5145
5656
6017
5053
5278
5289
5702
5338
5197
5629
8778
5544
5067
5123
5578
5617
5014
5059
5124
5960
5379
5647
5634
6746
5940
5245
5396
6581
5847
6039
5237
6540
5316
5101
5199
5269
5808
5777
5398
7741
5293
5640
5642
5258
8065
7013
5164
5132
5046
5261
5242
5127
5455
6115
5013
5038
5208
5211
5357
8414
5051
5029
6142
5553
5431
7368
5055
7442
5541
5012
5495
5091
5303
5917
7078
5834
5813
5271
5116
5689
6184
5809
5038
6054
5447
6261
5921
5525
5329
5513
5421
5192
6527
6937
5731
5280
5117
6274
5938
7077
6563
5671
5416
5833
5177
5022
5067
5969
5393
5161
5549
6177
7670
6084
5033
6234
5030
6031
5735
5547
5193
5124
7440
6814
5445
5598
5007
5450
6043
5435
6545
5245
5327
5386
5185
5208
6831
6586
5767
7282
5578
6156
5938
5039
5207
5533
5097
5360
6095
5190
5683
5843
5596
5243
5363
5017
6054
5268
5837
5152
5368
5077
5100
5002
5480
5228
5818
5060
6145
6134
5178
5527
5010
5004
6902
7142
5128
6910
5775
5179
5245
7620
5066
6823
5250
5229
6561
5009
6336
5936
6852
5781
5520
6082
5329
5193
5211
7715
5803
5770
6351
5436
6845
6935
5372
6816
5338
5184
5282
5151
5117
5828
6931
5152
5257
5663
5332
5490
5435
5116
8274
5260
5528
5536
5375
5048
5017
5197
5344
5074
5675
5187
7849
5603
6197
5664
5308
5956
5269
5141
5421
5653
5721
6069
5112
5708
5065
5416
5832
5295
6390
5599
5361
5688
7316
5259
5367
6191
5228
7210
5897
5165
5072
6402
5327
5039
5181
6247
7225
5107
5004
5216
6301
6207
5349
7688
5490
5156
5391
5070
5037
5083
6116
5226
5031
5434
5502
5719
6424
5385
5477
5417
5083
5266
5922
7322
5451
5319
5835
6184
6878
5088
6326
6849
6201
5043
5657
6429
5030
5265
6169
5099
5184
5155
5791
6770
5117
5059
5838
5410
6119
5434
6372
6690
5150
6195
5286
5033
7056
5897
5235
6086
6512
6627
5075
6024
8364
9047
7372
5135
6321
5440
6026
5664
5666
5933
5188
5302
5607
5051
5090
7820
5132
6666
5200
5689
6661
5551
5428
6791
5145
5703
5874
5323
6299
5262
5032
5080
5742
6177
5484
5682
5448
6726
5966
5459
5558
5104
5143
5210
5014
5407
6229
6656
5024
5011
5602
6540
5465
5231
6228
5579
6124
5273
5885
5045
6299
6931
5516
6711
5635
6051
5922
5691
5687
6853
5136
5037
5303
5566
5751
5129
5128
6404
6342
6017
5228
5318
5009
5694
5294
5553
5233
6314
5199
5628
6450
9789
5538
5622
6167
5217
5482
6061
5055
5034
5417
5168
7988
5372
5063
6458
5567
7235
6528
5462
5102
5484
5307
5292
6323
5431
5366
5554
5523
5245
6131
6099
7120
5320
5241
6851
5628
5607
5177
5039
5002
6717
6442
5244
5750
5323
5438
5695
5485
5011
5545
6129
5691
5648
6367
8210
5546
5130
5277
5119
5919
5022
6007
5111
5392
5697
5894
6899
5490
6430
5436
6551
5082
6068
5398
5201
5390
5343
5620
5045
5031
5100
6686
5277
5053
5105
5887
6495
5373
6172
5345
5331
5910
5438
5579
5781
5102
5365
6296
5703
7118
7252
5633
5470
6130
5584
5700
6249
6809
5687
5333
5041
5035
5289
5262
5033
6306
5423
6869
5064
5785
5133
5859
5333
6093
5581
6115
5754
5808
5508
5549
5191
5150
5542
5208
5379
5888
5050
5139
5145
5322
5303
5405
5240
5487
7697
6959
5021
6418
5270
6561
5007
6060
5068
5275
5158
5579
5297
5862
6538
5531
5308
5342
5150
5152
7689
5895
6232
5567
6073
5231
5979
5097
6439
5094
6143
5022
5102
6709
5135
5478
5406
5498
5419
6371
5171
5270
5425
5784
6574
5350
5268
6093
5116
7194
5342
6095
6207
6355
5075
6395
5080
7991
5265
6197
7116
5782
6851
5575
5141
6141
5318
6287
5828
5336
9001
5221
5467
5778
6025
6092
5496
5884
5649
7431
6985
5390
5132
5547
5288
6208
6428
5558
6018
5222
7767
5136
5906
5962
5315
5776
5209
5638
5024
5787
6461
6554
6295
6422
5274
5481
6547
6071
5550
5849
5110
5562
5970
5416
5157
5111
5260
7447
5256
5947
7571
6127
10344
5333
5362
5633
6679
6165
5447
5247
5555
5800
6367
6142
5353
5173
5062
5626
5306
6538
6562
5067
5319
5205
5969
5901
5887
5143
5233
5086
5455
5466
5234
5728
6258
5255
5001
5027
5179
5982
5568
5358
5363
6872
6106
6649
5877
5027
7085
5211
5182
6443
5786
5517
6509
6905
5446
5034
5186
5322
5310
5106
5643
5512
5254
5132
8783
5320
5627
5668
5467
5217
5238
9435
5026
6568
5392
6930
6049
5772
5433
5365
5047
8413
6105
5054
5782
5884
5775
5786
5320
5881
6254
5100
5681
5271
5036
5486
5207
6539
5448
5695
5522
6253
5592
5071
5250
5498
5047
6037
5126
5171
7096
5037
8725
5393
5765
6851
5389
5657
6774
5114
5810
5365
5770
7310
7251
5728
5464
6538
5307
5264
5422
5696
7103
5223
5148
5165
5574
6080
5800
5275
5127
5340
5058
7299
6204
5196
5081
5339
5024
5443
6627
7399
5776
5601
5944
5136
5383
5999
5619
5323
5613
5152
5504
6626
5177
5463
7037
5261
5695
5627
6987
9094
6378
5533
5035
7630
6634
5050
5426
5510
5214
5093
5755
6463
6594
6761
5297
5160
5795
5016
5812
5301
5935
5349
5978
5949
5427
5134
6450
5457
5631
5230
6306
6952
5037
5322
5056
5445
6903
7734
5334
5294
5057
5315
5545
5015
5358
5083
5364
13287
5531
5739
5471
5161
9056
5253
5007
5491
5605
5071
5670
5151
5067
8308
5429
7065
5154
5128
5481
6639
5091
5031
5180
5830
5710
5039
5031
5303
5092
9162
5749
5779
5621
5813
5266
5652
6325
5281
5466
6579
5246
5433
6227
5132
5036
7533
5577
5896
5213
6061
5676
5226
5110
5355
5621
6966
5795
5062
5480
5686
5413
5562
5528
5051
5268
5553
5132
5862
5502
5113
5182
5682
5143
5407
5288
5150
5484
5193
6224
6148
6397
5853
5002
6471
6734
5120
5536
5676
5374
5357
5341
5346
5261
5846
5443
5328
6359
5760
5148
6232
5550
5170
5937
5341
5117
6403
5626
6327
6513
5057
5525
7286
5617
5089
7972
5515
5791
5310
6002
5448
6358
7135
5029
5265
5297
5013
6721
6007
6862
7174
6772
5941
6537
5040
5245
7014
7656
5103
5050
5266
6043
5455
5167
5042
6841
5293
6940
5751
5420
5594
5943
6408
6248
5698
5278
6483
5868
5597
6767
5646
5270
5946
6594
5777
5091
5359
5932
5091
5743
5034
5755
5386
5099
5929
6525
5308
6315
5222
5614
5264
5960
6835
5370
5190
5043
5371
5602
5494
7185
5160
5066
5480
7134
6314
5015
5680
5441
6777
5531
5010
5031
5121
5004
5075
5043
5657
5013
5326
5328
7551
5842
5119
6373
7147
5464
5676
5677
5027
5190
6786
5081
6321
5079
5532
6107
6000
5103
5273
5232
6319
5594
5136
8237
7206
6602
6225
7339
6225
5358
5320
5303
5295
5806
5285
5066
5612
7417
5153
5942
5363
5078
5006
6302
5700
5418
5331
5956
5828
5123
5348
5453
5104
5151
5237
6920
5161
6983
5275
6251
7481
5698
5563
5470
5688
5704
5692
5684
5490
6162
5751
5203
5048
5175
5970
5884
5379
5224
5786
5902
6306
5948
5791
5427
5374
8847
5181
5490
5968
5161
5578
6548
5370
5675
5850
5312
5123
5307
7182
6308
6212
5221
6631
5335
5681
5427
6789
5537
5220
5923
5652
6671
5320
6680
6613
5347
5952
5495
5024
7554
5120
5066
5248
6014
5552
5239
5094
6197
5821
5745
7260
6418
5426
5495
5873
6347
5123
6276
5774
6119
5944
5672
5484
5452
5659
5023
6054
6138
5202
5069
6078
5255
5193
6685
5012
5711
5245
5410
5967
5637
5878
5757
5898
5606
5122
5266
5257
5016
5057
5152
5126
5162
5612
5264
5079
5076
5005
5419
6163
5063
6385
8207
5266
5762
6077
5286
5156
7481
5091
5648
5625
5238
5280
7463
5346
5165
5673
7328
5631
5185
5369
5119
5108
5446
6242
6218
5818
5071
5004
5438
5031
5704
5282
6063
5549
5808
5829
5868
5622
6629
5249
5471
7427
5021
5032
5492
5307
9399
5761
5014
6475
5031
6675
7405
5822
5399
5402
5791
5185
5445
5009
6332
6804
5701
5992
5221
5537
5099
5241
5081
6086
6025
5237
5431
5198
6356
6098
5045
5966
5742
5692
5542
7529
5061
6251
5781
5457
6480
5868
5133
5004
5693
5523
5701
6991
6110
5193
6558
5357
5491
5406
5258
5207
6137
5786
5220
5030
5488
5853
5717
6164
6236
5090
5243
5012
5074
5770
6993
5418
5131
5057
5273
8259
5298
5014
5261
5989
6890
6662
6003
5725
5480
5177
5120
5667
5821
5477
5272
7014
6055
5459
6082
5394
5993
5720
5270
5419
7521
6428
7550
5575
5137
5062
5600
5210
5891
5060
5344
5297
5665
5264
5394
5054
5168
5388
5188
6023
5068
5044
5564
5027
5488
5082
5037
5284
7271
5171
5196
5234
7391
5100
5744
7159
6836
5325
5818
6415
5006
5015
5039
6053
6775
5512
5081
5873
5460
6327
6140
5850
5357
5456
5161
5570
5356
5570
5604
5363
5693
6034
7507
5059
8487
6721
6185
5112
5127
6210
5614
5318
5106
5762
5790
5515
6842
7974
6354
5050
7172
5727
5223
5003
5982
5978
8184
5006
5731
5585
7505
5271
5135
5477
5230
5705
5300
5865
5176
5516
5943
7205
5447
5317
5195
5241
5863
7704
6247
5229
0
