1299
1140
941
1367
1002
743
707
1146
1182
488
937
915
617
965
966
1280
829
672
760
999
680
654
644
677
888
717
1001
1019
885
877
1004
598
716
814
383
1044
857
656
541
788
1169
569
737
903
649
653
470
1102
778
841
649
1038
945
1144
731
747
812
838
375
682
1383
581
655
704
789
385
1016
945
636
668
741
550
1117
947
863
613
984
795
806
740
694
944
734
694
994
841
641
389
892
722
782
722
633
902
951
884
851
1334
769
801
1101
842
599
919
1000
435
924
738
609
923
908
495
1023
829
537
758
1174
254
576
1180
651
531
1072
775
882
774
793
784
737
692
617
955
652
569
968
931
604
808
853
685
496
880
824
857
1067
395
902
1163
731
621
711
329
851
1271
931
592
636
579
722
1017
664
860
558
832
649
738
727
867
471
959
566
834
867
734
578
892
678
578
1342
906
578
746
568
626
980
1158
684
896
678
751
1203
752
987
892
843
650
954
861
898
435
988
541
977
857
405
505
1040
730
696
550
551
917
575
772
652
767
640
696
739
830
871
559
684
913
883
940
419
758
806
1004
888
444
977
883
758
423
683
902
674
644
1075
631
803
901
864
535
723
703
1122
838
782
454
1077
695
731
635
851
786
903
849
500
985
737
638
546
1017
706
665
790
935
837
859
823
841
745
529
783
598
1262
963
801
473
699
687
1105
869
443
724
768
728
822
725
856
875
467
913
857
1286
993
522
765
709
1153
649
933
712
790
855
740
819
627
743
741
561
642
911
912
1043
490
673
636
1102
975
443
819
350
1384
499
564
887
767
789
1239
364
581
740
972
868
410
694
614
1049
748
409
769
766
765
947
810
938
397
980
797
774
1138
600
577
963
1025
635
855
430
1133
470
1123
673
803
726
1119
348
1219
798
849
552
863
957
863
1073
630
963
743
955
729
869
1198
610
892
811
625
999
729
765
983
709
562
730
969
646
748
549
488
1237
774
623
1072
546
692
644
889
1123
794
885
741
1106
465
834
1127
665
563
821
1083
727
869
589
839
1148
943
561
1056
763
828
688
1184
386
1048
918
835
353
997
829
913
855
704
1134
589
651
1242
808
849
583
951
634
705
1006
903
481
807
561
1047
1247
636
1068
631
797
860
879
532
912
610
724
698
1299
498
794
764
645
674
931
681
1096
870
755
740
1168
647
770
926
627
782
778
490
616
1389
1095
473
938
786
836
977
921
615
572
968
715
837
764
562
987
512
1383
287
711
1011
626
996
433
932
665
871
672
734
1016
568
1003
607
999
772
922
819
452
936
603
1092
753
915
924
684
714
653
859
1092
431
1056
404
1143
593
518
631
903
967
798
660
849
759
871
697
693
789
1052
655
946
986
596
639
786
838
984
467
1116
1187
329
1082
767
1061
427
1038
875
738
694
756
812
754
1117
851
781
566
1023
1011
700
761
820
755
902
642
734
828
749
1071
503
1046
649
581
889
975
986
923
619
900
889
329
1160
581
1168
865
622
686
770
1131
419
794
1237
699
793
777
547
1124
570
811
980
589
746
775
767
829
905
765
591
948
687
1175
480
777
658
1188
547
903
838
483
938
823
971
644
659
590
1018
606
1106
803
523
787
853
709
979
595
865
906
753
725
806
490
978
989
927
708
988
864
489
792
943
686
804
665
626
1216
822
726
527
985
1030
661
724
611
882
677
947
510
900
882
712
750
649
691
1133
579
625
800
1092
882
575
477
1404
383
771
634
1000
1035
647
597
554
1348
807
555
963
840
510
931
900
458
1085
841
524
1082
571
904
557
698
1077
609
850
811
823
875
578
1241
455
1239
914
686
1061
871
771
739
631
871
965
1101
160
995
653
1136
442
916
727
557
1143
571
1194
440
844
961
776
678
826
917
505
986
746
623
787
834
867
614
629
601
1132
756
498
856
1031
488
688
918
469
829
1007
666
560
877
942
615
740
627
957
828
889
1012
377
612
1034
724
752
712
417
970
842
594
854
743
1117
792
630
413
1186
655
795
854
592
378
1030
1090
675
807
709
662
694
728
851
570
909
435
753
805
1165
913
465
1106
946
273
1136
630
1104
432
1078
679
762
768
801
680
423
1263
541
544
779
854
967
739
516
1208
1143
500
425
1040
684
838
965
894
497
907
524
953
863
822
999
762
511
868
1017
860
399
824
1130
921
698
534
871
780
906
667
797
764
470
928
919
722
539
730
761
1097
941
292
548
1186
1149
526
558
837
840
963
969
778
593
692
968
972
958
312
736
1013
1349
343
839
463
519
1044
965
540
506
1026
1156
725
549
479
1303
918
598
596
780
425
1060
855
1039
601
549
862
822
1054
559
886
773
498
1029
959
915
549
968
514
750
582
1203
722
636
692
787
834
659
1052
722
396
673
544
1108
951
880
525
620
823
953
1008
571
765
732
796
491
1094
425
727
956
680
665
816
719
675
610
952
645
789
616
814
582
618
514
951
906
479
453
834
1078
785
584
1047
542
514
1233
826
833
361
1094
607
872
742
524
773
893
781
998
400
1157
672
697
520
904
700
1002
653
514
707
897
520
876
1059
452
445
999
980
625
479
969
1087
788
875
745
773
917
983
585
1063
637
688
1032
705
768
781
638
1112
849
824
638
877
867
837
667
664
838
984
653
681
976
1140
606
593
1084
563
1127
628
972
730
869
981
918
586
777
421
1024
1109
739
1084
506
919
1094
661
888
434
928
839
1108
864
840
957
1072
854
782
577
935
1165
556
697
646
757
936
831
668
854
550
830
802
508
1292
538
762
749
855
973
1052
503
908
628
995
786
517
932
890
585
611
1101
636
641
664
872
1018
717
927
603
1352
298
978
469
926
842
888
549
593
1130
1043
610
618
965
890
351
1072
572
764
769
718
1298
584
1111
224
614
766
1135
725
672
881
601
1244
613
496
736
843
909
883
906
744
1132
398
675
819
1012
955
564
943
618
873
943
505
724
535
808
1049
502
779
522
1396
397
494
738
558
863
640
906
698
916
586
855
553
675
695
818
757
1179
857
393
755
571
1053
536
864
735
831
670
1084
383
1037
450
1295
707
505
823
845
673
786
769
1004
598
654
948
835
971
473
1292
424
1029
678
933
672
806
568
693
750
1045
908
850
752
651
775
800
833
421
1256
908
690
783
380
921
812
601
887
802
697
892
796
466
649
925
807
992
771
957
865
604
852
538
923
570
1016
1077
641
738
870
620
1065
588
741
507
1019
975
1245
736
605
411
967
964
702
1113
480
623
901
1092
461
755
795
898
628
1399
493
594
956
709
766
522
737
759
616
957
943
436
1141
391
770
492
842
831
804
824
625
702
1188
550
370
854
698
1174
641
989
1133
384
752
665
802
1045
588
717
464
969
1256
630
637
901
481
853
625
748
1023
813
1015
648
1081
419
853
950
856
776
878
795
817
681
616
713
614
642
842
712
1010
749
962
847
713
331
865
941
712
813
1076
793
758
789
560
809
729
521
657
964
1013
872
696
808
546
721
707
1011
701
691
1167
447
802
765
678
827
761
541
1062
808
1004
1050
574
588
773
948
589
1175
1126
1024
488
726
960
861
486
799
1085
754
908
726
735
864
712
1017
761
725
829
684
823
860
1070
667
884
799
1065
542
969
674
916
684
466
1188
702
753
920
689
675
472
721
1060
690
892
460
1017
621
903
635
711
960
587
754
1138
512
752
888
1096
858
644
788
979
626
1186
761
403
932
982
818
1038
549
585
741
896
850
699
708
968
1149
267
1041
672
1076
746
921
302
746
1332
827
529
1155
439
681
905
1155
716
778
830
695
482
687
1079
1052
705
695
655
837
874
720
538
1253
397
943
1194
243
775
855
1080
674
584
865
536
889
646
1375
750
432
650
926
991
1018
546
361
680
849
823
991
514
615
772
719
761
711
1393
674
554
299
880
1240
605
1009
274
862
796
975
725
1050
974
861
469
917
703
736
1156
460
1186
833
718
654
725
617
752
776
721
560
783
978
1037
458
909
739
1396
1017
446
1015
755
847
482
823
761
904
1038
668
1029
608
916
434
862
571
491
1062
545
1015
625
925
517
787
1134
712
511
721
1365
829
557
421
1173
1054
393
790
600
1009
788
725
877
694
461
1129
1034
791
729
714
961
1139
787
820
738
514
861
1113
383
606
794
747
1368
696
705
782
532
855
1092
727
882
955
447
529
832
740
674
942
771
540
656
1333
388
666
810
1260
856
707
658
423
1113
1222
869
517
1241
740
551
849
286
646
1384
525
470
1011
855
940
785
708
812
691
701
1009
713
571
910
734
751
387
920
940
848
640
895
735
806
720
579
803
838
561
869
799
849
688
817
897
1048
825
457
917
786
752
966
817
917
709
545
827
1100
777
632
381
806
904
1256
523
442
937
686
1059
611
683
915
948
717
785
847
744
724
895
609
1126
667
1017
910
700
582
845
889
861
972
817
635
918
1010
637
452
1078
1037
764
746
624
1226
722
557
865
971
818
883
555
937
442
760
598
1009
730
831
487
861
889
1260
544
1254
660
442
1033
1101
759
696
860
710
858
834
630
577
908
874
849
1200
695
868
643
621
703
1279
1126
602
756
501
455
1211
1023
722
754
582
729
1240
655
761
1090
620
795
1071
358
1017
617
1214
751
689
542
914
600
1404
241
360
1097
872
653
935
643
688
971
339
1250
628
839
874
770
689
720
829
833
707
816
1157
539
624
1169
803
546
954
858
875
909
875
665
618
1013
1156
692
575
660
948
687
945
783
793
649
923
788
729
565
993
679
410
955
784
985
537
815
689
745
993
508
974
765
795
779
788
637
922
988
693
839
667
715
806
977
902
410
622
923
866
900
577
819
372
823
871
948
666
718
655
764
829
638
887
836
852
890
813
506
358
1414
919
711
562
932
588
1137
971
540
799
487
1217
789
678
686
1163
592
981
920
604
677
1078
880
608
977
737
294
985
582
833
1155
756
756
620
849
874
632
721
651
1242
738
684
632
760
939
570
778
703
967
907
665
909
788
797
715
926
1142
409
972
1124
501
1146
665
575
1133
907
589
871
1028
978
606
763
697
673
765
809
824
767
423
999
843
345
1051
743
984
638
818
692
854
948
1000
782
762
1055
786
561
850
627
1435
468
737
1003
693
743
765
787
1034
642
1240
495
843
621
1029
929
905
592
824
1236
599
527
634
1286
1333
187
678
440
1131
914
721
701
952
588
715
1144
345
844
797
910
736
569
1152
769
511
808
995
697
595
518
720
914
812
742
906
715
690
705
1067
721
768
604
1133
851
735
626
1017
618
634
925
660
1111
1115
422
724
1153
791
604
438
1086
774
727
925
561
816
1106
620
646
860
880
859
810
717
749
713
810
695
719
738
1067
754
774
801
1322
455
751
591
842
754
791
524
887
627
1009
935
1010
696
468
1048
896
1058
891
645
690
902
941
708
723
848
999
792
811
472
905
889
853
912
682
408
810
808
870
705
709
550
1157
571
878
406
1369
795
899
487
866
475
1058
722
685
671
808
500
757
973
868
507
774
781
896
526
829
748
918
614
681
826
473
843
833
812
848
815
762
881
958
1103
549
974
674
778
677
825
974
621
1055
662
611
876
906
1118
981
755
608
795
728
919
715
653
770
707
1228
556
627
608
814
789
970
606
949
869
806
595
810
1029
790
860
1067
783
626
889
759
683
1056
869
757
502
1076
1050
838
783
898
743
756
676
896
886
661
834
812
812
385
1128
1005
879
790
414
1131
567
874
697
1109
655
674
967
825
745
766
1182
667
839
861
602
931
763
991
1114
694
823
631
880
936
973
689
565
1006
845
841
759
486
999
782
848
652
643
771
1323
528
825
638
1228
812
568
834
414
998
1085
740
444
810
817
1132
851
788
955
570
913
971
887
407
1214
462
874
840
555
589
1323
574
712
844
920
767
481
782
1017
985
961
582
884
731
624
788
950
937
522
507
1197
1181
415
823
871
746
815
835
1022
733
504
447
1137
562
653
1078
1039
826
414
1034
1174
708
666
482
802
927
684
1267
872
873
632
614
1058
788
632
877
938
831
578
613
1126
755
740
1226
453
641
910
974
741
573
808
1047
833
834
288
776
966
746
826
1201
664
806
773
995
822
556
792
1225
816
620
882
467
663
1014
1065
695
711
690
704
759
927
808
674
634
509
1175
765
1088
1109
505
706
1079
797
744
1072
623
561
1279
817
555
800
815
874
712
690
386
1154
725
985
744
895
584
605
978
826
736
699
627
543
1112
517
1113
468
935
748
539
785
981
753
940
838
885
546
756
863
1274
496
730
710
964
824
672
977
1039
889
391
880
1156
1424
690
674
617
770
1012
544
1025
559
942
759
611
753
784
1071
638
562
745
823
675
1017
955
728
799
443
1177
844
522
784
965
822
1074
898
785
761
764
1155
547
532
1001
673
726
940
872
815
777
629
889
570
484
1085
839
547
654
872
1174
518
858
669
674
1009
446
638
912
874
468
975
511
898
812
713
796
772
473
738
855
1109
700
442
1120
821
532
972
804
821
698
812
546
973
702
1240
734
989
536
920
501
562
1077
795
643
380
1342
1106
517
1278
567
789
766
781
616
914
1058
511
593
1031
356
1102
993
640
781
680
780
941
876
646
549
1315
434
933
831
1084
441
822
772
520
1061
950
798
990
560
629
837
809
695
1154
608
653
952
824
553
1390
477
620
815
1157
895
797
649
506
910
656
826
1098
584
783
606
1190
753
901
965
701
847
404
1137
1037
631
633
1019
705
1161
841
848
457
866
668
1062
785
848
488
750
890
850
748
893
833
593
645
869
774
778
786
753
853
826
1088
545
801
857
692
735
619
775
1026
813
646
587
1142
1066
669
575
532
984
1106
611
709
706
950
633
1069
345
1316
789
469
864
847
338
967
637
1244
803
609
555
997
585
955
910
839
1029
684
865
821
604
402
1249
929
479
877
706
898
889
645
719
642
718
980
1431
502
679
929
672
936
817
600
868
698
1255
722
506
845
1103
683
556
1364
991
534
679
629
905
1028
405
1083
859
805
622
773
804
782
753
1125
541
1153
608
864
353
736
840
1040
855
705
530
755
594
1074
672
574
936
725
947
918
760
731
902
1053
847
807
912
897
523
709
544
1386
667
870
992
925
719
798
827
941
592
930
766
802
852
893
362
775
923
779
807
951
777
729
598
713
958
785
793
450
823
697
888
586
731
788
1141
934
895
531
402
1065
1037
811
630
962
884
838
724
1125
541
768
1091
716
786
616
711
982
1079
1032
594
867
654
1020
1001
759
393
864
955
797
1069
686
1147
506
734
704
530
1035
888
958
534
480
1035
1014
688
703
1024
1143
218
615
983
865
1225
565
981
582
870
1199
682
437
575
783
926
916
943
691
668
947
826
724
693
856
770
676
804
452
1011
948
946
670
702
1221
633
532
1120
604
682
958
884
696
829
1011
703
762
741
722
830
836
820
533
949
943
975
438
1004
983
827
690
690
669
1033
702
1229
619
535
958
898
949
854
891
660
757
860
820
764
559
1173
569
1004
777
565
710
613
1172
817
283
1028
1028
849
724
1137
624
757
845
638
542
638
1176
335
733
1217
758
762
835
888
728
680
919
544
1046
831
1031
638
827
1097
978
474
1406
646
608
825
894
815
970
707
886
932
639
790
724
1219
364
994
971
592
701
1005
828
691
823
612
765
1046
629
982
820
974
707
687
892
571
918
636
762
990
667
719
1230
596
816
836
608
765
669
382
1095
900
1071
971
660
680
1010
526
620
766
1036
929
1205
238
761
936
774
646
530
1026
871
983
1105
718
552
980
441
761
1016
548
570
1007
970
637
1105
589
949
523
412
934
619
1170
601
780
1151
880
776
632
725
799
350
719
934
1157
620
840
953
717
613
1012
762
725
890
1034
902
629
810
985
511
763
746
508
876
882
983
829
700
537
750
586
550
1114
628
1084
739
706
966
688
708
597
1087
584
625
1087
411
1125
706
980
868
905
591
663
1069
760
1025
706
846
1025
639
656
447
1024
1039
693
654
1137
730
595
722
643
961
635
744
776
620
820
1126
1089
582
1026
763
536
565
816
951
718
888
776
916
650
514
961
855
615
741
1024
650
638
484
1226
693
1148
1145
819
561
1011
614
1030
770
549
996
1319
700
844
674
397
882
838
745
551
713
948
984
854
694
665
885
668
1326
399
515
1004
722
916
710
743
819
1148
640
959
750
805
664
909
620
772
844
1136
906
454
959
869
455
1148
852
485
844
668
752
1136
1055
642
592
1035
723
521
807
961
836
692
902
688
968
1015
782
472
1154
687
751
786
670
802
793
862
632
531
1195
830
631
660
1034
632
742
538
949
1072
828
656
966
801
814
831
645
541
1012
1150
1176
704
877
576
455
819
796
803
1131
695
1214
580
503
507
926
976
901
713
748
1019
413
1158
905
716
881
150
981
816
963
387
1067
922
593
653
1099
808
861
1089
677
496
1098
483
708
952
670
765
1011
938
384
1015
967
958
298
545
1030
649
929
1054
1191
431
731
948
428
436
1232
968
739
923
523
925
555
808
789
781
707
536
847
1105
591
609
901
1214
893
490
577
949
1162
484
682
892
554
971
784
683
953
860
662
445
646
767
1322
641
499
650
1251
602
467
868
1328
566
868
949
409
1055
920
614
574
968
862
746
644
1431
748
591
688
757
1109
725
605
947
1190
770
763
701
878
624
718
785
1096
880
839
672
813
831
892
542
654
1139
390
946
605
1362
654
670
669
822
933
729
689
495
1400
393
801
797
1221
618
785
655
766
713
894
793
1113
527
552
918
810
685
762
874
835
927
949
629
738
519
818
959
711
602
728
1164
1037
498
565
848
812
652
929
518
1146
853
714
613
608
758
1069
525
833
1239
645
539
897
709
771
825
813
417
1077
1009
1028
314
809
998
926
1124
784
985
613
776
860
525
1068
627
1040
742
416
652
1148
691
666
1288
886
587
715
1005
950
524
1249
652
816
716
954
743
749
771
814
872
604
843
804
905
854
982
791
813
688
984
781
1020
726
1065
1164
486
948
652
1117
1189
339
680
1341
362
410
700
1258
860
1245
518
949
830
411
867
1072
774
757
959
995
934
814
626
798
795
846
779
1089
870
900
719
889
494
1044
681
790
1011
523
875
944
814
720
1101
340
483
866
962
893
1080
568
870
1101
733
541
790
1070
526
816
354
717
1259
872
831
745
1380
751
590
855
1242
745
808
467
914
650
1035
677
737
784
1111
908
742
734
862
896
570
983
557
613
915
890
688
544
718
980
1125
852
586
615
604
1107
616
1003
1019
336
1011
724
498
914
877
634
957
713
1185
901
740
622
736
633
729
1109
777
778
629
578
965
1062
792
839
475
824
733
874
705
912
801
803
1093
886
761
841
524
1125
830
729
615
601
1000
955
758
1039
574
975
474
787
733
781
889
994
445
1244
756
442
990
1159
880
939
553
833
831
1098
751
569
760
1242
409
722
1065
312
702
871
874
1134
907
732
672
294
1046
967
981
538
912
425
498
904
841
695
1106
649
904
509
409
582
1070
934
774
722
795
787
457
709
1105
651
746
1085
752
834
951
762
691
902
856
776
644
815
546
562
900
1096
390
986
561
1021
623
921
486
929
756
956
747
723
610
941
934
774
858
664
1237
358
931
714
629
898
1012
547
550
818
798
1199
691
456
916
803
714
922
666
862
899
936
387
650
1331
560
827
1062
638
644
818
1090
560
578
809
829
706
768
812
634
861
640
1142
816
722
698
830
671
1262
791
476
616
1350
989
456
769
683
868
934
1155
532
712
1230
523
626
1138
465
1253
687
438
1023
1057
594
483
925
606
778
974
999
699
699
568
914
955
765
947
468
953
797
747
1131
656
702
878
850
1194
634
864
1122
482
440
1095
365
1365
481
1077
730
519
925
825
786
865
560
1251
872
1077
656
652
935
631
911
974
757
1164
426
627
1147
908
419
916
773
864
573
1259
601
860
683
930
767
664
826
904
727
801
690
602
1065
875
386
773
708
894
865
794
623
839
850
604
1051
781
545
702
772
735
741
1142
1088
373
926
782
390
942
438
1365
857
511
857
948
761
827
579
1126
402
1280
657
775
1020
594
889
927
633
874
766
752
386
1250
795
747
970
922
827
739
1013
589
720
522
919
889
968
967
775
396
931
853
679
797
977
989
947
826
601
857
853
920
587
795
785
898
864
938
913
621
638
536
722
1326
603
732
744
707
1013
1023
521
725
764
650
876
791
549
1404
502
906
929
750
456
617
1022
1024
710
838
863
1139
560
734
1066
1109
514
879
516
1168
597
752
755
1222
580
715
799
747
625
937
975
852
698
617
907
1055
637
566
706
620
945
1121
718
873
537
1053
692
907
293
1131
709
649
621
792
809
897
1130
508
851
789
878
760
911
1049
865
592
891
903
534
762
1069
872
875
696
518
609
888
837
845
781
1217
1001
393
618
860
1048
762
901
519
874
802
920
724
602
762
696
842
960
1051
822
737
420
788
1237
736
896
559
974
440
793
837
1066
649
918
737
701
777
943
1205
650
1110
621
503
887
1009
697
624
935
998
669
854
900
524
791
888
970
886
686
831
1102
384
812
873
885
698
997
901
491
861
710
676
791
769
892
772
473
1351
443
1037
744
780
822
1048
788
670
895
936
502
909
1070
1037
557
652
436
1355
361
477
1411
557
739
730
479
988
730
983
598
1022
751
481
734
853
775
1047
660
814
1008
778
994
502
628
914
741
1034
682
703
937
902
672
618
928
1016
568
1161
760
812
688
1174
343
821
384
1388
761
722
1041
733
1053
710
816
926
556
1058
878
543
682
681
1422
579
819
1029
597
909
813
813
631
1134
918
478
782
707
953
974
1062
385
950
1124
542
808
741
994
979
609
1054
674
664
1225
496
924
966
661
487
1094
905
761
746
588
819
881
701
762
769
789
835
916
852
552
932
704
1199
815
908
574
744
665
1009
1057
1038
513
1023
645
1014
840
1085
605
875
459
959
664
1271
837
590
486
1123
611
924
866
1011
739
788
917
773
625
916
453
1205
954
535
770
639
788
1089
574
877
352
1169
1116
463
762
664
746
1055
766
1096
880
719
413
1312
662
876
689
906
681
804
974
605
656
1290
575
983
762
430
994
906
944
617
996
673
785
1119
959
928
576
634
938
1061
569
874
860
1048
576
898
565
762
922
804
625
571
861
1345
576
872
663
646
996
958
538
600
1032
676
824
1063
648
521
1082
713
939
747
873
922
736
778
1128
601
574
619
1282
512
872
778
749
1081
701
734
844
1081
593
1098
800
851
1240
732
599
730
498
1312
766
337
1056
692
911
859
615
726
671
897
629
898
724
787
881
823
605
784
790
727
922
903
785
450
888
1135
818
730
689
747
1019
664
964
589
787
954
733
816
683
658
1288
463
701
1030
706
1177
533
801
823
931
838
661
705
549
736
1071
838
693
469
1262
612
1024
778
894
560
767
997
485
1101
881
814
665
465
1241
1022
918
561
709
648
838
1029
744
855
559
729
799
752
1051
605
1102
510
637
701
1038
961
613
841
793
622
1041
661
1043
485
1167
639
717
816
859
1201
735
476
680
991
1063
628
614
939
799
911
841
825
508
1166
778
404
881
859
716
799
1274
488
552
1149
955
559
1108
904
552
984
752
1273
430
323
1188
1015
913
847
591
850
869
1038
868
703
757
821
1062
896
749
524
770
458
829
1122
999
806
462
1157
933
844
574
1147
885
955
750
690
826
1017
660
732
1180
1287
660
471
1078
1128
651
964
650
1115
555
719
837
1083
860
721
607
714
983
662
882
1090
724
1033
786
362
898
911
1011
1219
462
960
636
733
896
921
823
641
903
913
507
1015
765
730
1082
587
826
871
714
789
613
895
844
939
705
502
1256
543
893
761
683
1055
772
699
397
981
1082
592
855
795
897
652
795
784
1312
703
394
790
797
1230
748
967
503
704
1407
268
916
760
677
833
978
472
749
891
1291
739
472
901
817
883
805
893
702
798
605
816
986
601
450
986
833
891
645
722
842
1062
606
736
740
1106
746
469
1061
713
955
547
787
833
623
1178
245
291
1148
1194
820
634
526
1135
778
631
849
955
636
570
1122
562
569
1214
883
589
720
993
954
730
921
604
652
985
915
734
711
425
760
1193
764
350
1262
948
660
634
698
1049
783
579
627
953
1080
672
609
933
780
655
356
1204
1014
717
664
799
1044
406
1065
1033
831
358
885
910
997
517
841
893
1023
577
1050
774
653
893
818
659
399
1004
1284
642
417
999
746
738
632
1142
731
718
799
835
578
726
899
1010
638
802
591
1214
585
661
1010
940
668
506
824
1011
472
1033
856
788
280
886
1331
785
802
732
631
1062
599
1055
436
623
1009
901
618
828
558
972
637
563
1174
755
545
866
739
650
849
824
1034
663
896
963
630
465
904
1092
911
687
904
759
551
731
1382
514
630
1200
877
567
674
664
1028
834
863
868
732
694
960
730
1072
744
679
921
454
839
982
706
880
950
499
455
708
1006
617
1069
527
745
1091
540
771
699
840
1102
663
760
824
695
580
750
800
786
1223
402
815
707
503
730
982
638
690
1012
685
585
709
868
638
714
791
1102
474
1091
877
714
586
694
850
825
884
985
700
911
876
495
866
583
930
1395
429
971
556
1359
588
548
616
1186
652
885
999
979
780
296
892
928
785
736
808
791
730
701
772
833
625
849
712
914
924
785
448
682
764
848
1075
796
771
718
579
861
674
801
943
1010
748
845
328
648
1087
532
981
930
928
409
693
472
1157
895
943
489
1053
729
525
1018
1168
659
499
646
1160
682
474
1052
667
473
859
784
640
787
954
778
886
651
770
384
1037
959
525
851
1042
611
581
1051
553
924
791
826
1097
599
877
682
963
468
674
1392
521
734
939
781
994
803
971
672
713
766
949
775
659
1017
484
1007
906
783
597
951
765
803
810
1157
467
781
399
1101
697
1107
826
1096
722
495
677
915
787
466
1032
749
542
1139
1264
545
419
894
1027
826
787
491
704
577
936
735
955
687
947
668
797
773
492
951
1091
540
1132
595
738
968
503
991
1126
457
714
655
598
1041
750
1052
526
647
823
652
722
805
705
802
1163
699
500
908
1055
691
402
864
1038
590
829
405
1082
1099
549
816
424
955
943
553
624
825
938
942
589
954
898
679
745
792
674
833
717
961
700
441
1074
808
501
646
790
681
761
806
889
541
912
791
595
1318
509
453
1365
778
933
751
606
890
931
657
860
630
806
705
773
978
944
996
782
779
749
776
1015
601
727
1103
798
530
678
936
746
741
813
832
825
1015
539
722
1061
864
875
445
891
892
860
1024
635
870
360
771
1366
523
428
833
1066
812
514
981
537
841
822
609
745
1082
714
669
633
773
1055
647
630
670
995
953
928
169
776
1397
426
695
766
1100
811
405
506
1260
801
669
767
727
792
676
733
786
1086
669
790
864
1005
835
462
844
437
1053
1138
432
677
758
1070
919
454
812
699
995
573
675
1027
780
877
1208
292
959
1060
665
562
1100
773
726
722
1133
780
502
1280
623
607
874
853
937
512
1140
716
574
950
859
491
594
1377
962
583
439
1276
792
515
1027
455
983
951
372
1127
679
698
645
709
635
990
979
646
920
625
894
854
675
894
724
1028
709
894
691
779
633
418
1061
739
744
1050
567
1085
654
425
1073
562
770
1075
680
462
685
951
1040
821
762
585
879
735
649
872
572
1016
1147
643
437
894
753
1142
950
727
747
551
752
1221
623
415
1002
715
758
576
855
1153
533
1244
756
755
398
1056
1031
374
660
986
1040
871
711
1127
635
611
514
778
760
927
1161
559
644
932
648
567
784
670
969
812
789
550
288
1238
904
614
897
983
809
833
788
585
904
876
980
756
517
1146
539
903
680
681
827
905
930
748
900
789
399
811
834
892
927
735
920
708
932
891
1005
886
748
633
634
636
716
716
773
790
712
885
487
780
1006
689
964
1083
504
747
612
990
635
511
1021
752
795
738
766
766
952
961
681
650
1043
462
708
1190
647
852
993
638
463
834
775
1250
838
647
862
759
933
533
752
705
587
1173
798
552
782
1009
972
568
773
710
997
657
818
625
900
779
668
917
501
767
1066
859
625
800
837
1086
816
829
577
700
576
664
721
985
584
886
554
1231
620
829
728
950
484
716
890
622
1048
397
853
808
1116
918
893
525
827
787
509
1082
718
773
669
888
707
470
911
952
660
973
891
706
634
