1462
1392
1441
1405
1403
1510
1411
1413
1433
1398
1442
1407
1387
1362
1379
1387
1431
1444
1427
1364
1416
1382
1420
1383
1418
1385
1385
1338
1379
1425
1440
1511
1424
1413
1404
1397
1393
1373
1404
1392
1363
1382
1415
1370
1419
1369
1424
1383
1369
1373
1390
1386
1402
1421
1386
1336
1407
1499
1456
1409
1407
1385
1367
1403
1375
1423
1397
1362
1386
1391
1362
1378
1428
1380
1366
1406
1416
1414
1364
1366
1362
1404
1378
1371
1405
1385
1369
1418
1388
1370
1422
1400
1353
1355
1392
1408
1394
1362
1371
1391
1388
1366
1389
1396
1394
1398
1377
1375
1366
1353
1442
1371
1345
1375
1408
1419
1396
1383
1385
1361
1313
1399
1367
1423
1372
1388
1382
1374
1363
1070
1383
1383
1368
1372
1393
1406
1370
1375
1435
1411
1398
1417
1382
1354
1393
1379
1404
1407
1359
1340
1366
1366
1380
1360
1407
1399
1417
1382
1364
1383
1418
1383
1387
1233
1372
1380
1400
1369
1376
1412
1407
1345
1396
1405
1407
1373
1384
1363
1369
1389
1392
1387
1399
1352
1402
1344
1402
1422
1360
1360
1358
1372
1361
1366
1361
1242
1384
1386
1409
1373
1396
1376
1407
1405
1386
1396
1388
1394
1410
1364
1354
1393
1405
1382
1446
1416
1426
1362
1395
1376
1390
1384
1390
1366
1408
1378
1404
1402
1400
1387
1363
1423
1367
1393
1409
1400
1408
1409
1407
1415
1429
1380
1400
1402
1387
1418
1359
1399
1407
1422
1399
1412
1391
1363
1407
1397
1397
1373
1392
1361
1416
1414
1366
1394
1382
1389
1389
1387
1430
1371
1417
1359
1388
1407
1384
1402
1393
1261
1389
1412
1391
1368
1373
1336
1409
1400
1394
1407
1403
1359
1399
1416
1417
1395
1411
1434
1357
1399
1358
1410
1371
1360
1393
1391
1402
1382
1397
1405
1366
1398
1390
1361
1354
1368
1399
1393
1365
1414
1407
1393
1388
1375
1385
1378
1396
1404
1367
1411
1371
1399
1372
1409
1408
1384
1369
1372
1411
1386
1384
1387
1379
1399
1372
1369
1345
1399
1405
1386
1376
1378
1384
1384
1401
1409
1411
1385
1425
1395
1384
1418
1405
1380
1386
1385
1432
1407
1365
1386
1422
1398
1357
1366
1381
1355
1405
1394
1401
1372
1357
1390
1412
1369
1370
1404
1422
1370
1366
1392
1412
1384
1403
1387
1414
1371
1395
1377
1401
1392
1414
1365
1422
1383
1363
1212
1380
1388
1387
1408
1408
1372
1365
1373
1395
1414
1377
1391
1371
1356
1367
1377
1403
1374
1396
1396
1356
1426
1410
1385
1331
1362
1368
1381
1392
1373
1387
1403
1411
1403
1368
1408
1370
1368
1383
1411
1380
1370
1390
1380
1432
1392
1415
1378
1402
1379
1414
1391
1382
1375
1393
1412
1379
1393
1378
1365
1355
1410
1378
1365
1360
1365
1368
1377
1399
1362
1376
1392
1418
1375
1364
1401
1380
1390
1395
1385
1384
1386
1359
1381
1373
1403
1382
1388
1303
1351
1383
1326
1409
1227
1382
1399
1398
1361
1374
1390
1368
1376
1377
1378
1347
1402
1401
1400
1394
1398
1410
1414
1407
1391
1383
1405
1389
1404
1370
1403
1403
1370
1386
1355
1361
1355
1415
1396
1375
1393
1379
1382
1387
1390
1366
1376
1376
1379
1403
1401
1398
1414
1417
1366
1365
1412
1404
1372
1419
1410
1364
1414
1383
1372
1359
1368
1356
1408
1388
1414
1389
1404
1388
1369
1403
1358
1380
1380
1398
1385
1375
1391
1392
1377
1400
1409
1395
1373
1407
1383
1409
1407
1382
1363
1373
1401
1409
1403
1392
1402
1403
1374
1399
1407
1386
1380
1374
1409
1370
1413
1364
1373
1369
1387
1392
1401
1367
1404
1377
1410
1419
1390
1410
1361
1368
1380
1385
1387
1360
1382
1376
1377
1394
1358
1363
1376
1400
1387
1397
1392
1431
1399
1367
1411
1394
1360
1411
1372
1408
1401
1395
1367
1383
1342
1370
1371
1373
1384
1370
1375
1398
1365
1363
1369
1417
1361
1362
1414
1384
1383
1383
1398
1383
1392
1403
1378
1358
1409
1368
1405
1369
1369
1400
1156
1410
1423
1408
1393
1417
1415
1422
1385
1373
1406
1377
1368
1386
1385
1394
1360
1413
1368
1397
1413
985
1376
1400
1373
1391
1398
1384
1388
1365
1373
1382
1370
1369
1403
1366
1414
1366
1380
1382
1409
1386
1410
1406
1401
1383
1408
1404
1394
1403
1397
1372
1384
1422
1406
1396
1204
1375
1377
1425
1360
1375
1393
1356
1394
1403
1373
1421
1410
1398
1346
1376
1366
1367
1378
1416
1368
1375
1371
1359
1365
1407
1389
1370
1395
1407
1392
1402
1404
1357
1357
1374
1366
1389
1406
1389
1374
1401
1386
1388
1379
1387
1362
1374
1374
1382
1406
1422
1381
1370
1384
1359
1392
1407
1414
1395
1365
1365
1393
1377
1395
1390
1376
1406
1409
1392
1406
1369
1418
1383
1405
1421
1351
1379
1373
1372
1366
1399
1364
1362
1379
1379
1428
1386
1390
1389
1373
1366
1420
1417
1381
1428
1380
1361
1396
1386
1391
1410
1413
1380
1358
1420
1388
1370
1345
1359
1425
1402
1379
1399
1408
1470
1381
1366
1388
1395
1354
1361
1357
1371
1374
1404
1396
1382
1384
1403
1368
1399
1395
1357
1382
1362
1398
1360
1359
1199
1399
1399
1399
1412
1238
1392
1401
1414
1405
1387
1377
1384
1416
1400
1361
1366
1397
1373
1397
1433
1373
1365
1361
1370
1361
1397
1359
1400
1394
1356
1417
1376
1409
1404
1117
1360
1413
1351
1374
1419
1413
1427
1200
1416
1379
1397
1379
1425
1389
1401
1409
1382
1405
1400
1387
1418
1373
1415
1384
1366
1378
1381
1382
1361
1366
1369
1364
1428
1398
1403
1365
1361
1405
1374
1355
1396
1360
1411
1380
1416
1363
1102
1400
1430
1382
1389
1407
1379
1408
1387
1264
1380
1355
1365
1386
1383
1188
1375
1376
1384
1365
1423
1387
1408
1411
1356
1391
1396
1387
1358
1356
1383
1379
1271
1425
1386
1403
1365
1418
1317
1405
1389
1402
1401
1417
1387
1400
1370
1401
1367
1398
1377
1405
1387
1355
1374
1373
1389
1381
1386
1404
1419
1393
1381
1410
1376
1375
1384
1397
1390
1361
1418
1394
1414
1410
1399
1401
1404
1409
1408
1418
1364
1354
1359
1374
1368
1401
1378
1381
1374
1397
1402
1385
1413
1372
1407
1359
1391
1368
1389
1404
1412
1433
1387
1437
1390
1381
1372
1391
1463
1394
1378
1413
1393
1340
1368
1359
1406
1372
1369
1382
1370
1381
1379
1420
1359
1404
1409
1372
1375
1389
1344
1415
1390
892
1386
1405
1389
1405
1362
1383
1354
1410
1421
1387
1381
1369
1375
1385
1394
1377
1400
1411
1364
1374
1386
1430
1385
1401
1367
1376
1357
1379
1379
1389
1368
1394
1400
1365
1386
1367
1412
1412
1367
1390
1383
1418
1407
1401
1413
1402
1373
1359
1360
1387
1406
1420
1408
1390
1396
1410
1388
1376
1394
1393
1417
1365
1394
1379
1414
1383
1374
1366
1373
1409
1383
1400
1391
1378
1409
1385
1399
1392
1360
1387
1358
1392
1398
1384
1375
1395
1387
1409
1392
1412
1386
1392
1371
1380
1424
1407
1366
1406
1396
1386
1369
1394
1402
1367
1385
1402
1416
1398
1366
1402
1364
1411
1379
1392
1389
1383
1373
1385
1397
1406
1366
1385
1380
1383
1374
1376
1374
1374
1387
1407
1408
1368
1410
1416
1398
1409
1367
1393
1368
1350
1389
1392
1370
1397
1391
1355
1382
1417
1407
1421
1348
1377
1377
1372
1401
1384
1396
1371
1385
1379
1374
1400
1419
1400
1371
1407
1393
1360
1373
1372
1414
1372
1385
1378
1415
1371
1369
1379
1413
1304
1407
1432
1379
1371
1413
1420
1437
1389
1380
1355
1369
1327
1378
1359
1369
1396
1387
1394
1403
1382
1414
1383
1367
1388
1408
1450
1410
1388
1423
1360
1373
1408
1393
1409
1355
1377
1408
1418
1374
1367
1249
1389
1378
1406
1363
1415
1386
1404
1383
1396
1382
1368
1369
1321
1411
1372
1405
1396
1391
1374
1404
1413
1400
1386
1414
1411
1356
1368
1369
1383
1396
1343
1370
1362
1389
1392
1398
1409
1387
1365
1364
1405
1424
1392
1392
1382
1391
1427
1377
1385
1406
1402
1414
1377
1376
1421
1388
1424
1368
1389
1377
1402
1371
1430
1376
1402
1368
1361
1408
1429
1403
1409
1357
1380
1408
1389
1397
1389
1397
1391
1380
1403
1380
1375
1400
1388
1395
1387
1361
1370
1356
1385
1370
1384
1397
1374
1338
1375
1374
1414
1379
1393
1412
1325
1409
1369
1368
1401
1397
1376
1377
1398
1412
1398
1378
1387
1400
1372
1361
1393
1405
1374
1397
1420
1386
1407
1379
1403
1419
1402
1400
1389
1396
1353
1366
1384
1407
1397
1414
1396
1414
1379
1386
1415
1432
1406
1391
1403
1397
1424
1406
1411
1395
1408
1373
1364
1401
1379
1406
1396
1411
1400
1351
1410
1408
1385
1418
1398
1362
1376
1379
1374
1401
1386
1398
1397
1456
1380
1370
1412
1356
1409
1413
1376
1419
1382
1377
1413
1401
1370
1403
1426
1376
1392
1375
1426
1402
1373
1397
1423
1374
1371
1402
1399
1401
1389
1405
1401
1382
1422
1398
1380
1396
1357
1413
1354
1362
1376
1413
1422
1420
1414
1373
1414
1390
1381
1386
1371
1403
1367
1408
1372
1387
1415
1355
1391
1397
1383
1378
1414
1388
1399
1402
1398
1361
1370
1374
1370
1370
1388
1343
1395
1414
1411
1381
1410
1380
1376
1375
1368
1393
1393
1324
1379
1376
1390
1358
1429
1394
1407
1405
1359
1385
1367
1433
1384
1380
1390
1384
1384
1368
1393
1388
1431
1381
1378
1405
1365
1415
1373
1376
1413
1385
1361
1377
1402
1411
1398
1368
1360
1402
1406
1400
1404
1374
1404
1417
1369
1386
1359
1424
1381
1417
1379
1395
1373
1406
1374
1418
1354
1373
1411
1419
1401
1385
1340
1352
1367
1374
1360
1423
1366
1380
1376
1416
1408
1421
1367
1396
1384
1370
1394
1355
1371
1402
1363
1370
1379
1370
1344
1375
1413
1393
1405
1383
1248
1419
1360
1403
1396
1414
1371
1376
1415
1381
1362
1374
1400
1378
1369
1416
1394
1347
1413
1302
1366
1371
1387
1381
1387
1370
1407
1356
1375
1411
1371
1372
1271
1366
1361
1402
1352
1377
1396
1372
1369
1398
1402
1405
1377
1421
1393
1419
1265
1409
1390
1397
1376
1361
1411
1411
1368
1411
1407
1387
1413
1081
1376
1382
1413
1392
1453
1381
1041
1370
1374
1405
1401
1393
1402
1368
1401
1364
1407
1375
1425
1390
1413
1404
1386
1364
1405
1353
1403
1402
1380
1367
1380
1313
1380
1388
1380
1380
1426
1411
1363
1414
1397
1407
1388
1384
1355
1371
1387
1374
1403
1387
1379
1385
1419
1396
1354
1369
1360
1416
1394
1383
1375
1374
1368
1393
1393
1388
1384
1410
1403
1420
1358
1369
1380
1415
1399
1390
1413
1369
1374
1394
1385
1396
1380
1406
1420
1406
1403
1402
1384
1399
1374
1403
1356
1370
1397
1392
1386
1381
1380
1398
1378
1389
1363
1395
1353
1406
1314
1373
1376
1419
1381
1371
1367
1401
1401
1402
1383
1389
1104
1369
1361
1359
1387
1396
1378
1305
1373
1374
1408
1379
1371
1424
1386
1368
1369
1386
1408
1380
1385
1396
1363
1367
1429
1378
1416
1386
1404
1398
1392
1428
1386
1381
1398
1338
1408
1369
1428
1372
1391
1310
1341
1365
1372
1389
1388
1427
1382
1399
1409
1408
1364
1393
1398
1366
1377
1404
1395
1358
1389
1424
1378
1418
1336
1387
1375
1371
1423
1390
1426
1374
1392
1355
1388
1400
1361
1400
1393
1412
1374
1383
1393
1371
1396
1397
1383
1385
1359
1358
1399
1336
1366
1372
1376
1377
1368
1382
1385
1378
1396
1393
1362
1389
1393
1360
1371
1375
1391
1385
1370
1373
1394
1368
1387
1398
1375
1362
1417
1365
1403
1398
1427
1381
1360
1401
1409
1416
1270
1409
1401
1382
1382
1270
1408
1375
1406
1363
1407
1412
1382
1396
1397
1387
1410
1367
1367
1355
1405
1373
1425
1400
1410
1402
1405
1372
1281
1389
1404
1414
1392
1381
1214
1407
1362
1392
1368
1387
1392
1404
1397
1377
1366
1367
1348
1375
1397
1403
1416
1373
1384
1353
1334
1357
1421
1362
1361
1404
1383
1367
1380
1386
1370
1354
1390
1379
1406
1393
1386
1353
1411
1370
1413
1405
1400
1382
1376
1398
1369
1414
1375
1418
1369
1416
1396
1427
1377
1356
1415
1368
1373
1381
1390
1357
1404
1410
1325
1377
1380
1398
1413
1391
1390
1371
1369
1415
1370
1371
1383
1367
1402
1404
1367
1401
1406
1402
1385
1364
1421
1429
1408
1384
1387
1360
1363
1374
1366
1388
1400
1381
1366
1382
1242
1390
1392
1407
1396
1427
1407
1363
1357
1407
1396
1389
1376
1392
1389
1416
1364
1371
1408
1425
1396
1432
1375
1387
1410
1380
1365
1128
1414
1407
1430
1411
1355
1371
1427
1400
1403
1343
1427
1400
1409
1398
1380
1371
1408
1363
1381
1391
1368
1384
1369
1370
1416
1381
1364
1455
1352
1396
1386
1388
1371
1371
1379
1415
1379
1409
1385
1362
1358
1416
1391
1372
1383
1382
1397
1408
1404
1359
1397
1388
1394
1377
1407
1388
1393
1386
1376
1366
1391
1386
1414
1385
1373
1367
1406
1427
1398
1409
1354
1384
1386
1370
1385
1403
1388
1414
1376
1391
1418
1377
1367
1381
1427
1380
1405
1385
1394
1412
1369
1358
1431
1359
1406
1396
1416
1371
1387
1378
1334
1412
1408
1358
1254
1365
1375
1377
1320
1382
1364
1401
1355
1352
1411
1396
1383
1414
1407
1381
1371
1373
1366
1411
1370
1399
1367
1353
1377
1376
1402
1418
1419
1416
1388
1383
1392
1362
1415
1391
1380
1377
1386
1396
1414
1395
1432
1376
1375
1404
1391
1373
1366
1370
1398
1401
1402
1363
1386
1423
1411
1400
1424
1413
1393
1399
1404
1398
1407
1374
1385
1419
1392
1410
1413
1372
1374
1384
1400
1357
1409
1402
1389
1395
1374
1358
1385
1392
1388
1387
1377
1405
1359
1371
1396
1412
1416
1397
1417
1376
1383
1390
1392
1421
1398
1448
1369
1390
1354
1379
1378
1381
1413
1414
1365
1406
1358
1383
1375
1372
1404
1404
1366
1385
1364
1359
1404
1394
1400
1395
1424
1363
1378
1354
1396
1369
1360
1364
1382
1412
1392
1409
1384
1389
1400
1367
1380
1390
1359
1374
1298
1375
1368
1381
1393
1409
1365
1418
1378
1413
1353
1391
1395
1396
1363
1401
1410
1384
1411
1361
1397
1385
1367
1285
1376
1340
1375
1411
1385
1372
1413
1393
1409
1374
1428
1437
1409
1393
1355
1362
1392
1361
1378
1375
1410
1374
1370
1358
1314
1407
1399
1418
1397
1424
1387
1381
1392
1359
1412
1417
1432
1387
1413
1384
1407
1384
1375
1410
1372
1371
1385
1411
1422
1400
1364
1374
1363
1368
1396
1389
1373
1254
1382
1397
1385
1398
1404
1405
1432
1371
1378
1413
1408
1379
1398
1372
1400
1402
1398
1364
1366
1379
1422
1392
1331
1413
1353
1355
1369
1367
1374
1386
1421
1407
1401
1373
1358
1385
1383
1355
1389
1380
1391
1434
1410
1405
1361
1377
1401
1361
1370
1367
1382
1389
1376
1401
1371
1382
1382
1368
1387
1395
1424
1405
1404
1366
1425
1386
1392
1403
1403
1378
1394
1395
1361
1396
1395
1393
1402
1361
1376
1377
1400
1379
1422
1416
1383
1382
1416
1373
1425
1386
1384
1388
1408
1390
1413
1388
1401
1404
1419
1422
1399
1387
1414
1373
1421
1376
1404
1356
1379
1359
1407
1410
1395
1386
1384
1406
1407
1390
1376
1380
1427
1395
1399
1386
1387
1406
1385
1382
1406
1376
1408
1428
1372
1383
1382
1382
1385
1409
1416
1376
1404
1372
1375
1369
1402
1413
1404
1377
1385
1375
1368
1372
1365
1428
1372
1398
1413
1376
1404
1376
1404
1425
1390
1405
1332
1374
1376
1406
1399
1422
1381
1388
1368
1382
1382
1376
1408
1379
1393
1382
1359
1395
1406
1371
1399
1417
1388
1376
1387
1395
1374
1372
1371
1354
1404
1386
1425
1387
1396
1409
1394
1387
1390
1401
1370
1367
1410
1371
1397
1390
1403
1405
1361
1382
1383
1401
1403
1407
1400
1350
1394
1406
1367
1402
1389
1389
1397
1398
1401
1384
1401
1369
1378
1384
1374
1389
1396
1302
1401
1357
1398
1369
1413
1408
1352
1402
1383
1380
1424
1400
1401
1362
1413
1398
1391
1374
1427
1399
1357
1411
1406
1406
1397
1357
1382
1395
1408
1377
1399
1407
1362
1401
1377
1377
1377
1370
1412
1402
1385
1405
1407
1393
1411
1403
1392
1441
1093
1391
1379
1439
1387
1372
1389
1381
1397
1387
1397
1382
1379
1395
1367
1420
1425
1439
1375
1388
1407
1417
1445
1361
1357
1397
1356
1390
1364
1395
1334
1398
1413
1377
1364
1365
1389
1403
1304
1426
1394
1409
1377
1380
1378
1367
1354
1393
1385
1372
1418
1396
1373
1398
1392
1407
1407
1379
1385
1381
1372
1422
1357
1377
1432
1373
1433
1389
1362
1401
1382
1394
1388
1405
1372
1370
1401
1424
1411
1384
1365
1398
1364
1338
1360
1393
1425
1416
1405
1390
1372
1412
1373
1435
1354
1378
1387
1356
1376
928
1383
1380
1374
1405
1412
1353
1417
1393
1359
1424
1376
1390
1399
1357
1386
1383
1418
1421
1407
1399
1409
1252
1386
1339
1386
1414
1406
1354
1254
1374
1391
1396
1411
1418
1399
1251
1401
1421
1372
1388
1352
1400
1393
1419
1387
1405
1378
1396
1395
1381
1418
1383
1371
1378
1411
1418
1373
1371
1398
1408
1386
1391
1403
1396
1406
1411
1337
1390
1386
1272
1420
1415
1360
1401
1400
1358
1421
1370
1364
1391
1392
1409
1372
1391
1362
1368
1335
1388
1329
1371
1383
1415
1400
1383
1367
1379
1356
1415
1387
1385
1423
1331
1391
1428
1425
1388
1360
1402
1417
1391
1393
1413
1405
1369
1373
1397
1404
1372
1414
1416
1391
1363
1402
1358
1404
1356
1362
1372
1397
1390
1421
1436
1364
1395
1412
1455
1454
1420
1384
1359
1416
1399
1383
1402
1363
1385
1402
1401
1414
1353
1361
1364
1422
1383
1354
1397
1355
1377
1379
1378
1417
1096
1372
1408
1390
1399
1355
1431
1418
1403
1394
1411
1383
1360
1339
1395
1424
1405
1371
1395
1412
1361
1361
1366
1369
1402
1378
1368
1382
1393
1371
1396
1327
1396
1374
1410
1370
1407
1376
1371
1388
1378
1405
1406
1396
1403
1404
1365
1396
1386
1396
1368
1370
1270
1414
1378
1386
1359
1399
1381
1367
1383
1407
1395
1382
1401
1379
1388
1362
1422
1369
1377
1365
1388
1389
1364
1376
1375
1419
1403
1408
1370
1380
1396
1383
1383
1393
1369
1395
1410
1365
1378
1411
1387
1392
1385
1419
1397
1366
1375
1394
1398
1378
1410
1371
1370
1387
1374
1389
1381
1371
1138
1384
1367
1371
1395
1367
1358
1394
1358
1394
1354
1393
1395
1377
1391
1384
1377
1398
1385
1404
1379
1388
1422
1372
1393
1370
1366
1384
1295
1386
1358
1388
1379
1384
1380
1378
1385
1380
1405
1400
1380
1403
1407
1301
1370
1358
1368
1365
1058
1373
1369
1378
1372
1402
1388
1376
1351
1363
1369
1365
1373
1393
1378
1374
1397
1393
1372
1390
1352
1403
1403
1423
1395
1441
1401
1423
1415
1372
1443
1392
1359
1352
1353
1396
1411
1369
1414
1402
1377
1380
1406
1378
1384
1416
1374
1399
1403
1387
1373
1426
1414
1381
1403
1390
1364
1412
1399
1356
1417
1402
1369
1360
1396
1410
1407
1398
1406
1436
1361
1388
1392
1364
1368
1365
1365
1393
1215
1354
1401
1387
1404
1418
1397
1400
1413
1397
1404
1409
1410
1368
1352
1388
1399
1359
1378
1403
1425
1374
1208
1353
1413
1391
1387
1393
1376
1380
1416
1427
1392
1417
1401
1376
1401
1329
1383
1381
1387
1352
1373
1399
1402
1387
1387
1366
1394
1379
1372
1357
1372
1368
1399
1397
1420
1388
1424
1401
1377
1413
1393
1404
1370
1394
1404
1372
1405
1382
1402
1376
1393
1389
1367
1381
1364
1394
1422
1385
1384
1395
1385
1384
1388
1392
1369
1389
1396
1400
1417
1419
1366
1408
1374
1347
1406
1377
1406
1419
1390
1367
1393
1367
1379
1391
1340
1397
1399
1413
1429
1403
1395
1380
