522
338
404
583
353
503
494
433
408
345
532
550
332
387
291
479
411
419
395
291
487
578
462
564
310
439
489
343
292
472
475
332
427
362
415
423
477
257
445
422
567
351
376
311
414
394
369
424
507
344
428
271
545
254
426
444
274
330
476
288
289
438
559
328
349
436
410
341
493
249
414
381
305
478
418
350
521
440
465
317
360
410
399
388
344
402
478
414
424
386
429
490
346
346
424
367
307
447
433
417
399
288
471
400
371
374
486
375
215
431
368
394
534
344
370
367
448
372
396
346
432
410
386
402
523
302
400
555
387
467
276
485
382
489
294
427
394
438
414
225
432
431
354
581
405
420
412
301
573
383
404
454
474
327
450
289
479
434
361
265
348
511
390
335
288
409
528
333
270
341
494
526
371
360
429
393
317
395
426
375
335
558
453
393
409
419
255
341
405
491
243
294
473
422
283
388
441
470
391
406
362
455
485
293
451
346
457
423
342
489
463
392
465
428
366
362
514
282
344
563
314
356
320
452
357
320
373
468
341
346
390
488
460
396
349
475
340
343
466
340
425
383
436
434
357
368
398
363
463
328
465
423
377
511
333
393
348
423
415
323
336
328
364
378
411
403
160
395
559
418
381
275
370
410
456
497
257
505
464
468
328
362
380
485
447
468
388
341
394
451
356
450
309
517
420
240
380
532
484
335
520
305
393
375
390
317
457
427
438
356
474
349
474
296
440
313
435
504
422
502
249
369
508
373
429
346
433
323
339
433
497
379
313
465
405
595
306
414
353
308
407
341
404
418
380
289
412
418
383
442
485
264
453
393
338
359
424
487
449
293
522
385
516
307
436
404
532
339
377
370
258
638
237
433
328
476
427
366
375
343
408
528
358
378
447
304
212
427
390
298
418
364
384
387
311
528
382
284
353
390
436
348
415
298
417
387
425
496
310
336
411
455
396
284
411
345
530
420
358
320
501
381
432
425
300
432
330
537
321
348
449
447
316
474
337
408
417
340
389
366
357
506
341
456
378
366
221
486
472
394
313
536
345
483
423
416
302
463
365
355
441
462
506
403
350
444
458
295
408
478
378
344
516
387
412
267
445
472
338
590
347
452
328
461
258
394
454
399
369
379
442
399
422
344
458
350
418
341
406
385
311
563
460
260
487
440
301
383
493
391
197
341
555
479
445
344
295
386
375
528
442
442
364
347
520
430
432
336
338
415
341
402
342
339
369
411
373
427
430
292
354
401
234
432
438
396
442
471
327
422
372
273
435
489
272
462
298
424
508
270
371
425
386
379
375
374
298
386
410
430
517
334
396
513
352
426
341
345
393
362
458
401
402
473
302
358
576
376
370
322
465
498
391
418
415
393
311
320
426
429
335
348
604
274
444
301
439
394
479
393
333
408
350
473
276
567
503
263
504
389
465
516
362
299
396
375
412
431
388
531
322
382
597
422
336
359
436
332
314
538
417
307
458
379
420
435
351
353
428
442
326
375
439
303
427
516
371
286
375
428
386
390
358
419
511
215
402
565
411
413
347
433
390
417
354
466
318
492
445
252
603
252
390
404
511
304
295
466
311
518
356
350
453
254
466
400
359
395
482
394
370
432
500
249
359
427
481
351
369
441
258
518
384
438
356
344
370
461
487
313
403
443
313
332
355
387
339
508
307
358
495
396
401
397
429
344
387
475
364
400
245
525
290
390
396
456
449
417
475
359
476
384
304
462
326
365
333
519
243
383
326
329
511
412
412
353
420
424
531
453
264
439
453
364
432
353
471
436
342
369
365
354
458
350
467
490
561
296
455
505
363
518
487
269
485
295
442
495
377
464
471
499
356
263
473
379
280
551
450
388
423
414
378
411
448
472
374
264
450
490
432
276
470
457
303
534
357
430
498
251
525
338
517
480
366
368
350
378
422
352
460
284
495
435
423
230
463
350
386
390
470
342
390
537
394
359
393
478
320
475
386
408
433
337
369
378
386
427
403
347
402
427
327
338
483
348
436
525
444
355
432
418
372
377
403
381
384
303
401
334
359
366
452
350
418
472
289
455
415
403
341
492
485
463
221
436
428
418
347
518
407
485
254
438
405
258
295
440
351
310
320
363
384
330
335
344
419
333
344
389
412
492
353
377
259
426
448
411
391
431
252
475
529
479
391
418
365
455
341
356
472
482
405
368
408
379
386
430
280
506
461
431
474
414
407
429
350
357
433
463
261
488
488
372
454
346
348
475
378
505
295
540
352
424
397
357
236
528
426
518
308
380
448
442
389
483
309
353
385
526
359
528
381
331
385
341
388
301
418
481
378
257
372
439
482
410
470
525
382
415
449
340
473
398
380
402
458
353
469
455
448
459
426
338
370
540
345
335
423
313
454
371
294
379
389
464
362
416
444
476
224
435
509
368
419
474
570
281
305
416
419
387
243
481
310
438
438
370
392
407
338
283
356
500
426
471
282
476
353
408
402
420
372
400
286
560
302
475
381
299
479
442
301
344
466
439
245
332
542
397
397
431
293
372
473
341
469
240
322
498
437
372
372
280
384
488
370
429
503
341
471
386
440
433
431
326
346
402
317
525
427
380
300
403
404
415
522
370
383
350
409
471
392
296
316
307
405
417
292
399
286
415
355
451
579
335
338
338
384
359
363
342
346
427
516
240
431
446
401
488
341
381
350
454
404
280
429
351
313
358
368
488
372
299
329
379
423
375
476
310
395
525
264
387
505
331
298
407
310
490
394
332
313
466
416
428
378
411
372
428
393
468
306
399
472
378
385
379
451
484
454
375
430
328
424
326
390
324
623
304
391
382
332
409
326
555
451
423
384
439
356
391
329
293
400
416
417
506
337
289
348
462
381
341
310
445
449
393
373
295
388
369
405
418
402
329
347
452
328
421
283
480
378
427
395
344
430
412
347
372
418
444
437
403
276
425
443
495
472
324
382
261
560
381
473
277
472
398
313
469
377
421
379
341
457
298
520
442
246
343
454
437
305
470
352
360
501
304
473
339
310
338
491
527
290
304
429
427
384
228
384
465
462
387
296
353
371
440
377
359
421
384
378
416
424
435
430
324
473
322
426
381
344
518
458
304
432
531
392
283
479
454
470
362
340
442
373
427
454
506
405
381
435
440
214
414
440
395
348
385
406
326
415
455
326
445
294
423
372
306
392
537
320
460
461
363
523
442
297
531
348
372
325
416
439
354
354
619
335
496
401
311
421
374
392
380
426
307
384
437
442
432
427
307
302
549
397
359
415
378
316
445
389
362
509
316
452
537
336
301
438
354
402
491
411
397
502
291
433
390
415
251
367
490
384
365
442
387
493
390
508
291
437
466
210
529
386
325
420
432
438
470
458
297
424
385
384
290
414
370
469
289
453
344
430
372
372
280
471
396
557
295
442
424
353
442
381
571
384
416
396
514
313
395
402
464
354
292
434
379
377
438
342
462
439
381
401
342
452
334
481
398
435
292
475
292
526
383
390
392
370
479
444
381
339
347
323
476
427
362
286
580
332
471
436
375
304
421
427
329
504
357
409
403
434
395
331
631
362
421
252
464
463
483
433
366
395
447
467
336
491
489
347
520
340
335
384
384
450
332
344
467
327
372
449
433
411
471
318
356
359
377
501
435
341
366
431
490
332
412
416
359
355
352
451
523
319
329
405
513
228
462
255
483
475
412
365
534
463
276
442
486
438
332
490
304
427
405
428
293
409
360
481
289
433
502
331
436
335
336
329
383
493
425
333
296
638
417
300
424
355
454
295
379
343
387
330
347
470
401
327
373
390
485
283
355
441
429
450
301
433
326
341
289
341
361
529
301
378
377
381
439
304
424
310
409
481
488
258
261
523
290
466
426
369
371
411
443
372
555
298
295
485
366
332
405
279
473
445
399
250
433
450
346
340
355
428
387
402
426
438
339
479
305
474
281
308
391
382
367
379
351
536
281
618
344
435
400
337
425
389
336
429
487
341
437
412
466
401
390
466
471
370
391
377
445
307
413
373
408
451
322
428
432
479
399
408
264
277
436
428
395
404
530
470
294
304
413
337
423
335
393
427
405
354
363
491
532
385
490
346
347
418
288
385
499
379
374
392
395
304
399
420
424
386
435
392
398
389
499
377
396
427
423
345
393
486
330
441
364
452
446
406
419
346
348
442
357
341
433
342
236
387
424
387
346
387
414
477
418
416
351
430
320
482
384
364
409
378
380
330
296
474
372
280
379
360
336
343
406
381
293
514
388
358
513
307
393
290
343
529
377
434
385
414
358
421
393
382
363
422
433
251
373
385
444
375
197
458
401
519
542
208
521
299
476
352
403
399
350
330
390
465
388
411
369
288
430
535
360
333
443
262
508
403
433
371
248
479
393
247
399
509
396
337
302
476
473
400
438
402
382
338
475
390
339
434
387
384
376
379
458
380
383
378
526
376
439
241
422
291
358
486
445
350
487
413
480
521
382
455
202
507
324
348
333
380
329
474
367
336
417
393
434
387
402
426
435
334
417
491
428
291
437
439
434
436
387
313
386
424
414
349
395
297
483
352
399
406
363
486
347
307
341
470
491
347
283
466
418
402
305
417
431
375
416
420
451
394
345
419
392
427
320
302
412
365
439
477
427
353
377
563
366
339
437
451
405
381
422
286
363
559
479
310
399
317
480
294
378
314
457
392
423
387
326
428
449
439
387
456
343
384
403
482
402
341
354
436
329
663
303
372
332
334
391
477
332
350
440
351
460
350
344
383
428
469
336
335
442
335
295
446
448
387
335
407
473
281
297
380
395
397
405
337
435
346
379
337
431
282
445
379
394
427
246
454
337
459
377
458
423
404
543
411
317
414
549
387
437
384
294
429
383
284
497
350
482
480
329
387
473
380
279
376
335
470
401
360
413
392
485
313
445
497
339
464
338
417
382
436
385
470
286
374
423
332
293
351
334
401
329
329
344
409
489
363
365
256
399
470
398
403
275
359
413
383
492
348
387
544
438
453
203
484
411
372
393
441
304
545
307
551
264
473
468
432
381
306
354
382
344
458
363
424
433
442
377
447
401
424
255
422
369
386
449
407
468
520
342
304
392
391
375
398
418
331
451
296
553
336
364
329
626
372
286
496
293
434
372
327
461
441
328
394
433
396
254
443
397
354
467
449
347
445
329
459
482
398
376
460
460
292
436
433
471
438
290
445
507
322
381
431
471
251
405
409
421
381
421
425
448
471
346
503
393
319
532
406
386
371
396
476
408
449
301
324
498
338
284
559
318
411
313
478
293
428
257
445
298
391
448
298
586
357
290
482
342
252
463
463
414
309
408
481
307
532
396
444
569
465
346
430
386
411
447
444
368
334
445
422
422
386
506
386
265
381
371
460
358
357
438
496
438
467
355
498
387
355
378
464
357
419
245
470
443
212
426
423
304
355
404
397
378
408
384
333
383
479
426
332
406
516
394
405
440
291
451
439
369
371
329
484
388
288
338
541
382
446
286
393
341
430
246
492
424
447
507
329
493
393
407
284
399
307
522
310
396
387
273
434
372
453
377
362
519
297
255
478
412
517
357
342
398
385
387
573
365
293
510
512
352
412
302
263
561
302
542
412
402
276
387
328
426
461
424
416
474
181
547
439
370
435
249
430
498
393
294
422
324
426
311
425
338
381
439
328
393
493
170
412
460
430
478
315
391
456
262
391
283
419
348
431
402
378
445
372
426
512
406
297
398
332
336
480
374
387
267
430
354
353
423
482
393
238
523
393
344
409
453
246
295
496
356
507
375
255
375
454
393
529
243
427
475
257
468
440
284
454
335
344
332
458
310
326
543
267
406
490
412
362
356
369
421
386
463
352
406
347
518
503
354
338
402
343
384
347
449
552
355
344
455
401
361
415
510
331
402
341
405
383
415
472
301
385
404
391
409
361
303
377
372
440
445
384
377
253
440
434
476
287
408
327
335
375
429
294
526
377
283
404
526
402
329
394
454
342
449
328
362
467
454
359
417
387
387
329
306
464
409
364
466
320
435
371
478
341
332
354
290
572
353
263
524
471
433
485
390
355
552
324
426
378
518
300
340
394
498
316
400
465
313
388
399
351
460
427
405
374
310
428
378
417
343
479
390
468
395
297
536
365
426
317
327
479
360
495
416
282
314
488
408
380
311
422
288
404
446
335
298
398
396
375
371
393
414
386
468
391
322
417
480
243
534
375
434
330
392
430
305
470
291
401
488
366
437
338
310
392
471
377
467
286
536
335
418
390
370
332
521
375
302
464
411
362
353
398
505
361
452
372
398
455
363
374
217
407
330
416
400
408
397
403
294
471
430
300
373
520
325
300
440
476
447
346
429
363
421
400
374
358
498
481
305
466
442
279
394
537
358
422
435
403
221
546
317
353
428
394
552
295
423
362
350
389
448
496
297
559
440
313
464
341
487
580
457
335
258
464
433
430
448
381
426
376
387
372
459
392
369
423
342
345
393
421
428
307
596
384
460
333
349
297
546
333
365
412
380
350
397
391
503
483
247
439
430
310
396
454
353
408
474
376
434
307
430
390
445
283
301
396
392
427
394
445
427
242
476
327
295
372
393
357
517
467
260
484
251
396
361
496
347
379
439
350
405
403
395
368
411
329
437
376
353
429
285
457
386
452
405
489
319
339
437
334
445
457
433
420
431
416
402
369
341
477
460
345
417
532
400
265
432
591
317
444
385
385
528
306
493
341
437
361
430
393
314
536
475
476
483
297
641
365
491
305
329
434
329
396
341
352
390
406
387
335
493
379
379
357
416
347
399
383
352
335
449
403
484
346
332
429
397
328
538
447
417
309
476
359
388
439
451
385
434
436
518
335
371
453
466
399
543
175
510
342
435
332
439
250
316
440
328
308
415
372
332
457
439
426
303
409
489
437
209
348
512
497
277
492
317
441
341
484
347
471
525
330
321
393
514
373
169
518
452
479
246
366
481
375
467
387
331
429
439
276
398
372
424
304
305
385
430
350
364
413
381
456
422
417
477
414
469
316
321
339
332
409
437
249
468
460
347
471
387
493
163
456
448
441
388
350
400
370
417
462
282
375
390
377
373
523
295
487
439
409
254
550
348
479
364
460
372
288
521
413
366
446
333
527
369
326
472
427
355
340
352
395
388
383
482
329
369
475
338
403
348
386
508
433
285
379
421
481
351
326
414
559
420
399
451
273
363
427
297
341
482
379
346
384
459
522
388
389
440
463
254
476
484
337
407
379
429
469
429
317
401
441
479
286
332
425
364
390
431
264
407
348
387
377
391
300
387
369
366
455
465
316
336
381
331
387
418
384
335
407
401
431
333
507
258
475
302
390
389
381
308
488
354
348
378
427
351
334
566
261
471
353
304
399
378
391
475
378
418
293
431
310
369
424
492
262
333
454
370
286
427
460
388
261
286
462
423
343
332
390
463
350
665
381
321
459
365
298
380
529
368
396
293
437
431
339
410
369
513
411
533
400
342
374
410
322
444
445
460
337
400
574
404
347
486
393
378
398
484
403
350
489
428
510
358
269
465
517
481
350
316
314
531
340
547
288
436
298
575
412
289
457
329
360
434
335
341
397
356
387
512
489
364
531
298
351
426
415
391
386
264
332
490
471
345
193
350
396
485
396
376
405
413
332
435
353
418
350
343
289
341
635
335
419
419
387
297
362
393
408
517
342
396
430
457
253
350
434
467
347
295
337
462
433
345
591
346
346
332
411
347
504
329
418
290
449
416
479
387
476
337
497
262
384
329
455
432
329
430
448
464
330
418
400
425
295
424
442
358
390
580
640
382
396
348
448
346
495
450
475
409
520
298
397
469
402
455
382
352
391
523
277
340
443
416
506
383
321
309
370
403
432
376
407
390
410
332
490
415
506
286
505
485
412
330
424
408
212
411
437
344
286
307
397
377
486
331
434
541
347
387
349
389
486
343
363
437
425
341
393
356
391
517
295
377
295
387
441
371
460
301
415
299
429
352
283
436
381
397
454
393
458
406
577
298
398
442
375
298
581
280
347
473
313
406
517
402
200
433
429
438
391
246
523
362
421
413
382
433
393
320
294
470
439
416
367
336
489
371
472
277
455
420
305
301
388
520
337
291
479
436
434
505
292
333
388
368
623
384
348
522
267
347
382
517
337
390
479
480
461
293
281
593
472
135
465
418
412
545
335
258
483
341
375
466
376
384
526
387
471
345
488
310
437
383
335
324
413
347
374
341
424
456
494
508
338
427
304
431
267
495
271
507
422
338
477
429
337
451
380
248
501
558
368
469
398
494
412
301
490
488
500
381
388
425
331
360
381
472
565
310
518
340
430
323
356
410
482
256
509
267
433
433
335
490
442
369
420
452
330
339
430
449
500
362
449
300
416
443
364
419
467
289
370
387
312
477
337
547
169
408
381
338
301
340
409
362
388
451
476
284
436
415
459
308
286
436
381
302
493
332
467
319
517
434
388
388
454
235
431
339
381
638
346
296
261
435
522
339
395
316
424
395
432
488
421
242
607
289
375
391
428
385
469
338
299
415
417
439
377
557
243
440
418
396
336
415
434
370
344
442
333
280
457
390
381
303
561
409
442
501
396
205
417
477
485
310
385
337
418
407
515
445
357
323
470
374
379
428
349
476
506
352
457
280
449
487
413
390
372
423
439
480
287
326
456
322
397
456
339
429
397
469
338
438
268
507
411
375
512
367
450
507
288
377
421
484
362
298
507
348
383
407
400
386
292
420
418
337
338
466
337
322
431
381
361
512
378
391
520
378
418
228
480
344
360
427
406
358
391
437
377
395
386
348
337
496
378
472
402
448
427
353
320
374
389
293
395
522
249
464
389
387
452
327
432
462
439
597
302
393
375
335
473
554
464
251
530
336
359
347
340
412
298
323
407
412
344
331
367
348
305
322
353
428
378
421
449
368
342
335
470
390
462
426
371
429
384
347
379
438
432
477
416
376
363
472
240
387
280
439
510
375
349
354
405
406
391
368
396
393
439
327
231
516
454
455
390
356
393
480
324
476
280
544
357
553
265
333
474
390
427
578
377
303
381
292
528
476
266
412
374
524
356
394
391
473
383
249
335
442
353
397
362
476
393
307
509
387
475
297
350
345
451
380
430
286
445
390
381
338
314
456
483
491
243
487
258
385
495
347
476
419
288
377
509
338
337
350
352
286
468
341
550
421
415
433
457
321
391
537
381
383
417
440
242
351
376
439
258
376
394
539
326
451
421
294
373
481
427
249
423
493
384
441
483
334
393
513
373
308
332
406
349
335
416
338
436
349
354
475
381
385
395
345
503
349
386
455
339
473
465
389
384
333
444
327
383
525
386
449
439
385
439
366
429
342
432
488
309
419
506
354
333
399
460
363
394
341
527
443
362
255
442
432
276
528
371
465
316
425
396
433
484
435
367
263
499
379
390
475
387
392
408
409
442
245
437
374
411
377
375
509
345
283
403
470
423
457
319
428
370
328
439
360
332
397
486
616
335
258
399
427
544
388
355
255
416
438
491
350
427
345
258
487
395
430
443
522
353
357
333
375
542
285
435
520
485
379
445
335
414
430
368
394
366
329
350
381
391
359
441
342
343
344
336
531
343
470
417
346
468
480
381
419
384
350
386
341
455
399
305
450
392
252
310
468
381
393
441
521
461
284
385
491
360
368
419
366
595
310
388
423
431
384
301
402
489
377
445
339
329
571
437
346
305
365
511
339
440
263
415
442
387
345
389
285
456
399
382
523
528
321
420
308
427
517
323
428
438
325
344
441
476
337
525
590
390
283
377
450
464
428
335
445
454
301
392
507
452
435
505
331
355
384
301
497
358
387
301
463
308
447
299
574
433
323
446
375
348
453
417
314
378
524
396
341
489
292
430
427
435
377
474
425
352
251
368
330
398
374
431
378
422
403
343
369
340
392
427
289
473
488
237
600
170
473
321
439
407
383
378
523
384
392
418
363
284
502
357
478
422
439
460
426
261
408
467
396
408
440
348
411
436
492
337
344
564
290
313
399
244
576
315
394
454
305
268
575
332
510
265
516
328
439
316
335
453
240
487
487
397
508
390
609
245
409
354
445
376
412
343
468
326
379
376
421
382
261
491
427
345
307
313
348
512
408
332
331
427
340
435
427
537
204
500
407
356
353
337
485
380
443
473
393
461
270
510
376
378
436
427
408
425
291
359
507
338
433
255
562
387
440
370
305
305
429
421
462
358
414
429
285
459
434
292
326
418
429
474
216
527
353
417
396
375
367
305
346
252
450
340
294
360
375
396
346
469
250
442
420
254
348
424
373
418
409
372
353
436
426
396
287
390
435
393
436
367
341
418
467
504
348
456
261
455
358
444
368
313
348
371
415
448
515
347
547
244
387
415
435
352
313
405
317
430
399
571
257
501
335
440
339
401
421
511
310
386
372
438
386
297
472
391
249
392
466
411
341
439
297
413
444
335
426
242
426
433
379
566
275
316
473
421
347
251
518
372
497
378
409
466
345
519
303
395
457
534
300
332
537
313
442
369
557
272
479
442
430
343
508
329
439
402
330
428
412
472
333
393
385
387
434
439
266
337
488
445
297
310
346
353
341
405
277
487
481
313
472
457
372
489
322
326
409
425
335
417
326
413
392
334
444
287
525
332
421
490
277
547
298
338
390
388
350
292
391
420
350
334
509
446
386
293
394
473
292
341
433
334
470
242
571
335
304
429
374
323
352
392
368
535
349
386
383
455
382
320
473
423
377
329
373
332
435
374
413
306
396
459
396
430
434
370
311
438
396
446
390
475
377
435
284
368
565
401
616
182
375
454
419
246
438
414
287
406
307
432
316
334
547
479
348
449
291
421
341
387
370
414
317
455
332
445
417
479
450
461
377
359
307
473
556
406
196
456
382
389
421
339
347
576
497
266
422
419
575
378
498
401
412
553
306
475
540
391
328
488
464
474
277
347
453
277
414
464
402
451
466
477
252
491
439
377
551
428
503
335
403
274
264
492
358
445
433
441
397
484
344
448
306
389
411
406
250
387
577
344
429
387
460
344
385
391
332
529
303
375
328
326
308
524
451
307
522
234
324
567
373
312
433
503
265
358
387
280
449
351
411
351
433
346
267
301
414
408
411
313
399
375
404
395
400
387
391
285
515
343
319
328
354
397
419
276
402
436
657
345
388
439
416
412
459
353
329
367
296
383
409
403
402
467
320
384
419
260
433
407
404
442
288
547
310
396
386
410
423
435
452
372
352
332
482
218
358
495
396
393
337
614
169
459
358
652
349
383
476
257
488
363
337
421
334
508
348
470
341
355
511
419
324
341
412
393
360
328
464
325
502
442
341
343
333
516
303
386
435
445
359
495
345
357
298
418
525
469
388
471
404
435
430
303
408
463
343
341
354
384
436
381
341
363
387
462
439
322
380
347
334
424
479
377
314
482
463
185
430
521
301
479
234
642
354
424
354
432
365
407
429
368
424
185
422
427
459
336
439
301
418
329
371
395
497
374
557
321
515
205
434
468
413
459
350
319
387
469
427
384
378
405
494
388
439
510
329
378
482
328
366
455
509
433
342
359
419
508
393
338
259
520
458
347
416
438
370
424
438
550
433
353
468
388
369
388
400
471
298
455
341
353
374
510
375
381
489
291
381
421
397
341
471
418
370
347
418
414
419
398
488
368
452
478
381
368
384
402
497
394
313
446
301
324
436
397
353
413
372
422
326
375
401
274
563
375
483
370
295
452
427
476
218
440
503
437
333
267
493
371
386
367
377
463
255
419
394
471
396
424
376
339
405
458
273
434
468
336
467
362
473
250
474
328
391
424
397
301
366
387
450
441
436
336
488
378
271
464
570
379
216
415
522
454
251
444
432
337
385
406
375
428
425
332
345
475
280
433
307
393
312
410
432
286
356
374
415
380
392
440
413
534
212
418
405
466
301
338
376
434
516
349
506
290
540
258
484
428
372
628
301
405
387
463
320
604
234
485
350
329
550
421
436
282
421
385
375
439
347
354
381
432
198
469
396
353
462
376
462
420
301
424
518
383
311
291
508
611
120
510
486
458
301
252
535
476
377
231
325
460
595
452
333
393
274
417
347
463
394
390
472
372
451
365
540
327
568
323
467
426
244
352
411
303
373
408
470
291
451
384
422
377
438
375
393
411
436
556
345
349
425
296
379
288
317
523
322
390
294
343
369
307
313
403
498
221
343
258
362
310
480
291
350
252
320
318
392
212
452
257
366
291
286
256
277
286
137
341
344
295
336
157
387
202
330
229
251
156
160
310
185
209
132
257
126
179
212
302
219
163
236
83
164
77
108
160
114
175
108
120
28
114
122
28
74
139
71
40
83
138
40
43
