50000	700	904	11
1e+005	899	904	17
1.5e+005	607	904	13
2e+005	729	904	15
2.5e+005	830	904	17
3e+005	630	904	14
3.5e+005	715	904	14
4e+005	917	904	18
4.5e+005	466	904	11
5e+005	650	904	15
5.5e+005	837	904	20
6e+005	514	904	12
6.5e+005	769	904	16
7e+005	875	904	17
7.5e+005	763	904	17
8e+005	783	904	18
8.5e+005	620	904	15
9e+005	638	904	15
9.5e+005	728	904	17
1e+006	632	904	15
1.05e+006	657	904	16
1.1e+006	680	904	16
1.15e+006	701	904	15
1.2e+006	649	904	13
1.25e+006	835	904	17
1.3e+006	592	904	14
1.35e+006	598	904	13
1.4e+006	726	904	17
1.45e+006	504	904	12
1.5e+006	814	904	19
1.55e+006	702	904	16
1.6e+006	671	904	16
1.65e+006	557	904	13
1.7e+006	601	904	15
1.75e+006	575	904	14
1.8e+006	642	904	15
1.85e+006	690	904	16
1.9e+006	641	904	15
1.95e+006	638	904	15
2e+006	571	904	14
2.05e+006	750	904	17
2.1e+006	614	904	14
2.15e+006	589	904	13
2.2e+006	701	904	16
2.25e+006	712	904	15
2.3e+006	785	904	17
2.35e+006	621	904	13
2.4e+006	693	904	17
2.45e+006	604	904	14
2.5e+006	666	904	15
2.55e+006	637	904	15
2.6e+006	700	904	17
2.65e+006	689	904	15
2.7e+006	721	904	17
2.75e+006	665	904	15
2.8e+006	729	904	17
2.85e+006	647	904	15
2.9e+006	587	904	14
2.95e+006	761	904	18
3e+006	629	904	15
3.05e+006	606	904	14
3.1e+006	647	904	15
3.15e+006	682	904	16
3.2e+006	657	904	16
3.25e+006	664	904	16
3.3e+006	566	904	13
3.35e+006	725	904	17
3.4e+006	669	904	15
3.45e+006	622	904	15
3.5e+006	680	904	16
3.55e+006	596	904	14
3.6e+006	659	904	15
3.65e+006	712	904	17
3.7e+006	611	904	14
3.75e+006	836	904	19
3.8e+006	567	904	13
3.85e+006	739	904	18
3.9e+006	811	904	19
3.95e+006	583	904	13
4e+006	646	904	15
4.05e+006	703	904	16
4.1e+006	726	904	17
4.15e+006	582	904	13
4.2e+006	596	904	15
4.25e+006	802	904	18
4.3e+006	550	904	12
4.35e+006	857	904	19
4.4e+006	670	904	15
4.45e+006	754	904	16
4.5e+006	671	904	15
4.55e+006	701	904	16
4.6e+006	708	904	17
4.65e+006	706	904	16
4.7e+006	495	904	12
4.75e+006	752	904	17
4.8e+006	587	904	13
4.85e+006	822	904	19
4.9e+006	510	904	12
4.95e+006	546	904	13
5e+006	606	904	14
5.05e+006	811	904	18
5.1e+006	470	904	11
5.15e+006	714	904	17
5.2e+006	765	904	18
5.25e+006	707	904	17
5.3e+006	599	904	14
5.35e+006	724	904	17
5.4e+006	589	904	14
5.45e+006	675	904	16
5.5e+006	840	904	20
5.55e+006	639	904	15
5.6e+006	542	904	13
5.65e+006	703	904	16
5.7e+006	672	904	15
5.75e+006	497	904	12
5.8e+006	565	904	13
5.85e+006	659	904	16
5.9e+006	749	904	17
5.95e+006	645	904	15
6e+006	708	904	17
6.05e+006	820	904	19
6.1e+006	485	904	11
6.15e+006	747	904	17
6.2e+006	659	904	15
6.25e+006	748	904	17
6.3e+006	656	904	15
6.35e+006	769	904	18
6.4e+006	638	904	15
6.45e+006	713	904	17
6.5e+006	706	904	16
6.55e+006	762	904	18
6.6e+006	603	904	14
6.65e+006	559	904	13
6.7e+006	594	904	15
6.75e+006	652	904	15
6.8e+006	614	904	15
6.85e+006	599	904	14
6.9e+006	641	904	15
6.95e+006	577	904	13
7e+006	859	904	20
7.05e+006	653	904	15
7.1e+006	606	904	14
7.15e+006	686	904	16
7.2e+006	678	904	16
7.25e+006	728	904	17
7.3e+006	629	904	15
7.35e+006	684	904	16
7.4e+006	677	904	16
7.45e+006	670	904	15
7.5e+006	579	904	14
7.55e+006	796	904	18
7.6e+006	607	904	14
7.65e+006	712	904	17
7.7e+006	655	904	15
7.75e+006	586	904	14
7.8e+006	667	904	16
7.85e+006	581	904	14
7.9e+006	625	904	15
7.95e+006	617	904	14
8e+006	517	904	13
8.05e+006	527	904	13
8.1e+006	897	904	21
8.15e+006	515	904	12
8.2e+006	607	904	14
8.25e+006	776	904	19
8.3e+006	669	904	15
8.35e+006	725	904	17
8.4e+006	803	904	19
8.45e+006	521	904	12
8.5e+006	634	904	15
8.55e+006	853	904	18
8.6e+006	718	904	16
8.65e+006	707	904	16
8.7e+006	623	904	14
8.75e+006	634	904	14
8.8e+006	728	904	17
8.85e+006	696	904	16
8.9e+006	583	904	14
8.95e+006	686	904	16
9e+006	708	904	16
9.05e+006	784	904	18
9.1e+006	566	904	13
9.15e+006	639	904	16
9.2e+006	649	904	16
9.25e+006	770	904	18
9.3e+006	582	904	13
9.35e+006	777	904	18
9.4e+006	603	904	14
9.45e+006	659	904	15
9.5e+006	574	904	13
9.55e+006	801	904	19
9.6e+006	807	904	19
9.65e+006	541	904	13
9.7e+006	677	904	16
9.75e+006	716	904	17
9.8e+006	609	904	14
9.85e+006	625	904	15
9.9e+006	646	904	15
9.95e+006	710	904	17
1e+007	700	904	16
1.005e+007	655	904	16
1.01e+007	855	904	20
1.015e+007	552	904	13
1.02e+007	575	904	13
1.025e+007	628	904	14
1.03e+007	659	904	16
1.035e+007	669	904	16
1.04e+007	615	904	15
1.045e+007	556	904	13
1.05e+007	779	904	18
1.055e+007	617	904	14
1.06e+007	677	904	15
1.065e+007	645	904	15
1.07e+007	700	904	17
1.075e+007	573	904	14
1.08e+007	745	904	17
1.085e+007	833	904	19
1.09e+007	811	904	19
1.095e+007	528	904	12
1.1e+007	721	904	16
1.105e+007	652	904	15
1.11e+007	655	904	16
1.115e+007	688	904	16
1.12e+007	749	904	18
1.125e+007	463	904	11
1.13e+007	691	904	16
1.135e+007	747	904	18
1.14e+007	555	904	13
1.145e+007	706	904	16
1.15e+007	750	904	17
1.155e+007	669	904	16
1.16e+007	436	904	10
1.165e+007	596	904	14
1.17e+007	605	904	14
1.175e+007	739	904	17
1.18e+007	519	904	12
1.185e+007	612	904	14
1.19e+007	697	904	16
1.195e+007	730	904	17
1.2e+007	516	904	12
1.205e+007	664	904	15
1.21e+007	670	904	16
1.215e+007	586	904	14
1.22e+007	726	904	17
1.225e+007	673	904	15
1.23e+007	561	904	13
1.235e+007	701	904	17
1.24e+007	606	904	14
1.245e+007	656	904	16
1.25e+007	648	904	15
1.255e+007	785	904	18
1.26e+007	546	904	13
1.265e+007	802	904	19
1.27e+007	678	904	16
1.275e+007	565	904	13
1.28e+007	676	904	16
1.285e+007	660	904	16
1.29e+007	638	904	15
1.295e+007	722	904	17
1.3e+007	577	904	13
1.305e+007	730	904	17
1.31e+007	700	904	16
1.315e+007	590	904	14
1.32e+007	636	904	15
1.325e+007	621	904	14
1.33e+007	706	904	17
1.335e+007	717	904	17
1.34e+007	544	904	13
1.345e+007	685	904	15
1.35e+007	716	904	16
1.355e+007	656	904	14
1.36e+007	813	904	17
1.365e+007	637	904	15
1.37e+007	626	904	15
1.375e+007	720	904	16
1.38e+007	561	904	13
1.385e+007	787	904	18
1.39e+007	711	904	16
1.395e+007	670	904	15
1.4e+007	733	904	17
1.405e+007	651	904	15
1.41e+007	705	904	16
1.415e+007	541	904	13
1.42e+007	789	904	18
1.425e+007	713	904	17
1.43e+007	627	904	14
1.435e+007	609	904	15
1.44e+007	882	904	21
1.445e+007	672	904	15
1.45e+007	608	904	15
1.455e+007	572	904	13
1.46e+007	760	904	19
1.465e+007	610	904	15
1.47e+007	631	904	15
1.475e+007	755	904	17
1.48e+007	557	904	13
1.485e+007	759	904	18
1.49e+007	599	904	15
1.495e+007	685	904	16
1.5e+007	622	904	15
1.505e+007	791	904	18
1.51e+007	629	904	15
1.515e+007	667	904	15
1.52e+007	651	904	15
1.525e+007	707	904	16
1.53e+007	656	904	15
1.535e+007	541	904	13
1.54e+007	736	904	17
1.545e+007	746	904	17
1.55e+007	507	904	12
1.555e+007	601	904	14
1.56e+007	826	904	19
1.565e+007	754	904	17
1.57e+007	657	904	15
1.575e+007	710	904	16
1.58e+007	740	904	17
1.585e+007	553	904	13
1.59e+007	664	904	16
1.595e+007	559	904	13
1.6e+007	695	904	16
1.605e+007	545	904	13
1.61e+007	576	904	13
1.615e+007	727	904	17
1.62e+007	636	904	15
1.625e+007	669	904	15
1.63e+007	532	904	13
1.635e+007	664	904	15
1.64e+007	604	904	14
1.645e+007	835	904	19
1.65e+007	625	904	15
1.655e+007	559	904	13
1.66e+007	607	904	14
1.665e+007	681	904	16
1.67e+007	763	904	18
1.675e+007	585	904	14
1.68e+007	620	904	15
1.685e+007	709	904	17
1.69e+007	639	904	15
1.695e+007	594	904	14
1.7e+007	457	904	11
1.705e+007	843	904	19
1.71e+007	604	904	14
1.715e+007	686	904	16
1.72e+007	770	904	18
1.725e+007	662	904	16
1.73e+007	632	904	15
1.735e+007	707	904	16
1.74e+007	534	904	12
1.745e+007	776	904	18
1.75e+007	666	904	15
1.755e+007	600	904	14
1.76e+007	728	904	16
1.765e+007	736	904	18
1.77e+007	544	904	13
1.775e+007	737	904	17
1.78e+007	764	904	17
1.785e+007	692	904	16
1.79e+007	618	904	14
1.795e+007	547	904	13
1.8e+007	720	904	17
1.805e+007	686	904	16
1.81e+007	638	904	15
1.815e+007	687	904	16
1.82e+007	611	904	14
1.825e+007	646	904	15
1.83e+007	755	904	17
1.835e+007	619	904	15
1.84e+007	690	904	16
1.845e+007	537	904	12
1.85e+007	776	904	18
1.855e+007	808	904	17
1.86e+007	648	904	14
1.865e+007	725	904	17
1.87e+007	664	904	16
1.875e+007	655	904	15
1.88e+007	707	904	17
1.885e+007	640	904	15
1.89e+007	796	904	18
1.895e+007	631	904	15
1.9e+007	759	904	17
1.905e+007	675	904	16
1.91e+007	626	904	15
1.915e+007	612	904	15
1.92e+007	747	904	18
1.925e+007	592	904	14
1.93e+007	731	904	17
1.935e+007	664	904	16
1.94e+007	607	904	14
1.945e+007	673	904	15
1.95e+007	735	904	17
1.955e+007	670	904	16
1.96e+007	650	904	15
1.965e+007	556	904	13
1.97e+007	752	904	17
1.975e+007	547	904	13
1.98e+007	683	904	16
1.985e+007	690	904	16
1.99e+007	617	904	14
1.995e+007	763	904	18
2e+007	620	904	14
2.005e+007	663	904	15
2.01e+007	729	904	16
2.015e+007	607	904	14
2.02e+007	689	904	16
2.025e+007	651	904	16
2.03e+007	696	904	16
2.035e+007	718	904	16
2.04e+007	565	904	13
2.045e+007	720	904	16
2.05e+007	571	904	13
2.055e+007	875	904	21
2.06e+007	522	904	12
2.065e+007	679	904	16
2.07e+007	699	904	16
2.075e+007	577	904	13
2.08e+007	631	904	15
2.085e+007	677	904	16
2.09e+007	728	904	17
2.095e+007	659	904	15
2.1e+007	649	904	15
2.105e+007	759	904	18
2.11e+007	669	904	16
2.115e+007	488	904	11
2.12e+007	731	904	17
2.125e+007	608	904	14
2.13e+007	736	904	17
2.135e+007	558	904	13
2.14e+007	700	904	16
2.145e+007	702	904	16
2.15e+007	622	904	14
2.155e+007	682	904	16
2.16e+007	677	904	15
2.165e+007	708	904	16
2.17e+007	623	904	14
2.175e+007	521	904	12
2.18e+007	649	904	15
2.185e+007	769	904	18
2.19e+007	487	904	12
2.195e+007	612	904	15
2.2e+007	815	904	18
2.205e+007	697	904	16
2.21e+007	734	904	17
2.215e+007	598	904	14
2.22e+007	644	904	15
2.225e+007	632	904	15
2.23e+007	652	904	15
2.235e+007	568	904	13
2.24e+007	862	904	20
2.245e+007	635	904	15
2.25e+007	665	904	15
2.255e+007	640	904	15
2.26e+007	645	904	15
2.265e+007	673	904	16
2.27e+007	621	904	14
2.275e+007	599	904	14
2.28e+007	629	904	15
2.285e+007	572	904	14
2.29e+007	680	904	16
2.295e+007	744	904	18
2.3e+007	727	904	16
2.305e+007	700	904	16
2.31e+007	760	904	18
2.315e+007	657	904	15
2.32e+007	634	904	14
2.325e+007	667	904	15
2.33e+007	741	904	17
2.335e+007	606	904	14
2.34e+007	630	904	15
2.345e+007	722	904	16
2.35e+007	542	904	12
2.355e+007	736	904	16
2.36e+007	772	904	17
2.365e+007	805	904	18
2.37e+007	736	904	17
2.375e+007	712	904	16
2.38e+007	789	904	18
2.385e+007	627	904	14
2.39e+007	654	904	15
2.395e+007	665	904	15
2.4e+007	760	904	17
2.405e+007	805	904	19
2.41e+007	655	904	15
2.415e+007	608	904	14
2.42e+007	542	904	13
2.425e+007	806	904	19
2.43e+007	706	904	16
2.435e+007	699	904	17
2.44e+007	614	904	14
2.445e+007	767	904	18
2.45e+007	643	904	15
2.455e+007	694	904	16
2.46e+007	719	904	16
2.465e+007	711	904	16
2.47e+007	553	904	13
2.475e+007	680	904	16
2.48e+007	716	904	16
2.485e+007	657	904	15
2.49e+007	703	904	16
2.495e+007	832	904	19
2.5e+007	690	904	17
2.505e+007	710	904	17
2.51e+007	675	904	16
2.515e+007	594	904	14
2.52e+007	607	904	14
2.525e+007	629	904	15
2.53e+007	754	904	18
2.535e+007	720	904	17
2.54e+007	567	904	13
2.545e+007	654	904	15
2.55e+007	604	904	14
2.555e+007	720	904	17
2.56e+007	625	904	14
2.565e+007	794	904	18
2.57e+007	712	904	16
2.575e+007	605	904	14
2.58e+007	714	904	17
2.585e+007	530	904	12
2.59e+007	774	904	18
2.595e+007	635	904	15
2.6e+007	718	904	17
2.605e+007	566	904	13
2.61e+007	663	904	15
2.615e+007	605	904	14
2.62e+007	649	904	15
2.625e+007	729	904	17
2.63e+007	695	904	16
2.635e+007	791	904	18
2.64e+007	628	904	14
2.645e+007	635	904	15
2.65e+007	741	904	18
2.655e+007	632	904	14
2.66e+007	630	904	15
2.665e+007	558	904	13
2.67e+007	621	904	15
2.675e+007	654	904	15
2.68e+007	575	904	14
2.685e+007	722	904	17
2.69e+007	637	904	15
2.695e+007	708	904	16
2.7e+007	695	904	17
2.705e+007	802	904	19
2.71e+007	647	904	15
2.715e+007	559	904	13
2.72e+007	733	904	17
2.725e+007	687	904	16
2.73e+007	733	904	17
2.735e+007	811	904	18
2.74e+007	510	904	12
2.745e+007	674	904	15
2.75e+007	556	904	13
2.755e+007	584	904	14
2.76e+007	520	904	12
2.765e+007	569	904	14
2.77e+007	501	904	12
2.775e+007	668	904	16
2.78e+007	652	904	15
2.785e+007	610	904	15
2.79e+007	573	904	13
2.795e+007	678	904	16
2.8e+007	729	904	16
2.805e+007	492	904	11
2.81e+007	665	904	15
2.815e+007	791	904	19
2.82e+007	657	904	15
2.825e+007	592	904	14
2.83e+007	851	904	19
2.835e+007	689	904	16
2.84e+007	602	904	14
2.845e+007	799	904	18
2.85e+007	540	904	12
2.855e+007	911	904	20
2.86e+007	485	904	11
2.865e+007	745	904	16
2.87e+007	677	904	16
2.875e+007	561	904	13
2.88e+007	749	904	18
2.885e+007	775	904	19
2.89e+007	679	904	16
2.895e+007	739	904	17
2.9e+007	555	904	13
2.905e+007	808	904	19
2.91e+007	675	904	16
2.915e+007	666	904	15
2.92e+007	705	904	16
2.925e+007	698	904	17
2.93e+007	653	904	15
2.935e+007	609	904	14
2.94e+007	796	904	19
2.945e+007	746	904	17
2.95e+007	529	904	12
2.955e+007	739	904	17
2.96e+007	519	904	13
2.965e+007	691	904	16
2.97e+007	861	904	20
2.975e+007	470	904	11
2.98e+007	801	904	18
2.985e+007	702	904	16
2.99e+007	607	904	14
2.995e+007	673	904	15
3e+007	782	904	18
3.005e+007	798	904	18
3.01e+007	564	904	13
3.015e+007	628	904	15
3.02e+007	594	904	14
3.025e+007	654	904	15
3.03e+007	687	904	16
3.035e+007	522	904	12
3.04e+007	676	904	16
3.045e+007	736	904	17
3.05e+007	702	904	16
3.055e+007	882	904	20
3.06e+007	624	904	15
3.065e+007	667	904	15
3.07e+007	721	904	17
3.075e+007	658	904	15
3.08e+007	673	904	15
3.085e+007	706	904	17
3.09e+007	764	904	18
3.095e+007	735	904	17
3.1e+007	761	904	18
3.105e+007	551	904	13
3.11e+007	714	904	16
3.115e+007	638	904	15
3.12e+007	610	904	14
3.125e+007	706	904	17
3.13e+007	661	904	16
3.135e+007	526	904	12
3.14e+007	688	904	16
3.145e+007	774	904	18
3.15e+007	706	904	17
3.155e+007	570	904	13
3.16e+007	644	904	15
3.165e+007	747	904	18
3.17e+007	758	904	18
3.175e+007	701	904	17
3.18e+007	593	904	14
3.185e+007	501	904	12
3.19e+007	867	904	20
3.195e+007	478	904	11
3.2e+007	708	904	16
3.205e+007	673	904	16
3.21e+007	670	904	16
3.215e+007	500	904	12
3.22e+007	523	904	12
3.225e+007	886	904	21
3.23e+007	595	904	14
3.235e+007	775	904	18
3.24e+007	626	904	14
3.245e+007	653	904	15
3.25e+007	735	904	17
3.255e+007	498	904	12
3.26e+007	774	904	18
3.265e+007	655	904	15
3.27e+007	594	904	14
3.275e+007	749	904	17
3.28e+007	605	904	14
3.285e+007	684	904	16
3.29e+007	549	904	14
3.295e+007	639	904	15
3.3e+007	773	904	18
3.305e+007	616	904	14
3.31e+007	643	904	15
3.315e+007	713	904	17
3.32e+007	552	904	13
3.325e+007	623	904	15
3.33e+007	701	904	16
3.335e+007	677	904	16
3.34e+007	547	904	13
3.345e+007	627	904	15
3.35e+007	763	904	17
3.355e+007	726	904	15
3.36e+007	648	904	15
3.365e+007	780	904	16
3.37e+007	564	904	13
3.375e+007	823	904	19
3.38e+007	626	904	15
3.385e+007	561	904	13
3.39e+007	735	904	17
3.395e+007	626	904	15
3.4e+007	604	904	14
3.405e+007	690	904	16
3.41e+007	731	904	17
3.415e+007	619	904	15
3.42e+007	696	904	16
3.425e+007	788	904	19
3.43e+007	487	904	11
3.435e+007	615	904	15
3.44e+007	641	904	15
3.445e+007	537	904	13
3.45e+007	648	904	15
3.455e+007	618	904	15
3.46e+007	628	904	14
3.465e+007	846	904	19
3.47e+007	495	904	12
3.475e+007	657	904	15
3.48e+007	608	904	14
3.485e+007	542	904	13
3.49e+007	815	904	19
3.495e+007	643	904	15
3.5e+007	674	904	16
3.505e+007	492	904	11
3.51e+007	846	904	19
3.515e+007	590	904	14
3.52e+007	624	904	14
3.525e+007	722	904	16
3.53e+007	587	904	14
3.535e+007	666	904	15
3.54e+007	484	904	12
3.545e+007	543	904	13
3.55e+007	826	904	19
3.555e+007	493	904	12
3.56e+007	729	904	17
3.565e+007	632	904	15
3.57e+007	608	904	14
3.575e+007	662	904	15
3.58e+007	699	904	16
3.585e+007	721	904	17
3.59e+007	592	904	14
3.595e+007	629	904	15
3.6e+007	621	904	14
3.605e+007	612	904	14
3.61e+007	555	904	13
3.615e+007	760	904	18
3.62e+007	638	904	15
3.625e+007	710	904	17
3.63e+007	675	904	16
3.635e+007	727	904	17
3.64e+007	754	904	17
3.645e+007	563	904	13
3.65e+007	640	904	15
3.655e+007	919	904	21
3.66e+007	524	904	12
3.665e+007	756	904	17
3.67e+007	636	904	15
3.675e+007	625	904	15
3.68e+007	627	904	15
3.685e+007	628	904	15
3.69e+007	718	904	16
3.695e+007	652	904	16
3.7e+007	591	904	14
3.705e+007	603	904	14
3.71e+007	874	904	20
3.715e+007	699	904	16
3.72e+007	685	904	16
3.725e+007	658	904	16
3.73e+007	597	904	14
3.735e+007	520	904	13
3.74e+007	695	904	16
3.745e+007	696	904	16
3.75e+007	580	904	14
3.755e+007	692	904	16
3.76e+007	502	904	12
3.765e+007	654	904	15
3.77e+007	750	904	17
3.775e+007	589	904	13
3.78e+007	622	904	15
3.785e+007	606	904	14
3.79e+007	757	904	18
3.795e+007	625	904	14
3.8e+007	548	904	13
3.805e+007	712	904	17
3.81e+007	623	904	15
3.815e+007	633	904	15
3.82e+007	724	904	17
3.825e+007	612	904	14
3.83e+007	636	904	15
3.835e+007	637	904	15
3.84e+007	638	904	15
3.845e+007	781	904	19
3.85e+007	521	904	12
3.855e+007	682	904	15
3.86e+007	827	904	18
3.865e+007	582	904	12
3.87e+007	756	904	17
3.875e+007	600	904	14
3.88e+007	732	904	17
3.885e+007	731	904	16
3.89e+007	718	904	17
3.895e+007	552	904	13
3.9e+007	665	904	16
3.905e+007	623	904	14
3.91e+007	631	904	15
3.915e+007	727	904	17
3.92e+007	739	904	17
3.925e+007	564	904	13
3.93e+007	552	904	13
3.935e+007	719	904	17
3.94e+007	614	904	14
3.945e+007	691	904	16
3.95e+007	738	904	17
3.955e+007	559	904	13
3.96e+007	686	904	16
3.965e+007	571	904	13
3.97e+007	708	904	16
3.975e+007	683	904	16
3.98e+007	527	904	12
3.985e+007	725	904	17
3.99e+007	526	904	13
3.995e+007	723	904	17
4e+007	631	904	15
4.005e+007	646	904	15
4.01e+007	693	904	16
4.015e+007	523	904	12
4.02e+007	690	904	16
4.025e+007	682	904	16
4.03e+007	707	904	17
4.035e+007	640	904	15
4.04e+007	608	904	14
4.045e+007	799	904	19
4.05e+007	583	904	14
4.055e+007	724	904	17
4.06e+007	726	904	17
4.065e+007	683	904	16
4.07e+007	647	904	15
4.075e+007	718	904	16
4.08e+007	583	904	14
4.085e+007	844	904	19
4.09e+007	700	904	16
4.095e+007	567	904	13
4.1e+007	701	904	16
4.105e+007	639	904	15
4.11e+007	868	904	19
4.115e+007	709	904	16
4.12e+007	592	904	14
4.125e+007	580	904	14
4.13e+007	768	904	18
4.135e+007	524	904	12
4.14e+007	696	904	16
4.145e+007	655	904	16
4.15e+007	580	904	14
4.155e+007	699	904	17
4.16e+007	610	904	14
4.165e+007	555	904	13
4.17e+007	681	904	16
4.175e+007	781	904	18
4.18e+007	645	904	16
4.185e+007	750	904	18
4.19e+007	760	904	17
4.195e+007	697	904	17
4.2e+007	705	904	16
4.205e+007	683	904	16
4.21e+007	562	904	14
4.215e+007	661	904	15
4.22e+007	619	904	15
4.225e+007	960	904	22
4.23e+007	585	904	13
4.235e+007	620	904	14
4.24e+007	685	904	16
4.245e+007	600	904	14
4.25e+007	640	904	15
4.255e+007	780	904	18
4.26e+007	520	904	12
4.265e+007	740	904	17
4.27e+007	745	904	17
4.275e+007	431	904	10
4.28e+007	687	904	16
4.285e+007	782	904	18
4.29e+007	635	904	15
4.295e+007	583	904	13
4.3e+007	659	904	15
4.305e+007	785	904	18
4.31e+007	642	904	15
4.315e+007	710	904	17
4.32e+007	596	904	14
4.325e+007	632	904	15
4.33e+007	884	904	20
4.335e+007	586	904	14
4.34e+007	726	904	17
4.345e+007	694	904	16
4.35e+007	599	904	14
4.355e+007	581	904	13
4.36e+007	725	904	16
4.365e+007	607	904	12
4.37e+007	669	904	15
4.375e+007	651	904	14
4.38e+007	763	904	18
4.385e+007	680	904	15
4.39e+007	740	904	17
4.395e+007	498	904	12
4.4e+007	740	904	17
4.405e+007	715	904	16
4.41e+007	643	904	15
4.415e+007	795	904	18
4.42e+007	616	904	15
4.425e+007	682	904	16
4.43e+007	646	904	15
4.435e+007	615	904	15
4.44e+007	588	904	14
4.445e+007	635	904	15
4.45e+007	696	904	17
4.455e+007	660	904	15
4.46e+007	578	904	14
4.465e+007	708	904	17
4.47e+007	611	904	14
4.475e+007	634	904	15
4.48e+007	829	904	19
4.485e+007	614	904	14
4.49e+007	740	904	17
4.495e+007	697	904	16
4.5e+007	763	904	18
4.505e+007	746	904	17
4.51e+007	612	904	14
4.515e+007	668	904	16
4.52e+007	578	904	14
4.525e+007	704	904	17
4.53e+007	647	904	15
4.535e+007	645	904	15
4.54e+007	674	904	16
4.545e+007	745	904	17
4.55e+007	509	904	12
4.555e+007	744	904	17
4.56e+007	663	904	16
4.565e+007	799	904	18
4.57e+007	724	904	17
4.575e+007	564	904	13
4.58e+007	692	904	16
4.585e+007	601	904	14
4.59e+007	696	904	16
4.595e+007	726	904	17
4.6e+007	612	904	14
4.605e+007	681	904	16
4.61e+007	633	904	15
4.615e+007	565	904	13
4.62e+007	743	904	17
4.625e+007	737	904	17
4.63e+007	593	904	14
4.635e+007	781	904	18
4.64e+007	636	904	15
4.645e+007	643	904	15
4.65e+007	583	904	14
4.655e+007	722	904	17
4.66e+007	717	904	17
4.665e+007	674	904	16
4.67e+007	643	904	15
4.675e+007	800	904	18
4.68e+007	703	904	16
4.685e+007	556	904	13
4.69e+007	710	904	17
4.695e+007	835	904	19
4.7e+007	678	904	16
4.705e+007	690	904	16
4.71e+007	649	904	15
4.715e+007	807	904	19
4.72e+007	646	904	15
4.725e+007	740	904	17
4.73e+007	590	904	14
4.735e+007	660	904	15
4.74e+007	641	904	15
4.745e+007	645	904	15
4.75e+007	711	904	17
4.755e+007	609	904	15
4.76e+007	705	904	16
4.765e+007	662	904	15
4.77e+007	628	904	14
4.775e+007	571	904	14
4.78e+007	709	904	16
4.785e+007	739	904	17
4.79e+007	760	904	18
4.795e+007	610	904	15
4.8e+007	667	904	16
4.805e+007	640	904	15
4.81e+007	628	904	14
4.815e+007	671	904	15
4.82e+007	759	904	17
4.825e+007	504	904	12
4.83e+007	832	904	19
4.835e+007	507	904	13
4.84e+007	706	904	16
4.845e+007	696	904	16
4.85e+007	697	904	16
4.855e+007	706	904	16
4.86e+007	653	904	14
4.865e+007	686	904	15
4.87e+007	812	904	17
4.875e+007	696	904	16
4.88e+007	608	904	14
4.885e+007	614	904	14
4.89e+007	641	904	15
4.895e+007	634	904	15
4.9e+007	702	904	16
4.905e+007	642	904	15
4.91e+007	759	904	17
4.915e+007	547	904	13
4.92e+007	640	904	15
4.925e+007	635	904	15
4.93e+007	671	904	15
4.935e+007	663	904	16
4.94e+007	711	904	17
4.945e+007	677	904	15
4.95e+007	693	904	16
4.955e+007	723	904	16
4.96e+007	525	904	12
4.965e+007	584	904	14
4.97e+007	560	904	13
4.975e+007	636	904	15
4.98e+007	745	904	17
4.985e+007	534	904	13
4.99e+007	697	904	16
4.995e+007	633	904	15
5e+007	716	904	16
5.005e+007	639	904	15
5.01e+007	627	904	15
5.015e+007	629	904	15
5.02e+007	517	904	12
5.025e+007	590	904	14
5.03e+007	715	904	16
5.035e+007	609	904	14
5.04e+007	628	904	15
5.045e+007	608	904	14
5.05e+007	691	904	16
5.055e+007	565	904	13
5.06e+007	767	904	17
5.065e+007	663	904	15
5.07e+007	473	904	11
5.075e+007	734	904	17
5.08e+007	673	904	16
5.085e+007	673	904	16
5.09e+007	577	904	13
5.095e+007	737	904	17
5.1e+007	844	904	20
5.105e+007	509	904	12
5.11e+007	655	904	16
5.115e+007	618	904	15
5.12e+007	610	904	14
5.125e+007	642	904	15
5.13e+007	755	904	17
5.135e+007	603	904	14
5.14e+007	622	904	15
5.145e+007	600	904	14
5.15e+007	620	904	15
5.155e+007	786	904	18
5.16e+007	598	904	14
5.165e+007	608	904	14
5.17e+007	695	904	16
5.175e+007	738	904	17
5.18e+007	558	904	14
5.185e+007	556	904	13
5.19e+007	621	904	15
5.195e+007	653	904	16
5.2e+007	724	904	17
5.205e+007	794	904	18
5.21e+007	693	904	16
5.215e+007	655	904	16
5.22e+007	599	904	14
5.225e+007	548	904	13
5.23e+007	735	904	17
5.235e+007	705	904	16
5.24e+007	766	904	18
5.245e+007	595	904	14
5.25e+007	751	904	17
5.255e+007	776	904	18
5.26e+007	616	904	15
5.265e+007	689	904	16
5.27e+007	660	904	15
5.275e+007	670	904	16
5.28e+007	622	904	14
5.285e+007	635	904	15
5.29e+007	740	904	17
5.295e+007	743	904	17
5.3e+007	522	904	12
5.305e+007	718	904	17
5.31e+007	550	904	13
5.315e+007	609	904	14
5.32e+007	761	904	17
5.325e+007	863	904	20
5.33e+007	558	904	13
5.335e+007	622	904	15
5.34e+007	597	904	14
5.345e+007	553	904	13
5.35e+007	651	904	15
5.355e+007	716	904	16
5.36e+007	814	904	18
5.365e+007	662	904	15
5.37e+007	791	904	15
5.375e+007	527	904	12
5.38e+007	673	904	15
5.385e+007	590	904	14
5.39e+007	841	904	19
5.395e+007	545	904	13
5.4e+007	659	904	16
5.405e+007	541	904	13
5.41e+007	770	904	18
5.415e+007	628	904	14
5.42e+007	616	904	14
5.425e+007	863	904	20
5.43e+007	640	904	15
5.435e+007	684	904	16
5.44e+007	553	904	13
5.445e+007	737	904	17
5.45e+007	691	904	16
5.455e+007	790	904	19
5.46e+007	539	904	13
5.465e+007	815	904	19
5.47e+007	624	904	14
5.475e+007	636	904	15
5.48e+007	658	904	15
5.485e+007	664	904	16
5.49e+007	605	904	14
5.495e+007	539	904	13
5.5e+007	509	904	12
5.505e+007	734	904	18
5.51e+007	503	904	12
5.515e+007	910	904	21
5.52e+007	635	904	15
5.525e+007	585	904	14
5.53e+007	843	904	19
5.535e+007	577	904	13
5.54e+007	622	904	15
5.545e+007	725	904	17
5.55e+007	574	904	14
5.555e+007	589	904	14
5.56e+007	640	904	15
5.565e+007	529	904	13
5.57e+007	559	904	13
5.575e+007	607	904	14
5.58e+007	664	904	16
5.585e+007	541	904	13
5.59e+007	823	904	19
5.595e+007	576	904	13
5.6e+007	691	904	16
5.605e+007	650	904	15
5.61e+007	511	904	12
5.615e+007	735	904	17
5.62e+007	785	904	18
5.625e+007	625	904	15
5.63e+007	696	904	16
5.635e+007	652	904	15
5.64e+007	575	904	14
5.645e+007	720	904	17
5.65e+007	556	904	13
5.655e+007	594	904	14
5.66e+007	619	904	14
5.665e+007	530	904	13
5.67e+007	732	904	16
5.675e+007	834	904	19
5.68e+007	699	904	16
5.685e+007	562	904	13
5.69e+007	797	904	18
5.695e+007	437	904	11
5.7e+007	752	904	17
5.705e+007	677	904	16
5.71e+007	646	904	15
5.715e+007	667	904	16
5.72e+007	580	904	14
5.725e+007	678	904	16
5.73e+007	730	904	17
5.735e+007	625	904	15
5.74e+007	573	904	14
5.745e+007	757	904	18
5.75e+007	562	904	13
5.755e+007	732	904	18
5.76e+007	636	904	15
5.765e+007	607	904	14
5.77e+007	600	904	14
5.775e+007	687	904	16
5.78e+007	747	904	17
5.785e+007	649	904	16
5.79e+007	699	904	16
5.795e+007	664	904	15
5.8e+007	724	904	17
5.805e+007	605	904	14
5.81e+007	603	904	14
5.815e+007	687	904	16
5.82e+007	636	904	15
5.825e+007	640	904	15
5.83e+007	675	904	16
5.835e+007	669	904	16
5.84e+007	753	904	18
5.845e+007	673	904	16
5.85e+007	584	904	14
5.855e+007	578	904	14
5.86e+007	603	904	14
5.865e+007	755	904	17
5.87e+007	854	904	18
5.875e+007	696	904	15
5.88e+007	739	904	17
5.885e+007	586	904	13
5.89e+007	708	904	17
5.895e+007	548	904	13
5.9e+007	626	904	15
5.905e+007	635	904	15
5.91e+007	628	904	14
5.915e+007	621	904	15
5.92e+007	660	904	15
5.925e+007	692	904	17
5.93e+007	791	904	18
5.935e+007	570	904	13
5.94e+007	659	904	16
5.945e+007	712	904	16
5.95e+007	640	904	15
5.955e+007	740	904	17
5.96e+007	784	904	18
5.965e+007	605	904	14
5.97e+007	573	904	13
5.975e+007	672	904	16
5.98e+007	649	904	15
5.985e+007	564	904	13
5.99e+007	669	904	15
5.995e+007	697	904	16
6e+007	643	904	15
6.005e+007	615	904	15
6.01e+007	703	904	16
6.015e+007	639	904	15
6.02e+007	700	904	16
6.025e+007	553	904	13
6.03e+007	758	904	18
6.035e+007	621	904	14
6.04e+007	632	904	15
6.045e+007	683	904	16
6.05e+007	674	904	16
6.055e+007	698	904	16
6.06e+007	660	904	15
6.065e+007	814	904	19
6.07e+007	516	904	12
6.075e+007	536	904	13
6.08e+007	633	904	15
6.085e+007	709	904	16
6.09e+007	784	904	18
6.095e+007	644	904	15
6.1e+007	766	904	18
6.105e+007	594	904	14
6.11e+007	706	904	16
6.115e+007	716	904	17
6.12e+007	680	904	16
6.125e+007	578	904	14
6.13e+007	854	904	20
6.135e+007	571	904	13
6.14e+007	670	904	15
6.145e+007	572	904	13
6.15e+007	632	904	15
6.155e+007	588	904	13
6.16e+007	798	904	18
6.165e+007	593	904	15
6.17e+007	628	904	15
6.175e+007	753	904	18
6.18e+007	654	904	15
6.185e+007	717	904	16
6.19e+007	669	904	16
6.195e+007	688	904	16
6.2e+007	553	904	13
6.205e+007	811	904	18
6.21e+007	504	904	12
6.215e+007	843	904	19
6.22e+007	582	904	14
6.225e+007	585	904	14
6.23e+007	733	904	17
6.235e+007	599	904	14
6.24e+007	664	904	15
6.245e+007	630	904	14
6.25e+007	706	904	16
6.255e+007	558	904	13
6.26e+007	725	904	17
6.265e+007	640	904	15
6.27e+007	651	904	15
6.275e+007	590	904	14
6.28e+007	538	904	13
6.285e+007	789	904	18
6.29e+007	654	904	15
6.295e+007	564	904	13
6.3e+007	581	904	14
6.305e+007	551	904	13
6.31e+007	856	904	19
6.315e+007	513	904	12
6.32e+007	702	904	16
6.325e+007	585	904	14
6.33e+007	647	904	15
6.335e+007	696	904	16
6.34e+007	541	904	13
6.345e+007	696	904	16
6.35e+007	540	904	13
6.355e+007	669	904	16
6.36e+007	670	904	15
6.365e+007	795	904	18
6.37e+007	704	904	15
6.375e+007	746	904	17
6.38e+007	648	904	15
6.385e+007	801	904	18
6.39e+007	661	904	15
6.395e+007	553	904	13
6.4e+007	600	904	14
6.405e+007	627	904	15
6.41e+007	801	904	19
6.415e+007	804	904	18
6.42e+007	539	904	13
6.425e+007	774	904	18
6.43e+007	469	904	11
6.435e+007	658	904	17
6.44e+007	637	904	15
6.445e+007	689	904	16
6.45e+007	659	904	16
6.455e+007	714	904	16
6.46e+007	651	904	15
6.465e+007	773	904	17
6.47e+007	757	904	18
6.475e+007	555	904	13
6.48e+007	634	904	15
6.485e+007	663	904	15
6.49e+007	665	904	16
6.495e+007	629	904	15
6.5e+007	635	904	15
6.505e+007	601	904	14
6.51e+007	503	904	12
6.515e+007	605	904	15
6.52e+007	628	904	15
6.525e+007	585	904	14
6.53e+007	615	904	15
6.535e+007	688	904	17
6.54e+007	575	904	13
6.545e+007	713	904	17
6.55e+007	687	904	16
6.555e+007	511	904	12
6.56e+007	710	904	17
6.565e+007	621	904	14
6.57e+007	698	904	16
6.575e+007	854	904	19
6.58e+007	679	904	16
6.585e+007	595	904	15
6.59e+007	625	904	14
6.595e+007	603	904	14
6.6e+007	699	904	16
6.605e+007	812	904	19
6.61e+007	643	904	15
6.615e+007	691	904	16
6.62e+007	683	904	16
6.625e+007	699	904	16
6.63e+007	565	904	13
6.635e+007	649	904	15
6.64e+007	678	904	16
6.645e+007	650	904	15
6.65e+007	743	904	17
6.655e+007	646	904	15
6.66e+007	717	904	18
6.665e+007	639	904	15
6.67e+007	677	904	16
6.675e+007	546	904	13
6.68e+007	728	904	17
6.685e+007	741	904	17
6.69e+007	723	904	17
6.695e+007	650	904	15
6.7e+007	526	904	12
6.705e+007	690	904	16
6.71e+007	583	904	14
6.715e+007	758	904	17
6.72e+007	714	904	17
6.725e+007	620	904	15
6.73e+007	642	904	15
6.735e+007	771	904	18
6.74e+007	617	904	15
6.745e+007	569	904	14
6.75e+007	701	904	17
6.755e+007	621	904	15
6.76e+007	651	904	15
6.765e+007	685	904	16
6.77e+007	570	904	13
6.775e+007	738	904	17
6.78e+007	621	904	14
6.785e+007	603	904	14
6.79e+007	799	904	18
6.795e+007	666	904	15
6.8e+007	617	904	14
6.805e+007	696	904	16
6.81e+007	737	904	17
6.815e+007	801	904	19
6.82e+007	626	904	15
6.825e+007	660	904	15
6.83e+007	692	904	16
6.835e+007	639	904	15
6.84e+007	826	904	19
6.845e+007	614	904	15
6.85e+007	606	904	14
6.855e+007	642	904	15
6.86e+007	817	904	20
6.865e+007	514	904	11
6.87e+007	712	904	15
6.875e+007	726	904	16
6.88e+007	704	904	15
6.885e+007	769	904	17
6.89e+007	666	904	15
6.895e+007	621	904	14
6.9e+007	755	904	17
6.905e+007	687	904	16
6.91e+007	599	904	14
6.915e+007	820	904	18
6.92e+007	545	904	13
6.925e+007	673	904	16
6.93e+007	533	904	13
6.935e+007	766	904	18
6.94e+007	608	904	14
6.945e+007	711	904	16
6.95e+007	589	904	14
6.955e+007	558	904	13
6.96e+007	580	904	13
6.965e+007	704	904	16
6.97e+007	623	904	14
6.975e+007	759	904	18
6.98e+007	594	904	14
6.985e+007	600	904	14
6.99e+007	641	904	15
6.995e+007	586	904	14
7e+007	735	904	17
7.005e+007	760	904	17
7.01e+007	677	904	16
7.015e+007	736	904	17
7.02e+007	841	904	19
7.025e+007	694	904	16
7.03e+007	630	904	15
7.035e+007	720	904	17
7.04e+007	664	904	15
7.045e+007	733	904	17
7.05e+007	647	904	15
7.055e+007	679	904	16
7.06e+007	689	904	16
7.065e+007	760	904	18
7.07e+007	523	904	12
7.075e+007	663	904	16
7.08e+007	655	904	16
7.085e+007	673	904	16
7.09e+007	710	904	16
7.095e+007	819	904	19
7.1e+007	736	904	17
7.105e+007	691	904	17
7.11e+007	552	904	13
7.115e+007	775	904	18
7.12e+007	548	904	13
7.125e+007	638	904	15
7.13e+007	618	904	14
7.135e+007	592	904	14
7.14e+007	604	904	14
7.145e+007	671	904	16
7.15e+007	565	904	13
7.155e+007	712	904	16
7.16e+007	678	904	16
7.165e+007	588	904	14
7.17e+007	745	904	17
7.175e+007	603	904	15
7.18e+007	787	904	18
7.185e+007	669	904	16
7.19e+007	700	904	16
7.195e+007	654	904	15
7.2e+007	642	904	15
7.205e+007	533	904	13
7.21e+007	697	904	16
7.215e+007	636	904	15
7.22e+007	654	904	15
7.225e+007	794	904	18
7.23e+007	551	904	13
7.235e+007	691	904	16
7.24e+007	602	904	14
7.245e+007	615	904	14
7.25e+007	788	904	18
7.255e+007	685	904	16
7.26e+007	733	904	18
7.265e+007	534	904	12
7.27e+007	777	904	18
7.275e+007	485	904	12
7.28e+007	611	904	14
7.285e+007	758	904	17
7.29e+007	525	904	13
7.295e+007	693	904	16
7.3e+007	654	904	16
7.305e+007	657	904	15
7.31e+007	599	904	14
7.315e+007	750	904	17
7.32e+007	618	904	15
7.325e+007	695	904	16
7.33e+007	699	904	16
7.335e+007	611	904	15
7.34e+007	704	904	16
7.345e+007	713	904	17
7.35e+007	717	904	17
7.355e+007	827	904	19
7.36e+007	486	904	12
7.365e+007	534	904	13
7.37e+007	826	904	19
7.375e+007	582	904	12
7.38e+007	817	904	18
7.385e+007	626	904	14
7.39e+007	539	904	13
7.395e+007	719	904	16
7.4e+007	763	904	18
7.405e+007	600	904	14
7.41e+007	685	904	15
7.415e+007	648	904	15
7.42e+007	679	904	16
7.425e+007	602	904	14
7.43e+007	796	904	18
7.435e+007	565	904	13
7.44e+007	576	904	14
7.445e+007	564	904	13
7.45e+007	681	904	16
7.455e+007	642	904	15
7.46e+007	601	904	14
7.465e+007	654	904	15
7.47e+007	574	904	13
7.475e+007	841	904	20
7.48e+007	553	904	13
7.485e+007	707	904	16
7.49e+007	663	904	15
7.495e+007	671	904	15
7.5e+007	455	904	11
7.505e+007	727	904	17
7.51e+007	658	904	15
7.515e+007	599	904	14
7.52e+007	691	904	16
7.525e+007	638	904	15
7.53e+007	838	904	19
7.535e+007	546	904	13
7.54e+007	577	904	14
7.545e+007	726	904	17
7.55e+007	628	904	15
7.555e+007	624	904	14
7.56e+007	566	904	14
7.565e+007	684	904	16
7.57e+007	721	904	16
7.575e+007	490	904	12
7.58e+007	778	904	18
7.585e+007	639	904	15
7.59e+007	711	904	17
7.595e+007	495	904	12
7.6e+007	622	904	15
7.605e+007	789	904	18
7.61e+007	544	904	13
7.615e+007	608	904	14
7.62e+007	706	904	16
7.625e+007	606	904	14
7.63e+007	804	904	19
7.635e+007	527	904	12
7.64e+007	732	904	17
7.645e+007	650	904	15
7.65e+007	605	904	14
7.655e+007	639	904	15
7.66e+007	636	904	14
7.665e+007	501	904	12
7.67e+007	675	904	16
7.675e+007	721	904	17
7.68e+007	728	904	17
7.685e+007	638	904	14
7.69e+007	621	904	15
7.695e+007	641	904	15
7.7e+007	729	904	17
7.705e+007	541	904	12
7.71e+007	822	904	19
7.715e+007	737	904	17
7.72e+007	615	904	15
7.725e+007	594	904	14
7.73e+007	657	904	15
7.735e+007	704	904	16
7.74e+007	732	904	17
7.745e+007	639	904	15
7.75e+007	701	904	16
7.755e+007	642	904	15
7.76e+007	639	904	15
7.765e+007	739	904	17
7.77e+007	617	904	14
7.775e+007	755	904	18
7.78e+007	561	904	13
7.785e+007	646	904	15
7.79e+007	758	904	18
7.795e+007	569	904	14
7.8e+007	547	904	13
7.805e+007	718	904	17
7.81e+007	566	904	13
7.815e+007	740	904	17
7.82e+007	633	904	15
7.825e+007	661	904	15
7.83e+007	692	904	16
7.835e+007	573	904	14
7.84e+007	667	904	16
7.845e+007	498	904	12
7.85e+007	631	904	15
7.855e+007	621	904	15
7.86e+007	663	904	16
7.865e+007	767	904	18
7.87e+007	657	904	15
7.875e+007	637	904	14
7.88e+007	713	904	15
7.885e+007	624	904	14
7.89e+007	604	904	13
7.895e+007	844	904	19
7.9e+007	611	904	14
7.905e+007	635	904	15
7.91e+007	602	904	14
7.915e+007	595	904	14
7.92e+007	704	904	17
7.925e+007	653	904	16
7.93e+007	763	904	17
7.935e+007	546	904	13
7.94e+007	607	904	14
7.945e+007	725	904	17
7.95e+007	469	904	11
7.955e+007	658	904	15
7.96e+007	797	904	18
7.965e+007	734	904	17
7.97e+007	792	904	18
7.975e+007	565	904	13
7.98e+007	864	904	20
7.985e+007	664	904	16
7.99e+007	727	904	17
7.995e+007	561	904	14
8e+007	697	904	16
8.005e+007	707	904	17
8.01e+007	550	904	14
8.015e+007	698	904	17
8.02e+007	643	904	15
8.025e+007	581	904	13
8.03e+007	847	904	20
8.035e+007	571	904	13
8.04e+007	564	904	13
8.045e+007	646	904	15
8.05e+007	795	904	19
8.055e+007	610	904	14
8.06e+007	741	904	17
8.065e+007	600	904	14
8.07e+007	751	904	17
8.075e+007	680	904	15
8.08e+007	645	904	16
8.085e+007	595	904	14
8.09e+007	634	904	16
8.095e+007	729	904	17
8.1e+007	510	904	13
8.105e+007	774	904	18
8.11e+007	653	904	16
8.115e+007	588	904	14
8.12e+007	610	904	14
8.125e+007	666	904	16
8.13e+007	501	904	12
8.135e+007	616	904	14
8.14e+007	761	904	18
8.145e+007	562	904	13
8.15e+007	671	904	16
8.155e+007	684	904	16
8.16e+007	632	904	15
8.165e+007	627	904	15
8.17e+007	742	904	17
8.175e+007	686	904	16
8.18e+007	529	904	13
8.185e+007	759	904	18
8.19e+007	609	904	14
8.195e+007	684	904	16
8.2e+007	696	904	16
8.205e+007	642	904	15
8.21e+007	520	904	12
8.215e+007	748	904	17
8.22e+007	686	904	16
8.225e+007	626	904	15
8.23e+007	690	904	16
8.235e+007	691	904	16
8.24e+007	679	904	16
8.245e+007	619	904	15
8.25e+007	739	904	17
8.255e+007	546	904	13
8.26e+007	776	904	18
8.265e+007	598	904	13
8.27e+007	616	904	14
8.275e+007	824	904	19
8.28e+007	635	904	15
8.285e+007	693	904	17
8.29e+007	627	904	15
8.295e+007	648	904	15
8.3e+007	541	904	13
8.305e+007	545	904	13
8.31e+007	690	904	16
8.315e+007	762	904	18
8.32e+007	577	904	13
8.325e+007	640	904	15
8.33e+007	599	904	14
8.335e+007	627	904	15
8.34e+007	728	904	17
8.345e+007	653	904	15
8.35e+007	566	904	13
8.355e+007	796	904	18
8.36e+007	657	904	15
8.365e+007	633	904	15
8.37e+007	703	904	15
8.375e+007	669	904	16
8.38e+007	760	904	16
8.385e+007	685	904	16
8.39e+007	598	904	14
8.395e+007	704	904	16
8.4e+007	714	904	16
8.405e+007	661	904	15
8.41e+007	740	904	17
8.415e+007	632	904	15
8.42e+007	535	904	13
8.425e+007	606	904	14
8.43e+007	909	904	21
8.435e+007	672	904	16
8.44e+007	589	904	14
8.445e+007	564	904	13
8.45e+007	716	904	16
8.455e+007	785	904	19
8.46e+007	745	904	17
8.465e+007	651	904	16
8.47e+007	679	904	16
8.475e+007	861	904	19
8.48e+007	620	904	14
8.485e+007	777	904	18
8.49e+007	556	904	13
8.495e+007	737	904	17
8.5e+007	616	904	14
8.505e+007	714	904	17
8.51e+007	722	904	17
8.515e+007	592	904	14
8.52e+007	671	904	16
8.525e+007	734	904	17
8.53e+007	597	904	14
8.535e+007	599	904	14
8.54e+007	646	904	15
8.545e+007	857	904	20
8.55e+007	678	904	16
8.555e+007	507	904	12
8.56e+007	592	904	14
8.565e+007	765	904	18
8.57e+007	537	904	13
8.575e+007	853	904	20
8.58e+007	520	904	13
8.585e+007	815	904	19
8.59e+007	643	904	15
8.595e+007	611	904	14
8.6e+007	648	904	15
8.605e+007	662	904	15
8.61e+007	639	904	15
8.615e+007	682	904	15
8.62e+007	702	904	17
8.625e+007	621	904	14
8.63e+007	649	904	15
8.635e+007	699	904	16
8.64e+007	507	904	12
8.645e+007	654	904	15
8.65e+007	613	904	14
8.655e+007	793	904	18
8.66e+007	592	904	14
8.665e+007	596	904	14
8.67e+007	585	904	14
8.675e+007	639	904	15
8.68e+007	796	904	18
8.685e+007	677	904	16
8.69e+007	658	904	15
8.695e+007	533	904	12
8.7e+007	567	904	13
8.705e+007	760	904	18
8.71e+007	560	904	13
8.715e+007	697	904	16
8.72e+007	697	904	16
8.725e+007	641	904	15
8.73e+007	650	904	15
8.735e+007	599	904	14
8.74e+007	675	904	16
8.745e+007	656	904	15
8.75e+007	650	904	15
8.755e+007	576	904	13
8.76e+007	765	904	18
8.765e+007	587	904	14
8.77e+007	724	904	17
8.775e+007	613	904	14
8.78e+007	770	904	18
8.785e+007	700	904	16
8.79e+007	722	904	17
8.795e+007	781	904	18
8.8e+007	581	904	14
8.805e+007	649	904	15
8.81e+007	679	904	16
8.815e+007	769	904	17
8.82e+007	712	904	17
8.825e+007	580	904	13
8.83e+007	795	904	18
8.835e+007	680	904	16
8.84e+007	739	904	17
8.845e+007	611	904	14
8.85e+007	753	904	17
8.855e+007	602	904	14
8.86e+007	583	904	13
8.865e+007	783	904	18
8.87e+007	682	904	15
8.875e+007	730	904	17
8.88e+007	878	904	19
8.885e+007	766	904	16
8.89e+007	674	904	15
8.895e+007	665	904	15
8.9e+007	644	904	15
8.905e+007	542	904	13
8.91e+007	649	904	15
8.915e+007	671	904	16
8.92e+007	618	904	15
8.925e+007	587	904	14
8.93e+007	712	904	16
8.935e+007	591	904	14
8.94e+007	727	904	17
8.945e+007	614	904	14
8.95e+007	600	904	14
8.955e+007	608	904	14
8.96e+007	763	904	19
8.965e+007	625	904	14
8.97e+007	632	904	15
8.975e+007	699	904	16
8.98e+007	756	904	18
8.985e+007	690	904	16
8.99e+007	689	904	16
8.995e+007	605	904	14
9e+007	661	904	15
9.005e+007	715	904	16
9.01e+007	787	904	18
9.015e+007	649	904	15
9.02e+007	684	904	16
9.025e+007	754	904	18
9.03e+007	711	904	17
9.035e+007	595	904	14
9.04e+007	788	904	18
9.045e+007	592	904	14
9.05e+007	679	904	16
9.055e+007	572	904	14
9.06e+007	527	904	13
9.065e+007	646	904	15
9.07e+007	596	904	14
9.075e+007	627	904	15
9.08e+007	666	904	16
9.085e+007	682	904	16
9.09e+007	615	904	14
9.095e+007	858	904	19
9.1e+007	572	904	13
9.105e+007	468	904	11
9.11e+007	778	904	18
9.115e+007	640	904	15
9.12e+007	683	904	15
9.125e+007	739	904	17
9.13e+007	702	904	16
9.135e+007	649	904	15
9.14e+007	700	904	16
9.145e+007	660	904	16
9.15e+007	729	904	17
9.155e+007	505	904	12
9.16e+007	786	904	18
9.165e+007	706	904	16
9.17e+007	526	904	12
9.175e+007	616	904	14
9.18e+007	799	904	19
9.185e+007	721	904	17
9.19e+007	590	904	14
9.195e+007	557	904	14
9.2e+007	724	904	17
9.205e+007	516	904	12
9.21e+007	569	904	13
9.215e+007	695	904	16
9.22e+007	660	904	15
9.225e+007	593	904	13
9.23e+007	754	904	17
9.235e+007	695	904	16
9.24e+007	710	904	16
9.245e+007	803	904	19
9.25e+007	483	904	11
9.255e+007	579	904	14
9.26e+007	698	904	16
9.265e+007	483	904	11
9.27e+007	720	904	17
9.275e+007	631	904	15
9.28e+007	739	904	17
9.285e+007	794	904	19
9.29e+007	504	904	12
9.295e+007	694	904	16
9.3e+007	704	904	16
9.305e+007	713	904	16
9.31e+007	545	904	12
9.315e+007	747	904	18
9.32e+007	584	904	13
9.325e+007	595	904	14
9.33e+007	624	904	15
9.335e+007	741	904	17
9.34e+007	739	904	17
9.345e+007	679	904	16
9.35e+007	724	904	17
9.355e+007	569	904	13
9.36e+007	708	904	16
9.365e+007	670	904	16
9.37e+007	723	904	16
9.375e+007	667	904	16
9.38e+007	546	904	13
9.385e+007	771	904	16
9.39e+007	730	904	16
9.395e+007	761	904	18
9.4e+007	551	904	13
9.405e+007	614	904	14
9.41e+007	627	904	14
9.415e+007	725	904	17
9.42e+007	654	904	15
9.425e+007	538	904	13
9.43e+007	855	904	20
9.435e+007	527	904	13
9.44e+007	648	904	15
9.445e+007	711	904	17
9.45e+007	607	904	15
9.455e+007	548	904	13
9.46e+007	828	904	19
9.465e+007	588	904	14
9.47e+007	844	904	19
9.475e+007	552	904	13
9.48e+007	853	904	19
9.485e+007	506	904	12
9.49e+007	645	904	15
9.495e+007	556	904	13
9.5e+007	655	904	15
9.505e+007	742	904	17
9.51e+007	659	904	16
9.515e+007	741	904	17
9.52e+007	647	904	15
9.525e+007	820	904	18
9.53e+007	684	904	16
9.535e+007	617	904	14
9.54e+007	663	904	15
9.545e+007	677	904	16
9.55e+007	743	904	17
9.555e+007	609	904	14
9.56e+007	805	904	18
9.565e+007	648	904	15
9.57e+007	492	904	12
9.575e+007	701	904	17
9.58e+007	564	904	13
9.585e+007	615	904	14
9.59e+007	709	904	17
9.595e+007	563	904	13
9.6e+007	644	904	15
9.605e+007	607	904	14
9.61e+007	624	904	15
9.615e+007	652	904	16
9.62e+007	692	904	16
9.625e+007	545	904	13
9.63e+007	598	904	14
9.635e+007	645	904	15
9.64e+007	636	904	15
9.645e+007	656	904	16
9.65e+007	701	904	16
9.655e+007	599	904	14
9.66e+007	636	904	14
9.665e+007	734	904	17
9.67e+007	513	904	12
9.675e+007	696	904	16
9.68e+007	615	904	14
9.685e+007	732	904	17
9.69e+007	535	904	13
9.695e+007	683	904	16
9.7e+007	645	904	15
9.705e+007	617	904	14
9.71e+007	615	904	14
9.715e+007	685	904	16
9.72e+007	611	904	14
9.725e+007	697	904	16
9.73e+007	633	904	15
9.735e+007	631	904	15
9.74e+007	526	904	12
9.745e+007	847	904	20
9.75e+007	659	904	16
9.755e+007	426	904	10
9.76e+007	710	904	17
9.765e+007	575	904	14
9.77e+007	721	904	17
9.775e+007	643	904	15
9.78e+007	464	904	11
9.785e+007	677	904	16
9.79e+007	769	904	18
9.795e+007	510	904	12
9.8e+007	690	904	16
9.805e+007	837	904	19
9.81e+007	659	904	16
9.815e+007	646	904	15
9.82e+007	696	904	16
9.825e+007	695	904	16
9.83e+007	497	904	12
9.835e+007	701	904	16
9.84e+007	733	904	17
9.845e+007	618	904	14
9.85e+007	712	904	17
9.855e+007	718	904	16
9.86e+007	804	904	18
9.865e+007	556	904	13
9.87e+007	705	904	17
9.875e+007	683	904	15
9.88e+007	672	904	15
9.885e+007	659	904	13
9.89e+007	777	904	17
9.895e+007	788	904	18
9.9e+007	652	904	15
9.905e+007	587	904	14
9.91e+007	677	904	15
9.915e+007	798	904	18
9.92e+007	758	904	17
9.925e+007	675	904	16
9.93e+007	708	904	17
9.935e+007	603	904	14
9.94e+007	823	904	19
9.945e+007	662	904	15
9.95e+007	498	904	12
9.955e+007	754	904	17
9.96e+007	802	904	18
9.965e+007	589	904	14
9.97e+007	731	904	18
9.975e+007	695	904	17
9.98e+007	589	904	14
9.985e+007	643	904	16
9.99e+007	643	904	15
9.995e+007	498	904	12
1e+008	734	904	17
1.0005e+008	590	904	14
1.001e+008	878	904	21
1.0015e+008	619	904	15
1.002e+008	703	904	16
1.0025e+008	746	904	17
1.003e+008	532	904	13
1.0035e+008	697	904	16
1.004e+008	553	904	13
1.0045e+008	672	904	16
1.005e+008	683	904	16
1.0055e+008	497	904	12
1.006e+008	583	904	14
1.0065e+008	746	904	17
1.007e+008	609	904	15
1.0075e+008	665	904	15
1.008e+008	693	904	16
1.0085e+008	559	904	13
1.009e+008	654	904	15
1.0095e+008	546	904	13
1.01e+008	810	904	19
1.0105e+008	672	904	16
1.011e+008	673	904	16
1.0115e+008	516	904	12
1.012e+008	748	904	17
1.0125e+008	589	904	13
1.013e+008	729	904	17
1.0135e+008	569	904	13
1.014e+008	850	904	20
1.0145e+008	486	904	12
1.015e+008	603	904	14
1.0155e+008	768	904	18
1.016e+008	592	904	14
1.0165e+008	695	904	16
1.017e+008	591	904	14
1.0175e+008	683	904	16
1.018e+008	723	904	17
1.0185e+008	626	904	14
1.019e+008	649	904	15
1.0195e+008	614	904	15
1.02e+008	631	904	15
1.0205e+008	760	904	17
1.021e+008	762	904	18
1.0215e+008	691	904	16
1.022e+008	574	904	14
1.0225e+008	700	904	16
1.023e+008	541	904	13
1.0235e+008	672	904	16
1.024e+008	673	904	16
1.0245e+008	755	904	18
1.025e+008	679	904	16
1.0255e+008	736	904	18
1.026e+008	628	904	14
1.0265e+008	556	904	13
1.027e+008	688	904	16
1.0275e+008	671	904	16
1.028e+008	1005	904	23
1.0285e+008	689	904	16
1.029e+008	658	904	15
1.0295e+008	715	904	17
1.03e+008	694	904	17
1.0305e+008	811	904	19
1.031e+008	778	904	18
1.0315e+008	630	904	15
1.032e+008	691	904	16
1.0325e+008	719	904	17
1.033e+008	667	904	15
1.0335e+008	602	904	14
1.034e+008	652	904	15
1.0345e+008	756	904	18
1.035e+008	597	904	14
1.0355e+008	711	904	17
1.036e+008	684	904	16
1.0365e+008	500	904	12
1.037e+008	789	904	18
1.0375e+008	594	904	14
1.038e+008	631	904	14
1.0385e+008	573	904	13
1.039e+008	785	904	17
1.0395e+008	801	904	18
1.04e+008	748	904	18
1.0405e+008	617	904	14
1.041e+008	659	904	16
1.0415e+008	596	904	14
1.042e+008	620	904	14
1.0425e+008	682	904	17
1.043e+008	513	904	12
1.0435e+008	643	904	15
1.044e+008	561	904	13
1.0445e+008	780	904	19
1.045e+008	707	904	16
1.0455e+008	658	904	15
1.046e+008	690	904	16
1.0465e+008	482	904	11
1.047e+008	788	904	18
1.0475e+008	671	904	16
1.048e+008	606	904	14
1.0485e+008	688	904	16
1.049e+008	618	904	14
1.0495e+008	649	904	15
1.05e+008	675	904	16
1.0505e+008	547	904	13
1.051e+008	677	904	16
1.0515e+008	736	904	17
1.052e+008	590	904	14
1.0525e+008	642	904	15
1.053e+008	570	904	13
1.0535e+008	592	904	14
1.054e+008	603	904	14
1.0545e+008	762	904	17
1.055e+008	814	904	19
1.0555e+008	578	904	14
1.056e+008	746	904	17
1.0565e+008	632	904	15
1.057e+008	675	904	16
1.0575e+008	793	904	19
1.058e+008	504	904	12
1.0585e+008	697	904	16
1.059e+008	624	904	14
1.0595e+008	652	904	15
1.06e+008	734	904	17
1.0605e+008	601	904	14
1.061e+008	655	904	15
1.0615e+008	626	904	15
1.062e+008	685	904	16
1.0625e+008	754	904	18
1.063e+008	539	904	13
1.0635e+008	755	904	18
1.064e+008	577	904	14
1.0645e+008	642	904	15
1.065e+008	726	904	17
1.0655e+008	595	904	14
1.066e+008	849	904	20
1.0665e+008	597	904	14
1.067e+008	649	904	16
1.0675e+008	506	904	12
1.068e+008	609	904	15
1.0685e+008	779	904	18
1.069e+008	546	904	13
1.0695e+008	696	904	16
1.07e+008	707	904	17
1.0705e+008	671	904	16
1.071e+008	628	904	15
1.0715e+008	710	904	16
1.072e+008	718	904	16
1.0725e+008	689	904	16
1.073e+008	700	904	16
1.0735e+008	609	904	14
1.074e+008	732	904	17
1.0745e+008	690	904	16
1.075e+008	723	904	17
1.0755e+008	740	904	17
1.076e+008	543	904	13
1.0765e+008	627	904	15
1.077e+008	610	904	14
1.0775e+008	756	904	18
1.078e+008	626	904	15
1.0785e+008	799	904	19
1.079e+008	571	904	13
1.0795e+008	605	904	14
1.08e+008	753	904	18
1.0805e+008	638	904	14
1.081e+008	737	904	17
1.0815e+008	775	904	18
1.082e+008	704	904	16
1.0825e+008	648	904	15
1.083e+008	617	904	15
1.0835e+008	662	904	16
1.084e+008	588	904	14
1.0845e+008	549	904	13
1.085e+008	605	904	14
1.0855e+008	843	904	20
1.086e+008	781	904	18
1.0865e+008	679	904	16
1.087e+008	534	904	12
1.0875e+008	560	904	14
1.088e+008	646	904	14
1.0885e+008	700	904	16
1.089e+008	693	904	15
1.0895e+008	728	904	15
1.09e+008	653	904	15
1.0905e+008	699	904	15
1.091e+008	666	904	16
1.0915e+008	782	904	18
1.092e+008	702	904	16
1.0925e+008	679	904	17
1.093e+008	751	904	18
1.0935e+008	671	904	15
1.094e+008	811	904	19
1.0945e+008	650	904	15
1.095e+008	727	904	17
1.0955e+008	562	904	14
1.096e+008	813	904	19
1.0965e+008	740	904	17
1.097e+008	701	904	16
1.0975e+008	608	904	14
1.098e+008	618	904	15
1.0985e+008	605	904	14
1.099e+008	731	904	17
1.0995e+008	683	904	16
1.1e+008	703	904	16
1.1005e+008	607	904	14
1.101e+008	654	904	16
1.1015e+008	645	904	15
1.102e+008	675	904	16
1.1025e+008	699	904	17
1.103e+008	732	904	17
1.1035e+008	572	904	13
1.104e+008	782	904	18
1.1045e+008	623	904	14
1.105e+008	634	904	14
1.1055e+008	721	904	17
1.106e+008	677	904	16
1.1065e+008	677	904	16
1.107e+008	584	904	14
1.1075e+008	663	904	15
1.108e+008	580	904	14
1.1085e+008	605	904	14
1.109e+008	620	904	15
1.1095e+008	596	904	14
1.11e+008	558	904	13
1.1105e+008	633	904	15
1.111e+008	666	904	15
1.1115e+008	793	904	17
1.112e+008	680	904	16
1.1125e+008	502	904	12
1.113e+008	726	904	17
1.1135e+008	676	904	16
1.114e+008	563	904	13
1.1145e+008	665	904	15
1.115e+008	584	904	14
1.1155e+008	795	904	18
1.116e+008	696	904	16
1.1165e+008	699	904	16
1.117e+008	614	904	14
1.1175e+008	589	904	14
1.118e+008	599	904	15
1.1185e+008	762	904	18
1.119e+008	645	904	15
1.1195e+008	659	904	15
1.12e+008	562	904	13
1.1205e+008	737	904	17
1.121e+008	574	904	13
1.1215e+008	736	904	17
1.122e+008	751	904	17
1.1225e+008	539	904	13
1.123e+008	783	904	18
1.1235e+008	618	904	15
1.124e+008	693	904	17
1.1245e+008	635	904	15
1.125e+008	689	904	16
1.1255e+008	588	904	14
1.126e+008	629	904	15
1.1265e+008	736	904	17
1.127e+008	671	904	16
1.1275e+008	654	904	15
1.128e+008	735	904	17
1.1285e+008	631	904	15
1.129e+008	606	904	14
1.1295e+008	668	904	15
1.13e+008	562	904	13
1.1305e+008	654	904	16
1.131e+008	692	904	16
1.1315e+008	604	904	14
1.132e+008	773	904	19
1.1325e+008	725	904	17
1.133e+008	593	904	14
1.1335e+008	810	904	19
1.134e+008	599	904	14
1.1345e+008	663	904	15
1.135e+008	774	904	18
1.1355e+008	504	904	12
1.136e+008	751	904	17
1.1365e+008	619	904	14
1.137e+008	683	904	17
1.1375e+008	724	904	17
1.138e+008	758	904	17
1.1385e+008	524	904	12
1.139e+008	820	904	17
1.1395e+008	623	904	14
1.14e+008	634	904	15
1.1405e+008	674	904	15
1.141e+008	767	904	17
1.1415e+008	676	904	16
1.142e+008	742	904	17
1.1425e+008	687	904	16
1.143e+008	532	904	13
1.1435e+008	640	904	15
1.144e+008	768	904	17
1.1445e+008	568	904	13
1.145e+008	660	904	16
1.1455e+008	767	904	18
1.146e+008	650	904	15
1.1465e+008	698	904	17
1.147e+008	626	904	14
1.1475e+008	755	904	18
1.148e+008	684	904	17
1.1485e+008	816	904	19
1.149e+008	495	904	12
1.1495e+008	547	904	13
1.15e+008	803	904	18
1.1505e+008	728	904	17
1.151e+008	658	904	15
1.1515e+008	529	904	13
1.152e+008	743	904	17
1.1525e+008	538	904	13
1.153e+008	681	904	16
1.1535e+008	592	904	14
1.154e+008	640	904	15
1.1545e+008	616	904	15
1.155e+008	687	904	16
1.1555e+008	832	904	19
1.156e+008	566	904	13
1.1565e+008	770	904	18
1.157e+008	618	904	15
1.1575e+008	629	904	14
1.158e+008	607	904	14
1.1585e+008	741	904	17
1.159e+008	455	904	11
1.1595e+008	752	904	17
1.16e+008	682	904	16
1.1605e+008	621	904	15
1.161e+008	646	904	15
1.1615e+008	719	904	17
1.162e+008	575	904	14
1.1625e+008	797	904	18
1.163e+008	706	904	16
1.1635e+008	571	904	13
1.164e+008	651	904	16
1.1645e+008	651	904	15
1.165e+008	518	904	12
1.1655e+008	685	904	16
1.166e+008	676	904	16
1.1665e+008	705	904	16
1.167e+008	644	904	15
1.1675e+008	725	904	17
1.168e+008	768	904	18
1.1685e+008	745	904	17
1.169e+008	605	904	14
1.1695e+008	713	904	17
1.17e+008	818	904	19
1.1705e+008	684	904	16
1.171e+008	610	904	14
1.1715e+008	652	904	16
1.172e+008	656	904	15
1.1725e+008	526	904	13
1.173e+008	544	904	13
1.1735e+008	699	904	17
1.174e+008	601	904	14
1.1745e+008	567	904	14
1.175e+008	573	904	14
1.1755e+008	626	904	14
1.176e+008	563	904	13
1.1765e+008	630	904	15
1.177e+008	735	904	18
1.1775e+008	599	904	14
1.178e+008	642	904	15
1.1785e+008	831	904	19
1.179e+008	616	904	14
1.1795e+008	723	904	17
1.18e+008	553	904	13
1.1805e+008	640	904	15
1.181e+008	741	904	17
1.1815e+008	655	904	15
1.182e+008	749	904	18
1.1825e+008	660	904	16
1.183e+008	590	904	14
1.1835e+008	498	904	12
1.184e+008	657	904	15
1.1845e+008	835	904	20
1.185e+008	541	904	13
1.1855e+008	728	904	16
1.186e+008	608	904	14
1.1865e+008	636	904	16
1.187e+008	611	904	14
1.1875e+008	659	904	16
1.188e+008	642	904	15
1.1885e+008	787	904	17
1.189e+008	687	904	15
1.1895e+008	580	904	13
1.19e+008	657	904	14
1.1905e+008	669	904	16
1.191e+008	784	904	18
1.1915e+008	613	904	15
1.192e+008	719	904	17
1.1925e+008	656	904	14
1.193e+008	737	904	17
1.1935e+008	710	904	16
1.194e+008	634	904	15
1.1945e+008	676	904	16
1.195e+008	612	904	15
1.1955e+008	661	904	15
1.196e+008	661	904	16
1.1965e+008	695	904	16
1.197e+008	710	904	16
1.1975e+008	698	904	16
1.198e+008	592	904	14
1.1985e+008	547	904	13
1.199e+008	574	904	13
1.1995e+008	747	904	17
1.2e+008	715	904	17
1.2005e+008	614	904	14
1.201e+008	730	904	17
1.2015e+008	733	904	17
1.202e+008	472	904	11
1.2025e+008	754	904	18
1.203e+008	603	904	14
1.2035e+008	685	904	16
1.204e+008	479	904	11
1.2045e+008	774	904	18
1.205e+008	562	904	13
1.2055e+008	583	904	14
1.206e+008	943	904	22
1.2065e+008	472	904	11
1.207e+008	685	904	16
1.2075e+008	717	904	17
1.208e+008	703	904	16
1.2085e+008	584	904	14
1.209e+008	626	904	15
1.2095e+008	681	904	16
1.21e+008	589	904	14
1.2105e+008	622	904	15
1.211e+008	591	904	14
1.2115e+008	713	904	17
1.212e+008	768	904	18
1.2125e+008	605	904	14
1.213e+008	747	904	18
1.2135e+008	671	904	16
1.214e+008	715	904	16
1.2145e+008	755	904	18
1.215e+008	694	904	17
1.2155e+008	556	904	13
1.216e+008	496	904	12
1.2165e+008	620	904	14
1.217e+008	773	904	18
1.2175e+008	573	904	13
1.218e+008	746	904	17
1.2185e+008	578	904	14
1.219e+008	725	904	17
1.2195e+008	699	904	16
1.22e+008	635	904	15
1.2205e+008	650	904	15
1.221e+008	711	904	16
1.2215e+008	728	904	17
1.222e+008	648	904	15
1.2225e+008	726	904	17
1.223e+008	471	904	12
1.2235e+008	670	904	16
1.224e+008	595	904	14
1.2245e+008	588	904	14
1.225e+008	731	904	17
1.2255e+008	580	904	14
1.226e+008	524	904	12
1.2265e+008	862	904	20
1.227e+008	601	904	14
1.2275e+008	640	904	15
1.228e+008	717	904	17
1.2285e+008	681	904	16
1.229e+008	799	904	19
1.2295e+008	574	904	13
1.23e+008	677	904	16
1.2305e+008	567	904	14
1.231e+008	823	904	19
1.2315e+008	681	904	16
1.232e+008	707	904	17
1.2325e+008	664	904	15
1.233e+008	713	904	17
1.2335e+008	690	904	16
1.234e+008	565	904	13
1.2345e+008	751	904	17
1.235e+008	799	904	19
1.2355e+008	621	904	14
1.236e+008	597	904	15
1.2365e+008	629	904	14
1.237e+008	722	904	17
1.2375e+008	740	904	17
1.238e+008	618	904	14
1.2385e+008	761	904	17
1.239e+008	561	904	12
1.2395e+008	537	904	12
1.24e+008	776	904	16
1.2405e+008	649	904	15
1.241e+008	751	904	18
1.2415e+008	684	904	15
1.242e+008	744	904	17
1.2425e+008	591	904	14
1.243e+008	698	904	16
1.2435e+008	615	904	14
1.244e+008	779	904	18
1.2445e+008	576	904	13
1.245e+008	722	904	17
1.2455e+008	565	904	13
1.246e+008	727	904	17
1.2465e+008	623	904	15
1.247e+008	712	904	17
1.2475e+008	595	904	14
1.248e+008	588	904	14
1.2485e+008	700	904	16
1.249e+008	810	904	19
1.2495e+008	568	904	13
1.25e+008	647	904	15
1.2505e+008	660	904	16
1.251e+008	624	904	14
1.2515e+008	652	904	15
1.252e+008	735	904	17
1.2525e+008	785	904	18
1.253e+008	510	904	12
1.2535e+008	675	904	16
1.254e+008	837	904	19
1.2545e+008	564	904	14
1.255e+008	649	904	15
1.2555e+008	748	904	17
1.256e+008	481	904	11
1.2565e+008	825	904	19
1.257e+008	567	904	14
1.2575e+008	697	904	16
1.258e+008	660	904	15
1.2585e+008	792	904	18
1.259e+008	604	904	14
1.2595e+008	559	904	13
1.26e+008	735	904	17
1.2605e+008	875	904	22
1.261e+008	666	904	15
1.2615e+008	729	904	17
1.262e+008	709	904	16
1.2625e+008	473	904	11
1.263e+008	765	904	18
1.2635e+008	529	904	13
1.264e+008	599	904	14
1.2645e+008	695	904	16
1.265e+008	577	904	14
1.2655e+008	696	904	16
1.266e+008	562	904	13
1.2665e+008	729	904	17
1.267e+008	668	904	15
1.2675e+008	706	904	17
1.268e+008	600	904	14
1.2685e+008	740	904	18
1.269e+008	760	904	18
1.2695e+008	606	904	14
1.27e+008	603	904	14
1.2705e+008	713	904	17
1.271e+008	609	904	14
1.2715e+008	716	904	17
1.272e+008	479	904	11
1.2725e+008	600	904	15
1.273e+008	749	904	17
1.2735e+008	650	904	16
1.274e+008	770	904	18
1.2745e+008	752	904	18
1.275e+008	626	904	15
1.2755e+008	599	904	15
1.276e+008	643	904	15
1.2765e+008	872	904	19
1.277e+008	661	904	16
1.2775e+008	548	904	13
1.278e+008	733	904	17
1.2785e+008	626	904	14
1.279e+008	686	904	16
1.2795e+008	708	904	17
1.28e+008	579	904	14
1.2805e+008	752	904	17
1.281e+008	697	904	17
1.2815e+008	585	904	14
1.282e+008	775	904	18
1.2825e+008	606	904	15
1.283e+008	586	904	14
1.2835e+008	537	904	12
1.284e+008	735	904	17
1.2845e+008	595	904	14
1.285e+008	620	904	15
1.2855e+008	702	904	17
1.286e+008	781	904	19
1.2865e+008	668	904	16
1.287e+008	657	904	16
1.2875e+008	860	904	20
1.288e+008	548	904	13
1.2885e+008	731	904	17
1.289e+008	598	904	13
1.2895e+008	730	904	16
1.29e+008	601	904	14
1.2905e+008	867	904	19
1.291e+008	810	904	19
1.2915e+008	494	904	11
1.292e+008	834	904	19
1.2925e+008	594	904	14
1.293e+008	700	904	16
1.2935e+008	632	904	14
1.294e+008	773	904	18
1.2945e+008	707	904	17
1.295e+008	765	904	18
1.2955e+008	558	904	13
1.296e+008	693	904	16
1.2965e+008	663	904	15
1.297e+008	588	904	14
1.2975e+008	599	904	14
1.298e+008	700	904	17
1.2985e+008	648	904	15
1.299e+008	749	904	17
1.2995e+008	586	904	14
1.3e+008	708	904	16
1.3005e+008	637	904	15
1.301e+008	662	904	16
1.3015e+008	694	904	17
1.302e+008	736	904	17
1.3025e+008	696	904	16
1.303e+008	628	904	14
1.3035e+008	630	904	15
1.304e+008	736	904	17
1.3045e+008	749	904	18
1.305e+008	659	904	15
1.3055e+008	517	904	12
1.306e+008	583	904	14
1.3065e+008	605	904	14
1.307e+008	685	904	17
1.3075e+008	655	904	16
1.308e+008	674	904	16
1.3085e+008	546	904	13
1.309e+008	638	904	15
1.3095e+008	693	904	16
1.31e+008	688	904	17
1.3105e+008	565	904	14
1.311e+008	840	904	20
1.3115e+008	477	904	11
1.312e+008	576	904	14
1.3125e+008	763	904	18
1.313e+008	601	904	14
1.3135e+008	772	904	18
1.314e+008	693	904	16
1.3145e+008	615	904	15
1.315e+008	571	904	14
1.3155e+008	744	904	17
1.316e+008	860	904	20
1.3165e+008	575	904	13
1.317e+008	796	904	18
1.3175e+008	623	904	14
1.318e+008	562	904	13
1.3185e+008	761	904	18
1.319e+008	701	904	16
1.3195e+008	722	904	17
1.32e+008	710	904	16
1.3205e+008	606	904	14
1.321e+008	725	904	17
1.3215e+008	523	904	12
1.322e+008	646	904	15
1.3225e+008	625	904	15
1.323e+008	663	904	15
1.3235e+008	498	904	11
1.324e+008	802	904	18
1.3245e+008	640	904	15
1.325e+008	732	904	17
1.3255e+008	660	904	15
1.326e+008	672	904	16
1.3265e+008	522	904	12
1.327e+008	619	904	15
1.3275e+008	696	904	16
1.328e+008	792	904	18
1.3285e+008	732	904	17
1.329e+008	873	904	20
1.3295e+008	568	904	14
1.33e+008	526	904	13
1.3305e+008	741	904	17
1.331e+008	709	904	17
1.3315e+008	594	904	14
1.332e+008	631	904	15
1.3325e+008	631	904	15
1.333e+008	723	904	17
1.3335e+008	583	904	14
1.334e+008	654	904	15
1.3345e+008	597	904	14
1.335e+008	495	904	11
1.3355e+008	671	904	16
1.336e+008	751	904	18
1.3365e+008	594	904	14
1.337e+008	680	904	16
1.3375e+008	707	904	16
1.338e+008	562	904	13
1.3385e+008	708	904	17
1.339e+008	693	904	15
1.3395e+008	558	904	13
1.34e+008	784	904	18
1.3405e+008	767	904	16
1.341e+008	629	904	14
1.3415e+008	605	904	14
1.342e+008	765	904	18
1.3425e+008	631	904	15
1.343e+008	739	904	17
1.3435e+008	674	904	15
1.344e+008	580	904	14
1.3445e+008	697	904	16
1.345e+008	608	904	14
1.3455e+008	593	904	14
1.346e+008	878	904	20
1.3465e+008	514	904	12
1.347e+008	678	904	16
1.3475e+008	612	904	14
1.348e+008	629	904	15
1.3485e+008	740	904	17
1.349e+008	762	904	18
1.3495e+008	539	904	13
1.35e+008	726	904	17
1.3505e+008	587	904	14
1.351e+008	538	904	13
1.3515e+008	820	904	19
1.352e+008	657	904	15
1.3525e+008	614	904	14
1.353e+008	644	904	15
1.3535e+008	584	904	14
1.354e+008	600	904	14
1.3545e+008	467	904	11
1.355e+008	707	904	16
1.3555e+008	543	904	13
1.356e+008	575	904	14
1.3565e+008	659	904	15
1.357e+008	599	904	14
1.3575e+008	651	904	15
1.358e+008	546	904	13
1.3585e+008	709	904	16
1.359e+008	570	904	14
1.3595e+008	670	904	16
1.36e+008	664	904	16
1.3605e+008	660	904	15
1.361e+008	644	904	15
1.3615e+008	692	904	16
1.362e+008	604	904	14
1.3625e+008	749	904	17
1.363e+008	575	904	14
1.3635e+008	637	904	15
1.364e+008	842	904	20
1.3645e+008	647	904	15
1.365e+008	553	904	13
1.3655e+008	642	904	15
1.366e+008	710	904	16
1.3665e+008	592	904	14
1.367e+008	631	904	15
1.3675e+008	694	904	16
1.368e+008	778	904	18
1.3685e+008	602	904	14
1.369e+008	668	904	16
1.3695e+008	676	904	16
1.37e+008	618	904	14
1.3705e+008	632	904	14
1.371e+008	578	904	13
1.3715e+008	694	904	16
1.372e+008	755	904	17
1.3725e+008	715	904	16
1.373e+008	572	904	14
1.3735e+008	769	904	18
1.374e+008	601	904	14
1.3745e+008	740	904	17
1.375e+008	602	904	14
1.3755e+008	681	904	16
1.376e+008	508	904	12
1.3765e+008	726	904	17
1.377e+008	567	904	14
1.3775e+008	738	904	17
1.378e+008	743	904	18
1.3785e+008	574	904	13
1.379e+008	542	904	13
1.3795e+008	701	904	16
1.38e+008	678	904	16
1.3805e+008	631	904	15
1.381e+008	559	904	13
1.3815e+008	862	904	20
1.382e+008	545	904	12
1.3825e+008	608	904	14
1.383e+008	685	904	16
1.3835e+008	695	904	16
1.384e+008	694	904	17
1.3845e+008	633	904	15
1.385e+008	613	904	15
1.3855e+008	782	904	18
1.386e+008	653	904	15
1.3865e+008	773	904	18
1.387e+008	745	904	17
1.3875e+008	506	904	12
1.388e+008	761	904	17
1.3885e+008	653	904	15
1.389e+008	810	904	18
1.3895e+008	650	904	15
1.39e+008	688	904	14
1.3905e+008	634	904	14
1.391e+008	683	904	15
1.3915e+008	670	904	16
1.392e+008	661	904	15
1.3925e+008	843	904	20
1.393e+008	521	904	12
1.3935e+008	680	904	16
1.394e+008	686	904	16
1.3945e+008	567	904	13
1.395e+008	664	904	15
1.3955e+008	681	904	16
1.396e+008	592	904	13
1.3965e+008	610	904	14
1.397e+008	659	904	15
1.3975e+008	608	904	14
1.398e+008	461	904	11
1.3985e+008	885	904	20
1.399e+008	576	904	13
1.3995e+008	755	904	18
1.4e+008	588	904	14
1.4005e+008	773	904	18
1.401e+008	563	904	14
1.4015e+008	689	904	16
1.402e+008	580	904	14
1.4025e+008	653	904	15
1.403e+008	729	904	17
1.4035e+008	571	904	13
1.404e+008	688	904	16
1.4045e+008	620	904	15
1.405e+008	703	904	16
1.4055e+008	750	904	18
1.406e+008	519	904	12
1.4065e+008	600	904	14
1.407e+008	651	904	15
1.4075e+008	646	904	15
1.408e+008	592	904	14
1.4085e+008	555	904	13
1.409e+008	678	904	16
1.4095e+008	754	904	18
1.41e+008	602	904	14
1.4105e+008	642	904	15
1.411e+008	656	904	15
1.4115e+008	581	904	14
1.412e+008	587	904	14
1.4125e+008	745	904	18
1.413e+008	596	904	14
1.4135e+008	683	904	16
1.414e+008	620	904	15
1.4145e+008	573	904	13
1.415e+008	820	904	20
1.4155e+008	481	904	11
1.416e+008	726	904	17
1.4165e+008	806	904	18
1.417e+008	572	904	14
1.4175e+008	681	904	16
1.418e+008	580	904	14
1.4185e+008	754	904	18
1.419e+008	518	904	12
1.4195e+008	602	904	14
1.42e+008	718	904	16
1.4205e+008	634	904	15
1.421e+008	703	904	16
1.4215e+008	655	904	15
1.422e+008	589	904	14
1.4225e+008	625	904	14
1.423e+008	876	904	20
1.4235e+008	650	904	15
1.424e+008	501	904	12
1.4245e+008	803	904	19
1.425e+008	731	904	17
1.4255e+008	662	904	15
1.426e+008	752	904	18
1.4265e+008	620	904	15
1.427e+008	579	904	14
1.4275e+008	658	904	16
1.428e+008	573	904	14
1.4285e+008	618	904	14
1.429e+008	672	904	15
1.4295e+008	511	904	12
1.43e+008	857	904	20
1.4305e+008	722	904	17
1.431e+008	541	904	13
1.4315e+008	605	904	14
1.432e+008	630	904	15
1.4325e+008	704	904	16
1.433e+008	655	904	15
1.4335e+008	535	904	13
1.434e+008	782	904	17
1.4345e+008	785	904	18
1.435e+008	651	904	15
1.4355e+008	696	904	16
1.436e+008	697	904	17
1.4365e+008	716	904	17
1.437e+008	531	904	13
1.4375e+008	761	904	17
1.438e+008	632	904	15
1.4385e+008	600	904	14
1.439e+008	840	904	19
1.4395e+008	672	904	15
1.44e+008	602	904	12
1.4405e+008	807	904	19
1.441e+008	823	904	18
1.4415e+008	647	904	15
1.442e+008	728	904	17
1.4425e+008	675	904	15
1.443e+008	889	904	20
1.4435e+008	630	904	14
1.444e+008	752	904	17
1.4445e+008	769	904	18
1.445e+008	581	904	14
1.4455e+008	539	904	13
1.446e+008	654	904	16
1.4465e+008	685	904	16
1.447e+008	717	904	16
1.4475e+008	864	904	20
1.448e+008	648	904	15
1.4485e+008	699	904	16
1.449e+008	769	904	18
1.4495e+008	747	904	17
1.45e+008	650	904	15
1.4505e+008	552	904	13
1.451e+008	627	904	14
1.4515e+008	702	904	16
1.452e+008	669	904	15
1.4525e+008	758	904	18
1.453e+008	610	904	14
1.4535e+008	752	904	17
1.454e+008	520	904	12
1.4545e+008	715	904	17
1.455e+008	533	904	13
1.4555e+008	804	904	18
1.456e+008	636	904	15
1.4565e+008	690	904	16
1.457e+008	758	904	17
1.4575e+008	567	904	13
1.458e+008	593	904	14
1.4585e+008	661	904	15
1.459e+008	635	904	15
1.4595e+008	571	904	14
1.46e+008	659	904	16
1.4605e+008	716	904	16
1.461e+008	743	904	17
1.4615e+008	518	904	13
1.462e+008	692	904	16
1.4625e+008	606	904	14
1.463e+008	770	904	18
1.4635e+008	657	904	15
1.464e+008	525	904	12
1.4645e+008	502	904	12
1.465e+008	798	904	18
1.4655e+008	548	904	14
1.466e+008	610	904	14
1.4665e+008	654	904	15
1.467e+008	503	904	12
1.4675e+008	636	904	15
1.468e+008	653	904	15
1.4685e+008	623	904	15
1.469e+008	671	904	15
1.4695e+008	660	904	15
1.47e+008	652	904	15
1.4705e+008	629	904	15
1.471e+008	637	904	15
1.4715e+008	530	904	13
1.472e+008	662	904	15
1.4725e+008	674	904	16
1.473e+008	518	904	12
1.4735e+008	857	904	20
1.474e+008	788	904	18
1.4745e+008	626	904	14
1.475e+008	745	904	18
1.4755e+008	591	904	14
1.476e+008	639	904	15
1.4765e+008	540	904	13
1.477e+008	709	904	17
1.4775e+008	615	904	14
1.478e+008	700	904	16
1.4785e+008	618	904	15
1.479e+008	680	904	16
1.4795e+008	481	904	11
1.48e+008	769	904	17
1.4805e+008	702	904	16
1.481e+008	691	904	16
1.4815e+008	589	904	13
1.482e+008	653	904	15
1.4825e+008	664	904	16
1.483e+008	699	904	16
1.4835e+008	735	904	17
1.484e+008	598	904	14
1.4845e+008	663	904	15
1.485e+008	487	904	12
1.4855e+008	765	904	18
1.486e+008	699	904	16
1.4865e+008	777	904	18
1.487e+008	551	904	13
1.4875e+008	699	904	16
1.488e+008	743	904	17
1.4885e+008	555	904	13
1.489e+008	891	904	20
1.4895e+008	527	904	12
1.49e+008	561	904	13
1.4905e+008	791	904	17
1.491e+008	602	904	13
1.4915e+008	639	904	15
1.492e+008	655	904	16
1.4925e+008	808	904	18
1.493e+008	582	904	14
1.4935e+008	618	904	15
1.494e+008	636	904	15
1.4945e+008	628	904	15
1.495e+008	721	904	17
1.4955e+008	718	904	16
1.496e+008	543	904	13
1.4965e+008	646	904	15
1.497e+008	653	904	15
1.4975e+008	746	904	17
1.498e+008	707	904	16
1.4985e+008	673	904	16
1.499e+008	545	904	13
1.4995e+008	627	904	15
1.5e+008	777	904	18
1.5005e+008	728	904	17
1.501e+008	689	904	16
1.5015e+008	756	904	17
1.502e+008	602	904	14
1.5025e+008	631	904	14
1.503e+008	720	904	16
1.5035e+008	516	904	12
1.504e+008	652	904	15
1.5045e+008	734	904	17
1.505e+008	560	904	13
1.5055e+008	753	904	17
1.506e+008	685	904	16
1.5065e+008	631	904	15
1.507e+008	560	904	14
1.5075e+008	622	904	15
1.508e+008	690	904	16
1.5085e+008	600	904	15
1.509e+008	831	904	19
1.5095e+008	523	904	13
1.51e+008	702	904	16
1.5105e+008	697	904	16
1.511e+008	580	904	14
1.5115e+008	825	904	20
1.512e+008	609	904	14
1.5125e+008	760	904	17
1.513e+008	656	904	15
1.5135e+008	591	904	14
1.514e+008	566	904	13
1.5145e+008	638	904	15
1.515e+008	719	904	17
1.5155e+008	551	904	13
1.516e+008	718	904	16
1.5165e+008	560	904	14
1.517e+008	692	904	16
1.5175e+008	614	904	14
1.518e+008	894	904	21
1.5185e+008	534	904	13
1.519e+008	769	904	18
1.5195e+008	646	904	15
1.52e+008	689	904	15
1.5205e+008	674	904	15
1.521e+008	571	904	13
1.5215e+008	810	904	19
1.522e+008	639	904	15
1.5225e+008	620	904	14
1.523e+008	668	904	16
1.5235e+008	874	904	20
1.524e+008	624	904	15
1.5245e+008	679	904	16
1.525e+008	792	904	18
1.5255e+008	544	904	13
1.526e+008	712	904	17
1.5265e+008	849	904	19
1.527e+008	507	904	12
1.5275e+008	717	904	17
1.528e+008	709	904	16
1.5285e+008	598	904	14
1.529e+008	596	904	14
1.5295e+008	800	904	19
1.53e+008	639	904	15
1.5305e+008	822	904	19
1.531e+008	667	904	16
1.5315e+008	715	904	16
1.532e+008	643	904	15
1.5325e+008	713	904	17
1.533e+008	663	904	15
1.5335e+008	692	904	16
1.534e+008	716	904	17
1.5345e+008	516	904	12
1.535e+008	709	904	17
1.5355e+008	724	904	17
1.536e+008	702	904	16
1.5365e+008	543	904	13
1.537e+008	639	904	15
1.5375e+008	655	904	15
1.538e+008	683	904	16
1.5385e+008	801	904	19
1.539e+008	546	904	13
1.5395e+008	678	904	15
1.54e+008	781	904	17
1.5405e+008	634	904	13
1.541e+008	713	904	15
1.5415e+008	748	904	17
1.542e+008	608	904	14
1.5425e+008	675	904	15
1.543e+008	790	904	18
1.5435e+008	593	904	14
1.544e+008	550	904	13
1.5445e+008	621	904	14
1.545e+008	646	904	15
1.5455e+008	662	904	15
1.546e+008	708	904	17
1.5465e+008	544	904	13
1.547e+008	638	904	15
1.5475e+008	720	904	17
1.548e+008	744	904	17
1.5485e+008	622	904	15
1.549e+008	627	904	15
1.5495e+008	777	904	18
1.55e+008	617	904	14
1.5505e+008	754	904	17
1.551e+008	566	904	14
1.5515e+008	675	904	15
1.552e+008	502	904	12
1.5525e+008	713	904	16
1.553e+008	546	904	13
1.5535e+008	750	904	18
1.554e+008	618	904	15
1.5545e+008	784	904	18
1.555e+008	642	904	15
1.5555e+008	586	904	14
1.556e+008	728	904	18
1.5565e+008	669	904	15
1.557e+008	647	904	15
1.5575e+008	591	904	14
1.558e+008	666	904	15
1.5585e+008	637	904	15
1.559e+008	765	904	18
1.5595e+008	651	904	15
1.56e+008	604	904	14
1.5605e+008	627	904	15
1.561e+008	607	904	15
1.5615e+008	717	904	16
1.562e+008	562	904	13
1.5625e+008	870	904	20
1.563e+008	483	904	12
1.5635e+008	896	904	21
1.564e+008	566	904	13
1.5645e+008	588	904	14
1.565e+008	807	904	19
1.5655e+008	648	904	15
1.566e+008	654	904	15
1.5665e+008	645	904	15
1.567e+008	646	904	16
1.5675e+008	646	904	15
1.568e+008	594	904	14
1.5685e+008	762	904	18
1.569e+008	507	904	12
1.5695e+008	650	904	15
1.57e+008	752	904	17
1.5705e+008	459	904	11
1.571e+008	601	904	14
1.5715e+008	709	904	16
1.572e+008	559	904	13
1.5725e+008	631	904	15
1.573e+008	750	904	17
1.5735e+008	784	904	19
1.574e+008	464	904	11
1.5745e+008	663	904	15
1.575e+008	681	904	16
1.5755e+008	551	904	13
1.576e+008	808	904	19
1.5765e+008	660	904	15
1.577e+008	759	904	18
1.5775e+008	669	904	16
1.578e+008	656	904	15
1.5785e+008	803	904	19
1.579e+008	671	904	16
1.5795e+008	666	904	16
1.58e+008	712	904	17
1.5805e+008	592	904	14
1.581e+008	710	904	17
1.5815e+008	664	904	15
1.582e+008	709	904	17
1.5825e+008	768	904	18
1.583e+008	547	904	13
1.5835e+008	764	904	18
1.584e+008	594	904	14
1.5845e+008	672	904	15
1.585e+008	563	904	13
1.5855e+008	724	904	17
1.586e+008	548	904	13
1.5865e+008	567	904	13
1.587e+008	769	904	18
1.5875e+008	647	904	15
1.588e+008	743	904	18
1.5885e+008	599	904	14
1.589e+008	692	904	16
1.5895e+008	618	904	14
1.59e+008	707	904	16
1.5905e+008	694	904	14
1.591e+008	729	904	16
1.5915e+008	768	904	17
1.592e+008	522	904	12
1.5925e+008	643	904	15
1.593e+008	782	904	18
1.5935e+008	470	904	12
1.594e+008	677	904	16
1.5945e+008	922	904	22
1.595e+008	560	904	12
1.5955e+008	654	904	16
1.596e+008	556	904	13
1.5965e+008	762	904	18
1.597e+008	702	904	16
1.5975e+008	633	904	15
1.598e+008	678	904	15
1.5985e+008	721	904	17
1.599e+008	858	904	20
1.5995e+008	658	904	16
1.6e+008	601	904	14
1.6005e+008	559	904	13
1.601e+008	628	904	15
1.6015e+008	591	904	14
1.602e+008	752	904	17
1.6025e+008	656	904	15
1.603e+008	642	904	15
1.6035e+008	633	904	15
1.604e+008	718	904	16
1.6045e+008	632	904	14
1.605e+008	709	904	16
1.6055e+008	769	904	18
1.606e+008	567	904	13
1.6065e+008	641	904	15
1.607e+008	544	904	13
1.6075e+008	711	904	16
1.608e+008	580	904	13
1.6085e+008	516	904	12
1.609e+008	594	904	14
1.6095e+008	599	904	14
1.61e+008	633	904	14
1.6105e+008	676	904	16
1.611e+008	475	904	11
1.6115e+008	512	904	12
1.612e+008	585	904	14
1.6125e+008	610	904	14
1.613e+008	556	904	13
1.6135e+008	510	904	12
1.614e+008	572	904	13
1.6145e+008	559	904	13
1.615e+008	439	904	11
1.6155e+008	586	904	14
1.616e+008	452	904	11
1.6165e+008	410	904	9
1.617e+008	386	904	9
1.6175e+008	608	904	14
1.618e+008	459	904	11
1.6185e+008	412	904	10
1.619e+008	510	904	12
1.6195e+008	412	904	10
1.62e+008	483	904	11
1.6205e+008	319	904	8
1.621e+008	310	904	7
1.6215e+008	397	904	10
1.622e+008	352	904	8
1.6225e+008	304	904	7
1.623e+008	256	904	6
1.6235e+008	390	904	9
1.624e+008	392	904	9
1.6245e+008	227	904	5
1.625e+008	244	904	6
1.6255e+008	194	904	5
1.626e+008	191	904	5
1.6265e+008	252	904	6
1.627e+008	154	904	4
1.6275e+008	160	904	4
1.628e+008	162	904	4
1.6285e+008	123	904	3
1.629e+008	164	904	4
1.6295e+008	127	904	3
1.63e+008	184	904	4
1.6305e+008	43	904	1
