394
207
431
253
262
216
394
247
225
188
309
263
344
206
135
209
251
233
238
237
386
209
227
255
194
305
164
346
258
198
261
238
165
261
318
384
246
255
221
208
369
165
126
269
310
246
230
218
268
267
128
209
295
395
318
169
298
220
232
205
280
251
296
216
299
289
253
233
313
169
289
248
198
256
350
341
129
165
246
310
224
220
224
266
276
212
225
208
265
137
298
225
297
225
307
224
172
190
214
295
166
228
254
167
181
205
221
249
242
225
126
217
295
205
293
209
166
291
435
171
360
206
175
258
265
255
197
209
237
240
197
261
310
160
259
249
122
282
201
266
293
252
221
197
203
275
307
271
234
172
249
215
206
157
212
221
126
250
160
293
206
324
155
211
238
160
181
309
246
209
214
264
212
231
270
178
212
163
221
307
218
248
172
209
212
246
258
114
206
207
170
216
297
163
209
218
129
211
233
224
299
218
225
194
240
312
203
177
244
248
261
259
178
246
217
212
228
169
246
208
254
271
221
204
244
132
270
124
371
223
359
124
260
253
249
252
208
359
266
161
360
229
169
277
221
249
221
304
203
330
246
183
211
212
293
252
129
219
208
154
245
258
292
377
163
293
242
172
153
211
217
258
198
297
209
203
190
215
304
277
209
171
272
215
145
341
221
240
165
248
168
272
242
224
302
226
220
217
250
164
264
171
279
252
255
179
240
209
200
215
344
157
236
187
201
222
252
207
261
272
217
166
207
251
210
210
264
218
172
261
246
206
151
199
254
258
335
233
205
201
197
187
347
169
243
132
350
326
131
132
289
200
197
272
205
217
243
315
249
347
209
154
347
302
221
215
206
266
269
254
194
117
217
252
262
218
228
221
136
206
218
380
175
261
296
282
273
174
260
201
304
212
290
218
257
297
268
224
218
172
342
125
208
211
300
120
261
218
243
245
221
169
218
295
253
135
257
215
384
209
273
338
122
280
310
178
269
268
179
173
203
349
227
208
265
215
173
246
227
166
203
305
169
227
232
221
229
215
252
163
170
255
237
181
203
246
218
214
198
249
379
282
211
194
209
165
212
160
261
215
162
242
206
200
274
166
258
181
174
217
205
301
253
206
218
284
166
259
212
166
273
173
221
193
225
206
241
223
240
135
285
347
169
253
213
172
356
154
273
294
159
169
227
297
203
257
169
405
201
176
274
214
242
240
169
296
125
262
277
266
206
206
303
147
296
200
216
208
252
151
312
204
178
243
240
210
220
170
178
235
174
199
216
200
175
258
210
301
264
218
261
126
258
204
256
240
203
221
205
292
170
206
200
249
206
303
175
255
224
145
245
187
201
202
218
157
199
267
252
228
209
215
191
283
200
273
258
199
292
172
173
256
223
215
216
286
200
196
221
176
343
172
212
198
268
218
240
285
200
258
209
221
169
239
166
268
145
313
221
196
169
250
200
286
206
171
245
194
174
223
201
207
250
261
165
283
264
234
221
209
206
210
206
218
160
161
212
248
255
178
217
227
246
215
185
264
233
122
351
218
161
343
297
238
221
294
162
269
219
266
261
268
231
255
203
217
264
221
214
209
206
172
282
212
218
218
262
271
282
240
227
224
247
210
220
218
216
261
270
257
340
181
249
215
169
298
227
120
258
228
180
288
89
299
248
212
200
169
218
310
184
288
169
204
295
131
272
209
245
117
214
292
242
216
205
173
237
243
264
215
226
262
200
191
287
217
210
218
157
341
218
252
162
341
206
261
227
151
220
250
156
258
363
227
172
178
233
308
219
223
261
123
298
179
252
249
324
214
243
200
197
250
316
179
211
215
174
260
270
255
250
168
264
184
212
296
273
240
210
276
212
326
181
179
243
314
172
241
215
218
256
348
166
265
254
256
304
280
119
275
205
194
254
268
227
259
141
248
263
239
256
258
218
203
198
210
179
308
216
291
218
249
169
292
212
273
218
200
259
197
309
214
231
240
246
246
212
227
203
183
170
382
273
258
159
203
243
276
247
311
226
99
233
218
160
159
200
243
267
282
170
170
151
267
218
248
270
317
148
349
300
295
126
249
208
233
252
173
135
297
178
247
255
202
265
368
255
263
203
157
307
157
194
209
221
300
265
201
292
208
208
211
117
324
291
182
242
264
218
130
197
418
166
169
241
206
270
265
257
168
214
182
332
170
311
272
123
277
356
283
244
221
292
166
257
265
275
242
340
88
304
293
154
255
123
315
202
344
198
304
178
172
252
249
263
224
262
86
261
214
209
129
215
369
120
221
262
199
123
371
160
299
175
231
209
215
310
219
257
271
132
265
209
264
161
248
252
202
212
209
119
342
219
261
216
166
219
243
233
213
221
214
215
246
262
169
264
317
202
276
259
294
144
244
215
251
259
207
303
212
194
280
139
203
181
236
215
163
337
160
275
206
166
181
353
173
203
178
274
263
243
168
309
216
230
207
221
232
215
372
172
123
344
171
264
224
282
249
252
206
267
218
162
196
260
215
169
311
249
292
183
263
399
184
261
204
169
184
202
373
212
307
258
262
157
181
195
300
350
246
259
123
201
300
202
114
298
249
213
206
207
215
289
169
200
258
166
258
221
224
266
243
163
226
209
283
242
279
203
239
200
251
224
362
160
213
306
215
166
200
231
264
246
267
267
165
202
233
207
170
276
191
209
256
123
319
259
188
221
219
257
211
310
183
330
261
227
215
259
256
227
206
217
213
190
268
214
262
233
224
322
114
260
194
175
273
307
246
129
269
197
295
175
287
218
217
265
258
224
187
337
206
217
217
239
203
236
174
391
194
301
184
172
218
262
119
399
249
148
210
161
252
252
292
216
323
249
166
347
222
200
256
346
242
123
383
123
246
210
221
248
220
243
198
213
221
168
295
287
245
172
240
287
225
246
283
218
260
168
221
224
254
127
222
254
255
135
387
258
206
258
166
312
269
169
292
221
243
202
204
256
257
199
272
215
210
217
173
228
301
206
266
172
240
227
163
252
172
381
164
218
215
219
292
163
249
205
315
176
263
212
209
227
264
168
252
221
223
263
218
227
219
218
264
215
261
215
217
253
258
202
257
218
197
222
211
167
255
258
211
295
163
184
212
154
313
126
338
123
197
255
219
255
227
212
261
159
291
154
262
294
216
249
253
203
166
249
252
216
271
195
303
266
216
281
164
277
168
208
289
191
255
233
173
243
249
256
200
243
224
208
310
278
212
248
201
221
249
233
408
230
259
205
120
246
154
268
201
181
263
255
210
212
313
215
162
286
203
216
250
240
255
133
212
221
255
321
254
264
205
240
163
227
175
203
236
178
257
181
225
244
247
170
252
172
234
206
259
240
166
203
206
355
148
275
163
187
285
237
215
216
206
262
154
218
204
212
225
222
263
202
248
267
248
246
255
244
263
188
165
213
282
306
175
215
256
212
221
173
251
272
258
162
249
212
252
209
197
266
209
215
338
296
178
209
237
216
250
283
211
265
268
173
160
218
202
205
169
345
217
203
244
298
123
230
222
264
172
345
315
166
224
262
166
257
268
160
158
199
251
253
132
302
200
201
200
222
282
135
181
253
337
261
206
224
212
276
206
252
224
281
240
160
212
212
246
245
249
221
206
250
251
256
218
201
171
257
258
270
259
176
202
215
255
263
213
209
255
262
177
197
258
216
221
175
266
218
259
258
218
321
80
313
260
223
263
267
160
365
171
295
293
233
169
250
268
286
200
135
289
238
178
205
260
123
342
138
301
249
222
304
163
246
263
264
174
265
273
246
235
169
169
286
181
247
230
181
258
221
227
323
197
266
332
123
262
236
216
211
230
234
304
260
169
289
294
206
273
256
233
270
221
240
221
226
200
223
304
197
218
285
276
166
254
313
225
206
215
160
212
307
297
224
117
218
206
380
199
204
310
169
252
179
159
270
292
261
176
215
260
312
178
250
306
178
294
218
181
194
166
267
273
206
212
154
217
221
218
165
321
289
71
242
242
240
218
216
291
278
173
255
165
209
224
199
221
295
209
223
231
208
172
256
175
248
206
205
230
256
221
160
258
181
306
234
214
209
172
177
339
227
253
312
181
249
209
211
205
201
224
255
288
359
126
247
211
177
237
211
265
224
224
297
216
237
273
214
252
168
248
217
358
169
214
260
252
303
250
232
223
209
211
255
240
229
200
224
264
255
175
320
221
256
200
206
273
206
261
175
245
212
223
313
166
292
276
206
169
340
215
229
297
211
253
212
280
201
230
222
298
271
252
257
248
303
160
175
247
166
317
198
248
211
320
299
228
175
135
171
234
166
175
310
202
287
259
180
263
206
229
174
220
239
224
220
219
240
211
255
326
215
303
90
343
170
212
163
208
218
212
195
282
160
289
176
243
200
275
212
163
313
324
244
178
250
163
332
273
258
166
157
306
212
221
259
168
256
255
173
280
124
259
224
160
211
298
247
279
198
350
299
214
299
266
218
246
206
272
200
257
257
136
304
209
231
218
262
163
232
200
206
212
221
264
166
276
293
218
333
206
172
243
229
416
264
139
221
231
290
221
235
273
251
136
248
258
200
215
295
206
233
175
253
224
215
258
257
253
80
340
206
205
221
309
283
181
164
243
307
219
169
178
283
221
184
215
264
262
165
261
178
209
185
256
264
178
262
163
270
215
259
114
339
279
168
224
194
226
221
252
213
359
187
284
157
255
209
247
273
208
166
221
311
289
120
285
214
77
206
218
330
228
258
264
200
197
227
385
261
147
257
222
163
204
255
239
197
292
201
252
219
215
246
352
202
247
271
123
224
250
201
160
256
259
219
277
257
248
221
233
255
269
147
213
217
216
231
175
269
258
122
253
196
353
202
222
206
160
239
136
251
290
169
218
171
347
221
209
200
316
188
128
274
344
211
202
218
170
246
270
222
229
202
173
199
220
338
173
255
169
248
295
132
270
283
167
212
285
273
221
212
154
216
178
232
209
218
209
207
301
194
191
223
215
120
251
256
281
211
215
301
155
138
204
225
255
154
249
312
218
218
255
215
270
215
174
163
258
206
250
175
263
206
301
213
264
264
211
206
227
237
221
251
278
215
174
215
275
256
225
135
265
234
272
246
166
348
257
255
218
244
236
207
173
221
403
302
178
175
265
191
260
194
219
258
357
219
172
254
310
264
339
216
227
252
218
303
194
261
171
261
166
297
197
272
250
215
240
209
222
133
298
172
288
285
227
272
270
165
252
200
185
214
185
255
339
216
221
166
215
129
208
261
212
219
285
258
205
255
252
220
219
202
215
194
226
260
209
295
353
296
276
350
264
200
297
267
245
153
111
290
221
310
269
175
206
282
260
157
126
207
185
267
167
218
214
171
215
308
258
181
224
264
206
227
260
187
261
304
138
209
211
251
203
251
139
206
223
254
236
209
232
208
215
163
228
225
264
246
256
267
421
224
292
264
264
221
222
249
438
271
215
168
257
166
291
298
258
169
206
255
270
243
257
242
220
203
221
218
348
215
209
175
291
267
267
214
315
178
250
224
252
289
163
264
347
214
223
204
224
236
200
166
224
273
211
339
174
163
212
218
209
261
123
218
387
123
255
233
166
175
249
218
221
206
194
338
212
242
255
163
210
200
163
257
163
247
237
249
227
248
212
160
207
224
243
221
296
213
166
210
249
258
260
198
241
258
208
230
203
250
260
194
170
214
120
261
249
243
344
175
225
230
258
160
341
322
224
289
216
209
242
352
157
207
224
230
217
302
198
157
259
298
260
175
212
277
251
216
213
213
306
294
244
252
202
252
200
221
197
307
158
251
292
187
206
211
159
209
260
252
264
254
178
246
209
252
267
278
295
252
160
258
280
274
218
205
387
215
169
291
205
203
263
208
230
162
342
126
364
169
212
334
206
120
165
393
208
202
260
196
174
279
209
255
169
210
305
206
258
207
289
294
126
345
256
200
307
210
286
219
243
210
197
264
212
263
261
227
227
258
178
262
257
339
135
271
200
211
221
172
255
311
216
241
311
209
222
194
216
216
197
92
284
224
184
261
221
135
175
257
216
210
210
254
261
255
169
258
157
209
206
279
175
229
200
308
197
252
298
194
257
303
206
169
358
311
187
258
148
157
255
258
239
222
204
246
211
203
255
223
164
357
251
246
299
216
200
298
215
283
278
259
227
264
257
211
172
366
166
279
163
172
255
224
202
267
164
233
283
188
289
162
249
167
274
301
200
154
222
202
163
270
308
198
188
261
211
353
252
248
311
256
178
176
209
210
203
304
173
225
203
261
260
267
123
297
221
222
247
220
172
217
242
163
258
249
218
215
198
206
251
197
214
228
304
218
172
163
282
117
164
203
191
203
215
347
294
126
270
286
173
161
310
255
345
208
169
241
175
227
231
255
203
208
144
250
259
266
249
247
223
222
212
200
206
172
319
306
239
268
221
224
255
120
348
163
205
245
267
221
221
202
276
214
209
236
222
139
262
264
253
219
307
256
252
166
359
172
298
188
256
248
305
177
181
254
240
208
208
206
254
251
179
179
258
257
323
128
230
178
169
303
200
178
237
206
240
114
303
212
214
211
233
219
252
226
217
221
212
120
206
264
243
255
263
247
223
221
258
211
261
245
340
287
213
208
255
255
289
167
221
353
137
246
255
211
248
347
248
177
335
208
151
296
213
219
209
203
196
163
246
126
329
249
261
129
289
204
221
167
172
347
200
244
222
251
217
307
212
287
215
279
381
243
251
200
213
270
209
301
249
298
165
285
178
126
353
166
173
226
190
194
161
240
170
312
126
388
258
214
240
203
284
213
270
113
319
162
214
253
288
77
224
255
215
219
261
215
200
202
220
135
245
212
178
224
294
166
215
217
300
215
218
208
261
306
221
212
213
306
224
202
254
207
209
268
169
255
166
251
211
288
117
248
240
269
221
220
418
163
249
217
224
257
227
258
252
224
197
202
267
212
209
319
195
322
169
185
261
277
177
224
175
362
169
227
299
219
269
220
119
256
283
200
80
327
248
243
185
304
263
209
212
215
270
224
203
194
246
304
125
179
262
291
210
288
129
191
311
263
168
199
271
215
265
274
227
223
205
256
209
163
253
226
227
195
205
200
166
242
224
201
240
246
264
292
221
265
174
206
190
356
216
252
303
210
249
253
227
212
217
285
316
396
172
285
244
187
264
202
218
215
260
213
213
215
248
255
160
261
200
220
203
252
246
222
205
222
227
215
243
220
391
174
260
248
212
221
269
221
250
117
293
215
254
161
206
263
214
258
240
126
258
283
311
164
215
246
352
230
257
179
278
212
227
223
174
253
171
353
270
255
248
218
252
163
218
253
265
164
311
286
255
256
295
260
292
206
196
176
209
293
208
218
245
243
224
326
313
200
312
320
135
217
217
215
206
256
178
264
218
197
212
305
267
248
199
281
205
209
215
171
245
212
267
207
227
218
207
203
209
132
283
270
203
252
251
166
306
170
169
228
297
256
203
240
129
221
250
261
300
313
267
225
123
209
201
215
236
162
203
255
251
160
283
319
212
120
207
258
345
218
204
372
258
162
255
243
206
215
298
170
212
224
271
256
201
295
209
257
209
298
215
245
132
249
339
172
230
252
178
202
253
221
215
258
171
264
245
175
225
287
172
218
224
280
132
174
227
202
276
206
218
172
251
192
255
252
316
255
228
204
178
266
209
266
207
204
219
360
209
258
203
266
256
200
220
203
180
307
245
305
249
221
175
273
258
299
213
270
212
266
267
209
255
182
245
261
255
264
166
222
248
246
301
259
261
80
356
169
297
227
203
222
208
377
212
127
319
205
224
307
162
179
290
222
295
265
223
261
180
215
292
172
233
250
274
255
250
175
164
200
214
175
249
139
201
249
280
281
165
190
209
239
200
270
203
204
227
210
231
222
227
243
208
203
271
221
286
213
168
236
258
181
316
310
208
178
252
249
109
218
222
318
130
203
268
251
204
162
206
213
154
246
251
178
240
206
283
205
258
170
252
255
267
168
246
135
307
207
258
240
249
253
216
228
243
121
295
214
258
212
230
218
256
262
249
135
244
237
256
212
258
212
267
297
215
212
224
216
209
425
175
209
236
166
206
175
344
169
267
141
264
249
298
169
203
230
247
209
313
283
210
217
213
120
243
301
218
179
242
197
286
233
256
212
310
248
198
184
217
261
211
132
246
212
214
313
219
280
264
273
231
218
212
255
255
209
179
255
224
175
211
197
215
266
163
169
265
309
212
212
264
258
244
208
220
208
253
209
212
209
253
249
202
154
181
291
218
120
257
271
172
229
339
181
243
166
215
168
206
206
256
252
203
225
227
271
193
160
169
341
214
209
218
213
332
175
352
212
228
214
249
264
171
292
176
314
310
212
406
218
188
251
225
272
202
234
296
276
111
231
231
148
281
220
224
218
217
300
227
209
209
203
178
215
323
193
251
268
165
224
259
173
224
214
215
212
277
160
164
291
204
132
287
224
234
254
163
258
215
227
184
215
281
212
252
203
176
261
148
237
267
194
245
224
160
209
211
329
157
245
86
316
255
338
243
157
218
243
205
258
172
222
205
289
222
246
256
272
267
266
169
270
202
234
258
201
216
313
184
218
163
215
200
160
261
213
257
233
132
318
212
249
203
252
158
246
292
217
166
206
273
214
221
261
302
212
327
241
297
164
347
393
141
323
164
188
210
240
300
258
351
172
397
166
175
261
302
266
200
352
209
310
189
215
212
200
341
156
219
221
273
267
197
164
252
168
338
215
289
259
356
273
220
166
310
246
244
136
303
175
248
218
216
307
170
209
202
240
252
268
206
249
220
252
222
273
200
205
206
215
212
156
264
220
269
177
227
208
174
260
221
230
247
169
206
261
209
324
206
238
212
215
221
219
218
263
216
206
171
296
170
245
178
351
156
166
299
209
221
167
307
240
224
362
171
241
178
183
264
251
203
273
216
291
226
260
267
188
258
197
251
170
252
216
249
298
200
218
209
151
265
166
296
165
206
288
208
265
286
215
214
218
275
239
203
193
264
129
209
335
117
313
221
250
197
247
218
239
131
246
117
209
157
302
255
166
261
200
158
354
201
304
267
206
224
234
371
200
290
159
261
215
260
231
176
216
210
224
190
236
168
252
307
233
278
210
329
224
165
209
252
168
252
163
233
239
316
291
312
197
227
307
179
165
260
254
289
218
166
212
335
221
333
175
253
233
224
243
262
212
255
175
161
352
175
338
173
206
170
156
209
212
194
213
249
200
235
200
171
215
172
213
309
214
166
344
199
259
186
227
208
191
248
237
221
304
239
248
215
168
259
207
249
174
302
166
333
160
205
271
244
212
249
206
217
344
169
219
257
237
206
287
163
292
233
203
259
243
202
240
202
277
169
251
168
298
313
200
277
230
117
292
259
301
243
404
234
301
144
217
203
208
270
278
258
242
133
299
218
216
227
224
226
242
215
254
209
123
402
199
218
279
166
175
249
194
306
160
205
306
163
212
249
248
249
176
295
249
178
215
304
209
205
202
310
207
243
276
226
179
235
214
208
298
197
202
208
258
248
223
200
203
243
177
242
299
203
208
215
257
260
274
223
257
204
203
169
307
166
205
257
296
157
271
83
258
214
242
194
219
221
172
209
264
214
200
217
255
336
192
264
206
240
326
289
310
259
259
250
194
284
212
293
218
202
160
307
218
182
297
199
255
172
205
170
249
239
209
258
296
154
245
175
248
350
217
145
230
273
198
269
182
225
217
203
123
169
264
264
245
290
107
419
227
239
227
305
259
203
208
208
244
261
266
202
224
188
208
240
265
263
267
214
300
178
247
257
209
193
214
266
224
162
191
298
205
249
166
215
244
160
256
172
218
255
220
213
229
105
219
145
258
209
261
157
208
261
350
215
216
283
178
282
167
274
74
346
313
259
289
86
246
264
258
246
211
215
183
263
212
221
215
263
215
160
230
214
215
191
263
215
353
169
324
212
255
259
343
200
252
254
160
202
264
234
261
399
120
312
279
262
202
217
209
261
160
186
260
226
227
166
313
240
261
224
174
269
120
250
273
191
261
246
208
201
211
255
269
249
263
126
203
242
239
263
168
218
313
244
244
236
208
261
153
249
292
216
310
128
253
313
221
210
267
289
178
283
309
211
218
305
218
256
163
215
228
259
197
252
255
261
129
267
166
337
172
297
211
218
295
155
227
252
344
129
212
203
244
186
212
345
197
181
258
322
249
263
268
298
162
245
214
267
267
374
212
225
283
190
258
181
218
289
209
218
221
210
257
273
299
217
264
267
151
256
253
259
225
220
255
340
167
231
196
304
253
354
117
264
277
209
226
243
214
200
227
264
242
175
263
169
174
224
245
209
163
206
249
157
243
304
200
202
184
167
230
283
148
294
187
222
267
339
175
214
153
308
199
258
253
236
134
261
244
183
160
264
292
197
160
213
184
265
80
242
126
221
163
172
286
214
167
82
79
178
209
135
126
209
125
130
129
89
141
43
132
71
184
161
83
43
141
37
28
43
37
43
37
34
40
43
28
34
40
28
73
28
77
43
34
83
28
43
34
28
43
90
28
40
