1398
1426
1349
1405
1347
1300
1361
1363
1330
1273
1326
1359
1366
1342
1317
1332
1352
1348
1372
1338
1440
1373
1344
1202
1269
1218
1368
1245
1367
1367
1235
1367
1173
1351
1188
1352
1225
1371
1227
1373
1241
1341
1245
1356
1236
1298
1180
1135
1356
1276
1352
1198
1366
1257
1370
1231
1342
1231
1352
1206
1360
1185
1365
1235
1348
1195
1304
1364
1256
1343
1171
1357
1221
1341
1147
1347
1355
1313
1359
1324
1332
1345
1337
1335
1322
1355
1338
1290
1353
1197
1339
1198
1355
1234
1292
1330
1209
1340
1265
1346
1231
1305
1270
1372
1338
1219
1344
1321
1369
1257
1355
1268
1368
1249
1370
1326
1348
1312
1329
1359
1349
1347
1298
1348
1364
1313
1357
1288
1290
1254
1350
1362
1266
1321
1343
1355
1315
1336
1314
1374
1294
1361
1307
1274
1332
1362
1332
1349
1371
1356
1267
1324
1368
1346
1307
1363
1350
1342
1378
1343
1375
1363
1293
1348
1274
1342
1305
1372
1305
1367
1307
1376
1213
1350
1268
1365
1240
1351
1286
1350
1305
1348
1264
1359
1282
1348
1309
1230
1337
1191
1356
1302
1355
1254
1370
1310
1314
1351
1246
1350
1279
1369
1315
1340
1296
1339
1239
1378
1342
1249
1321
1272
1336
1308
1152
1252
1139
1206
1353
1298
1353
1374
1326
1271
1281
1370
1184
1365
1224
1309
1279
1292
1359
1236
1325
1349
1348
1277
1345
1280
1271
1382
1299
1351
1289
1306
1379
1301
1354
1296
1343
1262
1371
1237
1369
1233
1349
1256
1363
1236
1378
1234
1367
1274
1361
1286
1362
1356
1337
1308
1318
1265
1252
1172
1299
1220
1246
1283
1343
1343
1313
1338
1334
1359
1357
1374
1323
1339
1317
1334
1351
1318
1347
1366
1356
1321
1356
1237
1340
1292
1340
1330
1372
1373
1355
1352
1332
1364
1280
1356
1322
1362
1208
1362
1286
1289
1327
1285
1354
1331
1312
1323
1319
1276
1320
1339
1361
1304
1384
1350
1332
1359
1278
1305
1372
1299
1244
1338
1339
1259
1368
1291
1330
1356
1305
1349
1270
1359
1336
1271
1150
1199
1147
1220
1113
1146
1069
1076
1338
1256
1285
1292
1224
1336
1308
1321
1256
1265
1341
1268
1298
1249
1346
1277
1144
1342
1232
1343
1210
1284
1311
1356
1343
1209
1344
1284
1291
1278
1238
1261
1299
1237
1199
1312
1231
1316
1281
1214
1328
1239
1292
1280
1226
1238
1315
1200
1333
1234
1285
1353
1257
1341
1290
1323
1360
1250
1326
1324
1301
1333
1244
1357
1320
1244
1280
1278
1336
1253
1304
1352
1306
1232
1342
1257
1323
1357
1272
1269
1343
1324
1356
1242
1357
1277
1346
1210
1374
1218
1297
1263
1278
1281
1307
1255
1362
1199
1339
1193
1361
1249
1327
1347
1340
1344
1331
1336
1261
1348
1374
1262
1355
1312
1342
1336
1322
1380
1275
1377
1276
1350
1289
1341
1290
1367
1299
1371
1245
1349
1252
1367
1293
1354
1322
1348
1283
1382
1347
1340
1358
1365
1352
1359
1377
1322
1345
1369
1308
1377
1362
1355
1345
1363
1269
1375
1306
1363
1316
1308
1352
1348
1335
1343
1380
1307
1363
1239
1371
1259
1372
1365
1346
1277
1365
1345
1315
1346
1303
1415
1323
1351
1307
1260
1316
1358
1365
1366
1380
1290
1351
1266
1355
1330
1341
1330
1368
1355
1361
1271
1335
1321
1376
1253
1377
1187
1360
1275
1339
1342
1337
1347
1218
1369
1240
1315
1351
1291
1350
1270
1371
1270
1357
1272
1339
1262
1308
1343
1216
1373
1285
1353
1240
1295
1335
1171
1354
1258
1342
1201
1272
1318
1221
1229
1335
1277
1338
1292
1300
1368
1253
1278
1295
1361
1252
1367
1169
1344
1204
1357
1220
1349
1147
1348
1163
1370
1177
1344
1280
1362
1303
1376
1237
1350
1204
1378
1182
1365
1239
1323
1293
1341
1350
1359
1234
1362
1240
1321
1340
1262
1381
1275
1349
1261
1370
1303
1377
1309
1361
1264
1372
1231
1361
1242
1348
1267
1318
1359
1309
1347
1221
1344
1175
1351
1268
1351
1359
1311
1277
1311
1378
1337
1274
1235
1255
1327
1266
1262
1297
1355
1232
1362
1214
1351
1200
1355
1206
1337
1118
1343
1184
1356
1184
1344
1128
1364
1203
1344
1246
1373
1120
1346
1193
1322
1291
1217
1344
1189
1296
1289
1291
1233
1178
1211
1235
1233
1375
1204
1211
1367
1288
1354
1346
1230
1201
1353
1260
1314
1263
1245
1271
1252
1298
1264
1200
1342
1231
1260
1325
1159
1295
1195
1252
1213
1235
1283
1277
1235
1274
1305
1266
1331
1173
1312
1263
1348
1226
1255
1230
1354
1137
1335
1217
1310
1295
1255
1252
1274
1125
1309
1256
1144
1304
1175
1121
1318
1145
1249
1242
1183
1291
1286
1215
1348
1217
1297
1270
1248
1347
1311
1286
1309
1274
1329
1357
1335
1329
1346
1320
1356
1186
1341
1320
1360
1208
1354
1351
1307
1354
1261
1362
1216
1300
1262
1261
1295
1248
1235
1339
1245
1370
1220
1358
1243
1358
1235
1344
1280
1378
1336
1351
1276
1344
1271
1357
1156
1350
1218
1350
1229
1253
1373
1237
1302
1333
1236
1338
1158
1340
1139
1363
1207
1294
1277
1245
1252
1304
1361
1231
1368
1181
1325
1220
1346
1296
1259
1317
1339
1317
1385
1264
1302
1369
1253
1349
1288
1378
1306
1354
1278
1380
1237
1364
1149
1366
1136
1374
1269
1214
1330
1145
1346
1178
1339
1212
1369
1291
1326
1356
1249
1347
1218
1282
1354
1188
1364
1327
1284
1360
1193
1318
1304
1253
1355
1194
1342
1289
1362
1349
1265
1371
1197
1354
1303
1326
1263
1364
1358
1341
1370
1293
1366
1302
1378
1283
1354
1253
1366
1283
1285
1379
1244
1377
1259
1359
1296
1350
1219
1352
1305
1346
1298
1382
1271
1348
1263
1362
1279
1374
1318
1349
1323
1365
1347
1309
1351
1255
1362
1242
1363
1308
1263
1346
1357
1307
1320
1282
1362
1316
1357
1302
1282
1353
1303
1318
1272
1344
1305
1379
1376
1355
1354
1344
1346
1376
1382
1341
1338
1365
1337
1294
1366
1246
1361
1347
1370
1358
1371
1348
1331
1365
1310
1357
1346
1362
1370
1324
1322
1324
1366
1361
1380
1399
1334
1327
1339
1352
1347
1359
1325
1368
1239
1375
1244
1340
1270
1361
1269
1355
1234
1373
1247
1348
1267
1298
1339
1301
1354
1344
1267
1367
1343
1318
1359
1365
1346
1206
1376
1255
1319
1177
1263
1312
1236
1189
1291
1170
1290
1251
1278
1306
1221
1284
1319
1217
1293
1211
1267
1233
1181
1226
1327
1190
1224
1286
1106
1235
1283
1208
1360
1222
1317
1287
1247
1367
1316
1266
1234
1234
1320
1231
1291
1304
1230
1335
1259
1249
1263
1286
1166
1310
1207
1243
1332
1191
1296
1313
1191
1336
1225
1256
1376
1224
1308
1324
1256
1365
1205
1342
1223
1375
1169
1343
1213
1220
1369
1131
1346
