31166
30802
32659
38566
40565
27348
41399
41573
38840
42762
28787
37904
43144
39053
38812
40038
40843
39507
39117
31703
36571
41992
43642
43812
38608
40696
42956
42779
35488
42965
42644
38562
40568
42443
37102
41717
42267
27126
40760
43945
41991
36557
42562
45000
44313
43493
40532
38055
41376
42146
36608
42995
35831
42226
43027
36601
42331
42826
42117
39075
40173
43016
40833
38934
42229
42690
41257
38867
41691
43078
36399
43026
32342
42296
35580
41395
39789
39919
42268
41522
36615
42037
40806
38260
42918
42845
40870
39079
43256
42927
42847
40873
40187
41142
39764
43947
38816
43531
42041
39517
40020
41597
35741
42289
39777
39131
42024
39726
39055
42308
39742
41676
38962
40455
39386
40987
40708
41486
38906
38951
41331
39910
40934
41938
40260
39935
42505
41088
39660
40675
38669
41759
39648
40160
43104
38672
39961
42473
40436
39499
41148
39001
34269
38878
42161
38765
39021
40528
41809
37007
38924
38211
34936
42135
35076
41861
42150
36310
42156
35452
41673
35614
42073
41596
37057
41903
42125
36782
42153
40609
38403
42079
36959
40237
42115
37387
41097
38379
42505
40648
41921
38678
40552
43450
38806
40559
41726
42631
36623
41846
42637
36620
41417
38340
39227
41655
41456
37542
42096
38405
41036
43144
42476
38370
41048
45000
43198
44377
45000
42187
41640
40414
38051
37098
43101
41952
38965
41456
43946
41851
42662
39359
42352
41494
40181
40828
41407
38254
40870
42758
40874
40558
40325
42295
38476
41009
41782
38310
40285
38263
39977
41386
38326
40568
42206
37367
40821
38546
40823
41711
39552
40174
43505
41829
39299
42341
39445
39269
39780
40029
41278
43952
43975
43948
44310
44019
44726
37614
38667
38890
39262
38275
43149
38665
38894
39262
40284
41134
38667
38912
43508
38564
38528
37411
39957
38534
40664
42126
38175
39579
39571
40730
38829
39520
39119
42045
35506
42632
39085
39201
42250
38313
41163
41895
41490
41791
40870
40820
41481
39763
42513
41141
40541
40830
40248
40011
40682
39064
38095
40707
39702
40694
40475
42269
41369
40081
41263
39995
39833
41165
40196
40594
40699
42038
39456
39002
40283
43557
45000
45000
45000
45000
45000
45000
45000
43769
42440
40995
43944
41544
41917
42104
41444
41976
38378
43256
43914
39488
42446
41917
43943
43354
42753
42445
42888
41097
41493
42601
40899
38518
42065
43831
41865
41704
43900
42061
43953
43946
41449
43948
41912
43154
42960
41385
42059
45000
41376
43008
42808
43051
41439
42084
41777
42710
41129
40800
40422
41491
41528
40224
41446
40977
38669
42065
43554
42196
40357
41903
42321
42596
40390
40804
41783
39697
42757
40397
42210
42046
39419
41568
37722
42773
41750
37529
41364
41835
37929
41780
42838
42994
38253
43543
43152
42242
43862
41639
39025
42221
42371
42334
42843
36729
42961
39627
39469
39573
37725
42787
41432
41037
39622
39617
43362
38107
39393
39347
39251
41919
37555
41334
38182
41286
40062
38195
42346
35388
43133
35699
41953
43597
36735
40597
38745
40176
41077
39576
39320
39872
40555
38928
39158
38015
39136
38749
40379
41969
37369
40205
35632
38513
38447
37820
39128
40517
38324
40762
37764
40618
45000
32948
39790
38426
40861
40114
39537
41907
39498
39111
42432
37331
39363
40002
39676
42443
38894
39155
38067
39116
38095
39572
41067
41595
38923
40452
39549
40808
40730
37858
39301
39538
39629
40360
41112
40123
39848
37298
40454
41743
38501
41672
43187
38441
42123
40468
38371
39347
43365
37294
41220
42078
37700
43441
41669
39311
40130
41646
39332
39633
42446
39218
38578
41782
41756
37556
40730
43609
37710
40335
43469
41657
39226
40233
43735
39383
43906
40496
43952
42418
43495
43939
43402
39156
40530
43959
41940
44417
39929
40344
41286
43941
43048
39575
40206
42211
43223
36920
43396
42578
43242
42660
37891
42706
41459
37562
39993
37848
41387
41424
39259
40418
42461
42533
37974
42066
42425
42860
37673
42087
42509
37831
42620
42681
40882
37524
43659
40947
37186
41389
36735
41820
40144
37453
42544
41078
38800
42640
39667
42069
40680
39567
41882
40614
40208
40221
40675
40653
43498
40926
37734
42536
40353
42367
39691
39762
41651
39788
43387
43069
43959
39437
43425
40462
43127
43894
38398
38846
43044
39196
40163
43194
43269
43154
39199
40170
43031
42604
39302
40102
43022
42155
38914
41461
42686
44697
42234
43373
39940
44227
42989
41658
42459
43950
44788
45000
42047
43939
39106
43767
41732
41618
42764
39372
41910
41301
43668
41382
41356
41270
41343
43994
43477
44041
41399
43954
44548
41832
42754
40174
44563
43332
43956
45000
43394
42700
43940
42898
42441
42513
41693
42107
42527
43749
45000
21603
44949
42950
44432
43456
42708
42318
42247
43942
42159
41663
42053
45000
42679
43948
42720
45000
45000
42881
45000
41853
43672
45000
43168
43471
44139
38676
42599
43341
43904
41750
41102
42233
39926
42285
43403
37903
41445
40518
40752
39958
40262
43073
37763
40658
38869
42569
41391
42063
40715
38234
42035
43763
38961
42578
43161
44390
42785
41513
43955
41583
39138
42078
42239
36785
41983
39021
40149
40382
38027
41229
41762
37994
40898
42346
37755
41852
42976
39409
41297
42864
42301
43115
41110
39673
43823
42476
43705
41081
43419
41633
43949
45000
39606
42191
44375
41415
42263
38742
43962
42449
39898
41071
41937
41678
43669
40618
38666
41112
36126
43828
42216
39863
39135
42318
39079
38015
42917
35823
42268
40862
38787
42995
42800
43097
43330
42808
39115
43152
42949
43094
42460
41680
37552
42392
42745
38181
41728
43927
42456
43683
39435
43664
39089
42825
40078
43047
40183
41969
43419
39450
39764
42032
39293
39772
41925
39414
39754
41823
38365
40365
43593
39290
39616
37072
39250
41409
38745
38437
41917
37709
41178
43189
39137
40669
42333
41621
38592
42467
36659
41309
41463
37424
41703
38938
38276
42938
36903
41773
39938
37491
42151
37938
40791
38274
37825
40934
39760
39849
40303
38477
42877
43365
39892
40864
42143
42145
37451
40269
39971
40743
41421
39245
40313
40918
41631
38721
40747
43527
39965
38524
42595
37222
38980
38171
40302
37710
39492
38879
38221
38794
39941
37341
42543
39280
39282
41102
40721
38290
40198
40627
38461
38571
41084
37724
39407
39172
38007
37725
39425
40111
40469
40146
39446
39256
39996
39344
40003
40025
37952
39842
40881
39128
39507
41995
38435
40240
38480
39699
42528
38475
39461
42010
38647
40406
43580
42411
40012
42575
40057
39284
40391
39871
38654
40131
38560
40057
41392
40273
41774
40089
42924
39836
44217
42967
45000
41848
43308
44602
43930
42950
43993
43027
40181
41766
43070
44169
41997
44992
44877
43958
43941
43938
45000
41971
43813
45000
44819
43998
43025
41625
40381
42844
41712
43497
39694
41197
42874
42693
43081
43952
43889
43341
40770
43710
42259
41225
42740
43991
43818
43945
43415
42876
44529
42100
43208
39126
42767
42820
42906
43315
41709
38224
43180
40871
40208
40783
42836
42282
41394
38527
42958
42767
43341
43937
39266
0
