1164
1172
852
806
604
1057
696
722
614
630
1104
719
686
670
613
662
621
679
740
844
815
763
634
679
659
642
718
611
719
750
594
752
643
687
673
705
671
786
901
667
742
714
671
595
528
672
662
692
592
598
734
693
652
757
567
634
744
714
669
548
619
721
694
671
678
579
665
715
711
698
554
631
746
937
777
681
584
679
694
689
670
600
677
711
744
551
550
593
590
654
616
670
598
668
708
715
678
589
642
725
731
757
526
651
699
745
711
621
563
705
688
695
695
584
586
742
694
661
706
526
699
666
722
654
615
581
643
723
746
591
590
688
652
731
650
626
589
665
736
726
590
505
737
744
907
754
568
667
719
714
754
596
631
712
670
660
696
604
663
638
707
763
670
560
716
657
726
719
563
632
671
745
674
593
559
737
697
656
649
581
640
645
638
693
662
553
738
686
680
683
597
666
635
666
748
606
590
701
635
671
693
604
687
685
697
733
660
608
764
632
716
688
615
713
646
727
755
608
627
739
621
677
707
589
706
682
640
757
633
641
714
644
717
661
635
701
652
647
757
605
670
754
629
676
668
628
705
656
578
682
649
695
619
699
631
705
667
620
661
639
717
662
643
753
646
687
720
591
673
698
672
658
600
719
701
682
636
673
683
608
670
721
640
691
696
692
825
849
645
664
629
658
625
784
683
636
671
664
765
640
713
636
705
789
710
641
655
714
790
797
677
573
683
715
748
676
599
637
740
709
797
618
603
678
768
771
662
586
650
732
734
715
601
648
622
764
692
646
567
683
713
713
690
664
627
705
749
697
691
543
733
719
770
571
737
603
675
715
602
755
552
716
622
708
663
662
610
629
724
689
666
611
677
722
684
682
648
605
696
709
638
676
601
671
718
737
695
695
590
702
785
647
687
614
616
748
664
718
587
685
709
666
655
720
558
652
719
599
732
654
623
629
651
618
609
540
610
639
682
526
561
648
662
730
560
687
657
699
823
739
563
681
597
666
668
651
665
545
705
665
620
661
635
598
748
666
571
639
691
675
715
597
632
711
678
651
743
548
718
673
645
723
564
653
716
622
713
651
614
696
696
680
646
642
650
725
694
681
569
727
695
735
652
708
625
693
765
658
635
605
721
712
706
612
724
573
738
764
686
649
596
686
688
704
699
642
614
662
663
730
582
610
705
736
584
691
698
625
709
609
712
701
614
724
717
559
672
629
571
642
558
647
646
606
649
534
637
684
573
707
693
647
766
644
710
688
642
722
773
560
726
747
592
747
606
707
720
626
711
672
633
721
696
577
730
675
638
699
587
837
761
611
755
635
674
748
574
669
750
669
668
677
612
790
744
549
724
650
736
721
674
713
686
591
704
728
680
683
629
701
736
657
707
610
712
734
678
618
660
629
713
685
610
670
613
646
656
692
656
661
639
699
630
704
624
669
652
648
657
665
662
612
699
638
754
636
645
696
687
687
736
732
581
712
637
719
649
670
660
670
672
658
706
592
693
627
672
704
623
633
722
722
641
685
676
657
684
747
603
634
709
605
705
705
599
722
735
619
723
657
523
662
614
572
574
577
613
607
531
599
563
547
587
557
586
516
587
576
614
709
628
583
671
653
586
669
668
596
654
662
680
674
565
759
608
590
717
642
688
649
664
659
603
628
683
647
656
625
616
627
588
743
632
608
621
637
703
615
592
662
619
707
678
596
680
601
739
658
622
595
713
641
672
707
542
695
582
655
654
598
622
647
648
599
672
601
553
606
673
643
656
593
682
615
661
586
664
629
626
656
648
618
610
684
586
657
636
546
617
692
622
668
605
616
670
578
736
586
686
622
658
662
590
700
638
702
670
681
634
679
639
698
618
624
664
685
676
669
710
511
739
623
693
616
617
618
669
666
689
545
664
617
735
583
624
668
705
629
707
602
710
636
661
602
663
668
626
687
577
695
655
654
743
644
630
597
791
698
667
649
608
744
711
678
643
595
724
707
675
622
569
722
668
703
614
638
520
737
663
637
625
610
586
692
687
617
658
629
577
791
663
632
601
636
673
733
619
623
670
588
794
706
569
709
612
694
806
605
687
720
612
715
628
656
670
612
730
725
644
645
678
627
717
718
618
708
599
750
675
667
666
635
716
706
704
591
682
683
736
706
588
749
632
777
742
556
643
733
718
759
606
563
753
678
716
640
574
777
734
683
675
680
637
718
671
707
638
678
674
706
670
637
721
687
661
662
742
770
664
650
734
706
681
689
637
725
598
719
772
654
649
687
707
845
718
681
675
651
810
660
700
735
651
637
770
691
682
596
737
749
629
709
518
790
639
783
717
648
632
709
655
723
681
623
675
609
756
709
596
653
695
717
688
643
709
687
734
723
692
584
653
672
693
767
578
659
707
750
678
701
677
777
698
574
770
620
687
645
653
684
702
611
702
657
665
779
584
785
592
706
743
707
636
742
606
730
656
649
718
645
693
720
649
657
705
681
669
710
655
727
649
659
710
675
645
533
724
723
691
641
641
669
679
712
642
708
559
708
706
744
564
687
628
681
758
641
639
582
731
657
719
587
610
706
666
726
672
598
650
733
717
608
673
677
633
760
708
663
595
674
635
739
752
554
703
560
738
730
664
607
646
667
695
680
571
656
616
735
626
668
690
558
672
720
575
676
582
651
701
594
675
598
574
709
662
553
700
565
648
705
650
638
650
583
689
706
615
682
653
568
725
642
704
609
607
678
649
669
683
563
688
677
674
676
666
517
725
726
628
688
529
744
642
712
585
562
670
660
691
715
602
572
767
735
654
647
660
706
741
674
665
704
582
733
659
729
637
598
679
691
663
640
614
592
674
714
640
684
534
711
725
624
729
641
609
682
698
679
570
635
708
722
643
608
635
615
727
727
619
647
620
732
763
608
628
643
819
740
615
620
745
658
725
718
610
598
651
811
718
596
634
702
687
712
567
693
656
727
644
642
675
639
725
571
746
682
655
635
734
655
672
646
526
753
611
724
727
655
624
703
636
667
635
610
685
729
612
684
643
703
637
624
712
637
559
660
662
581
698
565
668
671
622
701
621
593
662
664
730
675
558
689
756
665
662
682
523
714
687
672
741
474
674
676
632
741
518
626
692
669
720
634
604
595
716
717
644
610
633
681
727
673
723
559
589
742
631
632
561
635
682
672
625
562
635
656
695
594
558
695
655
608
687
675
599
568
676
672
524
635
575
593
705
513
641
594
670
689
641
654
615
622
710
681
633
621
633
704
705
604
672
642
661
625
588
705
708
590
594
718
636
633
627
603
601
633
634
683
567
650
643
634
707
555
605
695
631
600
688
566
610
714
602
677
543
630
633
597
672
579
552
630
694
530
634
673
594
608
676
602
662
602
638
632
683
644
609
572
725
632
675
639
566
689
192
1127
634
581
585
674
631
631
590
644
561
725
602
657
615
665
662
579
655
663
588
706
625
631
588
635
578
626
577
732
549
582
622
561
772
568
525
646
567
592
636
640
501
604
695
545
695
663
491
647
639
614
641
633
580
675
699
609
610
684
639
655
636
631
587
615
735
610
660
654
665
581
661
677
693
582
649
714
653
659
663
711
660
630
779
600
603
714
700
691
616
640
644
735
702
651
671
612
713
749
570
696
641
652
696
646
735
654
607
701
651
720
620
610
688
630
630
671
559
579
702
682
636
564
708
529
769
646
641
557
692
693
754
654
654
549
770
696
697
615
653
693
730
657
700
710
627
737
704
669
689
582
718
697
728
667
551
621
739
736
588
638
649
688
686
660
610
653
569
681
730
602
699
573
651
648
707
623
575
617
682
694
529
626
713
624
673
535
691
597
632
651
614
598
599
675
606
636
687
599
615
692
622
735
583
603
714
651
730
685
555
609
685
646
647
660
644
681
601
662
651
701
609
690
657
679
712
560
662
760
653
761
572
593
683
714
740
635
577
698
708
749
796
541
649
698
772
719
665
541
697
696
698
698
528
656
704
674
735
533
525
756
617
667
693
580
517
747
663
672
568
601
690
763
674
650
568
645
657
779
663
655
592
665
674
637
728
613
538
727
675
635
645
559
656
670
724
576
674
566
753
653
709
645
556
740
585
730
620
605
594
699
716
669
635
556
750
663
639
689
689
634
706
634
703
646
597
719
678
718
668
672
627
707
628
685
598
639
759
609
766
701
690
659
746
684
722
637
687
656
717
732
685
671
609
712
639
755
603
614
682
677
718
671
568
707
626
732
668
544
758
681
718
763
524
720
679
705
746
629
554
750
710
745
667
596
708
708
705
674
672
596
712
707
706
678
561
750
723
706
686
657
651
750
722
728
678
629
654
696
719
671
673
586
696
664
695
625
617
697
627
732
625
662
599
706
668
644
697
617
774
673
670
677
640
642
637
721
681
643
664
675
678
670
711
560
672
680
710
676
665
547
763
606
712
718
579
689
652
788
709
710
620
774
657
702
770
571
763
654
710
744
642
683
768
668
766
638
644
754
655
679
720
648
648
753
642
680
678
595
773
730
645
639
678
679
733
719
649
774
609
724
665
735
749
594
734
744
711
710
696
614
789
654
667
677
676
688
674
641
724
629
728
719
619
730
665
770
675
646
718
659
688
689
695
651
764
623
650
727
694
671
713
596
683
725
631
768
608
639
715
681
695
648
620
729
720
632
702
644
647
680
638
687
630
599
689
693
612
642
639
734
651
658
639
708
651
687
727
611
738
678
634
738
693
651
623
659
745
707
605
677
678
620
688
636
683
596
641
607
724
551
676
588
580
619
676
553
636
631
665
616
577
626
628
524
759
594
567
726
612
669
598
641
598
722
595
658
585
662
593
709
624
545
604
540
684
652
537
638
686
542
682
637
508
661
622
621
699
583
521
596
604
718
594
561
634
604
690
666
592
671
637
651
642
707
561
680
611
713
680
603
666
653
575
658
617
619
630
611
685
618
594
596
702
596
741
609
647
628
590
668
693
538
577
657
660
664
583
578
621
621
652
651
583
593
596
732
667
631
517
652
653
675
631
620
601
632
735
648
640
566
659
666
696
672
528
638
650
706
734
641
645
596
716
628
709
579
638
646
768
674
649
519
701
659
702
620
634
590
624
695
696
593
589
