556
244
220
135
392
411
107
253
64
226
189
364
232
209
184
172
139
138
218
100
222
220
410
196
215
183
147
142
207
149
130
227
65
259
71
210
115
252
111
143
229
187
531
148
226
73
181
230
134
184
135
224
105
226
142
188
110
181
174
139
149
219
147
138
217
139
223
28
209
144
170
147
189
185
102
255
111
180
112
432
328
110
225
143
228
112
227
187
152
153
138
182
150
194
176
150
136
227
138
149
113
186
189
145
193
183
149
184
194
148
149
111
225
151
183
151
218
150
189
184
140
186
75
184
182
187
151
223
150
185
190
109
232
71
179
196
186
146
217
115
220
145
140
191
113
214
148
187
150
208
111
308
313
225
235
119
178
148
217
115
257
67
218
191
149
223
336
36
261
114
253
66
230
150
140
144
36
268
73
255
69
265
74
181
182
102
188
113
206
72
292
68
256
113
146
216
104
231
33
286
74
262
103
252
67
184
181
116
224
36
271
104
267
109
268
70
193
186
109
222
73
264
66
298
70
262
105
160
185
108
252
334
37
290
67
255
108
109
252
72
253
37
256
105
252
99
254
73
185
173
72
255
37
297
68
234
136
231
133
115
215
107
259
35
265
103
276
69
225
136
157
224
31
283
33
294
74
287
69
185
181
110
259
71
225
67
265
106
264
102
226
109
147
446
148
317
26
265
100
254
100
218
142
68
328
27
286
32
248
99
222
133
191
139
98
258
103
221
36
296
67
264
109
193
217
72
307
77
215
69
238
108
220
136
145
217
74
299
72
249
224
108
153
142
138
188
101
228
67
217
32
218
105
144
178
105
218
73
293
70
171
110
224
110
217
146
152
215
76
299
73
252
33
220
144
154
181
153
179
147
227
108
223
69
269
72
258
105
145
216
34
342
31
292
38
281
109
153
215
77
277
71
300
70
307
301
68
151
224
83
295
32
322
35
256
71
228
137
156
215
79
256
69
298
68
256
64
224
105
145
226
78
294
35
328
31
322
221
139
142
216
76
252
70
297
69
250
65
222
113
175
183
76
280
32
328
35
292
75
174
141
114
256
79
256
70
247
112
257
72
256
74
186
180
77
244
77
291
78
251
36
268
104
186
177
104
246
72
255
106
212
103
219
66
218
141
102
258
71
283
72
239
33
284
77
180
173
76
295
33
329
29
255
71
220
111
222
141
107
258
69
283
69
211
76
243
113
218
139
30
325
34
319
29
246
77
211
147
182
154
72
284
70
299
70
209
78
254
115
211
147
68
295
26
315
26
238
79
225
141
148
210
368
294
69
262
107
109
257
111
235
32
520
67
306
117
255
111
180
187
81
291
330
39
263
117
180
150
232
186
108
179
113
299
80
253
117
212
155
103
233
102
179
108
223
116
247
117
248
80
186
147
146
172
115
218
150
209
149
179
159
116
174
146
173
113
220
148
218
109
225
77
252
113
180
153
117
292
116
229
108
254
72
227
123
178
137
113
268
76
287
76
216
66
226
140
200
137
114
266
79
287
79
265
33
258
98
158
217
77
255
74
295
30
330
260
104
119
253
32
287
72
267
114
210
36
225
147
186
180
30
324
32
289
72
213
109
186
180
72
249
69
257
106
214
141
179
70
251
106
145
172
106
249
104
208
108
182
138
176
141
176
136
141
182
179
182
108
215
114
216
141
104
220
79
245
109
230
145
223
108
200
146
155
145
146
225
119
226
142
187
147
191
142
108
215
68
264
110
219
143
149
115
222
143
144
148
147
230
103
259
71
233
108
185
144
110
187
140
226
104
224
138
152
181
101
192
136
156
188
182
110
271
71
232
110
190
183
112
190
114
260
114
229
115
221
111
193
151
120
224
111
229
162
222
151
156
115
229
149
149
185
116
264
115
220
156
143
148
187
145
185
153
156
213
117
263
120
179
108
149
229
120
222
114
251
117
228
154
145
110
223
159
147
189
147
227
116
256
114
183
110
192
181
114
215
108
220
149
179
182
148
110
178
176
144
189
114
221
143
214
157
184
106
182
182
110
216
116
222
143
185
198
147
143
183
112
195
141
142
227
161
218
107
259
68
190
191
111
183
147
186
189
189
141
152
148
190
145
181
153
155
219
141
220
149
142
148
142
188
148
179
150
188
175
180
145
214
104
146
195
109
188
150
224
150
224
157
149
139
151
183
155
174
149
189
187
184
185
111
184
110
215
154
148
181
184
196
104
179
180
148
146
179
146
149
189
180
178
145
228
133
141
144
141
183
101
218
139
212
104
256
105
137
142
143
220
110
213
143
180
140
147
218
104
185
183
110
174
194
144
218
145
186
147
107
215
115
221
108
176
178
149
176
185
149
142
147
158
211
114
227
137
189
155
181
180
103
189
191
113
177
153
225
148
216
155
154
141
150
192
155
145
182
196
158
182
145
226
105
192
138
147
185
154
213
112
215
144
184
146
147
213
123
180
107
252
101
189
186
149
180
76
266
111
185
148
218
138
185
151
144
153
146
230
113
256
71
187
187
148
179
150
147
146
149
232
142
186
158
113
224
105
223
109
155
222
147
188
155
188
181
107
185
200
114
183
144
192
154
197
187
150
157
189
325
72
270
149
243
178
147
272
108
197
143
188
141
139
150
225
143
142
179
156
179
186
103
181
139
147
221
109
177
193
264
141
152
224
109
189
154
144
180
149
224
76
214
148
233
121
188
113
186
193
106
271
65
269
73
224
114
195
194
201
200
118
228
81
274
119
261
34
225
165
158
232
109
278
31
280
119
269
84
160
234
70
266
76
328
79
265
32
309
75
197
200
113
272
37
365
32
304
71
263
78
143
233
110
264
65
310
30
293
75
260
78
147
225
72
295
31
337
31
263
107
264
74
145
221
117
258
29
328
31
254
111
218
108
148
226
116
296
83
293
316
74
222
146
143
229
76
294
36
339
351
34
233
142
156
225
75
306
29
305
30
274
112
194
152
119
270
111
224
34
350
32
182
151
195
152
150
228
105
265
339
35
222
149
188
190
74
228
147
232
74
270
30
304
76
225
150
80
298
81
224
75
230
146
186
112
223
153
70
301
30
301
31
260
110
188
146
226
145
70
263
80
263
74
264
76
240
147
192
190
36
318
70
236
72
228
160
234
150
158
198
74
275
108
231
74
237
108
263
118
229
156
30
336
35
239
117
260
73
262
115
153
230
36
346
31
229
115
186
196
186
152
194
193
31
264
105
185
147
188
146
240
141
177
148
75
296
30
186
188
180
190
188
70
217
144
112
265
108
187
147
179
111
254
69
222
151
106
220
147
146
106
255
71
256
106
220
148
112
223
118
182
108
260
70
262
118
185
150
115
229
113
223
115
251
117
174
157
218
116
111
219
113
226
110
222
115
222
154
183
155
108
229
69
265
113
226
111
181
154
193
186
108
233
69
253
74
248
112
221
116
218
145
74
264
71
220
111
261
110
185
146
187
184
75
261
36
257
112
265
114
184
146
230
156
77
265
77
230
112
267
78
260
114
234
160
32
348
38
239
112
265
77
234
160
144
238
69
224
77
268
114
266
77
221
161
178
158
108
191
150
190
76
262
119
194
164
225
77
115
238
120
232
80
277
116
185
167
110
204
156
235
81
227
74
279
120
178
162
237
80
116
265
74
191
153
214
78
266
119
194
159
77
227
150
189
77
298
76
184
152
145
225
62
158
194
147
151
231
108
225
115
197
114
165
222
113
201
115
230
74
188
111
191
152
79
267
78
185
113
200
110
177
113
112
235
71
261
33
229
74
261
33
185
144
145
187
79
262
33
227
70
184
109
150
187
106
217
74
233
115
237
70
148
198
149
187
153
232
68
261
107
115
192
140
122
224
113
192
191
152
184
116
197
193
230
154
193
237
190
160
114
266
74
229
66
185
193
138
154
187
193
105
213
77
195
105
175
182
149
185
110
215
109
280
65
188
141
181
181
153
151
138
214
35
342
30
179
138
151
185
173
147
105
253
33
218
143
188
180
141
190
145
185
106
180
148
154
107
256
110
153
220
74
222
144
217
80
182
155
145
178
151
189
112
225
113
270
74
186
178
116
186
111
221
105
269
106
188
141
153
108
259
104
152
225
109
220
148
149
151
140
229
113
154
186
189
194
198
117
225
116
183
160
80
227
147
220
115
264
30
226
140
66
238
104
228
113
225
115
261
113
156
180
106
199
110
230
105
229
151
216
111
101
184
182
146
143
190
70
301
77
221
117
227
152
116
230
107
225
81
222
159
186
194
108
199
101
186
120
264
113
222
153
149
193
65
227
148
230
27
300
74
225
150
180
161
105
239
99
242
71
263
111
227
157
184
189
31
276
100
193
149
188
159
218
121
233
151
71
271
110
240
107
186
119
233
158
189
150
149
243
74
275
69
222
118
232
153
145
226
39
284
105
230
109
185
147
185
188
150
222
36
304
71
230
107
196
152
171
184
188
188
69
252
75
232
106
190
189
156
188
182
156
111
231
66
282
75
259
113
196
191
184
184
70
241
104
262
27
259
120
227
155
145
218
69
232
108
231
106
233
152
181
113
222
108
144
221
74
288
81
247
116
179
183
155
141
102
223
139
225
103
212
113
215
146
186
107
138
219
106
258
76
173
181
143
219
136
105
141
181
150
176
189
172
187
145
223
143
110
136
186
178
146
182
176
182
144
216
147
106
143
153
214
149
188
182
181
151
184
193
72
177
155
185
186
183
185
176
148
181
180
108
136
152
223
159
181
184
183
158
183
185
73
176
116
210
116
186
151
179
114
141
186
78
219
77
188
154
184
148
147
148
187
148
66
155
149
186
148
185
147
157
148
189
109
74
225
115
190
147
188
147
185
115
78
223
73
258
74
195
143
184
153
159
105
157
143
121
199
190
188
185
154
222
123
145
158
181
154
233
151
190
183
198
183
187
67
112
145
226
218
156
151
217
155
217
120
138
158
147
194
188
184
155
229
159
221
116
132
158
145
182
190
186
159
215
158
173
192
105
113
189
176
187
184
154
213
151
178
160
108
186
139
179
194
188
148
172
203
179
111
136
191
152
180
183
187
154
172
197
140
229
61
144
190
147
225
140
200
170
186
177
154
100
149
177
142
220
134
194
173
154
210
83
219
107
186
140
196
177
152
208
153
170
195
67
146
236
222
195
175
152
184
231
185
155
141
193
113
217
156
220
153
142
233
143
108
179
188
121
177
192
173
119
255
117
185
233
27
221
109
217
113
254
113
226
148
184
144
105
227
70
259
117
213
149
149
228
142
150
182
192
79
210
158
221
192
169
195
111
260
33
219
149
142
201
182
148
184
153
201
137
150
148
199
183
197
178
195
154
185
193
105
185
182
109
222
146
227
119
222
147
189
181
117
177
107
215
155
214
111
234
156
151
178
153
146
118
254
116
298
110
150
224
114
212
70
253
82
251
106
251
114
174
188
106
217
69
256
76
249
115
258
114
220
191
76
330
32
227
114
255
108
248
114
138
177
109
245
67
247
76
219
152
173
148
178
189
106
255
70
263
72
211
158
171
143
217
145
107
211
103
180
139
170
174
178
151
137
139
177
176
144
178
139
178
149
211
109
211
146
111
215
112
216
111
208
152
176
105
219
146
151
150
183
141
187
181
181
136
151
183
151
145
176
151
223
111
176
146
182
141
186
186
147
171
145
180
147
141
179
146
173
186
146
178
138
150
180
151
175
142
145
220
146
172
149
170
112
252
69
182
187
185
143
184
117
225
148
144
228
70
224
152
181
153
221
116
146
230
110
234
113
190
191
146
151
229
153
148
148
188
201
119
219
113
233
158
219
78
151
230
113
261
71
185
186
187
150
189
102
149
188
153
220
108
156
226
150
177
188
106
190
180
145
148
178
185
147
185
144
217
74
184
188
106
258
69
216
151
179
150
217
106
146
221
110
250
70
182
182
148
179
180
111
185
150
172
156
171
189
183
152
181
109
146
178
188
177
187
72
226
153
217
117
192
149
112
260
111
267
71
183
198
149
144
185
183
115
191
178
159
156
182
151
223
156
138
158
139
232
108
259
73
220
150
151
180
152
188
105
191
178
190
141
149
152
220
75
255
108
177
156
153
179
147
217
154
212
149
75
223
109
192
189
159
192
153
222
148
161
181
120
181
151
222
160
156
182
112
198
70
185
149
110
236
110
119
188
110
226
111
158
106
116
181
160
151
194
72
148
156
187
116
109
152
153
186
113
155
141
111
191
154
111
145
112
190
110
143
147
109
184
150
111
179
110
105
144
148
141
186
103
152
145
141
110
179
78
177
143
110
148
141
108
150
142
72
214
117
182
120
148
146
162
181
116
192
143
189
176
152
110
213
144
66
260
112
136
183
111
223
145
139
205
111
189
141
145
148
143
187
138
181
154
141
148
147
223
104
187
144
152
184
104
221
136
153
135
180
185
75
228
219
149
149
151
179
186
115
155
212
74
189
182
201
178
157
109
193
140
151
142
179
109
227
149
147
185
106
158
180
189
230
72
193
184
187
76
272
105
190
140
148
177
105
190
179
176
69
193
183
149
173
112
195
139
191
140
185
158
195
139
152
152
174
188
110
175
110
214
144
148
133
224
71
179
176
76
255
111
188
105
181
105
194
179
104
257
70
184
182
187
76
224
143
156
144
144
214
110
194
100
222
112
145
223
106
220
108
182
143
173
148
221
72
142
224
105
216
108
185
148
175
102
233
108
145
212
115
193
141
220
68
222
115
182
149
148
215
159
155
180
188
69
260
111
140
219
147
187
142
173
103
220
110
180
185
175
75
151
262
113
218
111
103
228
149
152
216
111
157
179
149
184
142
223
68
178
178
109
181
185
138
182
144
108
215
106
174
183
177
112
112
244
118
171
142
102
210
135
186
180
104
143
213
109
174
142
180
112
209
138
134
176
142
138
136
170
178
179
70
209
137
176
105
142
198
99
181
171
102
143
202
110
282
70
188
170
67
209
146
221
102
178
149
140
186
109
169
154
138
212
144
173
149
140
217
113
114
208
114
182
176
105
151
220
147
137
140
161
183
136
182
141
225
69
174
187
105
181
147
168
146
178
145
173
142
149
176
110
170
145
170
140
151
214
106
142
218
111
144
141
179
184
99
174
176
178
107
148
133
149
178
147
209
74
214
146
181
142
142
177
153
141
153
211
67
228
140
140
207
109
188
138
135
146
207
113
175
166
73
241
115
140
182
182
150
213
69
184
180
144
213
109
185
170
143
112
255
103
102
216
154
177
144
183
99
227
108
219
110
144
217
149
184
141
152
156
219
102
217
108
151
217
140
190
139
192
111
221
107
233
151
142
150
182
189
150
194
137
195
109
219
107
144
185
139
221
106
185
142
176
150
216
104
145
182
187
184
102
230
75
224
147
227
111
188
141
154
181
148
177
149
189
101
262
66
155
215
66
220
141
187
182
184
105
214
111
184
177
66
257
113
175
149
170
186
138
148
136
177
148
177
107
259
101
194
106
141
221
67
228
142
219
99
220
107
141
190
98
217
73
252
113
176
133
227
72
185
176
182
183
62
295
30
187
181
137
227
70
218
146
230
65
256
65
186
189
102
251
71
196
190
139
108
261
116
104
222
151
183
148
146
224
71
221
142
193
110
214
147
181
153
72
291
77
184
140
184
146
142
198
180
139
114
260
107
136
185
179
146
168
105
147
207
109
253
114
141
178
176
112
214
144
172
148
104
221
148
226
148
212
146
184
116
189
142
145
223
111
181
149
226
32
293
73
224
192
140
224
102
223
111
182
111
254
76
267
113
184
225
81
260
32
290
75
219
151
226
109
143
224
72
267
33
297
76
256
110
192
185
108
220
73
271
114
215
115
263
106
150
179
153
222
30
258
72
216
150
175
151
185
191
31
263
71
265
114
181
111
250
117
226
146
105
217
35
261
106
206
113
214
119
183
143
114
257
252
117
214
145
102
229
140
183
74
259
31
254
107
183
142
184
153
148
181
119
217
29
328
249
113
211
110
181
138
183
176
69
291
29
208
110
174
184
181
106
142
216
156
208
29
289
30
293
117
179
193
105
181
148
220
117
141
114
251
115
141
226
110
260
69
257
30
221
150
139
154
213
150
104
257
29
291
29
248
109
172
192
141
220
105
150
186
178
104
218
79
300
119
178
188
105
227
106
259
29
301
76
148
214
106
192
188
158
178
155
112
228
155
179
123
218
156
145
278
105
273
30
186
193
136
201
148
155
214
159
183
197
30
255
117
222
152
107
225
139
187
145
148
148
170
108
221
111
216
148
186
191
146
186
80
216
127
221
157
186
151
223
156
102
272
264
117
187
193
139
233
113
187
136
181
108
214
115
220
115
217
156
145
262
111
191
103
181
145
180
187
181
153
178
149
149
226
66
213
158
185
185
176
151
152
187
107
227
106
218
159
216
110
172
190
76
256
104
220
114
191
182
140
185
186
186
108
221
107
259
74
183
180
145
190
148
220
115
225
116
180
153
115
269
117
226
151
229
31
281
107
155
205
112
236
152
196
156
233
76
277
34
228
152
155
233
113
236
71
313
77
154
159
157
221
71
308
31
337
32
271
79
222
145
72
270
72
305
71
302
29
299
75
183
148
78
293
36
332
30
300
71
217
157
150
145
109
256
37
303
76
255
118
182
148
147
229
33
310
71
266
121
197
157
184
187
115
220
115
224
107
219
109
231
153
180
185
153
145
153
219
111
184
155
222
148
186
150
142
184
103
266
108
221
115
140
231
143
189
146
153
181
181
115
175
194
140
225
143
189
108
184
184
185
151
111
225
141
188
189
187
148
114
184
158
222
153
190
151
158
227
119
189
118
194
195
187
157
195
188
154
224
109
158
159
229
154
179
157
151
197
157
223
148
195
118
187
197
183
152
149
188
194
182
152
152
154
177
145
152
183
187
149
197
180
153
182
74
268
74
263
105
242
146
156
219
79
260
29
269
105
194
184
157
224
153
185
116
245
73
233
147
246
112
246
232
163
193
153
200
75
238
159
200
151
201
197
117
193
194
182
73
194
183
244
180
151
185
203
112
195
147
71
278
112
266
119
229
150
113
222
157
223
71
266
68
269
154
149
189
111
232
143
196
73
269
109
222
152
183
184
68
272
72
228
156
181
185
185
189
143
149
140
188
183
181
144
192
115
140
112
142
155
71
230
325
220
74
265
71
220
180
188
186
114
216
108
270
74
226
113
226
154
182
181
106
221
146
156
177
155
105
191
195
181
155
138
240
146
194
103
229
138
150
185
141
193
179
119
175
187
112
188
113
219
152
188
188
73
254
109
264
69
259
115
144
192
107
233
112
264
116
229
77
232
139
110
227
108
269
68
234
143
237
109
145
190
112
202
196
179
201
188
110
268
75
149
233
150
191
74
299
79
306
72
226
114
160
185
116
155
187
195
107
267
73
218
105
189
190
153
152
146
232
116
264
73
197
184
115
227
121
147
155
227
115
243
113
231
114
242
154
115
196
165
193
153
228
78
233
152
205
237
74
266
113
151
238
151
154
189
195
114
189
153
109
230
151
199
181
75
270
114
152
224
73
190
191
156
186
146
148
193
149
114
188
184
154
184
153
114
274
71
234
153
75
263
111
114
238
149
192
195
75
234
144
197
193
75
191
233
199
111
227
119
228
115
113
234
159
150
233
117
153
242
71
229
117
200
151
201
195
111
227
151
203
111
233
117
157
204
149
193
192
153
195
152
102
232
111
191
188
113
229
145
154
194
154
180
113
151
196
159
223
149
178
153
179
155
149
192
145
154
193
147
184
185
195
110
229
108
193
160
145
192
151
204
181
159
152
205
114
196
157
155
163
186
156
199
191
153
158
160
188
150
148
234
142
151
191
154
187
150
149
231
75
231
113
228
106
181
186
67
265
72
262
106
153
151
226
109
148
232
30
297
75
237
106
148
188
145
233
66
312
27
269
107
265
72
188
104
223
161
144
198
114
233
115
172
193
110
195
180
184
114
225
112
219
112
190
146
176
153
224
107
146
225
72
295
72
221
111
249
73
227
148
137
228
33
335
30
252
119
149
190
104
269
115
178
116
251
74
217
73
270
112
150
224
126
249
38
302
75
222
148
214
75
193
175
103
260
30
293
74
207
148
143
147
179
179
142
216
76
276
37
217
109
218
148
120
254
79
216
116
250
115
180
159
208
110
123
265
105
224
76
263
112
212
109
181
155
144
231
110
224
76
263
116
191
154
176
164
144
224
70
246
71
212
158
171
186
149
146
145
184
193
181
74
290
79
299
114
145
193
149
173
193
184
81
281
31
251
113
183
139
151
226
111
257
71
268
71
217
70
220
145
179
186
186
177
30
340
34
285
35
187
181
189
214
110
143
157
212
28
367
33
252
71
185
174
190
172
27
286
32
297
28
222
108
228
151
191
140
155
217
71
295
75
217
108
212
149
134
185
68
284
35
322
37
174
183
118
206
140
179
106
172
150
252
106
152
216
141
179
151
146
155
174
74
256
112
258
78
233
142
149
148
110
181
114
213
155
189
144
151
227
79
224
72
191
145
227
77
218
153
198
148
74
233
68
225
116
264
70
218
140
150
179
113
143
108
223
107
228
77
213
147
152
194
116
185
70
256
74
224
146
141
150
219
143
71
220
69
184
183
177
111
220
113
218
119
106
223
35
262
113
195
112
230
159
104
233
112
192
77
216
149
187
119
219
120
183
198
79
225
72
227
109
227
117
215
112
146
224
82
184
107
233
154
225
110
184
163
183
153
145
184
71
223
81
261
74
223
158
141
155
112
225
83
266
73
273
107
231
111
151
180
75
307
37
183
110
267
109
193
180
111
156
145
216
70
229
150
186
185
153
111
216
112
115
259
68
200
152
224
107
229
108
157
143
182
183
81
288
36
264
111
157
199
190
146
69
296
309
73
297
33
223
152
31
306
65
264
30
256
112
224
154
189
151
108
264
330
37
257
109
144
155
191
143
111
253
82
257
31
256
65
224
147
80
292
31
255
67
262
77
142
145
191
173
154
192
143
193
27
337
35
305
74
191
176
152
187
107
272
311
67
195
185
152
227
119
228
72
260
33
276
108
153
185
192
160
182
154
155
280
30
271
113
231
118
186
197
158
224
77
206
74
273
116
193
157
199
114
225
161
30
337
33
278
107
149
190
187
200
108
155
147
191
121
261
115
191
139
183
119
253
109
108
264
31
271
102
194
158
181
149
102
226
64
262
66
227
147
191
136
189
143
137
176
110
223
74
224
138
232
71
229
135
154
187
67
268
29
258
108
224
152
191
108
147
230
30
331
29
185
146
231
107
230
148
76
269
73
197
151
236
104
229
144
160
148
180
157
76
292
75
230
101
227
115
228
149
111
201
66
310
32
261
114
190
147
110
268
36
327
262
106
148
183
151
225
80
257
111
154
107
262
109
144
149
197
147
151
221
107
203
32
338
31
190
190
188
150
188
192
30
304
31
311
34
230
150
182
195
111
231
115
233
32
225
152
189
157
155
225
77
297
35
270
103
191
115
225
158
121
220
112
227
75
261
75
329
145
121
224
157
229
80
254
76
196
143
204
146
118
272
118
189
157
225
81
231
112
191
184
109
232
150
184
115
260
82
186
111
222
147
149
176
117
221
148
233
38
234
196
148
224
107
276
108
218
110
222
142
113
152
215
150
108
260
67
223
143
223
72
235
148
140
224
106
233
104
196
148
110
183
155
159
187
150
119
264
114
113
267
110
228
106
155
231
143
149
190
137
157
188
145
184
149
140
185
116
189
182
146
157
231
108
184
150
120
188
194
113
242
145
188
153
187
154
147
153
192
186
67
267
106
227
115
186
197
115
186
183
162
179
157
103
224
151
112
182
192
76
177
190
74
310
71
216
147
184
156
185
77
232
142
116
225
150
232
110
226
116
194
151
185
116
223
124
152
211
149
151
183
181
110
182
154
144
174
152
188
150
214
120
142
193
73
219
116
179
186
193
118
259
83
222
156
73
180
157
193
154
223
117
181
152
218
120
144
146
156
188
204
176
149
225
78
178
191
70
176
150
181
151
221
111
223
119
175
146
111
182
111
216
112
211
112
210
112
171
160
66
212
151
143
186
176
77
250
120
176
191
69
186
148
173
152
215
83
248
116
138
145
149
181
112
241
115
224
116
244
77
175
112
153
206
113
212
113
249
79
244
78
263
70
158
182
75
306
32
335
33
260
106
113
178
152
225
34
341
75
294
78
301
74
178
149
116
213
73
290
31
253
117
223
116
217
71
151
214
78
264
71
305
65
266
70
113
229
108
225
72
258
65
312
31
326
31
145
221
70
191
140
228
106
265
31
304
67
183
111
140
189
106
260
66
300
35
300
66
113
220
112
219
66
256
69
288
70
254
67
193
146
154
181
78
298
35
256
115
215
115
229
69
182
183
75
295
34
302
68
265
72
112
225
106
265
35
305
69
227
109
269
69
154
179
154
212
79
271
71
297
30
233
154
111
220
115
227
70
252
112
265
36
302
66
187
144
153
179
111
252
30
301
66
262
104
72
184
144
222
32
330
36
222
151
145
148
108
229
69
216
112
224
111
149
189
143
195
67
258
73
183
111
249
74
218
148
113
213
108
189
116
215
74
212
146
141
218
69
258
109
103
152
221
116
139
188
106
239
143
152
152
107
159
184
196
148
159
179
113
223
109
74
272
110
181
112
263
116
104
225
145
112
188
107
152
226
116
179
146
142
152
179
190
73
112
191
139
147
183
187
109
175
108
179
104
100
195
174
115
171
188
72
265
108
106
144
146
150
145
228
109
140
189
149
107
182
150
147
182
152
158
213
157
69
345
70
148
141
138
187
179
153
167
183
103
184
140
107
182
140
151
220
190
142
198
100
232
73
191
179
181
113
177
180
142
189
106
146
183
211
115
180
189
158
194
145
199
147
117
178
153
139
204
183
137
198
146
146
143
184
104
190
174
148
108
220
140
134
187
108
150
209
113
226
148
195
142
144
218
106
148
188
139
113
217
112
143
216
150
115
228
147
151
147
182
147
140
183
154
177
182
74
185
152
147
146
149
189
112
181
110
258
30
217
110
185
111
184
145
153
182
109
230
75
221
150
112
229
152
109
151
233
118
213
70
141
190
150
144
217
145
72
264
105
141
190
110
152
180
153
111
255
69
221
141
112
145
180
185
110
226
143
112
148
236
106
189
104
111
194
148
152
189
191
69
267
102
150
186
107
116
145
225
147
149
141
231
66
180
142
146
193
103
144
181
185
68
263
108
150
150
144
144
147
184
103
229
102
179
106
183
107
107
183
146
186
112
175
148
173
147
141
224
112
112
185
112
145
216
116
148
227
111
186
140
154
142
152
137
157
142
225
75
183
191
112
181
142
154
143
154
180
176
115
182
148
181
117
147
150
181
180
118
148
187
142
146
182
150
119
223
144
112
190
189
118
145
189
148
118
225
149
71
264
73
265
114
182
148
186
107
115
221
111
219
70
263
73
224
110
146
222
79
261
110
195
114
79
29
36
30
30
28
33
1021
104
186
70
265
67
217
110
178
149
144
178
105
263
32
221
147
142
145
146
189
142
222
74
184
107
113
213
148
150
184
191
110
261
71
144
76
225
150
73
268
110
186
145
152
147
207
110
184
188
75
231
112
122
234
111
189
156
152
114
231
77
230
108
155
182
158
196
110
117
236
106
195
164
111
197
107
193
193
126
185
157
114
116
229
120
199
148
155
143
162
121
153
146
183
76
221
118
112
192
147
229
317
74
152
184
109
123
149
229
74
271
75
163
158
144
115
186
110
162
155
188
155
115
150
108
219
75
255
114
68
326
35
267
30
219
111
148
148
109
190
111
149
187
153
141
191
73
178
115
221
69
145
194
135
153
77
259
75
220
73
110
234
75
256
30
197
110
183
155
160
188
74
241
108
113
192
176
34
281
68
195
159
232
78
140
186
78
268
30
258
81
184
154
70
222
117
191
149
148
107
224
113
188
111
183
149
181
162
147
156
106
245
35
309
77
195
141
81
273
106
235
34
223
151
153
184
113
223
112
190
150
152
107
160
211
163
194
109
180
111
185
191
140
140
154
141
187
111
220
105
142
191
113
230
72
228
161
111
226
78
222
156
145
158
151
108
234
109
194
149
193
155
156
157
188
185
78
191
118
215
104
262
71
185
191
72
220
79
266
114
225
111
157
222
83
256
31
268
76
185
188
108
224
77
262
34
265
118
156
184
192
191
155
189
119
231
84
194
193
157
153
193
148
237
114
154
116
196
190
151
233
75
187
146
183
154
144
187
109
186
150
231
138
233
80
265
113
150
157
151
224
73
271
112
151
147
225
151
108
222
112
223
78
235
113
229
149
159
227
76
231
75
273
109
185
146
147
189
180
188
157
187
71
228
146
222
108
194
181
112
253
76
109
184
192
109
262
116
200
184
114
185
149
156
109
231
147
200
185
154
148
190
152
146
149
143
241
105
237
149
155
151
190
187
153
109
149
192
149
236
115
194
154
188
106
156
192
105
258
78
200
178
155
110
226
155
110
186
111
229
153
223
76
177
145
190
177
110
144
145
189
142
186
75
254
108
113
211
112
178
69
265
70
177
181
186
112
184
191
74
226
73
254
74
226
105
150
222
108
186
183
112
108
263
37
304
74
140
242
107
182
74
274
109
222
108
193
109
214
153
72
306
262
118
259
37
237
155
165
225
30
317
68
196
150
231
76
264
120
185
158
116
229
35
304
78
302
77
158
188
189
152
114
266
31
273
71
308
30
187
191
110
272
71
272
31
299
77
265
77
189
190
71
313
35
226
108
196
154
233
160
153
238
150
193
77
311
35
232
114
235
147
115
280
35
267
109
283
31
235
105
232
154
189
114
181
202
76
264
70
236
139
193
187
114
194
146
197
113
263
34
272
74
278
101
106
229
106
234
113
268
278
114
230
108
188
154
113
272
31
315
31
196
182
155
145
147
233
73
259
75
267
36
235
144
108
236
106
227
75
272
74
230
104
120
229
148
151
187
113
193
151
191
148
70
264
71
230
107
190
154
147
230
107
187
153
146
154
223
75
238
146
76
265
77
228
71
187
156
189
147
192
111
120
262
85
231
111
189
75
239
108
145
234
79
223
120
184
81
230
144
149
150
159
145
195
186
76
263
30
148
190
160
157
110
268
35
198
199
117
197
150
151
118
195
157
194
31
266
118
107
231
75
190
186
76
205
155
152
199
79
311
31
109
276
73
184
153
157
110
185
183
102
152
152
109
183
191
107
146
225
147
148
154
144
106
193
145
153
153
176
190
109
225
154
149
146
77
218
148
194
149
115
191
188
111
193
158
70
307
78
200
140
161
225
85
228
108
153
188
154
139
113
237
141
185
142
276
31
219
113
143
231
75
272
113
184
145
234
109
73
180
184
151
228
145
76
219
150
112
195
109
222
116
190
155
151
152
180
116
231
150
154
148
187
185
115
188
149
149
186
180
116
181
115
187
150
198
118
109
269
109
155
192
152
192
156
145
75
269
111
260
117
193
111
199
70
264
115
119
261
74
216
158
196
72
277
101
189
155
106
229
116
271
27
310
108
183
150
189
155
112
188
151
222
72
307
29
185
153
185
182
107
185
110
266
77
292
31
191
146
114
254
31
310
113
267
30
274
114
198
105
198
189
76
269
113
231
76
323
75
192
109
156
238
117
229
122
271
77
317
32
234
104
157
223
76
269
72
318
72
265
37
229
157
112
265
36
312
86
271
32
312
27
281
113
151
229
33
348
31
304
306
79
107
195
157
185
110
237
76
304
312
75
149
218
77
229
75
264
79
269
79
273
74
238
109
164
154
75
269
36
350
32
220
120
152
150
145
224
306
77
218
146
148
156
201
103
188
186
70
214
108
217
66
293
31
253
97
186
148
110
253
305
73
222
138
150
140
185
179
370
299
75
152
173
159
185
117
257
31
305
30
312
33
189
184
113
268
71
227
69
298
309
73
262
72
109
227
151
190
73
296
77
227
69
277
75
193
181
116
280
75
195
145
239
34
271
107
229
121
120
237
105
274
309
76
217
108
187
153
141
265
71
151
152
189
152
226
70
239
109
186
155
69
267
34
268
107
193
150
184
148
103
231
108
148
109
261
74
259
70
233
105
154
218
73
221
67
260
99
224
102
187
148
158
224
31
298
31
227
148
159
220
110
105
230
114
145
228
70
305
67
264
108
113
227
106
198
135
194
148
223
68
306
72
190
103
150
223
71
222
138
229
142
181
72
217
106
182
180
69
290
66
257
66
222
140
146
140
170
152
182
185
66
292
71
294
27
192
139
152
224
65
272
100
223
72
260
109
185
109
188
178
72
290
74
227
150
180
177
114
183
153
106
148
223
154
223
64
239
141
205
135
199
144
111
222
148
188
141
191
177
150
140
190
145
109
216
146
223
105
230
103
199
138
191
113
146
227
104
273
106
186
149
191
143
150
180
112
267
69
298
69
223
142
158
140
223
179
71
299
69
231
139
229
99
194
136
180
109
139
219
67
251
119
216
144
110
220
115
217
78
225
156
218
151
190
148
152
110
231
151
114
261
121
190
233
148
193
150
222
116
154
155
222
119
275
113
190
159
190
147
151
187
115
263
75
260
74
225
142
187
150
189
192
147
234
109
226
78
266
111
224
107
200
188
74
261
106
270
73
227
110
225
108
219
153
110
260
77
297
34
187
185
116
187
185
142
146
271
115
214
71
227
151
145
153
190
184
78
293
72
199
109
236
136
112
184
182
157
179
191
106
261
34
255
76
178
195
110
262
69
263
104
221
67
180
149
141
221
137
224
68
256
68
267
64
146
215
110
264
104
227
154
227
106
269
70
146
193
73
297
71
312
75
296
72
218
113
112
264
75
257
115
230
109
258
73
233
96
152
215
76
296
75
290
30
265
104
212
146
70
254
75
292
74
306
69
298
73
220
110
109
262
72
293
74
248
75
261
115
227
134
111
264
72
291
72
297
30
222
143
223
145
32
294
71
293
72
229
114
222
141
186
144
147
221
75
293
74
222
114
262
107
151
178
112
251
74
260
113
253
72
231
142
184
151
75
303
75
251
112
222
112
261
119
182
141
153
221
76
228
154
219
114
265
118
151
179
112
273
78
228
158
230
125
255
119
188
151
77
302
75
265
107
219
114
229
139
180
158
143
219
66
214
146
217
105
259
106
147
188
105
270
66
224
148
224
113
222
145
184
147
68
296
66
218
144
216
109
252
27
258
110
180
185
66
255
106
260
65
185
148
182
141
137
223
101
226
138
184
99
225
110
138
220
66
299
69
224
137
186
177
149
114
213
151
146
229
64
223
138
194
142
183
108
185
183
114
231
106
184
184
198
151
155
146
191
160
111
262
105
244
154
225
140
110
189
140
196
139
186
103
223
150
192
139
107
203
182
183
69
275
106
189
181
189
69
180
202
105
225
103
231
152
186
143
230
81
180
178
142
192
143
186
141
195
144
224
76
143
226
142
226
68
225
140
187
187
188
32
258
111
149
185
103
230
145
226
143
231
71
222
149
140
190
147
151
181
188
140
226
26
254
106
138
229
65
240
144
190
180
196
70
218
113
143
186
145
229
102
230
151
226
75
146
200
149
228
110
186
156
238
145
225
32
197
204
148
230
117
198
192
193
188
196
82
235
114
154
196
147
232
147
240
146
234
72
116
226
112
280
109
192
183
199
189
190
105
155
195
107
232
144
197
181
195
189
156
105
184
168
145
204
187
195
152
201
183
188
109
153
155
145
226
148
236
148
233
142
155
150
194
160
137
233
148
239
139
114
255
121
226
110
158
141
232
146
191
176
118
269
113
146
148
189
138
195
184
194
184
149
153
189
106
191
154
146
230
109
267
104
145
228
111
225
74
223
111
230
139
191
178
154
230
107
109
183
155
139
274
112
269
109
229
157
112
223
106
196
114
220
145
224
153
108
223
148
148
150
187
156
185
142
183
191
148
202
179
147
153
231
109
186
234
111
240
140
194
191
159
177
116
148
187
146
188
194
188
117
231
120
110
268
75
273
117
225
160
238
166
117
185
117
268
74
267
116
234
151
147
203
161
152
158
231
119
195
194
193
157
162
186
182
145
76
310
74
255
153
188
184
142
218
67
218
114
143
181
220
195
143
224
106
183
154
184
146
154
183
151
191
144
225
110
186
191
74
218
149
186
191
150
188
195
185
78
162
186
192
192
149
195
180
153
182
114
190
150
156
229
115
196
181
193
152
151
160
230
188
146
197
152
146
221
147
188
155
180
114
183
157
145
224
119
229
155
147
222
154
190
113
115
264
108
193
189
149
193
155
149
150
149
194
150
231
106
268
100
231
109
174
159
145
188
149
185
142
241
150
226
109
149
201
145
149
186
182
106
262
107
229
113
141
192
141
189
106
230
149
233
139
145
199
104
190
134
194
145
231
106
277
104
226
117
152
231
62
192
145
236
137
227
106
194
150
133
195
104
226
105
251
108
189
194
148
161
142
201
107
236
109
268
107
195
182
147
187
141
161
132
189
148
228
108
209
148
145
197
145
230
66
195
147
197
181
150
143
187
151
77
214
111
225
112
230
142
181
158
140
152
145
187
106
186
156
229
109
149
230
111
194
142
154
147
160
143
186
193
111
227
145
152
106
195
154
152
224
151
114
265
112
108
195
187
159
74
225
144
187
205
149
153
192
152
149
228
113
151
200
212
115
188
193
106
231
76
188
189
149
162
225
117
225
164
150
158
197
159
81
266
119
229
160
146
194
108
280
67
229
112
151
192
187
164
149
153
148
198
154
187
111
228
120
196
192
110
236
155
197
106
195
110
185
200
177
146
145
191
110
220
148
190
72
192
157
143
232
111
193
145
183
113
186
111
219
154
190
116
146
218
107
186
181
119
146
150
152
147
149
229
111
219
156
109
182
112
139
109
232
106
220
144
104
259
72
140
150
138
143
142
177
144
147
185
148
146
188
112
181
111
140
188
152
146
141
221
71
264
66
211
73
142
230
102
181
135
189
141
145
110
172
149
107
150
211
143
112
216
148
108
220
109
78
226
152
151
221
109
146
181
149
110
225
112
111
225
145
149
198
155
180
151
117
225
108
142
185
113
183
177
116
177
146
155
154
177
103
199
110
220
104
153
236
109
257
111
109
185
176
70
218
148
146
177
105
191
102
224
136
146
148
107
183
148
180
188
184
100
192
103
220
106
148
142
140
180
96
253
66
174
146
175
27
210
147
209
109
180
184
66
213
72
250
69
137
181
133
183
132
221
102
218
136
144
107
170
112
171
187
102
213
100
179
104
245
27
183
181
98
187
172
160
133
178
106
223
106
144
155
200
113
183
186
65
256
103
193
29
242
112
108
227
65
224
98
188
77
219
79
141
156
139
196
103
271
112
144
152
177
78
182
153
139
183
146
181
115
152
180
186
77
149
230
102
200
148
188
106
215
114
177
151
141
186
102
231
143
190
107
183
148
185
76
216
165
153
221
106
153
178
154
178
188
72
176
155
149
231
71
233
136
157
146
224
75
184
154
174
192
141
198
145
187
114
225
74
181
189
172
189
107
181
101
187
175
187
70
168
141
144
186
135
184
100
227
104
177
142
144
146
178
144
222
184
71
210
105
143
144
203
112
188
173
104
186
139
180
106
216
79
184
148
144
193
102
257
74
255
107
176
148
118
145
171
191
80
290
72
189
144
195
155
146
145
192
146
147
215
111
188
149
177
67
187
176
115
181
177
180
76
251
109
138
136
146
142
177
180
69
290
32
217
105
220
67
214
150
150
179
143
183
102
181
73
218
100
216
114
139
176
150
215
71
208
105
188
111
179
140
103
221
105
251
71
215
101
180
110
183
143
148
220
73
250
105
191
26
278
76
191
178
70
229
104
255
69
266
34
257
74
147
216
71
258
103
220
62
257
26
278
71
141
227
75
223
105
267
253
106
183
152
170
181
114
225
72
257
37
297
30
257
109
109
251
71
232
107
229
28
257
118
222
110
187
187
73
292
71
221
66
217
75
250
115
138
185
152
212
79
215
67
302
27
216
146
117
222
114
218
75
252
72
248
69
218
143
179
157
110
223
121
271
68
273
73
218
154
177
152
153
177
31
303
67
263
78
219
147
114
176
111
218
146
223
78
253
30
258
113
163
214
71
272
72
265
337
34
311
79
181
188
77
264
71
253
73
227
72
268
103
150
223
33
294
31
290
74
221
139
142
148
151
179
70
293
69
252
70
220
109
146
148
222
146
111
258
66
214
77
254
70
212
104
150
220
64
293
333
33
219
150
177
187
111
252
39
265
113
253
