1399
1110
1272
989
920
1103
1254
874
954
1205
896
1113
1080
1074
961
882
858
1062
1023
1198
962
909
955
1009
885
1009
993
809
1054
893
987
1102
739
1202
1005
919
1127
1023
850
1010
1079
1026
972
1142
865
921
971
901
1038
863
902
859
1026
981
1069
835
1054
851
1089
916
866
1138
864
953
952
986
971
1092
1024
907
916
1029
794
1031
812
1012
1170
878
959
923
894
981
1011
814
935
1018
1030
780
976
981
917
871
963
1040
921
925
1035
1029
812
860
741
1061
906
909
845
945
905
917
899
1138
893
909
838
1019
1028
763
947
865
922
975
925
883
896
865
1161
850
981
1175
824
929
859
1121
859
1044
739
908
899
1085
953
835
958
1049
767
964
972
860
963
1023
927
993
956
980
982
791
1002
1002
852
997
1069
800
1054
996
856
987
980
984
843
818
1025
1032
734
1014
1050
883
946
948
948
1021
950
853
1026
919
922
1016
849
984
1073
1015
920
838
936
1079
887
992
882
943
1038
952
925
811
970
953
993
1003
891
985
1116
865
941
968
968
1043
896
1163
824
821
1070
833
938
761
917
999
822
992
966
854
779
1104
991
853
977
1055
931
880
996
735
1001
1020
861
980
690
974
1032
925
1101
851
899
888
1088
929
768
1038
998
950
905
764
1098
946
899
955
947
1064
978
826
919
920
910
959
1060
865
980
935
1188
1002
817
978
1175
815
991
755
1092
978
921
968
720
974
876
1020
874
1089
837
980
945
982
831
1052
989
967
894
919
1110
993
878
928
984
752
939
923
954
957
996
939
838
888
694
971
1001
804
1027
763
1055
848
811
856
837
971
887
755
1101
964
908
844
909
1006
794
806
893
997
1072
741
880
1044
862
908
843
913
935
905
960
858
882
899
948
871
949
1001
933
873
1053
900
878
949
885
1034
872
999
1083
800
884
1159
863
852
1001
1009
991
886
1164
947
679
1143
890
1079
1012
1017
827
868
1020
1061
949
761
934
883
950
1021
986
961
928
976
1005
846
994
860
914
962
976
965
823
1130
835
1011
797
1106
952
947
1043
1000
959
955
834
936
940
877
1031
917
1004
943
958
980
889
833
758
1028
935
1000
721
1089
911
843
1039
934
803
970
1010
994
816
988
1103
898
907
837
1037
915
737
1133
702
1022
976
934
995
939
874
1076
716
1186
895
838
1036
1043
907
736
1082
1004
995
918
937
969
921
871
1084
941
930
872
1032
1072
850
982
858
973
952
909
960
1124
974
817
992
965
960
928
881
965
954
1206
876
882
981
898
1027
917
952
967
800
1199
820
886
1053
867
928
826
995
983
946
955
859
1000
892
938
831
904
941
1023
761
1019
902
898
995
950
969
806
1015
969
890
830
1054
909
830
775
1094
764
823
1057
787
979
993
933
843
791
948
1073
927
751
1038
874
987
870
958
987
999
839
985
887
1001
866
811
1030
886
881
1152
924
890
883
978
986
813
844
865
1090
877
907
853
758
1085
909
1042
1000
974
805
895
927
1135
978
887
1118
859
881
1006
1077
830
960
935
896
893
1012
825
1129
954
799
1016
955
1153
792
950
981
1005
1059
942
950
963
811
1074
982
882
1019
803
1064
828
964
1111
886
972
869
863
963
922
925
804
980
1157
972
889
923
853
1057
960
1050
828
855
882
995
975
965
929
948
819
946
998
821
1058
812
829
1033
1067
925
1027
956
1049
980
861
1073
876
906
900
1087
886
831
1001
858
978
839
1033
931
889
790
1049
822
945
984
1008
1000
953
807
952
987
1019
895
935
1053
897
998
868
969
856
1013
986
791
1010
956
928
903
833
1008
951
1039
741
1102
891
969
923
854
910
1000
940
885
1087
1091
903
936
1089
871
841
884
953
877
925
1043
757
951
947
768
988
773
920
1114
827
1026
875
787
999
958
775
911
913
814
947
950
960
942
808
873
1034
912
793
988
857
980
1005
771
935
857
851
997
897
975
888
792
1035
924
1081
705
1053
864
793
1197
924
995
802
858
1037
846
1038
929
809
1007
862
917
927
906
722
924
850
1002
874
738
893
859
940
843
888
816
818
966
790
856
877
940
782
789
846
1018
691
965
987
952
783
929
878
875
884
878
985
610
1086
922
715
880
904
746
881
1022
850
980
850
857
994
931
880
1037
977
936
961
764
1015
925
772
914
983
942
860
893
968
857
895
1043
900
791
885
1109
783
1027
900
806
961
958
703
1153
904
807
959
920
978
776
822
1031
848
952
897
853
944
818
1057
893
853
999
699
986
976
755
990
790
983
823
756
909
927
768
980
956
905
759
980
887
889
894
782
1025
880
852
906
841
986
942
852
983
778
875
1005
673
982
1023
710
929
867
783
977
910
865
880
751
923
887
887
798
895
823
880
880
831
903
792
788
855
1023
766
901
871
908
907
845
912
1011
678
945
965
902
832
608
873
881
884
934
808
798
819
1000
861
966
812
770
931
988
677
847
931
817
1039
926
807
928
852
958
790
918
803
904
1020
831
753
896
856
855
853
860
768
860
1008
745
938
927
690
1040
750
777
984
735
1076
849
750
956
870
954
734
915
913
781
936
812
852
786
827
1055
818
898
796
747
1021
980
688
1006
752
865
922
667
1035
852
864
847
837
810
911
780
849
829
893
846
870
845
862
837
745
848
1000
711
861
811
799
904
842
938
721
858
929
843
823
791
860
887
758
813
838
977
836
812
761
812
854
896
972
691
883
757
925
975
807
863
969
844
891
848
869
858
822
913
886
848
845
898
802
949
1039
811
913
774
866
996
1023
735
906
948
751
1113
788
823
824
854
1013
894
855
967
861
920
825
774
1018
840
909
814
940
855
966
1036
698
995
1084
815
919
834
881
1006
818
1000
950
957
897
969
902
714
992
980
985
925
782
872
899
915
1108
805
842
1075
801
1006
912
749
1031
896
890
997
723
1027
852
1021
986
900
1022
761
914
968
886
931
823
965
844
832
1076
857
920
1008
835
1008
898
795
1014
984
924
823
1000
962
898
969
832
1085
973
844
956
947
892
944
799
988
889
1013
1030
839
794
1156
887
1007
915
857
1032
1007
771
906
1039
888
924
1056
887
987
1040
916
856
1037
951
1103
982
843
936
1051
1065
979
639
972
888
932
1079
782
986
922
826
1014
822
1032
960
884
921
933
907
878
956
1009
805
1018
900
1030
929
908
968
974
945
1017
859
872
874
967
1011
870
937
892
937
961
963
933
1065
877
1002
851
1031
1010
746
1210
806
853
1074
914
1082
825
664
1133
860
1048
835
802
938
956
1049
795
1000
1099
878
1052
884
835
1074
868
970
812
1045
1110
855
804
1143
868
968
1032
806
910
879
947
941
859
1060
892
943
983
1012
1005
825
1030
913
979
988
851
1092
920
876
1062
946
890
1136
954
1207
798
933
988
994
1038
880
1015
1131
970
988
982
1005
979
1175
1069
1014
849
988
1096
1004
1065
875
997
1018
783
1041
1032
1071
1025
905
883
1016
1029
921
1000
978
1003
927
911
1018
941
993
969
1017
883
968
1051
953
847
965
1013
978
857
1052
876
1083
934
987
925
994
890
988
983
969
876
943
1066
869
950
962
1091
933
749
1245
717
899
1033
874
1029
871
923
954
883
1164
863
951
1031
1022
965
797
1096
995
900
992
1026
920
955
873
1010
908
833
1093
858
821
1042
860
1063
937
943
965
916
1164
745
834
977
979
1044
934
964
983
852
1023
878
1163
937
984
949
969
987
1157
966
769
1098
1162
844
1163
866
1031
1092
889
1007
969
1074
928
942
1012
990
1107
955
1054
843
983
1084
981
977
982
891
1125
932
955
1067
806
966
1078
960
863
1075
875
827
929
1075
1064
871
1014
983
900
1032
966
1045
893
1017
1068
982
1111
898
991
925
897
1212
862
978
1005
961
1012
974
1077
900
905
1035
868
928
1121
939
1040
791
1006
1036
921
1186
920
764
1114
845
1012
1009
952
1065
818
1051
1029
894
823
813
974
982
950
1013
919
946
972
1007
820
893
1158
995
832
1221
934
932
980
933
1200
887
851
1048
886
870
928
918
950
975
1076
702
1000
860
930
1144
1143
929
809
994
1071
903
892
1117
836
788
1153
975
785
1012
958
982
921
1026
1069
790
1021
963
950
883
1007
926
914
995
893
984
984
1069
787
1017
949
1114
957
722
938
1028
881
1019
896
913
1041
922
980
907
974
774
920
852
1074
945
796
1034
1018
809
948
956
986
921
882
989
1019
681
1179
665
1028
995
907
937
946
1005
984
813
955
855
935
892
1021
842
932
930
990
694
991
846
905
1016
980
989
819
879
961
767
983
808
973
760
911
1020
756
864
1047
802
1091
868
935
812
808
1129
722
836
1078
873
711
1046
941
938
909
971
789
1049
883
910
919
866
981
1037
955
923
935
908
829
825
935
775
904
1016
826
880
981
871
736
970
850
867
907
901
926
878
835
816
800
958
1023
798
742
1026
871
942
945
942
825
1043
946
1028
996
847
1079
1005
700
1137
945
904
1005
958
973
863
1043
846
787
939
991
926
852
1046
989
831
1079
921
1011
925
794
882
1086
917
1048
970
870
978
716
1087
884
1118
822
917
985
922
851
1128
808
906
857
1067
1006
820
1143
893
823
1113
926
894
893
857
1107
835
1010
913
901
1026
876
1004
783
1017
970
672
1030
1027
766
971
896
960
848
878
1166
841
848
1127
859
834
1067
868
966
977
973
1009
881
1011
919
920
918
1089
795
941
972
912
856
981
897
967
943
950
1051
806
993
1048
928
918
889
929
839
1087
1038
850
1066
855
1007
716
1019
878
893
787
1015
1054
879
969
1025
701
952
1000
1005
951
795
963
950
905
992
758
828
1015
1012
848
929
869
877
918
934
842
928
931
956
945
850
922
954
759
923
850
865
922
965
973
934
723
1056
813
967
936
777
928
826
994
857
852
1024
765
972
815
957
944
699
1102
842
945
1055
874
955
886
1054
887
917
1007
856
885
1049
913
997
789
1035
1022
893
819
1150
927
814
876
1137
804
818
1079
949
856
955
1002
892
925
1032
787
898
987
879
728
1263
697
944
1023
913
980
676
887
912
865
970
884
874
777
1019
1013
924
824
908
897
775
951
1000
850
1014
943
749
915
995
969
702
997
916
893
780
1034
964
740
1042
923
833
948
964
1065
940
843
1011
835
935
935
906
797
1041
907
876
883
997
941
730
1039
846
826
831
1016
1006
811
1002
936
839
852
1008
1053
960
915
1017
835
888
960
869
975
785
903
871
775
1089
875
850
998
945
908
944
1014
953
827
1105
840
751
1053
964
989
887
965
831
941
936
1014
847
985
917
870
1023
1090
1122
926
862
1137
798
1126
916
1023
926
866
1128
931
902
1027
805
1091
760
1144
835
927
995
903
983
980
991
876
897
1146
946
979
969
1147
849
915
843
992
928
1076
918
989
864
1106
812
1045
797
1026
837
1045
976
789
950
1069
891
841
1031
1040
930
765
1010
999
849
949
975
925
950
930
1101
910
960
846
1010
871
911
945
869
989
916
826
907
994
910
745
1014
870
944
920
1040
947
871
1001
875
855
1118
899
928
813
937
912
935
989
818
875
855
1106
888
867
1001
969
871
729
994
957
884
966
940
998
883
1098
868
740
1232
896
967
916
1026
879
890
1166
756
805
945
783
1072
1049
956
1052
739
1005
1075
919
1018
932
806
951
1008
1118
941
767
1067
965
947
914
1095
877
949
950
823
885
1014
971
915
1044
1129
1119
778
987
1047
861
1035
1000
927
956
881
970
920
922
960
877
977
1003
1134
878
952
1003
668
995
994
943
960
1021
1043
981
1028
1097
823
901
993
1119
849
1093
934
889
995
854
1135
983
1014
841
1078
945
992
899
929
847
1057
897
841
996
1056
927
815
1022
867
1022
995
1047
903
974
1051
1075
902
884
906
1028
1101
919
925
926
898
1031
938
1029
1097
753
874
1140
955
938
967
985
927
941
1068
909
888
1148
821
1059
1031
873
946
960
938
800
862
1025
921
949
859
872
956
745
975
978
845
938
958
965
952
854
1136
901
668
1249
885
895
990
1020
759
867
1057
698
920
1089
812
1098
876
1137
836
772
1123
861
955
929
974
958
835
964
916
935
844
1072
835
895
893
1016
848
951
953
822
794
1150
956
884
918
1021
928
918
811
1032
838
950
1037
924
938
891
858
968
996
962
867
1095
728
943
759
1071
986
825
816
962
862
890
914
947
835
908
1024
968
897
998
1035
830
1036
814
914
1003
908
955
921
1035
1024
838
847
1006
921
878
914
1149
702
1013
983
1025
868
776
951
956
833
971
950
801
1074
826
1141
863
742
930
985
1083
828
921
1038
957
777
908
893
970
852
1024
1006
837
905
803
1008
820
951
1028
886
812
1056
814
962
875
956
777
968
972
842
939
1059
873
891
929
975
906
847
984
991
924
873
956
959
795
959
891
815
776
1158
885
836
906
1022
866
1049
1063
705
950
966
947
951
793
1042
887
946
974
911
871
951
944
897
855
1030
842
874
868
1000
902
931
903
968
933
898
915
797
882
977
903
1076
810
992
757
871
1029
796
906
1097
888
800
972
863
853
937
762
1045
887
1102
695
946
930
869
909
922
951
1015
865
882
944
1010
776
913
904
910
1041
999
945
816
1089
860
1024
873
828
906
953
1049
893
909
904
836
1159
898
880
925
795
1109
990
994
1006
824
1000
801
1005
984
918
756
1049
865
1138
844
1066
709
970
950
874
886
1014
994
928
826
1048
855
862
1016
926
934
922
869
955
800
991
908
948
856
1052
859
952
754
987
860
885
953
718
819
988
871
897
846
941
729
916
868
793
810
919
784
795
928
1132
768
895
738
994
795
854
874
931
730
891
