1399
1403
1342
1305
1347
1375
1105
1399
1217
1436
1315
1210
1006
1137
1376
1387
1315
1036
1331
1182
1196
1191
1174
1260
1120
1286
1231
1274
1232
1327
1225
1278
1229
1152
1179
1314
1273
1189
1042
1181
1141
1272
1318
1116
1160
1269
1310
1193
1083
1333
1075
1358
1110
1127
1291
1166
1253
1218
1039
1237
1229
1370
1223
1135
1147
1080
1298
1274
1126
1179
1072
1190
1230
1024
1108
1302
1209
1306
1079
1153
1063
1269
1113
1222
950
1171
1212
1185
1274
1077
1264
1026
1233
1083
1166
1148
1104
1151
1278
1077
1241
1178
1237
1216
1056
1298
1125
1182
1060
1131
1271
1113
1176
1340
1103
1051
1167
1205
1408
1120
1144
1150
1187
1179
1232
1076
1177
1192
1364
1144
1082
1181
1239
1211
1078
1122
1145
1221
1287
1263
1130
1098
1206
1207
1302
1102
1077
1277
1234
1214
1153
1165
1213
1260
1228
1168
1215
1175
1178
1204
1058
1173
1250
1264
1279
1158
1106
1300
1189
1193
1275
1056
1232
1301
985
1237
1011
1131
1139
1119
1188
1020
1336
1335
1122
1183
1113
1001
1388
1001
1117
1281
967
1213
1242
1168
1229
1162
1279
1095
1213
1127
1138
1175
1128
1276
1262
1265
1051
1237
1022
1244
1016
1234
1414
1196
1159
1134
1239
1222
1188
1413
966
1362
1044
1223
1170
978
1190
1117
1251
1187
1148
1263
1188
1164
1278
1172
1069
1299
1184
1334
1016
1059
1171
1196
1259
1101
1177
1277
1079
1106
1067
1046
1194
1117
1146
1140
953
1087
1203
1122
1090
1092
1159
1234
1036
1160
1030
1132
1312
1053
1339
1086
1051
1160
1132
1121
1233
1031
1155
1088
1088
1265
1145
1207
1239
1020
1256
1078
1239
1198
1137
1267
1086
1301
1213
1059
1212
1256
1266
1216
1219
1197
1104
1286
1191
1201
1227
1167
1195
1103
1223
1024
1342
1126
1247
1180
1209
1217
1076
1182
1200
1183
1153
1107
1170
1165
1351
1196
1239
1238
1131
1296
1095
1076
1298
1076
1125
1176
1278
1277
1090
1155
1136
1110
1190
1095
1288
1086
1233
1076
1165
1118
1210
1141
1206
1308
1096
1180
1217
1153
1164
1091
1110
1208
1220
1097
1298
1160
1226
1037
1327
1130
1243
1214
1115
1203
1245
1158
1189
1151
1167
1247
1270
1017
1321
1062
1394
1020
1294
1292
1103
1232
1069
1085
1415
1095
1281
1198
1170
1181
1235
1171
1293
1069
1168
1075
1129
1276
1349
1139
1136
1176
1107
1150
1123
1233
1226
1141
1182
1069
1190
1161
1102
1198
1048
1234
1140
1295
1036
1193
1112
1172
1181
1046
1212
1141
1129
1157
1009
1160
1132
1111
1226
1085
1116
1176
1172
1112
1164
1139
1310
1233
1132
1051
1288
1158
1177
1141
1196
1207
1243
1138
1117
1165
1050
1174
1256
967
1252
1077
978
1296
1137
1119
1301
1113
1390
1064
1249
1351
1092
1283
1041
1238
1250
1113
1238
1098
1203
1161
1105
1302
1260
1022
1396
1098
1362
1072
1229
1207
1106
1216
1292
1059
1196
1201
1284
1165
1158
1131
1162
1240
1051
1217
1237
1093
1332
1221
1137
1081
1213
1228
1139
1074
1121
1155
1359
1181
993
1243
1172
1185
1142
1054
1265
1257
1307
1264
1276
1074
1117
1182
1311
1102
1111
1196
1164
1113
1244
1132
1245
927
1266
1037
1252
1258
1174
1128
1271
1170
1111
1079
1345
1267
1098
1093
1343
1173
1083
1178
1251
1162
1087
1184
1186
1187
1082
1123
1216
1208
1186
1250
1003
1246
1369
1082
1277
1290
1060
1257
1061
1049
1271
1054
1323
1030
1126
1140
963
1378
1031
1105
1117
1264
1095
1144
1076
1059
1142
1101
1220
1099
1014
1206
1160
1172
1181
1058
1246
958
1330
1076
1092
1149
1114
1261
1078
1207
1195
1125
1221
1139
1159
1094
1244
1174
1122
1197
1086
1224
1139
1106
1150
1031
1099
1126
1162
959
1107
983
1261
1036
1075
1222
954
1042
1165
1031
1059
978
1237
1102
1085
1148
1056
963
1275
1146
1095
978
1175
1192
847
1037
1227
983
1293
1044
1187
1117
1093
1372
987
1160
1238
1035
1170
1223
1091
1159
1102
1129
1222
1101
1123
1154
1140
1146
1187
1158
1271
1001
1196
1187
1076
1162
1207
1124
1154
1061
1070
1192
1049
1060
1174
1179
1118
1149
1072
1181
1059
1159
1213
1012
1074
1041
1086
1036
1207
1013
1109
1202
1118
1036
1012
1309
1054
1327
1110
950
1152
1078
1252
1219
1082
1031
997
1196
1126
1142
1057
1042
1070
1154
1103
1059
968
1020
1248
1025
1044
1140
957
1139
1191
1056
1067
999
1114
1115
1134
1112
1183
978
1258
1008
1077
1007
1050
1098
976
921
1146
1157
1134
1205
976
1143
1025
1215
941
1049
1153
1107
1168
1149
1078
1083
1073
1180
1059
990
1122
1068
1143
1111
1009
1057
1052
1147
1187
1005
1044
987
1121
1174
1119
967
1159
1082
1168
966
1045
1160
1046
1113
1110
982
1038
1169
1135
1021
926
1213
1038
1271
928
1049
1102
1088
1197
1024
1068
1054
993
1168
1003
1060
1009
957
1175
1030
1132
986
988
1142
1046
1018
1087
1073
1013
1175
1045
1067
984
1055
1061
975
1004
1106
1012
1057
1071
1099
1020
1032
1106
1061
1130
1102
1125
1130
1065
1100
992
1067
1137
1198
986
973
1260
1088
1157
1067
1092
1080
1208
1146
1087
1212
1090
1133
1095
987
1146
1101
1125
1217
1040
1013
1130
1124
1121
1151
1089
1094
1262
1132
1123
1179
1248
1004
1161
1131
1183
1186
1192
1012
1347
1025
1079
1201
1027
1229
1084
1040
1246
1123
1244
1029
1151
1210
1080
1208
1029
1209
1133
1076
1174
1101
1211
1251
986
1230
1094
1150
1175
1016
1219
1121
1284
1140
1063
1236
1104
1229
1181
1113
1105
1082
1305
1139
1085
1265
1151
1226
1209
1203
1077
1129
1124
1200
1131
1103
1249
1179
1234
1114
1219
1058
1306
1148
1100
1214
1252
1261
1225
1119
1214
1209
1324
1234
1221
1139
1252
1076
1156
1096
1121
1063
1276
1144
1124
1152
1184
1245
1134
1215
1126
1062
1173
1237
1194
1174
1127
1290
1068
1238
1223
1083
1118
1235
1200
1146
1085
1149
1314
1204
1103
1341
1027
1333
1146
1180
1188
1091
1273
1073
1247
1090
1107
1234
1095
1269
1141
983
1200
1182
1274
1186
1085
1357
1047
1235
1111
1118
1370
1125
1183
1164
1103
1371
1137
1157
1052
1105
1176
1224
1247
1239
1031
1203
1211
1216
1172
1165
1245
1258
1258
1052
1220
1244
1342
1298
1136
1115
1327
1276
1326
1141
1328
1176
1328
1287
1086
1345
1243
1372
1242
1283
1152
1204
1289
1229
1290
1177
1207
1263
1290
1121
1243
1139
1243
1323
1114
1172
1250
1197
1329
1176
1239
1151
1195
1203
1208
1106
1200
1308
1111
1389
1077
1170
1195
1187
1277
1022
1330
1186
1185
1187
1206
1239
1133
1364
1056
1071
1020
1213
1210
1172
1162
1266
1259
1236
1273
1158
1119
1264
1215
1181
1200
1143
1245
1108
1165
1284
1097
1122
1219
1192
1244
1127
1118
1190
1301
1226
1271
1201
1073
1161
1130
1137
1275
1323
1220
1211
1251
1131
1224
1384
1084
1267
1156
1252
1217
1426
1182
1209
1248
1231
1177
1364
1204
1264
1260
1200
1276
1212
1219
1231
1289
1171
1117
1272
1192
1294
1259
1021
1229
1094
1269
1174
1262
1191
1323
1272
1158
1182
1249
1203
1358
1205
1392
1086
1097
1394
1182
1332
1133
1244
1166
1213
1294
1154
1084
1397
1021
1210
1145
1279
1236
1234
1324
1201
1082
1303
1150
1177
1191
1096
1404
1039
1257
1089
1106
1233
1111
1245
1221
1213
1302
1142
1227
1253
1208
1315
1153
1239
1189
1105
1305
1154
1173
1076
1194
1182
1280
1041
1113
1302
1290
1377
1000
1426
1106
1147
1248
1017
1261
1244
1018
1340
1132
1251
1179
1290
1192
1192
1180
1227
1174
1229
1079
1169
1217
1224
1177
1342
1095
1308
1155
1051
1193
1152
1215
1323
1051
1201
1101
1252
1069
1108
1168
1088
1202
1172
1143
1311
998
1236
1306
1086
1126
1039
1176
1314
1147
1277
1077
1236
1177
1018
1139
1209
1045
1246
1166
1064
1164
1061
1175
1329
1064
1228
1127
1061
1099
1064
1090
1158
1143
1165
957
1186
1079
1346
1112
1055
1134
1138
1126
1086
1112
1115
1182
1396
1009
986
1163
1233
1246
1159
992
1165
1273
1286
1124
1139
1044
1082
1049
1188
1012
1152
1162
1040
1151
1065
1041
1217
933
1156
1144
858
1347
1059
1182
1175
1023
1186
1134
1208
1291
1045
1293
1132
1098
1372
941
1404
1149
1191
1208
1130
1143
1154
1088
1269
1131
1201
1156
1079
1243
1206
1306
1107
1256
1094
1150
1189
1220
1117
1059
1301
1112
1219
1158
1171
1117
1087
1290
1181
1305
1169
1077
1188
1159
1272
1282
1019
1280
1121
1169
1288
1060
1263
1118
1154
1162
1137
996
1217
1205
1133
1138
1183
1219
1044
1250
1144
1106
1376
1070
1120
1247
1097
1374
1135
1344
986
1147
1259
1097
1198
1198
1132
1139
1246
1082
1346
1134
1081
1281
1143
1183
1144
1055
1404
1131
1187
1067
1195
1212
1045
1212
1080
1061
1258
1153
1268
1173
996
1344
1098
1132
1114
1236
1122
1175
1114
1157
1091
1159
1192
1089
1111
986
1269
1185
1071
1028
1095
1167
1243
1138
1155
1015
1107
1219
1192
1036
1127
1073
1153
1079
1076
1220
1016
1181
1110
1196
1083
1048
1292
1002
1259
1268
1037
1261
1174
1230
1113
1161
1327
1028
1253
1062
1201
1267
1240
914
1336
1100
1274
1255
1107
1153
1030
1078
1214
1218
1313
1019
1065
1274
1085
1121
1183
1277
1099
1143
1045
1124
1066
1249
1143
915
1342
1133
1089
1127
949
1269
945
1183
1326
955
1157
1013
1376
1196
1099
1062
961
1253
1259
942
1160
1114
1156
1316
1165
1136
1144
1147
1139
1168
1139
1027
1292
1116
1126
1127
1122
1088
1245
1066
1089
1146
1129
1233
1042
1223
1239
1153
1285
1157
1114
1190
1068
1093
1152
998
1175
1133
1261
1235
953
1348
1091
1126
1236
1062
1232
1214
1190
1183
1177
1119
1199
1058
1170
1162
1189
1395
1149
1274
1157
1140
1300
1176
1282
1290
1121
1234
1111
1256
1147
1087
1340
1129
1138
1253
1126
1342
1082
1196
1327
1080
1326
1160
1273
1345
1037
1203
1172
1060
1288
1186
1158
1286
1046
1230
1278
1111
1014
1204
1262
1124
1366
1103
1072
1145
1232
1184
1212
1075
1279
1217
1205
1093
1097
1248
1208
1179
1184
1039
1196
1139
1088
1181
1070
1179
1306
1148
1091
1198
1111
1296
1118
1243
988
1077
1184
1241
1155
1076
1046
1330
1059
1009
1393
1060
1074
1237
1067
1211
1167
1206
1304
1041
1208
1199
1258
1254
1143
1317
1075
1076
1165
958
1256
1191
1292
1271
1002
1310
1198
1043
1250
1198
1255
1224
1111
1271
1216
1221
1283
1035
1174
1163
1115
1392
1108
1246
1330
1119
1246
1303
1127
1217
1230
1125
1230
1112
1211
1072
1257
1072
1230
1361
1284
1158
1152
1146
1150
1244
1235
1376
1181
1237
1211
1155
1280
1118
1370
1091
1136
1316
1118
1343
1154
1283
1091
1140
1332
1259
1093
1148
1141
1161
1303
1101
1073
1417
1133
1258
1136
1256
1164
1136
1271
1279
1274
1281
1114
1131
1201
1112
1372
1165
1344
1110
1127
1295
1002
1380
1169
1197
1179
1101
1258
1314
1104
1241
1140
1074
1346
1034
1060
1231
1078
1061
1091
1229
1049
1364
1187
992
1230
1131
1137
1313
1175
1274
1132
1020
1249
1114
1045
1220
1256
1189
1135
1183
1359
1055
1216
1113
1070
1315
1041
1171
1220
1076
1215
1074
1116
1247
1118
1163
1118
1188
1205
1085
1309
1168
1112
1039
1192
1276
1162
1113
1149
1104
1209
1336
1011
1128
1223
1083
1308
993
1063
1251
1143
1164
957
1162
1334
1113
1209
1131
1177
1177
1127
1226
1065
1153
1278
1024
1410
1072
1124
1244
973
1112
1234
1206
1240
1190
1226
1071
1101
1161
1141
1147
1180
1048
1346
1134
1156
1214
1100
1101
1313
1014
1091
1186
1063
1188
1140
1357
1021
1328
1037
1040
1160
1122
1139
1265
1130
1154
1136
1012
1288
1098
1124
1320
1059
1096
1138
1243
1221
1132
1172
1046
1188
1124
1089
1162
1049
1233
1260
931
1110
1300
1150
1349
1028
1202
1153
1139
1163
1153
1084
1245
1245
1000
1208
1124
1147
1174
1189
1162
1079
1152
1130
1191
1064
1038
1105
1278
1100
1229
1040
1290
1009
1275
1124
999
1221
986
1263
1170
1074
1246
1031
1074
1283
1048
1114
1154
1135
1233
1221
1022
1215
1123
1215
1017
1098
1266
1091
1305
1212
1098
1267
1137
1157
1201
1088
1137
1362
953
1173
1221
1190
1226
1074
1265
1122
1318
1147
1107
1259
1160
978
1259
1125
1187
1127
1170
1157
1164
1201
1179
1071
1156
1255
1165
1246
1156
1154
1066
1192
1219
1037
1078
1171
1186
1204
1109
1083
1153
1122
1084
942
1244
1086
1066
1126
1148
946
1041
1049
974
1097
1025
1386
905
1185
1143
1109
1071
1012
1063
989
1086
