42457
42039
40955
41866
43159
40671
40501
40209
41940
44305
43609
40037
42010
41273
41887
41099
41571
41599
40154
43183
41422
49885
42067
40292
40125
42518
40594
40320
42324
45442
45882
40283
43161
42358
44153
47405
41113
41020
43374
42809
41264
40676
41441
40902
40009
41955
41440
41937
41786
41080
40414
40804
41230
41178
42291
42644
44024
41207
42889
40381
42725
47137
41122
48236
41572
42180
43032
40676
42146
44400
41019
40558
41357
41031
42612
40700
41866
42497
41482
41323
42199
42145
40970
40857
44510
40442
42843
40931
44748
40271
41740
40129
41494
42323
44676
40411
40107
43030
40252
41986
41066
42762
43204
42029
43543
40368
48538
40953
40364
44486
42198
40302
41844
41570
40546
41438
40947
40111
40945
40391
45574
44833
41684
40093
40519
42697
42348
43102
41663
42175
41441
41833
41674
41711
40511
41635
40721
44491
41579
40976
40128
42538
41717
43321
41915
41404
41853
41896
41685
41825
40350
43474
41625
40751
42835
40777
43405
41611
41647
40200
40972
40050
40548
42379
43796
40294
41285
40604
42327
41116
42470
40211
42411
42240
42514
40871
40420
41153
40055
41266
44168
43680
41388
41065
43396
41735
40093
43054
40119
42087
41254
41970
40839
43440
41082
41840
44393
40696
45849
41274
42665
41901
41544
41692
41674
40044
41905
40538
40567
40358
43801
40218
41521
40807
42483
41142
43893
40700
40098
40451
41711
40340
45975
43638
41461
43458
43199
40533
40157
40772
40885
43835
42653
41059
40156
40770
45234
40915
41147
42524
41518
42020
41137
40935
42615
42383
45090
40132
40967
41359
42532
41255
42256
40234
41828
40795
42664
40687
41886
40345
43075
45393
40446
41337
40106
43694
40913
42540
40736
41268
42357
40990
41710
45035
41268
40888
40025
43546
42190
41484
41790
40167
40844
40661
43643
40050
41810
40951
40012
43453
42655
41229
40101
42823
44869
41760
45198
40731
40389
43083
40693
42610
40164
43472
40395
43244
40856
40714
40889
42931
41786
43650
40727
40791
43095
40916
43057
41740
41444
41694
41688
41696
42029
41491
40750
42154
41982
41966
42116
40240
44080
41711
40588
41951
41349
42056
42475
41719
40999
42117
42359
40298
40205
41379
40034
40154
41096
41200
40950
47251
42026
42913
42521
40023
43345
40248
43105
40003
42977
40575
42304
41551
42644
40638
42774
40090
41203
41295
40156
43273
40233
42909
41141
40020
40970
41478
43923
43398
40432
41820
41655
44337
40359
41347
41389
40987
40421
41154
42945
43215
42064
40095
40355
43132
41870
42433
42790
46583
43417
41498
41703
41637
41912
40287
42888
40538
43113
41617
41674
40548
43002
40778
42845
41542
40037
43639
41180
41270
42047
41092
42307
40689
40403
44194
41311
42098
41297
41860
41405
42847
40401
42889
40077
40724
40317
42927
40962
40758
42684
42801
40646
41399
40222
40735
40281
44545
42138
41216
43800
45101
41474
42143
41574
41896
40763
43067
40331
42998
40076
43347
40800
40696
40284
42027
40804
42321
40842
43098
40700
42971
40766
41216
42100
41042
41989
42250
42512
46547
40239
44563
43340
40492
43682
40074
43474
41159
42193
41826
41516
41660
40521
40666
45405
40642
41149
40181
44126
41563
42675
41711
41395
41904
40725
40363
42876
41345
43443
41282
42245
41517
41594
40020
43401
41643
41047
40477
41877
41440
40314
43051
43628
40913
42537
41012
42312
41626
41665
41859
41467
40173
40922
41897
40095
43118
44358
41589
40260
43383
41748
40495
42860
41683
40338
40169
41372
41814
43418
43952
42490
41419
41715
41958
41409
41842
42068
41263
41734
41731
41836
41710
41697
40111
40265
41074
43926
41006
40990
40072
41693
40561
42071
41320
46354
43185
40814
40785
41351
43634
41017
41396
41258
43128
40340
42924
40425
40154
43624
41562
41752
40837
40780
40976
40116
40257
45790
44224
40020
42602
40130
42101
40676
44575
40251
43291
40505
40230
40437
42614
41298
45034
40322
43228
41862
41669
41677
41309
42019
41728
41943
41401
41698
41687
41609
41730
41619
41684
41798
41609
40668
42925
40040
40136
40117
41057
40044
40500
43268
40115
46042
45981
41285
42633
40398
42460
40903
42448
41390
42196
41271
42141
41345
40026
40433
41286
40652
42736
42363
42761
40089
40721
42169
44132
40376
41539
40592
41734
41288
40041
43042
42650
41747
43256
42597
41249
40139
41470
41262
40396
43639
43845
41031
40715
40803
44110
50410
40086
41527
44998
40553
40350
41530
41774
41621
41958
41585
42081
41253
41978
42794
42303
40800
44220
40854
40632
43472
40700
42337
42670
41309
44207
40283
41942
40567
40827
42767
50653
40232
40869
41994
43425
41999
41834
40701
42630
40908
40721
43491
41077
40685
42656
41646
41315
42859
41332
40903
42214
41685
41450
48028
41793
40419
40504
41381
40812
42463
41332
43573
40345
40784
42544
43558
41485
40659
42513
41996
40528
40599
42924
42211
41170
43113
41002
40397
40815
42672
42592
40433
40229
42739
43934
41126
42308
40383
43125
41081
40657
41704
42094
43295
41409
40343
42850
40760
42190
43670
42734
40745
41687
41483
40788
41153
40224
46197
40316
40869
41937
41944
40991
42730
44333
43150
40891
40627
41138
41081
43812
40792
42731
41208
41286
42568
41680
42490
40655
40535
40499
41743
40317
40832
41773
40120
44264
43671
40004
43568
41920
41414
41950
41637
42346
40808
40686
40134
40043
40915
40698
40471
41787
44912
42140
40703
40746
40230
42016
40160
41066
41833
41368
44492
42040
42090
41523
40032
40953
41797
44140
42255
42982
41453
41210
42042
40780
43073
41878
42753
45529
41872
44315
42778
40854
41729
43145
40413
40170
44395
40149
43922
41505
41633
40649
43108
40633
41654
42842
40556
40155
43428
42243
44208
41102
45721
42634
41586
41954
41134
41642
40541
40516
42811
41263
40647
41395
40357
44267
40087
40257
42882
40445
47899
43989
41898
43094
40609
42893
44223
46639
40438
41040
40545
40631
41746
40737
42423
40040
40667
42181
40722
42212
43517
40015
41823
50427
41243
42157
41249
43701
40849
41350
40721
40081
44033
41380
40340
40472
40385
43984
40504
43292
44338
41797
41480
43757
40406
43509
41640
40040
47574
44096
44149
44528
40432
40243
40869
40546
44833
43407
40652
41306
41590
43333
40932
40175
43221
40532
40745
43488
40897
42759
41190
41436
40234
44281
41020
43020
42179
40706
41396
42384
40900
45970
43965
41959
44757
42536
40665
42458
47094
47817
44015
42042
42615
40778
44592
40585
40256
41354
43122
42386
41138
42193
41821
41684
40328
41095
42525
41945
42857
41171
41034
42182
41482
41852
44531
40866
42876
42813
43048
40611
42390
41278
40552
42373
40076
40220
44328
41390
42574
42069
40261
40168
42776
40499
41851
43793
40467
41621
40546
42572
40206
41170
44647
45368
43730
42277
41366
41901
41686
41448
41163
41377
40113
40487
40398
41623
42165
41219
41618
41188
40527
41916
41792
41375
40104
41723
40942
45087
40718
42130
44617
42121
40822
41316
42615
43664
40140
41807
44184
41120
41110
43816
41346
41221
40464
40702
41604
41423
41132
40724
40374
40193
41426
42126
40677
42914
40935
40061
42060
41920
40943
47795
41191
43734
41420
41555
40617
42426
40151
43278
40146
43931
41641
41648
42107
41648
41652
41652
41736
41902
41296
41810
41687
41659
41602
42127
41358
42001
40169
40880
40821
41243
40964
41230
40426
40211
41708
40048
43250
40480
41151
42393
43425
40219
42826
40687
42756
41640
42016
40833
41503
40737
40731
40979
40957
40070
43144
41045
41631
41786
44895
42497
42310
42551
41545
41167
41909
41208
42332
40999
40146
41727
44056
41421
42084
40151
42367
40986
42388
40700
41838
42313
40168
40652
43920
42154
41494
43566
40291
44069
41425
41543
41010
42422
42129
41427
41115
41576
42005
40296
41269
40491
42424
41472
41896
41109
42177
41954
41374
42100
41712
41735
41545
42307
40659
42754
40546
43376
40390
40112
40128
40097
41721
41620
44318
40715
42207
42532
41595
43019
42055
42705
40138
41596
40902
43233
40850
41102
40350
41810
43502
40992
42220
40234
41950
40233
44842
41536
41382
40832
41769
42767
41172
47981
41952
41670
41982
40619
43123
40957
42097
41348
40125
40408
40499
42114
40039
42906
41691
40460
41861
43230
40740
40132
40682
44053
41336
42472
41171
45188
41140
42629
42139
41358
41383
42050
41152
43889
40830
40119
40427
41598
43700
42824
42436
41433
41260
42039
42467
41337
40319
40373
42239
40871
41883
44373
41069
41755
43618
42189
40425
40377
42323
41052
41129
41309
41947
43050
40679
44428
42193
41558
41742
40062
41630
40650
43721
42036
42642
40084
41337
40182
40813
41473
41780
42138
44154
41128
42501
41411
40892
42692
42573
40822
43699
41514
41697
40232
40725
44679
40119
40403
41134
42773
40908
42155
44520
41799
41486
41818
41226
41290
41822
41692
41287
43200
41693
40957
42156
41969
41566
41643
42384
41065
41834
41722
41901
40509
41138
43617
40021
43518
41753
41594
41806
41477
40514
43428
41567
41719
41900
41015
40896
42848
40716
43438
40170
40108
40196
40247
40347
43281
40307
42583
47970
41749
40940
44329
40362
48723
47293
41308
40925
42658
41842
41716
41488
42041
41035
40633
44034
41218
41899
41815
40389
41674
42771
42045
40331
43041
40586
42230
41958
42793
40662
42726
40389
41880
42399
40690
40213
41372
46704
41871
40364
40432
41418
43745
41207
42908
40378
41044
40320
40982
42226
41762
41476
41808
43911
41612
41632
40347
42773
40473
43438
41519
40911
41173
42521
41120
42104
41940
40202
44256
40371
41945
41001
41780
41535
41581
40647
44734
41275
41642
40186
43217
40011
40628
40803
42936
42780
40552
41729
43952
40727
41128
41449
44380
40285
40760
41075
40987
42919
40343
40747
42587
40899
46662
41607
42068
41948
41724
40026
41578
40497
44849
40182
41733
41119
42609
40246
42906
46518
40396
43175
40341
42981
40729
42672
40842
42645
41626
41367
41838
40867
42380
42688
41108
42184
41364
42645
40666
42665
41104
41744
41051
40054
42660
41103
40213
42303
43787
40779
41426
41489
40014
42361
40716
41058
47835
40218
40793
41732
40867
41299
42272
40931
42531
45221
40815
40186
41619
40370
41664
43908
41987
41594
43195
40255
41117
40599
40042
41834
41879
41871
41625
42069
42878
42723
40647
41168
40601
42068
41033
40418
42580
41368
42904
40715
42610
43191
40147
41146
45056
42546
40952
40968
41132
40115
40849
40011
40338
40494
40499
40752
40570
41046
40452
41673
40907
41454
40799
41016
40858
40317
41178
40557
40204
41910
40480
40024
41411
40579
41395
40603
40762
40234
41107
40773
41075
41063
41487
40638
40338
42124
40803
40885
43343
42090
41055
41846
41288
41049
42746
40367
41824
40903
42741
41472
41322
40938
40794
40897
40453
42464
41686
43495
41425
41887
41900
41812
41615
41925
40115
41345
41880
44723
40241
40665
40616
40122
42894
40814
41301
40754
40787
40536
40729
40492
40489
40286
41331
42347
42422
41090
46769
41866
41830
41645
41971
45458
40410
42826
41830
41111
41180
43544
43451
40281
40080
40270
40020
45795
42101
40583
40174
41401
41582
42845
43819
43974
40079
41071
50015
41328
47458
40479
42789
41515
41079
40759
40069
44595
42179
41186
42623
41134
41333
42115
41410
42618
40913
42508
40820
42509
40711
42682
40742
40132
40489
45506
40191
42526
40670
43484
40149
43583
41386
41872
40009
42901
41125
43237
40067
43280
40664
41150
40618
42625
41225
44419
41156
40362
41414
40072
40706
42127
41589
41486
40236
40736
44567
47408
40066
41123
41406
40207
40520
41952
41767
41446
41660
41942
40026
41950
42498
42675
40169
43979
41691
42921
42596
43961
41270
40940
42656
40400
41994
40383
44421
43370
40009
43286
40126
43806
40253
41933
40549
40021
40612
40385
41506
40989
42405
44560
41003
41833
42348
44566
41661
41251
41531
40846
40327
46217
41105
41292
42210
43843
40220
43657
41519
41401
40410
40972
41563
42272
41247
42065
42112
40251
40042
41542
45324
42565
40214
40571
40426
41240
40306
42784
43205
40085
41217
43364
42039
40696
43186
41548
40021
41220
40130
40343
41700
41532
42234
42435
41414
41265
45170
40162
43405
40134
45063
41345
40842
42941
42352
41352
40634
41641
41964
41364
40806
43334
41971
42097
41101
41930
41742
42363
41696
41724
41316
42137
41568
41624
41343
42359
41912
41811
41466
41707
41588
41834
42031
41704
41651
41633
41650
40179
43407
41413
40479
43459
41583
40093
40594
40670
40224
40170
42806
41018
46540
42149
41154
40165
40175
40069
40895
40457
40329
44677
40850
42470
40100
43291
40158
42733
41390
40680
48136
43937
40465
43677
42323
40604
42477
41048
42333
41665
41672
42046
41271
41801
41500
41938
40868
42779
40094
40766
43564
42747
41877
41492
40263
40818
40856
45436
40298
42856
40030
41231
42112
41762
40109
45211
40799
40808
41088
40252
42937
42266
41435
42710
40598
40789
42549
40123
40472
41069
42497
40829
42453
41298
41531
42086
41303
45276
41065
40544
40295
48054
41755
40999
40211
41924
42070
43529
41775
41518
41654
40157
43583
41852
41403
41804
41716
40387
40511
42684
40753
44119
42003
40656
42679
40318
42981
42240
41655
40643
42691
40769
40656
42495
40154
46062
41438
40428
44273
40931
41168
42140
41075
40166
46604
42632
40080
44534
41420
42050
44125
42352
40531
40051
41928
42066
40544
41835
41422
41875
40201
49905
40687
44666
40716
41247
40049
40660
43059
43201
40117
44461
41665
41007
40735
40372
41306
45435
40183
42598
40711
42213
41331
43067
40418
42031
40228
43493
40283
41826
41344
44638
42090
41138
41311
42671
41513
41789
40835
42409
41492
42149
41100
42393
41607
41885
41686
41588
41053
42404
44055
40840
40788
41649
40104
42194
41587
43044
41999
40090
41911
44132
41078
43237
41724
40329
42029
41537
40102
40867
41611
40168
46159
41803
40364
43941
41447
40285
42337
40963
41530
41908
43320
42185
41219
40965
41168
41652
41734
43266
40797
40246
43226
40123
43235
42348
42181
41792
41952
41409
41079
41236
42354
42023
41033
42817
41060
42288
41705
41635
40194
41271
43971
40721
42675
41627
41862
41882
42092
42193
41321
40813
43012
40994
42416
42121
41308
42941
40645
42691
40351
40183
43489
43040
40193
43236
41484
41819
41394
42229
41431
40492
43154
41942
41512
41920
40333
40366
41710
41005
42924
42101
43423
40252
40794
41619
41592
41724
41275
44926
41118
40388
41804
41180
40197
40328
45963
40833
41900
41494
40148
40827
41882
45216
41188
41966
41379
43241
41639
41955
41837
40705
42772
41654
41475
40976
41888
42641
41824
41823
41522
41888
41006
41786
40243
40601
42256
40921
42680
40648
45876
40933
42130
43510
40119
44617
42035
41483
41509
40443
42143
41324
40930
42114
43578
40725
42278
40504
40294
42625
43225
40115
40008
40851
40743
40961
40201
40946
40618
42181
40220
40070
40032
44969
43168
42050
40910
40596
40693
40804
41439
41305
41111
40201
41100
40951
40149
40717
45338
40604
42752
42465
41230
40045
44368
40565
42187
41336
40177
40378
41021
40704
44150
42147
40790
42018
41772
40677
43794
40531
41680
42522
41553
40703
44437
41846
41272
40804
41578
40283
43317
40138
44518
41928
40679
40412
43071
40234
44181
41713
41944
41004
41106
41051
40898
44234
41977
41255
41863
40190
43049
40302
43101
40857
42747
40799
42504
40956
42423
41204
43790
41749
41603
40214
43169
40502
42785
42268
41760
40304
43224
40268
40202
44957
40351
41121
41901
40738
40530
46152
41339
40693
40902
42518
40540
42796
40766
41124
41993
40312
43222
40127
41958
45183
43501
40253
50202
46360
42465
40649
42390
41678
41615
44941
41232
41807
41541
42701
41623
41666
40157
40275
40184
40491
40323
43413
40108
40690
43997
41732
42112
40645
43455
43953
42168
40669
40532
41544
40073
44141
40476
43652
40417
46381
40247
43514
40092
40082
40463
43102
43358
43003
41288
42605
41258
42039
41458
41402
41732
42114
42033
40918
42753
41489
41384
42006
41952
41710
41714
41722
41662
41684
41660
40071
40234
41960
40183
44492
43618
42124
42479
40865
42375
41103
40111
43763
41686
42069
41716
43632
40468
42250
40652
40148
40522
46828
40443
41445
41335
41914
44176
41727
40134
43617
40084
41094
45267
41787
41441
41899
41792
40008
40812
41395
44473
41793
40283
42956
40428
43292
42039
41413
40636
42913
41564
41629
42005
41948
40721
42595
40641
42643
41166
40626
43474
40268
41519
41935
42630
42597
40429
40419
42856
41982
41376
43036
43292
41759
40024
43929
40044
43414
40221
43557
42567
41458
41818
40255
44721
40603
41539
43754
41500
41730
42796
41408
41441
40735
43614
40859
43267
40027
42151
40171
41607
41710
44992
40448
41739
40087
40646
41442
40554
41492
41891
41884
42742
40825
41132
41269
42888
42478
41533
41506
41053
40524
43071
40035
40600
41642
40610
46404
41832
41219
41886
41604
41667
41677
41941
41634
41847
40082
0
