38721
0
49811
0
50635
0
55064
0
51056
0
50449
0
60515
0
47419
0
53153
0
52463
0
58024
0
51200
0
67062
0
49732
0
54604
0
58717
0
53857
0
62070
0
56202
0
54551
0
60159
0
59184
0
58144
0
57995
0
48526
0
53058
0
52962
0
58397
0
53042
0
61486
0
57826
0
47789
0
60791
0
50910
0
66803
0
61645
0
54265
0
52131
0
62962
0
55951
0
64080
0
50597
0
56515
0
61066
0
60717
0
60402
0
59225
0
51991
0
51812
0
63144
0
53887
0
60533
0
62077
0
60900
0
49929
0
55145
0
61814
0
57956
0
59686
0
61888
0
54978
0
65126
0
62150
0
54284
0
58673
0
67743
0
54365
0
54895
0
63529
0
53751
0
66978
0
55431
0
61889
0
62778
0
64769
0
56328
0
58264
0
58285
0
59343
0
57977
0
61302
0
64631
0
57461
0
65524
0
56482
0
55701
0
65055
0
58544
0
58556
0
56853
0
56705
0
54892
0
62341
0
61345
0
59719
0
57391
0
66782
0
56244
0
61354
0
59875
0
61578
0
53382
0
52681
0
56583
0
62635
0
60639
0
61105
0
54125
0
66035
0
55635
0
61167
0
59122
0
60306
0
55476
0
53904
0
62735
0
58805
0
53382
0
65596
0
54113
0
57127
0
61517
0
55138
0
56817
0
58397
0
65188
0
58569
0
57773
0
56515
0
54008
0
61785
0
62902
0
54141
0
56462
0
60679
0
52324
0
64268
0
56235
0
61062
0
58032
0
59124
0
56467
0
57588
0
64610
0
55957
0
60182
0
56271
0
47732
0
64013
0
55950
0
63379
0
64158
0
60761
0
62358
0
60913
0
62020
0
57625
0
54501
0
59290
0
57055
0
64571
0
52569
0
60647
0
70706
0
56712
0
60168
0
59787
0
59594
0
62803
0
60154
0
56427
0
54878
0
61471
0
58620
0
64555
0
59036
0
54647
0
60613
0
55675
0
59005
0
66421
0
55676
0
61530
0
51673
0
57879
0
55235
0
61614
0
58237
0
56988
0
60505
0
49298
0
60251
0
61083
0
61161
0
61704
0
61373
0
58034
0
60293
0
59179
0
55572
0
68031
0
46731
0
59012
0
63574
0
58906
0
60060
0
55397
0
53867
0
72681
0
58851
0
55430
0
60363
0
61405
0
51259
0
63918
0
70591
0
60604
0
60063
0
61135
0
67368
0
52297
0
71186
0
60470
0
62206
0
63297
0
59542
0
62192
0
56801
0
61607
0
68930
0
54196
0
58122
0
63560
0
60207
0
64312
0
62616
0
56378
0
64370
0
66133
0
60455
0
59076
0
61398
0
56437
0
57179
0
59455
0
59452
0
56117
0
62914
0
55398
0
62621
0
59236
0
57289
0
66097
0
54156
0
58227
0
54498
0
54438
0
62893
0
55357
0
58615
0
52795
0
52677
0
61397
0
59585
0
63044
0
58428
0
57095
0
64186
0
62583
0
51395
0
57629
0
53555
0
63582
0
62407
0
56117
0
62511
0
63617
0
50047
0
60502
0
49453
0
64884
0
56156
0
56649
0
61763
0
60379
0
55772
0
55595
0
63812
0
55652
0
59224
0
65954
0
56367
0
61310
0
61481
0
63884
0
53463
0
64038
0
59181
0
61124
0
61796
0
59571
0
56245
0
61402
0
53271
0
58884
0
57308
0
61338
0
60097
0
66107
0
57190
0
59573
0
55773
0
63517
0
58249
0
60706
0
52133
0
63342
0
53595
0
63243
0
64064
0
46972
0
62437
0
57482
0
57866
0
60591
0
56060
0
58891
0
56882
0
58274
0
64260
0
50693
0
63970
0
57801
0
54456
0
62709
0
57529
0
62181
0
58060
0
55134
0
55859
0
57958
0
60239
0
58623
0
57214
0
63184
0
60160
0
60348
0
62208
0
50989
0
65992
0
53120
0
63427
0
56830
0
63129
0
52292
0
66913
0
62543
0
55697
0
60034
0
66252
0
56397
0
60761
0
62836
0
54173
0
68827
0
46947
0
59669
0
66622
0
60898
0
56361
0
64817
0
61231
0
63698
0
60344
0
60893
0
61181
0
62451
0
62625
0
58798
0
60477
0
62225
0
61082
0
60227
0
63194
0
59737
0
53328
0
64775
0
60131
0
57405
0
59888
0
51551
0
63166
0
60757
0
62914
0
62153
0
56958
0
63800
0
58697
0
61145
0
55885
0
72063
0
55009
0
53978
0
55279
0
68929
0
52709
0
56394
0
59770
0
61453
0
55817
0
59759
0
56123
0
53329
0
62802
0
65045
0
58352
0
57324
0
62362
0
59478
0
61111
0
49010
0
56209
0
57243
0
61136
0
57439
0
59039
0
57731
0
65738
0
54877
0
55068
0
55850
0
62382
0
62809
0
51765
0
62940
0
53381
0
57704
0
67332
0
54081
0
53846
0
64806
0
56423
0
62600
0
58940
0
58256
0
59847
0
65419
0
56061
0
62302
0
56528
0
62693
0
58670
0
63049
0
61535
0
54063
0
51754
0
61905
0
52508
0
52069
0
65199
0
56296
0
61051
0
60839
0
62446
0
59178
0
57225
0
66742
0
56238
0
58005
0
61665
0
65709
0
53241
0
56588
0
59717
0
57323
0
66755
0
57417
0
59021
0
56297
0
62394
0
50131
0
67888
0
52775
0
58398
0
60196
0
60840
0
60199
0
62325
0
59603
0
54095
0
64069
0
60328
0
56875
0
59787
0
55362
0
65201
0
54619
0
54970
0
57663
0
57126
0
47421
0
66805
0
65984
0
62791
0
55883
0
65099
0
65515
0
64785
0
54219
0
62885
0
59865
0
60591
0
65424
0
56507
0
67010
0
61902
0
65344
0
58259
0
60324
0
62583
0
59191
0
62471
0
63092
0
61572
0
58973
0
62743
0
64718
0
56580
0
61593
0
61107
0
61303
0
61332
0
54115
0
66671
0
62065
0
51702
0
57535
0
71404
0
53303
0
57772
0
58502
0
63823
0
55600
0
60518
0
60844
0
62153
0
70015
0
60222
0
63151
0
66225
0
61172
0
65179
0
66379
0
54343
0
67501
0
65975
0
65610
0
67080
0
66103
0
65607
0
59559
0
60639
0
66557
0
65503
0
56714
0
64835
0
64396
0
61994
0
65123
0
60831
0
62825
0
62625
0
60362
0
62338
0
56234
0
62323
0
58943
0
60107
0
62636
0
62367
0
63810
0
58247
0
63726
0
59148
0
61222
0
55201
0
71076
0
49922
0
56350
0
70899
0
62407
0
50531
0
66623
0
63058
0
66812
0
50751
0
59064
0
62805
0
63732
0
62685
0
56962
0
65215
0
63430
0
58498
0
61576
0
61615
0
54553
0
65959
0
66103
0
52924
0
74146
0
57273
0
67805
0
64589
0
65506
0
60231
0
60398
0
65764
0
58938
0
61030
0
65061
0
59560
0
59354
0
66833
0
63476
0
62053
0
62844
0
59996
0
65628
0
57341
0
61423
0
65929
0
68245
0
57507
0
66499
0
61342
0
68800
0
56703
0
75136
0
60484
0
64304
0
63561
0
67407
0
56048
0
66875
0
68491
0
63326
0
62866
0
60225
0
59235
0
65039
0
70334
0
61833
0
62611
0
72310
0
66065
0
69475
0
59778
0
60561
0
63112
0
64239
0
62854
0
67047
0
69521
0
59941
0
56769
0
62929
0
58803
0
67629
0
58800
0
67610
0
66542
0
60908
0
70849
0
57688
0
68517
0
60205
0
66295
0
63001
0
66723
0
62281
0
71393
0
55508
0
75352
0
51226
0
63099
0
66852
0
59304
0
72814
0
62154
0
65841
0
65088
0
67100
0
61933
0
61122
0
62108
0
69239
0
61558
0
66622
0
64681
0
68059
0
59661
0
61710
0
65020
0
66541
0
67277
0
64871
0
69042
0
56618
0
72837
0
63282
0
67306
0
67472
0
58563
0
74328
0
59200
0
62631
0
65434
0
66843
0
64828
0
65743
0
65306
0
70528
0
61737
0
66986
0
69606
0
64317
0
66478
0
66067
0
59837
0
64261
0
68384
0
60593
0
61935
0
65756
0
63424
0
64429
0
64034
0
66277
0
70018
0
56383
0
63242
0
55823
0
69182
0
61055
0
58100
0
60019
0
63613
0
59650
0
67508
0
62940
0
64478
0
58966
0
68407
0
58702
0
66110
0
64996
0
63263
0
57958
0
62996
0
60927
0
54919
0
65985
0
52004
0
65803
0
64238
0
61479
0
59261
0
58565
0
56417
0
64584
0
57823
0
62682
0
62282
0
65203
0
51785
0
70638
0
57509
0
51840
0
64050
0
60598
0
61285
0
59725
0
61190
0
63818
0
58066
0
63975
0
62735
0
55927
0
57328
0
64252
0
61944
0
63132
0
54747
0
66434
0
56780
0
59915
0
61402
0
63251
0
64003
0
58575
0
59302
0
55591
0
63349
0
58898
0
63884
0
58016
0
60482
0
60906
0
54608
0
64891
0
55635
0
63269
0
61896
0
52514
0
63768
0
58379
0
58244
0
60359
0
57624
0
64868
0
51524
0
60081
0
60724
0
62041
0
57239
0
59512
0
52616
0
58187
0
63822
0
53250
0
60904
0
55993
0
50247
0
59687
0
64050
0
64329
0
61575
0
55130
0
62970
0
58047
0
61843
0
62646
0
57385
0
59103
0
54697
0
64247
0
61159
0
57575
0
59447
0
56209
0
65538
0
60871
0
57202
0
51035
0
63006
0
64529
0
55442
0
57174
0
59958
0
59116
0
57962
0
57044
0
59947
0
60633
0
60729
0
61212
0
51988
0
61636
0
57196
0
62625
0
56357
0
68461
0
59684
0
59103
0
57623
0
56312
0
69104
0
57943
0
64077
0
48876
0
56045
0
62509
0
62181
0
59411
0
60885
0
56128
0
55451
0
61720
0
60205
0
54729
0
63264
0
55619
0
71530
0
55571
0
55513
0
62851
0
54240
0
66833
0
56006
0
60029
0
51886
0
61336
0
56146
0
58352
0
56866
0
57697
0
60951
0
56428
0
54748
0
56248
0
59961
0
49938
0
61899
0
60197
0
56172
0
45981
0
61103
0
54011
0
58158
0
54369
0
51484
0
53447
0
53381
0
56175
0
50624
0
63617
0
60567
0
49866
0
59691
0
58118
0
55346
0
60945
0
49309
0
67756
0
51649
0
53379
0
60132
0
56849
0
61450
0
57688
0
56007
0
52689
0
59745
0
56936
0
58452
0
58809
0
50755
0
67317
0
53526
0
59890
0
56049
0
55180
0
56537
0
58103
0
64243
0
54681
0
56480
0
56381
0
63189
0
57962
0
58861
0
48027
0
70967
0
50067
0
66027
0
57019
0
62758
0
62722
0
54059
0
55942
0
59221
0
52443
0
62709
0
53700
0
61269
0
54818
0
59525
0
56855
0
66747
0
56558
0
57228
0
66970
0
53366
0
59566
0
55634
0
58428
0
60830
0
59345
0
59017
0
55272
0
55938
0
65498
0
53783
0
60212
0
59425
0
55497
0
57196
0
55297
0
50791
0
55397
0
61081
0
58034
0
53002
0
55418
0
59225
0
50146
0
60113
0
50687
0
55584
0
59426
0
56470
0
54554
0
55783
0
52295
0
63841
0
58310
0
57786
0
51956
0
50427
0
60802
0
60714
0
54029
0
58761
0
51216
0
60013
0
63442
0
58809
0
54837
0
61486
0
57049
0
58855
0
51750
0
53614
0
62521
0
56229
0
57533
0
54466
0
50675
0
61057
0
55555
0
58229
0
56982
0
53354
0
59669
0
52288
0
59724
0
59981
0
51758
0
60700
0
55936
0
58725
0
58239
0
59411
0
56887
0
57349
0
49533
0
59747
0
57093
0
59678
0
57020
0
62163
0
53988
0
58747
0
53977
0
65575
0
55844
0
65448
0
60130
0
54146
0
62566
0
50375
0
54611
0
61991
0
64957
0
46761
0
57407
0
51432
0
62975
0
60296
0
58765
0
64070
0
54436
0
52147
0
63927
0
62465
0
60256
0
56390
0
53301
0
58529
0
58503
0
60032
0
53427
0
57746
0
61274
0
55729
0
60963
0
55863
0
64786
0
57528
0
55745
0
55866
0
57509
0
55489
0
63960
0
55708
0
62265
0
61723
0
56642
0
60660
0
52350
0
63436
0
60462
0
57097
0
54186
0
57740
0
63118
0
61432
0
61150
0
53626
0
61290
0
54213
0
57158
0
66361
0
55519
0
62089
0
59176
0
59675
0
61619
0
59333
0
64852
0
53926
0
64005
0
55489
0
56781
0
68199
0
53516
0
62605
0
55660
0
60183
0
59613
0
63778
0
61091
0
60039
0
62705
0
56018
0
65666
0
58764
0
59250
0
61184
0
53801
0
62991
0
61742
0
60140
0
61943
0
67783
0
65894
0
62033
0
60487
0
65534
0
60365
0
52599
0
62776
0
67518
0
57986
0
69279
0
55079
0
70456
0
47276
0
55131
0
67460
0
65507
0
58638
0
58887
0
63040
0
57946
0
59411
0
53913
0
66594
0
57869
0
56238
0
74375
0
66978
0
54933
0
61838
0
66860
0
61957
0
58321
0
64077
0
66590
0
56366
0
68798
0
61888
0
59067
0
65574
0
64112
0
54514
0
65275
0
55886
0
54594
0
62712
0
56397
0
56085
0
60776
0
58872
0
52809
0
64789
0
62139
0
55526
0
59341
0
59184
0
57552
0
65222
0
55307
0
63233
0
60061
0
59505
0
57331
0
56182
0
57523
0
58735
0
56630
0
60465
0
55730
0
66615
0
57964
0
60888
0
59811
0
56506
0
59543
0
67462
0
54734
0
51229
0
67382
0
57797
0
54693
0
64150
0
56170
0
55433
0
65000
0
52012
0
62668
0
51152
0
65813
0
60742
0
57414
0
62434
0
58639
0
61467
0
61164
0
64587
0
58030
0
63046
0
60203
0
60656
0
62564
0
50484
0
53866
0
61608
0
55994
0
60731
0
60578
0
59921
0
51356
0
64218
0
54733
0
66167
0
61268
0
54805
0
62129
0
56098
0
61717
0
62680
0
54891
0
64025
0
50156
0
56807
0
62278
0
55548
0
61166
0
60080
0
53764
0
58751
0
66887
0
58055
0
64309
0
61839
0
57300
0
59704
0
56822
0
65477
0
57729
0
60168
0
59283
0
62978
0
55159
0
63028
0
66750
0
59435
0
58669
0
58416
0
66273
0
61362
0
63568
0
58012
0
61714
0
57718
0
66938
0
60882
0
60684
0
66636
0
50455
0
71358
0
50010
0
70892
0
49428
0
72578
0
60666
0
65104
0
62408
0
58626
0
68650
0
61099
0
54752
0
63064
0
55486
0
61112
0
61932
0
55026
0
62754
0
58637
0
61135
0
58887
0
60832
0
55844
0
56096
0
59180
0
55953
0
56252
0
62200
0
59655
0
61231
0
61368
0
61452
0
55012
0
56507
0
71025
0
58712
0
50322
0
64923
0
68201
0
53304
0
62359
0
57387
0
61265
0
60199
0
59662
0
66989
0
58270
0
64237
0
56513
0
68594
0
55945
0
63562
0
59286
0
69266
0
58325
0
58184
0
62541
0
66355
0
57076
0
51726
0
70791
0
57451
0
67522
0
56989
0
59752
0
60716
0
71070
0
54247
0
53289
0
64858
0
55563
0
61819
0
59928
0
64243
0
59520
0
60981
0
55248
0
61770
0
66018
0
61523
0
61680
0
67033
0
55676
0
58593
0
65317
0
54558
0
60279
0
58302
0
54228
0
61277
0
57008
0
65784
0
60913
0
60974
0
60759
0
68068
0
56308
0
60564
0
57698
0
60417
0
53593
0
62573
0
60910
0
56657
0
62407
0
58722
0
61924
0
63122
0
54327
0
66542
0
61089
0
55865
0
61123
0
60401
0
45305
0
61334
0
55676
0
58034
0
59357
0
48063
0
64860
0
54288
0
61313
0
56000
0
62686
0
54275
0
65510
0
55717
0
58682
0
58276
0
58530
0
54126
0
60946
0
60621
0
58421
0
50294
0
53631
0
61461
0
61161
0
58777
0
58476
0
60696
0
50682
0
72326
0
50356
0
55642
0
62759
0
55882
0
66790
0
55764
0
60158
0
60851
0
45307
0
66829
0
62292
0
58353
0
58851
0
61662
0
56772
0
63372
0
57116
0
56773
0
64492
0
60724
0
54521
0
64938
0
59642
0
62889
0
58065
0
59939
0
56418
0
69363
0
54095
0
70141
0
55227
0
54050
0
61324
0
59875
0
52917
0
70980
0
59370
0
62467
0
55634
0
65523
0
61384
0
57746
0
67100
0
52653
0
59381
0
68186
0
52824
0
64268
0
61084
0
57827
0
62230
0
59653
0
58803
0
60623
0
55497
0
54923
0
51719
0
64010
0
62800
0
64199
0
54066
0
61419
0
59914
0
55254
0
57691
0
54077
0
58285
0
60066
0
60374
0
62133
0
55441
0
61256
0
55629
0
64139
0
49232
0
65377
0
55139
0
61631
0
56856
0
56712
0
54603
0
50085
0
66105
0
54123
0
61341
0
57049
0
58630
0
62907
0
57580
0
55919
0
61902
0
54369
0
61209
0
60651
0
50591
0
71049
0
56930
0
55262
0
58838
0
61465
0
47493
0
56061
0
65991
0
56239
0
48866
0
57411
0
62393
0
56596
0
59064
0
60123
0
57047
0
56516
0
56660
0
57982
0
59048
0
54912
0
64972
0
56675
0
61031
0
58254
0
54980
0
66636
0
50175
0
59273
0
57776
0
58897
0
61191
0
51984
0
50491
0
66434
0
53151
0
54229
0
64416
0
62149
0
49697
0
62823
0
56350
0
52922
0
60779
0
62043
0
55744
0
61462
0
56418
0
50622
0
62101
0
60610
0
59973
0
59608
0
57313
0
60265
0
59690
0
63165
0
59003
0
63357
0
63705
0
64886
0
61954
0
59349
0
51470
0
70646
0
49785
0
57653
0
62352
0
55328
0
61515
0
60357
0
62039
0
61527
0
60374
0
61983
0
63242
0
53806
0
63228
0
50499
0
59049
0
61725
0
61714
0
59487
0
61703
0
62148
0
66705
0
55592
0
61419
0
60797
0
61610
0
58096
0
64499
0
58795
0
54427
0
60899
0
51749
0
65796
0
59618
0
61837
0
57265
0
63783
0
54261
0
60376
0
64397
0
61312
0
61304
0
50202
0
67226
0
59219
0
65280
0
53550
0
63319
0
61529
0
65461
0
56297
0
59958
0
65172
0
58851
0
59602
0
58735
0
58040
0
60875
0
57242
0
61117
0
56638
0
56844
0
57370
0
59248
0
62548
0
63383
0
61241
0
55145
0
62033
0
57898
0
55601
0
70249
0
55137
0
62749
0
60378
0
58690
0
60562
0
58773
0
61236
0
54195
0
63675
0
58683
0
58103
0
66147
0
62003
0
58501
0
59763
0
62280
0
53996
0
59733
0
65154
0
56864
0
67797
0
58725
0
55489
0
59785
0
63738
0
61924
0
60696
0
60807
0
58823
0
60340
0
62223
0
60184
0
61296
0
51050
0
63513
0
65875
0
52988
0
63949
0
54629
0
66853
0
61551
0
55752
0
71094
0
58773
0
58475
0
56654
0
60258
0
62156
0
60484
0
61123
0
58579
0
62239
0
54560
0
63195
0
54402
0
58229
0
69961
0
55262
0
59935
0
60401
0
62375
0
62881
0
59712
0
57853
0
71627
0
54097
0
56852
0
60507
0
66168
0
61494
0
54937
0
68248
0
59615
0
61196
0
62190
0
61620
0
58227
0
62396
0
62207
0
60397
0
66048
0
62284
0
55478
0
59362
0
57289
0
59528
0
65342
0
56638
0
65450
0
60988
0
56436
0
61647
0
57227
0
56887
0
54588
0
55616
0
70959
0
57099
0
57924
0
54156
0
70653
0
55156
0
58554
0
59147
0
66153
0
55540
0
54273
0
57027
0
52610
0
70324
0
57914
0
66562
0
54338
0
61125
0
60966
0
60990
0
62874
0
57540
0
55579
0
70217
0
54841
0
58833
0
63135
0
51075
0
57773
0
66329
0
57815
0
62353
0
62488
0
61300
0
56062
0
64582
0
65309
0
59223
0
64959
0
61105
0
63102
0
61848
0
65671
0
62673
0
60571
0
70771
0
65506
0
70201
0
63468
0
54886
0
65024
0
62428
0
64754
0
70434
0
63291
0
66915
0
62578
0
0
