1357
881
955
988
981
1050
727
1147
690
938
952
984
895
989
835
868
923
684
909
929
824
784
1010
880
857
844
839
824
753
862
824
826
840
906
837
820
832
961
833
930
783
1046
914
895
648
1037
724
941
972
963
660
907
901
726
774
904
728
775
877
895
869
723
934
845
840
802
921
873
842
760
861
824
714
993
865
747
887
925
839
850
824
778
898
806
826
947
783
899
680
924
849
793
872
758
871
809
836
935
663
805
877
781
806
832
822
920
780
756
876
900
833
894
708
718
800
945
710
853
723
674
858
853
813
900
732
786
895
809
753
821
839
757
894
706
790
776
877
841
789
744
986
767
792
756
981
747
968
839
898
722
822
768
836
709
814
891
843
755
820
892
766
713
810
909
880
821
826
705
975
729
1021
914
796
754
775
768
874
820
864
636
837
982
755
922
861
896
820
679
884
754
865
786
797
913
748
986
762
799
795
797
896
864
815
881
797
848
826
780
821
833
788
820
807
865
974
823
838
755
976
770
829
659
889
878
998
869
667
884
749
806
856
770
905
938
942
632
904
777
936
791
855
900
601
908
922
938
789
897
746
787
781
646
853
681
775
943
926
663
843
853
712
902
734
896
963
840
682
676
962
756
752
936
718
799
735
894
750
898
871
895
763
786
878
741
849
855
783
843
857
820
688
910
808
732
978
766
812
915
918
689
689
884
874
829
775
921
859
916
812
838
785
942
798
733
944
832
741
946
893
728
1007
846
571
860
715
869
785
830
864
693
940
873
778
850
857
970
630
970
848
763
718
1028
726
933
950
773
692
650
946
816
799
808
813
762
859
814
786
950
772
467
878
771
776
914
728
831
763
805
811
764
608
785
882
837
700
828
876
663
944
696
790
795
799
706
750
932
710
870
872
750
828
733
665
853
862
882
744
823
786
704
794
843
613
801
989
792
912
736
698
792
849
934
745
901
820
870
777
772
842
794
938
833
841
820
852
723
1099
814
735
761
964
899
591
872
955
897
777
890
963
746
773
864
884
696
868
959
648
734
950
791
734
984
872
846
735
952
806
672
843
893
856
782
657
965
778
898
848
774
930
900
756
767
758
1057
750
857
671
948
796
876
833
804
783
857
695
987
890
776
743
860
815
960
656
823
764
854
666
914
853
825
812
665
895
695
836
1009
634
796
877
876
898
807
798
761
890
816
799
840
794
610
841
834
855
983
704
843
849
913
664
746
993
763
746
940
1007
764
679
987
814
830
800
807
833
880
774
805
852
905
859
786
896
771
786
880
907
852
699
880
682
955
819
862
742
832
883
919
820
815
928
659
1053
819
721
844
944
815
887
856
879
767
660
767
880
929
672
927
894
808
811
714
888
781
809
798
791
824
902
865
733
806
888
788
776
895
770
662
758
935
790
952
712
726
768
832
780
997
706
815
899
706
804
722
836
774
876
592
908
825
757
752
802
891
733
857
840
908
718
660
839
748
901
742
893
727
819
845
832
955
612
802
826
892
669
874
975
768
840
784
934
705
908
804
687
883
897
771
732
764
799
814
751
906
751
673
830
826
897
793
862
931
676
781
943
966
736
828
897
915
764
745
860
800
828
917
941
690
802
947
560
971
775
929
814
790
933
734
713
832
1092
765
825
872
927
835
835
890
873
746
836
836
882
625
955
807
818
874
735
972
714
777
746
899
838
750
877
893
707
893
914
807
793
814
800
792
896
886
717
890
807
790
762
834
886
777
831
770
849
826
811
827
781
691
735
912
809
889
1007
760
985
710
889
902
724
962
773
878
817
838
750
905
796
821
894
685
728
766
1001
749
729
844
800
803
576
1056
786
858
824
894
758
807
909
744
817
831
782
921
833
899
861
807
709
1000
820
742
801
739
881
848
846
823
719
859
756
849
861
740
839
756
843
861
814
845
736
811
859
989
816
940
765
856
789
806
927
941
743
683
838
679
842
852
754
721
702
964
870
671
645
828
936
772
832
805
755
802
943
784
623
872
735
852
566
982
718
820
876
791
924
438
898
957
704
794
841
768
721
1016
678
801
670
903
852
684
860
822
715
752
989
791
773
881
781
806
673
806
921
934
810
640
880
704
827
892
808
807
763
853
904
755
816
734
781
804
843
756
666
682
832
700
800
819
707
799
660
902
673
732
711
867
772
683
780
688
699
833
615
801
758
919
734
814
790
683
797
830
793
620
859
858
795
550
981
703
606
934
555
875
715
743
806
760
923
802
889
624
756
964
790
810
815
902
647
853
870
877
746
782
820
589
787
852
861
813
721
916
721
912
806
618
841
800
830
745
914
807
775
889
710
864
660
883
806
818
710
876
881
744
731
744
784
714
799
821
815
818
849
818
708
780
823
851
779
688
811
852
789
752
593
843
847
727
756
638
829
732
785
943
762
753
717
857
736
576
931
959
600
877
796
843
692
781
817
707
865
858
798
528
909
812
770
816
711
829
614
806
869
828
653
754
796
718
838
654
844
750
530
792
804
888
741
661
780
698
834
782
755
561
813
797
763
801
848
624
759
862
806
721
705
857
764
747
883
733
706
689
701
803
655
697
837
781
651
783
796
832
793
706
811
599
891
768
705
773
841
636
763
850
845
699
749
745
779
820
791
797
754
775
772
676
687
773
756
863
698
743
750
853
788
588
821
700
858
599
871
797
648
822
636
832
647
710
894
712
920
756
799
749
734
724
672
812
712
788
724
854
644
802
781
746
739
727
786
659
848
750
693
875
740
797
709
779
584
819
806
686
855
731
787
641
832
729
694
786
650
734
762
832
801
664
736
707
723
687
772
791
688
608
827
873
627
759
809
602
816
792
780
600
756
757
801
686
716
733
796
715
638
752
764
678
812
724
724
685
721
881
647
708
843
717
810
805
798
821
627
886
729
700
823
711
728
727
799
748
709
866
753
757
715
810
813
831
722
686
908
831
756
810
786
746
704
894
802
691
765
765
778
806
784
762
794
635
864
758
764
750
824
754
752
863
670
818
792
806
796
898
814
872
739
864
686
709
758
872
744
919
920
713
812
813
809
714
801
821
768
679
944
883
687
781
750
884
780
951
671
716
921
870
775
755
784
820
704
838
754
870
852
798
742
709
880
938
850
760
755
713
826
730
901
794
661
805
753
880
853
910
763
689
919
882
807
680
851
697
807
947
778
822
766
840
731
806
914
739
855
815
835
919
816
819
850
687
757
844
813
907
747
881
840
605
972
844
804
810
724
961
779
919
727
759
813
836
794
779
925
933
845
843
780
798
910
876
853
884
783
917
893
971
677
782
875
696
819
851
729
713
869
906
730
839
725
832
827
796
806
966
775
775
839
817
929
581
870
911
724
888
798
941
598
966
734
730
925
900
719
923
702
867
861
839
727
786
791
887
853
835
927
736
942
714
835
814
840
696
882
933
868
856
758
804
908
616
922
804
874
626
938
850
714
843
908
752
614
853
895
858
848
966
788
845
800
754
793
820
758
824
825
904
872
915
700
869
739
854
890
827
876
762
768
725
924
779
909
796
706
888
889
899
776
759
913
826
780
812
885
783
903
790
831
983
767
823
946
740
880
965
884
757
1066
667
834
836
933
892
772
888
947
918
878
946
807
927
916
824
952
908
801
925
842
895
803
1085
755
765
816
846
942
960
715
938
896
805
837
858
891
847
743
939
821
845
817
831
881
809
854
914
966
701
883
826
756
757
950
925
845
783
885
815
844
787
882
735
876
938
737
841
937
850
775
913
647
974
746
795
922
940
948
692
840
874
705
844
833
906
835
877
669
830
784
824
810
745
850
930
817
947
885
839
759
858
827
994
787
753
900
741
986
739
911
848
746
854
789
803
832
856
852
757
805
829
845
779
918
693
832
951
898
673
776
1047
904
808
611
906
854
736
818
891
968
885
879
945
687
871
898
982
897
915
629
864
997
754
968
767
898
880
897
975
807
822
867
921
873
956
691
980
944
773
896
842
853
926
817
831
845
1027
755
886
970
739
619
1052
827
755
822
973
778
833
859
864
718
757
982
916
790
895
790
911
821
831
818
842
918
855
878
878
1028
904
672
955
808
872
820
941
877
838
834
835
956
892
760
873
755
903
770
1091
877
775
717
925
872
697
860
917
788
953
724
934
861
902
750
907
745
795
891
913
854
897
940
706
830
797
565
965
755
859
901
964
766
854
746
817
784
735
1064
769
961
876
831
873
830
887
851
914
741
892
725
846
1015
753
779
758
882
769
765
1020
613
853
802
947
953
744
831
894
851
784
1071
731
729
833
760
873
862
898
788
831
759
760
1001
918
777
822
959
663
857
1024
728
804
918
727
839
956
788
710
798
759
1001
911
787
766
961
770
750
959
839
649
982
761
788
772
959
869
749
817
878
747
918
894
573
932
650
886
890
748
739
745
860
900
895
726
929
709
753
809
873
902
855
824
665
822
867
774
817
867
799
919
847
814
663
804
714
921
789
894
706
702
922
632
857
857
810
692
849
744
848
874
961
745
751
774
767
701
744
763
865
795
761
823
711
824
677
744
864
904
912
724
767
682
719
814
897
719
871
827
625
898
897
983
645
821
849
543
957
683
879
873
758
767
915
810
905
792
674
710
925
914
843
544
732
819
645
872
906
791
656
870
657
703
847
869
630
890
803
714
704
679
781
755
907
649
870
808
567
837
876
864
763
982
777
677
854
856
950
682
931
851
793
963
660
1000
770
871
888
598
915
877
863
759
785
750
1002
706
738
789
811
956
836
704
824
790
833
972
714
922
827
804
840
786
897
829
704
843
841
896
846
751
885
747
779
908
600
919
919
791
749
808
806
919
854
805
702
849
949
722
953
949
688
801
944
815
722
750
817
826
897
946
769
752
826
677
935
728
873
847
627
833
826
781
810
905
701
879
668
936
787
797
851
892
861
808
819
726
754
1041
728
956
867
902
899
592
764
814
904
754
764
853
812
805
946
705
897
830
836
814
866
752
883
778
791
1078
660
783
909
763
648
951
901
842
851
901
868
528
781
918
747
823
760
762
775
795
992
819
841
746
815
794
822
798
859
764
864
848
640
853
848
736
709
854
925
803
787
751
871
574
934
739
842
832
755
772
768
805
765
877
719
834
903
643
832
615
765
879
924
800
771
755
756
704
873
816
690
802
818
712
816
820
752
845
718
739
763
940
760
702
863
766
842
842
716
816
872
758
939
823
791
908
677
764
935
747
907
829
763
806
707
913
1036
758
858
814
829
696
758
907
833
802
990
637
909
853
637
746
694
1094
825
896
698
808
677
684
886
913
870
654
887
844
696
880
859
826
651
689
865
824
713
926
817
713
851
690
884
776
736
561
820
950
767
782
720
875
677
768
934
867
721
937
635
868
831
637
925
811
753
756
740
849
740
840
782
873
847
841
752
723
911
730
924
785
799
826
696
847
694
868
931
743
864
748
730
759
711
871
1026
541
739
914
762
770
740
888
882
678
845
979
729
744
898
891
842
777
775
850
721
736
739
918
756
736
764
789
850
805
719
918
873
838
791
815
696
917
674
840
996
774
815
814
788
769
941
803
798
773
803
791
745
896
936
873
936
753
874
869
862
733
1019
790
853
963
741
868
782
812
890
858
919
775
785
882
716
879
913
727
894
768
845
802
776
1067
716
913
881
679
844
936
969
723
929
872
814
892
561
923
849
811
808
910
852
764
932
838
645
876
871
760
838
910
795
722
920
906
839
895
833
713
864
649
955
854
800
796
794
722
830
848
836
900
953
599
787
914
962
777
666
949
817
781
761
744
786
795
864
849
740
887
746
711
768
787
948
826
756
842
768
831
719
1014
701
853
728
893
799
555
1062
871
639
854
852
741
780
827
836
826
679
949
852
620
958
655
731
923
898
797
880
750
795
837
818
981
856
861
663
825
899
680
1096
913
700
665
851
833
763
765
830
900
838
908
847
908
697
779
918
842
763
900
868
725
894
827
815
909
874
826
783
670
857
897
945
859
760
772
872
931
648
962
788
1037
1011
724
705
932
889
765
836
907
843
777
827
758
879
859
829
761
877
873
750
676
947
791
1052
966
517
846
922
803
837
905
829
906
926
771
780
886
944
858
897
822
849
881
702
816
984
860
783
917
878
807
799
933
789
809
893
853
720
803
882
902
770
910
712
863
836
807
718
896
1017
761
893
764
834
886
753
828
941
907
938
722
911
782
842
985
678
806
906
798
938
682
846
942
993
891
581
965
786
876
802
905
815
798
877
870
755
845
771
920
948
850
909
754
761
820
795
962
799
721
723
874
706
753
848
736
773
918
673
776
938
867
857
805
684
839
856
908
615
1021
756
885
923
658
848
704
717
879
858
606
1000
930
709
839
826
786
898
938
801
764
731
813
793
866
909
791
803
769
786
791
745
896
738
793
909
715
801
803
855
710
794
873
951
859
719
805
715
975
965
635
765
807
756
786
826
927
858
829
664
902
745
812
902
876
893
652
811
887
605
811
934
739
704
907
783
832
621
886
653
900
968
714
853
600
871
844
807
997
782
818
774
808
871
770
862
836
932
783
821
847
734
803
815
841
700
736
965
897
660
873
942
869
788
688
800
777
828
744
770
953
825
743
761
869
792
863
742
735
996
948
729
699
889
825
789
628
853
786
647
859
911
866
961
750
858
783
702
708
749
859
852
923
594
716
968
813
646
875
817
817
844
834
700
794
801
995
781
661
807
866
823
672
959
871
822
790
741
672
909
769
761
914
753
810
806
747
695
840
761
798
846
899
800
772
773
935
845
838
763
817
720
871
753
829
922
772
809
680
796
823
964
546
998
894
700
868
731
711
898
745
756
854
874
788
743
645
909
901
717
790
903
845
632
887
748
772
825
823
796
765
733
711
863
860
772
881
745
739
919
625
856
758
924
693
807
795
694
868
824
830
818
860
865
699
735
901
727
779
896
689
852
874
684
893
872
888
734
988
806
731
821
904
752
816
714
851
762
730
820
938
832
840
887
699
743
939
908
773
831
887
909
725
801
916
800
705
656
878
899
850
807
851
651
890
891
735
863
730
806
857
743
702
943
882
760
896
770
700
929
916
692
841
911
726
662
914
770
783
785
728
948
860
798
677
813
813
725
742
736
718
771
821
790
669
830
859
659
689
789
734
790
786
613
803
798
610
835
819
788
763
867
651
812
778
656
792
730
673
776
733
