446
351
289
257
368
224
347
293
253
294
282
283
304
263
259
283
203
326
334
281
239
285
245
290
274
300
279
267
193
239
299
239
260
321
215
255
289
267
277
306
327
252
262
298
229
299
252
314
245
252
272
213
441
297
250
250
292
200
336
241
262
244
288
308
338
246
253
248
245
204
291
259
260
284
303
201
289
204
282
247
245
253
246
255
255
240
298
211
199
216
287
245
333
246
333
203
357
304
387
251
212
216
241
299
300
306
254
264
299
216
298
219
341
255
286
307
211
248
228
307
271
288
360
258
299
330
325
264
310
258
267
221
287
366
219
257
309
262
358
306
307
303
271
218
318
313
240
310
262
263
312
300
217
230
273
305
314
232
229
325
330
273
270
231
263
410
325
223
323
275
318
308
270
261
314
233
458
354
331
332
282
291
334
282
291
339
391
292
353
292
291
382
229
335
291
289
241
291
292
305
290
359
290
313
222
356
351
327
223
324
238
320
302
312
227
278
261
262
222
253
260
376
232
330
350
233
282
287
285
291
283
380
268
315
233
272
249
343
294
243
303
273
365
234
225
364
290
343
245
294
296
244
328
290
286
303
373
235
308
322
259
327
239
341
288
315
286
311
330
268
282
357
256
332
242
323
278
329
271
234
223
339
298
316
283
275
249
346
251
240
390
271
294
301
292
341
341
362
319
365
255
302
301
289
263
286
238
327
248
336
252
357
225
340
235
303
294
366
330
274
337
320
280
290
277
274
324
271
282
269
363
298
263
311
257
254
417
307
304
308
241
414
259
254
294
320
248
368
349
344
286
337
336
277
250
313
390
390
323
315
248
318
351
316
316
265
319
441
306
309
312
313
370
311
306
310
300
310
301
328
261
309
360
264
268
310
425
290
294
291
276
371
383
309
311
300
340
314
281
351
292
300
339
304
300
289
244
292
246
273
336
328
330
245
290
325
245
333
285
331
369
223
295
336
301
296
232
316
300
339
234
404
286
347
278
341
367
379
291
281
307
318
252
354
304
241
300
418
256
328
309
269
337
314
351
306
239
309
366
372
254
361
361
269
286
372
291
364
352
301
291
317
266
342
300
337
342
256
327
256
260
379
272
363
262
421
264
309
414
307
390
300
300
273
327
326
402
380
314
294
285
300
406
285
380
257
334
313
313
325
298
253
304
298
354
248
350
334
292
322
329
266
261
387
298
291
255
257
239
359
278
280
353
336
311
388
258
268
394
267
403
344
287
345
321
329
306
391
337
377
304
353
335
324
311
311
296
272
291
297
339
240
341
298
282
279
353
306
307
295
296
298
316
290
290
327
343
272
280
224
263
309
321
264
294
251
380
325
413
331
234
269
269
274
328
306
291
270
286
235
337
286
329
238
324
289
294
272
251
336
367
236
280
268
283
297
312
276
342
328
278
283
317
271
311
282
309
234
287
318
265
223
296
312
208
340
176
300
257
263
315
235
309
254
258
310
223
273
311
317
277
372
271
223
258
264
259
290
260
227
353
273
269
274
272
329
278
274
232
365
285
286
281
295
247
276
282
346
264
369
312
340
375
245
309
237
338
231
310
236
275
252
328
315
287
288
331
266
264
275
267
225
262
252
306
298
253
254
278
256
218
309
228
259
218
274
308
288
359
230
233
340
238
340
262
301
304
263
287
290
251
217
205
342
286
253
204
261
295
248
247
253
242
203
334
249
254
248
210
247
290
257
252
303
306
306
326
282
248
231
266
255
262
248
250
255
336
231
327
246
372
274
304
279
328
267
339
314
347
269
184
368
248
272
285
308
300
308
262
219
213
251
246
269
210
251
339
300
251
236
223
217
335
343
193
238
301
279
263
250
276
250
246
286
244
295
208
311
265
298
292
226
209
299
268
379
312
269
360
282
277
249
247
250
329
296
206
290
284
241
285
239
275
199
283
242
246
239
288
240
259
257
305
214
222
297
256
337
246
247
283
240
260
279
234
296
257
251
318
205
202
286
205
252
201
291
200
288
335
277
253
243
326
254
226
251
298
242
247
248
238
255
318
302
221
293
203
213
283
225
285
244
247
233
294
258
309
324
255
258
257
259
259
308
166
268
320
205
249
281
244
220
285
240
287
249
236
301
257
217
300
243
229
332
256
256
210
253
216
294
300
288
348
316
332
266
287
237
303
319
332
198
290
350
274
329
318
238
329
256
285
253
278
308
354
322
233
282
328
296
298
239
293
297
341
296
343
321
332
313
290
305
290
288
346
296
318
228
271
256
269
290
270
287
288
263
306
328
281
270
317
285
283
237
342
263
303
270
321
289
237
292
235
291
227
305
241
381
275
383
278
305
233
347
251
306
287
321
298
292
286
311
254
293
306
361
321
303
296
398
410
288
226
289
239
295
206
372
319
359
297
356
290
297
284
295
305
326
338
291
241
283
247
340
286
296
296
299
350
238
325
226
286
352
396
308
274
261
348
383
305
314
260
467
246
407
263
356
253
354
328
304
314
316
311
304
404
288
298
282
287
386
266
300
333
362
290
358
240
372
273
331
292
290
329
350
345
257
287
297
337
296
339
312
264
319
290
285
272
320
278
297
330
285
286
331
246
295
293
293
313
246
369
307
355
301
262
320
298
353
318
285
315
294
299
326
398
316
294
335
327
347
295
297
338
239
366
251
295
299
415
309
338
291
313
316
352
325
540
312
348
410
315
305
360
335
346
261
326
331
349
332
358
372
342
295
352
290
309
317
273
411
251
380
302
263
249
231
314
306
306
307
445
262
299
302
293
329
348
237
376
260
332
370
448
357
277
364
274
414
284
298
352
379
265
236
304
332
362
356
291
240
299
327
262
299
337
196
380
273
359
265
271
280
368
245
294
304
307
367
321
327
373
265
356
268
301
298
290
362
282
290
272
314
342
353
339
394
247
301
362
308
286
319
293
354
313
262
357
349
383
355
373
416
305
360
266
357
277
326
274
379
309
344
297
251
351
336
304
240
281
393
310
357
307
341
258
377
260
357
309
302
291
394
260
296
298
313
253
253
335
274
294
289
274
390
274
334
293
364
260
382
271
276
280
237
275
387
283
307
284
238
366
286
268
268
317
261
307
233
241
300
296
250
298
168
293
274
319
278
268
273
277
271
356
252
263
261
256
357
254
251
255
211
213
263
312
255
268
261
257
298
252
309
225
350
259
254
259
268
269
388
272
321
202
285
241
380
276
244
295
232
356
375
251
296
263
270
268
323
227
271
221
319
287
264
175
345
275
256
309
313
248
334
251
253
241
279
262
239
203
247
310
224
198
261
288
245
386
334
211
299
245
256
249
276
245
239
268
287
251
246
286
204
255
287
287
274
202
288
334
244
253
282
206
283
265
242
282
160
283
241
205
283
203
236
297
205
319
259
257
293
204
279
205
289
222
249
292
273
270
261
290
244
287
218
235
294
250
344
246
317
269
203
293
256
244
257
300
323
205
251
290
250
287
303
265
251
334
260
246
247
294
250
308
296
257
247
304
220
264
285
250
211
329
264
354
250
249
218
301
267
275
271
284
267
277
312
254
217
254
302
333
226
275
317
318
333
334
232
295
278
311
335
264
263
334
354
270
274
393
267
277
358
350
253
286
398
284
289
284
337
325
375
269
231
388
323
211
299
260
271
275
273
318
345
411
220
234
276
285
237
295
307
236
276
249
292
293
390
323
403
388
306
309
294
251
296
327
329
273
321
313
273
271
283
232
329
244
298
340
343
344
321
290
252
310
274
407
303
259
368
245
297
355
289
279
274
319
331
296
250
332
270
352
323
241
372
229
320
337
290
303
357
302
303
294
244
373
296
310
331
349
295
307
314
304
341
247
292
326
245
370
431
291
317
352
312
289
259
276
320
329
269
296
366
249
301
349
252
250
361
316
283
352
285
313
300
351
353
324
308
297
353
332
265
395
321
379
354
247
334
314
258
310
294
285
325
328
335
321
259
347
199
290
347
336
362
358
349
283
305
254
319
403
297
339
297
300
276
355
284
248
319
256
375
302
351
317
333
348
260
347
288
244
337
343
311
375
292
300
412
322
355
306
248
253
387
289
242
391
295
338
328
354
259
286
341
290
305
444
402
322
385
252
344
291
256
430
334
299
331
298
309
403
256
358
392
360
309
312
268
403
341
253
316
363
347
258
310
274
304
351
350
272
265
355
307
310
248
267
418
386
409
250
325
263
327
366
268
307
331
330
278
313
326
314
311
275
362
254
368
340
391
275
304
279
304
319
435
358
307
305
353
317
286
397
312
296
344
255
294
351
333
243
348
262
241
282
292
307
342
241
342
346
256
350
295
335
352
302
301
284
347
387
250
278
252
320
257
332
278
324
279
236
338
340
255
330
333
261
338
253
262
362
294
303
332
280
339
248
329
351
359
341
432
265
261
296
300
345
384
271
234
366
221
267
350
261
286
348
377
345
296
293
290
349
328
294
278
276
365
334
325
343
238
293
288
288
289
238
296
232
420
261
226
223
240
288
379
275
273
276
358
266
272
229
287
323
300
216
328
285
297
246
271
352
262
267
285
268
246
279
330
245
370
233
317
267
244
230
296
272
283
234
230
301
313
222
314
236
241
275
316
230
278
381
264
272
234
333
285
294
293
346
282
284
263
343
253
322
280
272
270
314
306
257
406
251
342
208
352
257
311
213
262
262
293
345
351
272
222
277
308
242
276
263
323
265
363
228
398
292
315
248
304
292
271
278
238
270
297
290
277
242
336
296
258
470
290
283
334
356
295
326
280
402
363
320
260
374
271
255
312
297
351
361
258
347
259
346
371
251
284
292
245
344
240
337
228
371
300
264
313
298
260
233
309
341
313
233
323
268
269
299
271
263
277
279
242
307
287
368
316
230
341
286
317
185
303
261
364
234
267
303
383
247
336
338
235
332
356
339
266
226
313
272
312
306
375
266
348
263
270
316
267
324
279
325
328
282
218
336
281
345
291
231
375
293
285
334
351
370
295
328
274
275
283
317
290
319
276
233
237
329
269
276
264
271
305
303
317
224
229
298
279
271
255
231
250
372
234
262
223
343
262
256
253
261
303
258
291
243
272
321
269
318
250
213
248
241
300
202
251
250
277
249
268
178
306
215
217
265
229
283
278
289
236
298
206
383
249
267
245
278
212
273
218
308
