5336
3174
16263
1270
7368
5310
19084
166
9327
4765
3969
15912
8427
5188
1436
2380
24694
5098
2372
15519
2338
13069
2432
9522
21619
264
2355
738
8131
21712
2621
9025
4999
3539
13702
2455
8497
22073
2470
736
8661
5164
15907
3241
397
13526
11565
7667
13525
943
2790
16348
8736
5344
14737
4930
8561
5426
2592
16649
8626
2969
2435
19192
8815
5498
2474
11024
5825
8605
22220
2211
8997
1888
6352
13869
2248
26118
1486
4139
2124
16214
14477
2633
8795
716
21511
1798
794
8540
17205
5323
1460
9714
7662
14319
11221
407
6678
971
25635
5335
2930
7479
7689
15145
2632
8754
16174
6341
896
1409
8580
23384
1555
6772
1992
5623
25899
1623
5476
1061
1766
25807
4856
2327
6271
8984
15720
2525
8887
13452
8709
679
1946
8558
22816
1786
5755
3451
5036
19405
8568
5370
635
6568
21298
5350
2122
14638
6569
4336
5386
2564
14493
11643
4880
6725
10140
2385
14048
11477
10862
11189
30
2577
8974
21741
8
2549
3270
12817
14746
394
2725
18436
6735
21821
263
2278
9061
9399
12240
293
11487
7657
14425
4162
11940
3115
8809
5199
19235
625
8606
4368
804
19081
8948
4528
727
2778
25424
5351
3107
12645
2918
9877
4768
19160
878
12375
1080
11380
7995
12898
1183
1121
10598
21634
2675
12921
1919
10934
6057
1361
29616
2345
1882
8638
5433
15014
4472
9854
3728
343
18987
12675
13291
4198
922
3134
28414
1639
11782
4409
3487
14335
11102
3217
16853
4720
8766
3067
2538
27638
3094
2067
2790
11780
14058
5095
2725
11081
17097
2220
2620
9353
2410
19191
2795
8652
2711
15603
6216
9115
2408
2536
19521
8851
910
4152
14030
14699
4672
3114
9707
17828
2789
2717
9329
16269
2208
3068
17680
1828
13911
11014
2475
14801
5160
2771
24224
1182
1955
3202
2640
26053
5131
2710
6812
3400
15128
18194
3806
2875
6552
1799
21994
12960
6428
6175
2887
5122
19264
6340
3871
15566
4998
2495
22161
3377
1291
4079
2706
22474
3033
1034
4339
2666
30500
2657
4657
4243
970
21226
11241
7979
3845
5813
4182
11780
17257
5306
2134
3455
5093
33544
500
5287
2229
2715
27858
2911
8578
380
10350
14033
8716
181
4931
19402
1989
6860
5200
11675
8622
1071
7200
4994
28033
349
8146
989
13247
10626
307
24559
843
8082
5547
10699
8279
8682
5287
2907
24813
826
5014
2686
16102
14490
2660
8231
985
21627
1599
1147
7983
701
33566
5480
1006
1543
7656
17593
5273
2735
14676
9718
1406
5148
19233
7702
6235
612
11235
21701
2724
7356
6346
11833
4906
2748
13935
10244
6765
2768
8906
20907
641
9990
1807
7857
14039
9608
5596
12838
7859
14240
9498
1772
3359
4473
14102
19368
7009
2079
2388
2742
19162
11699
11957
2394
4746
2614
23468
4081
3439
2435
9047
14380
10281
8777
1183
4150
19271
6288
2365
5307
12526
13131
2562
5164
2699
25697
222
4870
8835
10850
8443
5231
12026
13410
2975
5626
2521
22197
3012
5205
2972
8441
15795
6490
8113
3080
8342
23495
1948
4909
8175
11818
8173
5391
8010
1346
18764
8246
14045
7644
1354
2090
24583
9066
5371
7503
575
11086
15775
9550
12981
251
11692
8527
5207
7668
11811
5216
4014
4762
19595
4553
4371
4898
7453
21003
4924
3055
4305
16815
9310
2754
4610
4221
22142
5769
5585
7892
4251
9644
5560
6388
21703
2683
4030
14771
6804
4969
19601
3828
10161
4366
8246
6577
3963
10079
19731
1144
2675
4804
5267
28039
5190
2756
707
3013
21808
7920
3594
10387
3024
16377
3614
5282
5338
19199
24
8875
11188
10628
3140
8500
7276
3783
10696
2729
8917
21986
1725
1165
2965
5686
21745
2728
3067
6006
6142
15630
5377
215
5890
5970
27630
4935
3729
1808
11253
11558
5103
2745
2662
11750
11566
5176
19100
2461
6293
4273
17810
11433
8002
2118
10270
18212
2870
1987
6954
19856
1929
3047
8351
9890
23956
2274
2651
2665
18418
12137
11558
2314
5403
1986
12455
11259
7730
10645
3394
4533
7504
7251
10563
3759
11501
7708
1682
12528
11774
1012
20695
2574
1397
24606
48
8692
12784
2717
9023
16846
4632
2606
1349
24913
4951
2759
7899
9469
25033
4669
2624
1142
6704
23076
2716
9238
8161
6752
6382
3026
25499
4960
2618
762
6237
18886
5117
2841
16921
6003
7442
2722
9560
7601
13746
3300
5095
19799
8034
5592
8159
2653
9056
21732
2683
181
4668
4118
22387
2116
287
8712
11988
9743
2602
8
9299
21739
2868
3884
4697
7526
26081
4894
2353
677
2995
22340
5351
2450
16184
3431
6160
4852
3359
25099
5018
2177
3150
14204
8994
5464
18132
899
1792
7037
21895
1681
764
9095
9211
15396
10573
3425
1548
18657
13365
2944
8469
6513
2381
24665
5158
1169
1747
16207
9027
5039
18011
1269
223
8948
5253
19205
8965
6089
837
14772
2696
8974
6017
15802
1244
1329
9529
21212
991
1878
8891
6075
15693
2601
9025
5733
16208
235
11497
7473
14011
585
16138
11961
5099
191
2794
30158
12126
4854
63
2951
12872
17431
2592
9007
5138
15740
1023
2616
8855
5117
16663
2793
9317
2543
18644
259
2733
8790
19704
4704
9247
4550
234
20077
8334
2033
3165
16155
12317
5114
2910
9975
3039
17375
2514
9176
17718
3198
1343
2165
8872
21757
2918
8975
193
3755
17800
3220
8219
4088
12790
16779
3797
1285
2752
25462
5208
2495
8950
3864
18150
3031
7223
1080
3793
18073
11798
8066
7527
4561
2013
11136
7852
23521
2304
3308
2038
2078
25722
7895
6286
5885
1766
11896
7719
11961
2032
9135
18976
7776
12126
2144
7687
3723
7749
14086
11762
2788
4839
4816
9545
11300
2851
5064
14963
5778
5204
7780
11264
9243
9772
2712
9403
18839
2638
2736
3083
5628
21845
2770
9252
2006
8293
11191
2833
8864
2221
24940
11147
2998
8864
1953
19718
2611
2029
23916
1697
3374
19348
1715
9097
14879
4818
19677
1140
7644
1676
3347
19395
9347
4660
3107
10173
6327
8791
4988
13248
6262
229
8904
17859
3853
3258
8275
7072
26493
1075
4015
1846
1338
26146
3979
11828
6094
2230
13781
11136
935
6920
14589
11072
5455
12003
7202
8662
4995
676
11720
21238
51
2850
13420
12451
4704
2649
9206
16882
3941
846
3165
8236
21791
11840
109
4033
4028
13948
11076
302
3401
4230
25744
5270
2552
8773
2614
19075
2793
8938
2637
13890
5361
2738
25262
241
2337
2777
19346
9050
5184
11108
2482
5709
9039
5004
19558
8145
840
1430
3719
19192
8122
653
17284
4915
2757
8535
15985
5807
2695
8891
444
21578
2734
7801
903
16658
5196
10543
1421
7666
14080
10257
1184
7950
7520
17145
840
5128
19582
7258
6426
9743
1884
22022
2980
6332
575
1509
21866
2694
7356
1668
13896
7877
2720
8746
14355
674
9503
9316
4686
19642
5104
1709
1897
5133
19434
5705
1228
2253
21581
3163
8388
12368
2205
7213
11748
8674
13322
6413
2647
2248
21833
3852
7885
11631
2551
7555
2955
22773
2763
5438
2563
2673
27714
2985
5844
2730
10982
10999
11693
7955
5703
8128
5006
6813
13339
8227
3532
894
7106
30247
8097
3176
1414
7135
13617
8145
2870
8807
8862
13270
2783
5121
3388
21716
2903
764
4561
4039
21489
2720
16158
5694
3539
5086
2701
25670
5285
1666
1066
5100
20332
12839
9257
1457
1219
8788
21686
2730
4890
4010
5817
16379
2767
8375
12614
9368
692
1972
9197
12124
9480
2951
13287
12128
12302
9033
357
2922
25530
7676
4361
8741
888
11778
11885
10022
2755
8579
3255
25417
4968
5121
2993
11376
18888
6591
5243
8705
10060
2935
11469
11594
7370
5681
9221
4600
6484
13270
10109
15481
4907
2589
3623
22099
998
4036
3179
19701
5697
4874
2737
9551
10585
5494
5428
2298
20117
5711
93
5247
3398
29660
2701
3088
5638
219
22391
5078
13822
7983
847
5132
5607
21357
1509
5094
2710
19337
6175
5250
9472
9667
2639
6364
5308
19239
6424
2508
10202
11790
2735
8672
10144
3817
7902
2674
9150
21910
4574
3268
3459
7779
13973
4910
7180
7371
4975
9226
21162
6987
7840
4356
9904
4279
7075
7864
13953
6749
5521
8890
12627
2548
20268
5101
5132
2763
1479
24459
5119
2811
935
1773
27558
12084
7727
898
1119
11721
19266
9155
8692
1601
11497
19361
859
7924
5122
4035
24500
5129
2691
987
16505
13026
2687
9042
8333
13497
2845
565
8024
8438
16151
13977
3228
303
10797
19053
2154
17286
344
2836
11546
17986
749
307
10963
2747
19422
14383
1352
1061
8817
8191
25582
4825
935
1735
214
25418
5342
2376
7
14227
11792
4927
3100
15818
14334
44
11800
7849
14496
1487
13677
12480
7261
731
14798
10894
3544
3276
864
25636
5117
14671
3743
954
8891
5210
14387
3864
839
8996
22107
2615
8764
2445
4229
15141
2617
9202
18574
3490
1017
1445
8671
21857
1365
1681
8962
1320
20185
1164
1540
8826
17408
4417
2780
9138
5982
15660
2667
9089
16795
4785
912
1658
25804
356
4742
767
1783
30734
10982
961
5574
2310
13661
27380
1348
5241
2506
13957
16924
2167
7259
1779
5119
33493
239
2357
6897
1982
21984
16735
2811
4276
2149
7342
16728
8882
6476
1567
2741
30447
173
2580
5737
3039
22193
3223
8108
4859
7828
9155
2533
9265
4533
18011
2033
4160
4442
21474
12208
5489
2274
3546
21867
4486
677
2902
19847
5746
4834
2913
13067
17748
2404
3047
6401
3903
17879
3127
8138
9994
10753
1067
11649
8130
14212
3895
7267
3747
20664
9108
5621
3451
11185
4175
17625
7809
3682
1703
19464
8687
5497
3055
11588
4273
9287
21712
2290
432
8665
3340
18498
2615
9211
3009
4080
14785
2625
8706
19891
3430
1115
9414
4658
19574
11733
2164
1067
10968
7245
14429
11385
2785
3080
1931
13992
11940
2296
5053
14018
339
11633
2391
5100
30402
359
2963
9134
1968
21967
11370
2176
578
12006
21542
2632
11084
1332
3088
32098
2654
8787
2116
1291
18418
12025
1518
6080
11137
2799
11682
7566
10790
14996
1812
3390
2618
27117
3495
2645
8934
1969
16249
3731
3436
8121
17892
3839
2772
8964
1406
21867
1313
8884
695
17078
6743
9010
5404
11260
943
6857
8806
4975
12047
651
15880
5110
2757
25261
960
4475
2458
9360
17166
7509
7043
1382
5329
27094
1188
390
7573
14116
11179
14583
2558
7378
9039
5374
11603
7555
6556
19151
4760
11868
7854
5546
3216
5191
19106
5982
3165
288
21612
2732
8734
12677
3886
17029
4931
4058
7300
12361
4683
5042
19391
8605
773
4894
6990
12234
13970
11133
910
7224
3960
10338
10886
8302
9231
4877
6190
13145
8199
6095
11718
7345
2502
22357
1193
4967
2747
18329
14836
8033
973
5019
19952
1309
7142
5014
10467
8959
9160
4844
3648
6719
9282
8791
5193
3537
23278
1874
4534
2940
16528
8995
5014
2708
7505
18371
5085
2044
702
6992
23445
2654
9171
7300
7464
7073
3620
24579
5044
1827
7789
10728
10333
3250
9001
8632
18273
8909
5371
9003
7446
16558
2859
8728
14264
7141
520
2809
8686
14189
7827
2360
9365
4359
9449
11022
8399
5177
15148
10212
3221
7647
14253
8352
6457
3956
9046
22241
3168
5024
2978
3139
18671
11921
2735
4730
5824
8319
11766
7609
5698
5794
2481
12053
7241
14317
8009
3733
1581
5875
25831
5063
2755
5162
5114
15252
5063
19360
5207
4004
292
4862
24164
7469
1392
2729
8788
22172
2787
4657
4026
16701
17035
4782
3000
4478
19596
1559
4799
2756
4622
21084
7838
7337
6843
6908
12208
9033
14296
7499
3515
3420
4596
14836
6844
11900
8457
3527
9749
9176
2404
7699
4111
21942
4659
8740
10927
3754
10008
11705
13513
8382
2874
3621
5136
21685
2705
4433
4690
11304
10409
3422
19477
642
4775
4992
20306
8108
5529
5668
282
22242
7630
14433
4862
503
5741
21676
2917
2973
6078
10370
11287
2919
8611
10827
12688
2753
7538
7779
18469
690
6113
5227
2594
19539
6255
9183
12779
2462
2534
6541
25198
8139
5196
2593
2322
28265
3260
1885
6886
7330
14223
11843
6817
632
2185
23766
4666
2326
690
18591
11837
2690
9148
6143
3567
12108
2861
8862
21475
724
2064
1819
7285
21902
2773
8651
5609
3771
12357
12410
7420
13295
411
4120
16700
7851
8751
12391
154
11950
7853
13636
4034
8069
4225
20128
12210
1619
3746
7853
24719
820
7949
3269
1883
19291
916
8036
19387
2592
5692
5710
8623
13195
11670
2330
5660
434
13574
11400
7839
10498
3425
3259
8717
7381
14226
11546
1118
7124
13443
2730
9408
17281
4199
2854
872
7904
21693
2834
8984
222
8276
13527
19070
8822
243
8432
13640
11128
7637
8680
8536
8793
5137
2281
24090
1795
7934
14048
2122
9700
7547
7208
23635
2095
452
8866
13966
8133
2538
8930
6857
17420
5896
3357
4710
2002
17734
8711
5040
1884
6573
20784
7344
4962
8770
1527
10011
7696
15586
5968
4566
4837
2689
30568
1363
1322
4279
5160
21478
1149
1526
8994
11648
9920
2721
15197
10679
5087
2836
3231
28117
11108
4535
3168
1943
28393
905
11053
7390
2704
11548
632
10968
7764
13881
752
3263
8093
8214
29913
567
3361
7678
7792
13979
374
11379
8021
687
12881
11819
5241
2598
14024
3569
8227
4958
16494
2885
20
9007
4902
17259
2313
8718
7398
14384
28
11958
7654
13609
340
1714
9799
8175
13861
11573
4529
1829
1547
13832
11635
21256
504
32
2697
8960
22002
2289
13385
777
11871
8087
12609
1331
11183
4099
20507
9069
3919
1466
15100
3961
8687
20698
1296
11705
2864
4838
12723
1212
19403
11410
2547
6199
9165
4279
14011
13844
349
17448
1616
2911
11015
14355
3432
1624
2667
26267
1476
6200
11858
1747
19541
9236
1027
18395
2079
2689
8745
511
21458
2611
9311
2600
13555
8151
8977
2790
2135
11789
7780
13807
11756
2556
5510
7508
5998
27629
1074
2291
2598
3035
30250
9829
2054
2323
5253
14113
11560
2371
5466
6558
7235
12193
7610
10885
2986
9309
10036
8986
13930
4756
2983
11644
8439
10289
3055
8674
3014
21913
3553
7966
1771
10647
9323
11941
8467
9625
3972
6616
4512
7822
13957
11864
1379
6542
3345
10407
11561
1384
6614
13986
5704
5961
17729
4015
2971
8478
10896
10890
11915
954
7525
13242
4721
7718
15983
8032
13968
4284
6916
788
23807
14497
2617
1379
7818
7267
17856
7824
5932
11000
7471
8798
8796
8301
4629
2792
9218
21593
2384
620
8494
342
21325
12051
6963
787
8788
5255
11319
7738
9011
6511
10662
5129
19055
8747
5306
734
11188
7347
25361
369
4902
635
18940
13930
11162
806
4656
3072
13652
11339
539
7782
13457
295
11973
7854
7988
5640
11975
4300
17412
3550
7073
983
20076
1559
10719
1200
7471
14196
10479
1173
3482
4185
14055
27104
1505
2185
2750
2809
24078
1428
18562
3368
2898
8615
15132
6549
2693
9251
1897
19643
3458
6499
1595
17696
4112
9977
1841
8506
13666
9353
1912
407
7259
25786
5467
9211
1723
8018
13953
9483
1905
167
22022
2696
8784
14471
1172
6258
2586
9303
21556
3099
6098
800
1446
33813
4987
2696
6324
1099
23089
9049
2580
7713
6620
7873
18927
6317
2718
13721
8212
3050
8770
13455
8212
2474
6161
16528
3326
4816
19424
4899
4174
4993
8575
20057
4966
2464
4466
17837
8341
2569
9350
11396
13167
5164
3617
4954
6824
18007
3874
4816
2504
19802
11071
2529
5326
3871
22004
2530
2257
19316
4052
4940
19316
2790
2262
4125
5127
19292
14053
4091
3418
4249
7413
14383
11423
7649
1197
3609
9491
11608
8305
13514
3773
3280
4387
7632
14037
7258
4896
7413
136
13965
19172
4525
4555
7411
14821
2393
8853
11910
9895
1544
10291
7434
4253
10089
1675
9875
7447
20888
5142
4797
840
2514
30286
1200
1203
4030
5112
22760
1799
3618
10326
398
16447
2625
3483
22461
4107
879
2495
20188
5491
5191
2305
13347
6951
5634
5271
2714
25402
3420
7512
11119
2542
8830
20362
7237
5842
5071
2597
19730
6394
2290
2336
2601
19837
8419
2578
2657
9769
21007
2635
2794
8615
14761
4553
5536
14110
10658
3187
11787
10158
11717
2622
9203
985
20458
2516
2435
6894
16585
5357
2638
1885
7059
32919
655
4610
3062
1780
28569
2574
8749
982
9142
12228
2621
24157
1524
4979
4439
14824
9619
4684
4222
5925
9164
13980
11894
7356
1592
5016
7791
11500
7517
7027
7242
3917
7843
8154
13761
3724
5084
10092
9158
5053
19589
1048
4539
3455
5076
19281
9083
8457
4486
8788
2545
8945
21946
3288
3376
5001
7674
14028
3136
3680
7664
4641
31003
3049
56
2670
5922
21648
11831
7582
316
2474
11727
11211
7951
13631
2832
2397
6718
21854
2500
78
8927
9415
12442
2337
9749
7163
14128
2768
1469
24028
7763
14303
2524
1277
7597
7442
17591
8613
4882
2478
16419
9468
5052
2472
2535
28829
1777
9546
6909
795
14061
1884
10231
21396
1938
716
8923
6787
15047
2377
9120
6029
16034
1516
1011
9194
21512
921
17201
1025
9471
5137
16917
811
1084
26437
4857
2660
13873
1183
15380
2497
9609
21022
358
993
1703
8988
21639
1047
11154
4073
3005
14255
11818
5737
14388
1473
2609
9212
21756
563
2455
8591
3347
18151
12102
5272
2935
10329
3081
17001
2064
9431
18216
3921
2123
14270
7672
8605
12684
6678
13834
481
110
12021
7221
25969
4773
261
12070
7442
13440
356
12012
16484
4990
3265
12899
12067
5018
11572
8120
9046
4187
965
27323
635
4588
3060
14933
10852
7741
7012
6263
13304
4321
2365
23499
2363
4430
756
2865
25622
13385
7324
990
2558
8968
20608
1040
8347
3648
7538
14331
15044
3777
5164
4019
22162
2538
4411
4312
3708
18082
2513
9613
3092
8246
9969
2755
8983
20125
1469
6979
5125
7182
14280
12103
3075
4011
4020
9998
19666
9246
2899
2038
5913
13056
12228
14101
4719
2796
2675
25717
2197
2373
9422
9950
11823
2656
8956
2571
18922
2613
1441
8161
18842
2473
2762
9024
8686
10522
4974
10585
3421
19755
314
10835
831
1791
19581
14044
3465
8413
1951
19315
2700
11451
5992
8880
5071
18465
273
11056
3036
12175
21623
1572
982
9125
1541
32390
1037
3340
1088
1626
30828
2359
9688
1049
3562
16863
3067
26185
263
3560
418
19236
8980
5475
12480
2597
12988
7285
14671
11324
1094
2858
3693
13979
11729
907
6611
12125
14022
4874
2609
9824
16383
1977
5173
14317
11482
654
18715
2376
2497
9604
117
18569
2862
2515
9221
16909
16845
1220
3555
2619
25867
4667
2478
9614
330
16083
5025
2593
25783
144
4673
11711
7802
14154
11643
350
7107
9053
5030
19612
7965
1335
5118
10908
7976
24769
589
842
4793
2801
30443
10307
888
858
7200
14209
11765
14209
1676
5933
2427
9635
15365
5854
2773
6478
2473
24232
6252
1987
1076
4905
19663
13721
8594
1931
1460
7248
14298
11747
7453
4605
3252
6150
12000
15280
6779
2245
4364
4679
24409
7333
1972
5496
5425
13109
24001
1977
5189
5778
13302
7134
1753
5177
22561
3833
2302
4656
2477
31122
2379
2839
4329
2036
24431
6801
2210
5451
4168
14567
9148
14425
7735
2384
1915
7143
21446
2645
6646
3115
7623
16301
6343
2869
4652
20127
8877
4845
2462
6246
19566
4752
2164
17173
6313
3083
4615
18530
1068
9044
4921
8847
19992
4851
1618
1109
5625
24810
12228
5165
1880
5821
8496
19192
9801
4210
313
8161
25168
2675
5370
4052
4031
17181
12017
4599
2973
5243
8807
28605
4104
3111
5384
8840
14467
9929
7169
1816
2540
26025
5086
2531
4847
7513
14919
5903
14023
7641
6576
5329
9153
4780
19401
4743
4679
1391
3385
19584
14219
6697
4841
1552
5752
21384
4624
5115
2334
9733
16355
8306
3387
10336
11449
16956
7301
4008
10651
10543
427
7557
4261
9799
11723
416
7261
14141
6479
5288
7680
7738
6348
12011
10905
10589
2750
7052
1884
11188
22238
4992
2644
7337
12729
10495
2708
9394
11024
2636
8102
2449
9061
24179
3336
2474
3823
4350
19619
8929
4938
5818
2805
20261
4607
2766
19573
1846
9392
2413
9184
21849
2733
2674
1969
4431
21370
5555
6489
7311
3959
10523
11388
7656
2517
1595
9985
12131
8581
12745
5016
497
23515
4362
2555
3340
15741
7109
4818
2512
18876
7
23903
4853
2655
18587
140
11825
12051
7303
14351
4160
287
7069
21765
2511
1877
7647
8007
13435
2613
18205
7637
4917
2535
914
24966
5066
2482
1584
15370
9231
4642
2586
1379
15326
9310
4928
2769
1232
29427
2020
697
8992
8789
13236
2358
9018
6389
2350
16181
8569
5552
3158
14033
11040
7368
14698
2844
8203
4756
2751
14171
3394
9117
7072
13247
873
19022
612
8826
4863
16057
3379
8872
5140
2769
16384
9214
4036
3867
14065
2431
9242
20037
1508
2470
88
9283
21743
2510
9008
2703
4800
16701
9724
1965
2393
2594
16940
9034
4802
2529
11589
15013
4805
2440
16113
11023
3362
2685
9759
6512
14855
2565
9140
1253
20192
1939
17630
6684
2238
5221
18238
800
14118
1432
9900
7029
15242
2551
9140
6473
9647
5424
12255
7323
14072
1402
9480
17799
5939
1551
14201
10358
1143
7515
14232
950
10845
7714
6887
7461
11101
6125
1607
6904
19045
4995
698
2321
22502
7737
2646
9339
5519
16495
2159
5794
3224
21569
876
11233
7671
5081
8765
11632
5542
2319
13895
6674
5192
5141
2398
14264
6790
12088
9723
4801
16795
2813
2843
5790
21661
11961
6049
1802
2487
11071
11756
7646
13861
5645
6521
4780
16615
2783
9062
9825
11539
272
12133
7356
14081
4648
11578
2900
9578
20936
573
2600
1478
7546
21394
2785
9401
4068
3735
13930
2576
9065
20759
581
2775
523
9186
21352
1835
767
12845
13278
7273
12808
1143
2166
11274
5992
12932
1036
17759
1953
9021
4850
15383
3886
9117
4728
821
14704
4594
8714
4945
16779
11477
3468
4356
13738
11848
4629
3153
12439
1342
19593
9415
2790
1367
488
19340
13844
12243
2719
1017
4155
13520
11688
7553
11973
68
1957
12067
7630
11661
2270
14260
4996
9122
19337
2437
3224
8558
1801
19773
11932
2415
5929
9725
3896
11331
2321
5365
13838
12047
1371
6333
10977
2844
11779
1271
6488
25817
1963
2706
2972
9578
23591
9146
1937
2876
12049
8124
8428
1737
3580
28133
268
7688
10450
3779
11219
7631
8356
17657
1354
3906
18938
7525
1522
18101
3635
2620
9375
14335
3430
3685
2644
26169
7205
6381
3768
4030
11751
21541
2761
6115
3084
719
21039
2559
8959
924
12373
11005
9518
4436
8087
4503
6884
13924
12332
7209
4618
5106
4428
19225
9673
1036
3269
6979
12792
13853
11907
30
7351
4036
9923
12081
72
21644
2659
3321
22279
164
21540
3012
1835
6905
9
21485
19517
2138
6759
518
4726
19267
8829
5080
3951
8343
7502
8450
5400
11734
7533
1208
24163
706
4909
2908
16460
8276
5508
2781
9140
21717
2260
1010
7560
895
21524
12057
7178
1038
7354
6385
11356
7060
8566
5858
3017
9021
21592
1764
8748
1161
7815
25759
4691
1048
2068
7655
23287
9870
1730
4465
2859
25803
4601
495
2510
7451
18510
4877
17075
2347
7274
1728
20313
13246
5475
2197
6928
5829
12845
7605
7130
6858
12151
2579
4939
13921
9726
9575
9406
2020
19440
2787
6738
2403
19008
5017
6764
2553
4648
14178
5349
13892
9339
2564
7595
10900
3042
11929
7563
6370
7650
12236
1192
6647
13547
8721
10515
9227
82
4643
9036
10743
13819
11059
939
7319
6052
7901
12076
7707
7645
6332
8227
20063
7589
5764
2198
6182
11729
7569
13939
8354
1435
10374
8562
4890
19403
5427
1553
2042
4906
19672
8936
4955
7941
1505
10064
8871
12799
8750
3076
5601
3269
21466
2779
5005
4332
13263
8266
3299
8438
12386
9213
7911
4067
8235
13768
6837
4542
11319
13115
4416
4664
5212
22849
5214
4800
2958
4312
21471
7654
2534
11314
7110
21729
4475
2998
2194
1796
21674
5064
2527
18400
2336
5215
21990
2178
1694
7466
11440
12943
9179
5112
3248
15754
3726
5427
4823
19479
437
3237
5679
4740
36104
559
3010
5859
4473
19790
9098
4577
2234
3950
13240
9316
4631
6063
12490
944
13965
12151
7306
3037
11281
1530
10032
7583
13923
5654
6648
5025
2595
13751
19255
2731
6658
4891
16402
3091
2392
23221
4296
431
2747
19226
6813
4575
257
2875
30366
5191
6965
3339
3992
14223
11687
7525
2234
10059
1650
12085
8057
1385
12086
15001
4314
9125
9564
11993
3023
8908
2012
23042
964
7361
4806
13463
7756
7410
4940
3128
25601
1388
3194
3008
1321
24444
4679
12397
7261
1182
7914
4658
19693
8961
155
4641
3948
16220
8723
5090
3333
7465
17324
7681
8826
5187
3611
8118
7993
24049
6384
3566
3330
12631
7833
6146
3320
11726
4201
23544
7042
3060
343
8533
21561
9157
2689
7988
87
13805
11693
7475
365
5674
7859
12377
7637
13623
2897
5057
3841
7572
13853
12442
7406
84
4599
9069
28532
7554
166
4383
9343
12298
7124
352
13744
6679
13012
9154
4871
2158
17047
4026
9854
12330
6698
962
13616
5487
13919
9182
6808
3961
10604
3094
8885
6881
14703
4665
7514
7557
13735
1799
10030
7625
1414
12396
12172
6386
15055
3558
545
7700
6449
27126
4600
3264
252
14682
18091
9122
4764
3439
14593
1737
9026
4777
17881
1781
142
8918
4543
17890
1529
583
8693
4897
19522
9187
4582
994
1148
18055
13498
640
11118
6175
15247
3471
8503
5512
15970
1182
18733
1969
12066
161
15911
13609
6340
13792
285
15577
3798
8795
5157
16523
12106
3596
3896
13839
9
19364
9164
3214
18211
22
3064
8881
19735
1670
104
12093
7671
13975
11767
2584
1864
3062
13831
12370
1829
5877
13253
257
19364
9645
1606
2318
317
19822
8861
4271
645
12864
6664
9408
20355
884
2971
9022
1177
19312
800
3062
9085
16206
5405
3003
12482
12481
430
8133
15374
9910
3578
4193
7795
18092
4526
15403
4530
7453
1330
4881
15101
13817
4362
3048
7305
18329
3155
1695
2736
23636
2427
4548
15020
5153
8612
4631
9528
19402
2773
1719
3515
22053
3189
4738
14901
5343
8710
12565
6523
2092
2850
26015
4536
3044
5139
6305
14241
4770
3058
11304
9109
9916
2150
12190
5800
3251
10336
12071
18521
2741
3657
2167
5993
18664
2781
12224
7562
2402
11791
11464
1897
5653
18973
7080
4705
2875
10920
22263
1723
7510
1646
3247
19655
8860
4914
4067
9167
8827
23288
4776
3660
9570
6133
13915
12209
980
6822
13689
2764
8929
18011
6604
9153
4358
3228
26312
3915
1885
10518
7113
14076
12503
5687
10575
4509
3001
9553
21227
785
2186
8918
16850
5059
2229
9298
4478
12526
7398
8763
4745
107
19459
9335
68
4416
16419
3192
13859
11982
292
8088
12738
512
11865
7569
8927
4930
12352
3729
17476
2928
8605
309
19741
13221
1278
3906
3055
28132
2264
11391
867
7250
25931
1664
3179
2746
8442
25712
673
9332
3667
10639
18209
4019
3149
7855
1552
21135
11723
501
7416
7654
18063
4559
11977
7726
7708
6231
12193
7328
7587
1120
5145
11893
7462
7763
6183
11730
512
7438
14268
9777
1670
7561
8276
15837
2019
4988
2493
24121
16386
2105
4622
2692
23965
6808
2657
7154
2529
29794
994
2246
4835
2825
25732
4759
8413
1221
11595
7632
4796
24183
1768
2471
7567
13835
9445
2601
12033
9456
2942
9382
13853
7302
2952
4556
21309
4437
2912
3747
2507
24439
2859
6062
3186
11078
12959
6094
3323
4417
19677
2824
6283
4649
8810
11057
2058
7169
4532
8617
10775
13867
4449
7845
12959
8346
2853
1865
7258
21293
8393
4026
7384
541
13433
7987
11547
228
8664
21396
3064
5071
3924
7382
26218
4512
3027
4941
11035
9752
4621
2841
16452
5334
4371
4491
3472
20973
4245
4686
1602
18437
8972
5075
6967
10731
15102
3090
4525
4587
21441
967
10860
7573
4460
9581
12188
4352
3065
13783
7019
4871
7557
13424
395
12207
7597
3951
10222
15065
3969
9171
11674
10268
2563
8940
3330
18031
6756
5723
7566
11413
2142
6474
12917
9200
4695
14201
9036
5498
4839
2807
25815
2197
2467
6352
13562
9041
4773
5957
6699
6635
9390
21540
2891
2848
5995
1045
20297
12412
7590
2637
5993
4978
22412
6370
4447
2935
8506
22184
2723
2911
6358
16253
7947
9370
4478
5510
13997
7586
1602
4692
19896
2209
6777
5991
8814
9325
2434
23670
4502
3472
6112
12202
6964
4651
2869
6690
19546
4336
3030
1909
21133
7347
4908
7321
7588
21738
3950
4793
2951
1637
24152
7637
4897
8944
4365
7470
9069
12305
4580
2453
5205
8020
13764
3785
18866
5529
8018
14014
3574
7886
11399
9958
2880
1225
24864
4712
2750
2730
14929
12995
12204
7379
851
1178
11728
19428
9224
8354
726
12299
3056
8980
9312
12065
3589
8638
7582
14046
3891
7733
7520
596
13237
12542
7274
13861
2907
276
8687
21333
3028
9393
7425
66
13728
18588
955
9069
4625
3198
25740
4803
1300
1251
15
33761
9145
4741
1205
1121
30746
2614
454
9344
5277
15971
2850
16628
9157
4881
2679
13748
19002
681
9049
4266
390
18956
874
9158
4138
551
19328
9232
4646
2191
13354
4348
8977
4801
15567
2803
993
13829
12272
6246
1866
11868
1362
28807
6180
2104
10204
2677
12128
7491
15339
10673
1605
2878
19997
8789
4683
1415
11618
15905
4494
1334
1793
26571
3716
2813
9321
5727
15956
3188
8532
555
21813
11087
257
4423
3164
14510
11039
4709
11942
7749
9425
4457
504
18972
8174
17680
4805
455
2159
24851
1183
4803
2796
14175
11574
4670
3577
6014
7458
11774
5003
19256
6391
2904
4723
16877
2635
11275
11289
7863
47
19989
8763
4810
8180
8210
2976
9641
20681
278
3070
4761
4266
21099
289
12453
7295
4606
9211
12093
4051
3222
4696
9189
16175
3660
9132
4872
6626
25682
711
2834
9510
10724
10574
15589
3763
1007
18817
9762
1023
3115
9762
20548
4854
7596
3167
4247
13758
11884
7495
1328
11234
1298
12235
7716
12119
1543
4176
15197
9227
19901
1461
3129
458
8541
21310
12200
2814
5166
102
13461
11813
2782
4720
15910
10151
2562
1915
18913
816
9056
4618
14667
14303
4473
2279
913
11504
23403
4925
4152
4099
13308
14921
7008
2311
5606
20169
5638
9023
5133
1633
26508
2056
5579
13363
711
11709
1934
5670
25846
4252
691
2584
10934
15002
5016
2577
12286
13801
1344
6137
13859
11864
1464
1710
4387
13784
12147
17983
795
2935
2610
9050
18058
3332
12336
2235
5491
13530
11933
1033
17388
6230
8979
4621
12774
6620
10408
3455
12320
7439
9765
4058
11986
86
7324
13908
12078
674
7060
8534
5418
19242
8443
617
550
20897
3570
8497
369
14981
5997
12152
8064
8827
4605
10002
1845
7696
13682
12156
222
7465
7064
6751
11790
26
7764
13705
9195
2922
7703
8747
5104
25723
2714
7582
8869
5208
19304
5960
2934
418
4629
20239
8552
5192
7511
3495
17132
4740
3094
20904
4008
661
4945
2728
25736
7647
3668
4631
6641
10932
7572
8196
11819
6389
4212
19858
7697
1278
4966
5319
30738
7699
1129
5405
4470
22416
1153
7723
14421
4670
5357
1353
7574
25739
5052
2526
1325
6398
18132
5082
2664
1491
5919
18608
7600
13802
3659
6336
2474
6837
13943
19856
101
6773
2098
4988
19197
7064
1941
7714
13893
3167
6657
2063
21543
1622
10659
7604
6642
7132
17730
1518
9454
4494
9545
10097
13980
363
11575
7500
6499
7197
12143
4721
3043
6281
7684
19267
9004
5073
8838
7812
3445
8320
13719
6796
819
3751
8454
13667
7160
711
11818
7465
13880
8876
3577
3357
4148
13705
8519
11244
9155
2183
18900
3099
5406
4690
18240
1992
8425
11071
9426
4766
13242
6026
5535
3745
4518
20238
8667
1034
4222
7515
20639
7629
5063
4363
4314
12054
7622
4991
8780
11932
81
7432
14195
7571
4283
7645
9096
4875
7534
4641
7585
8271
5297
11877
12199
9167
2928
8445
904
21722
2353
4481
4665
15437
8889
4540
4764
5108
9240
9765
21017
5084
4558
3086
5965
19591
4678
2945
4122
2448
19644
7432
13718
6747
1521
3848
7176
14027
8445
3725
7653
3751
10248
11667
12192
12256
3433
5856
4217
19780
4108
9578
6534
5949
7592
13550
7031
12540
3216
6074
4589
6175
13711
13650
5940
6108
10327
13632
9392
4463
5951
15750
14801
8927
4750
5764
14518
995
7392
4801
22405
6410
4494
3969
153
24636
4823
5774
14513
292
8323
4382
19800
2388
11338
3280
8719
9852
11538
3209
8795
7229
14201
5057
14842
8844
4938
1858
17565
1908
7167
4719
1855
18702
919
7228
5427
17429
3463
7128
8098
14031
11308
5850
1863
1633
12141
12119
7729
1309
12257
63
11882
7751
13848
4142
7999
4204
3401
17761
7757
4911
2757
12964
4990
8103
7719
12469
1510
11612
8574
15917
9058
3383
1494
19223
939
8310
4562
14602
5456
341
8531
4681
19500
11258
2555
3473
8938
7433
13609
3382
10252
15132
7531
516
13234
12297
1220
6202
16990
13479
12289
928
6775
13676
3061
25424
310
4345
3320
16402
13851
2884
8700
425
21276
2851
319
8948
15618
5744
2923
16428
8275
1195
4836
2935
32886
195
7915
1499
4477
20053
8653
4813
2283
7327
9962
9317
4573
2100
7127
10207
13979
9138
2817
6806
1474
13123
12083
7453
6262
7578
1975
10363
9434
11918
1626
6116
4044
21392
3179
9079
6159
6503
8773
3121
8679
21608
1340
5343
5283
8199
13590
1007
21631
5590
8040
13955
872
10611
7628
3554
10346
12135
5936
1717
18826
6645
4673
3041
14736
11568
4163
3102
2054
12414
16121
2770
8996
8996
13040
2534
8916
5018
4448
12443
11709
7617
13859
190
3014
8592
7656
13607
12774
4394
2622
326
13496
19510
9284
4719
2961
13527
3158
8825
4846
16612
2084
9967
7878
13428
56
1920
10292
7496
13653
112
17842
11058
4315
596
2763
25573
4763
856
15437
3592
8780
4860
17209
11360
4315
3212
13855
16515
12237
3979
676
2941
13831
12057
7745
12778
1037
11861
3970
3966
25458
3683
1355
3077
12279
13050
8101
12254
1149
11947
2500
19007
3175
8784
3318
15306
3174
2815
8783
19961
1399
3304
8974
1650
19817
11894
3048
4722
9745
3751
12341
7823
11653
1835
11888
879
20498
3178
9011
2600
14409
4640
2560
11627
14317
97
7923
13812
11417
2540
5093
9044
4799
13386
6374
11174
2654
11027
8288
9172
2243
2718
19493
7893
1119
2132
19492
2616
9191
14204
4527
5704
9027
4949
13633
11802
3207
7603
13998
11624
1705
12069
7641
3048
9422
1149
20141
2549
5088
5710
15591
20949
2989
5005
4085
1273
20138
12336
7332
3869
6353
3693
12037
7409
3882
6206
3667
12284
7614
13898
6617
5970
15847
7599
9928
3922
6127
5886
7401
10024
3931
12235
8085
2273
11021
11906
521
7025
13809
5328
7096
7353
9560
8837
12067
11979
7515
9490
4358
3652
8420
7826
13545
11922
267
7638
34
13789
11761
7666
9241
4595
3029
9043
8150
13741
11387
72
6821
14590
3146
9101
16253
5133
2233
17416
8440
403
4943
18697
954
8796
4920
11322
17241
4727
1276
1852
8175
21649
1032
2260
8650
6311
27675
5243
2241
8375
5268
12215
7586
13643
496
10807
1014
24187
8096
1072
3570
1360
19714
9056
15170
4282
1784
2880
9520
14867
6363
2702
9138
2893
12318
6159
2944
9314
18723
2763
2590
7431
18819
7062
11257
2690
10182
1913
7509
26323
1145
3044
10185
9638
13670
12156
955
13438
6895
3082
25761
606
5067
8616
9782
9423
15971
5598
2400
6807
2512
16273
8149
6335
3073
4519
19340
7621
6226
9288
2955
8096
6962
6275
9085
2857
7505
13819
9164
504
2878
7281
13779
9915
9768
5937
2994
21376
3104
5692
3349
13641
7583
9171
3178
7576
13813
8522
3347
7390
5865
8001
12339
8098
5013
8893
7241
3965
21386
3473
4990
3890
12134
9037
11994
7613
5448
8347
6482
5678
7521
13727
8051
3990
10848
10441
3093
4882
4277
21499
2532
3248
18532
4446
7481
14188
4771
2397
11784
9310
12424
9553
2384
2200
6986
23997
4886
9293
3741
8428
7453
13649
4165
3223
12052
9692
4225
7298
12289
985
8525
4438
19397
4310
5240
4360
2533
17096
4099
9746
12270
7242
9
4178
22005
4572
2800
15381
5214
5668
7620
13531
18076
1405
3702
5633
4404
19945
13724
348
6078
5533
24035
9612
4353
51
6274
13107
14021
12251
4657
2873
3094
10711
11939
7363
12960
1003
6019
6154
7972
12566
918
5650
6280
7344
13912
12425
3101
4368
2534
11297
19546
2542
6611
2009
19620
2650
2488
6715
18673
2482
12573
7288
2296
11555
12505
901
5916
13819
5540
7756
7060
9279
4368
21287
7015
7921
8870
5031
11632
7343
2261
11685
11674
586
21400
2672
1888
7373
16513
4887
12345
7257
1703
6652
22270
2595
9283
9149
6510
8822
9063
5061
3747
22198
10116
9370
4643
3744
5811
26367
9641
4189
3964
4924
10531
9525
4471
3856
5526
10148
9580
4223
3918
15608
5761
8198
12529
7281
670
4542
8435
12384
7935
13044
2958
4347
21846
7628
130
13393
6738
13210
9059
4339
3326
3765
12866
13442
2794
9381
11037
10264
3114
7
8897
21362
6238
6209
7345
97
13517
12159
7866
1707
11961
2864
9250
7354
13931
4376
7589
7342
29
13853
12293
7946
398
13141
2283
9591
8194
16648
8880
4240
2460
17781
13233
3075
9262
6760
14562
2262
9601
7712
13608
2107
10189
6984
14284
3210
15326
10188
4470
2384
17954
8627
5164
1204
16556
10635
7620
14113
1197
10375
5862
1927
13362
12477
5897
15253
124
3145
8797
21406
1237
11316
3827
3552
13717
17628
10947
3656
4151
13434
15606
2302
1821
9449
4204
19902
9091
2623
2296
478
18784
9234
4483
726
13749
5663
8848
4705
17139
11870
1893
2312
2925
25979
4613
318
2493
11117
15219
4545
2879
13424
12391
1081
3620
2819
13529
19949
9229
533
3912
16530
3111
13704
11746
694
4104
3813
29593
121
11772
408
10995
10047
690
11773
7512
7750
5647
621
12259
24072
7050
1886
4103
757
28805
7613
7049
5814
635
15106
4561
12948
843
9263
10954
8668
4667
9364
6230
13272
4467
3962
11712
9847
3263
4773
15495
4648
8698
12880
8396
11974
3433
4540
13277
8112
4265
19880
1410
3221
20268
5165
7835
12114
1603
11955
7458
3835
10045
12233
2715
18992
2561
2633
6320
19535
1675
12435
7619
2092
11520
14739
14003
4642
3506
1816
23475
2410
2315
2901
18005
8124
1946
5452
13423
4893
15012
9216
2029
2322
20052
705
8518
1714
2807
19359
9288
2045
2488
3663
16464
8740
4654
13859
5159
10198
7577
10362
2759
12388
6355
14828
2994
9554
1168
19738
1806
1536
9030
17859
7847
12014
898
11481
1114
20381
2678
10319
4154
11707
4177
3939
25970
3511
336
11988
8004
9488
3834
11876
3978
3559
13860
12837
4980
15057
696
2826
9791
16242
4431
2892
9805
2398
18510
11928
3360
4149
9760
4008
12309
8165
10483
2682
12314
1555
22905
8773
1391
3661
11538
21275
3113
8979
233
1381
19918
11897
7715
9069
515
4294
11747
16855
4854
2712
9904
15711
715
7347
13842
11742
7580
8810
399
4800
27602
989
5193
2297
8630
17382
15892
5540
2921
8285
703
21390
10213
2112
7686
7875
16100
1515
4887
2694
24874
1302
7446
6885
6902
10653
1258
7461
6443
7436
12207
7595
7614
6211
8160
11251
7784
1394
4642
19988
4570
2737
1468
4771
29162
7485
4540
2669
6496
28773
4473
2906
3792
3429
26285
6993
2185
4563
6964
29430
6909
2165
5394
5779
19910
8161
1843
13852
5708
4011
9735
9101
4590
22596
3854
2641
4687
2751
23115
7266
4296
8106
7492
13755
4190
4966
10554
8915
4601
19858
382
5646
2899
4743
19516
6188
3198
5748
1753
17024
5687
3067
21342
2928
9294
7974
5374
8425
11546
6554
6822
7855
3376
9019
21234
2041
6470
11043
9338
21287
1607
1341
5340
20353
4868
8148
9361
2115
9021
4864
19341
5204
3963
4717
554
19293
8934
5130
7429
8030
12836
7679
5017
9045
11621
3444
4081
21657
4476
4504
15422
4230
9067
4752
7583
21503
1989
5320
13903
7301
4802
7213
11791
2165
7233
4957
7522
14097
12997
6142
4276
5100
18326
3126
3278
8495
11733
9725
12424
922
6647
3532
10008
23460
5404
472
4036
2791
33397
4044
5253
316
4346
23147
6025
4084
3086
8544
17298
4418
8549
11373
7679
1408
4661
19402
3536
5750
4578
10627
9699
2642
5915
4750
22851
3366
7076
3786
8759
20940
2736
3250
3743
19367
4275
3317
2537
19583
3402
4720
2988
19491
3114
3561
4202
19957
8850
4599
5592
2987
20408
7953
14516
4118
2417
20962
7824
2171
11949
7047
4463
21250
2941
2288
8177
9999
10278
2842
18689
7169
4745
6098
13717
1852
6897
4763
21848
6872
7018
867
1684
23842
7550
2162
11643
4727
7536
21685
2542
1805
7242
9204
24664
4156
3328
378
762
24465
4582
2848
1220
16778
8561
3968
3089
17409
13108
2837
1034
8061
21304
2969
142
864
8582
20796
2951
1141
15035
10144
4597
2837
17485
12725
1349
1632
9666
7718
13213
2728
15323
11213
4036
3492
143
30028
90
2688
9244
7867
16431
9259
4217
299
3093
16375
9328
4411
16724
3102
9161
4711
3187
12860
12588
4533
3146
17232
8616
3743
899
2785
25971
4549
3958
11647
3880
14144
2638
9324
7280
12069
1963
3243
9021
21266
2277
742
9020
1991
19250
2339
767
9085
17706
6455
9414
4427
2140
18039
8693
937
4182
1551
26989
7531
8822
5242
1542
10074
7472
13769
11594
855
6108
1256
13781
11816
207
7444
13920
1574
9432
1462
7292
13683
1480
25500
1791
7689
13556
1375
10838
7375
7012
6861
12315
5602
15870
2584
6922
2496
5537
18538
9532
4189
8930
8776
1982
9198
4516
20952
4526
7918
849
8256
24337
3008
5590
8476
319
16256
2998
14192
7127
4417
4429
3210
26128
4508
167
2637
4428
21299
4520
3018
14081
7001
9532
2836
9161
4715
16549
3953
2610
6064
20854
150
2735
19971
6409
7383
13375
349
12138
7530
2169
11402
12378
4106
3359
13658
4989
11249
12599
4622
3103
17770
7870
4003
715
2907
17672
8554
4191
3922
12095
12856
4646
2796
672
12437
17309
3225
9080
7538
12855
963
3061
8985
23800
587
9195
3567
990
19400
9717
6311
13401
1200
3238
8889
19917
1345
1486
10859
7607
14136
11476
3116
2647
15491
2996
9384
19431
1873
242
2626
9110
19517
3285
10955
4679
2636
11942
18570
12400
3680
3631
11609
2119
12015
3730
3857
11623
2066
12270
19159
4911
10678
822
2277
19655
11328
2414
12267
2070
5410
13629
12629
1725
27
5859
13301
12171
7500
11010
231
2405
12627
7399
13664
12142
1089
492
19490
2995
9424
1624
15900
3931
2609
10707
15166
4519
3211
9195
17903
3282
2761
9272
16265
1791
3179
3937
8595
17710
3358
2832
8207
18096
7371
10139
3672
10171
1735
17657
3569
3259
9071
14579
6716
3091
9711
15916
13988
7225
3586
8713
778
13408
6898
12459
348
8072
13269
8491
3090
17045
4143
3437
9017
13017
8223
12268
7370
9084
4449
8202
11816
8963
9
4668
19633
4345
4809
336
20820
3314
8963
11467
5243
4466
12374
7643
13977
5941
5429
308
21118
3025
9052
2817
7527
11378
2709
25335
604
4663
5127
14668
13577
3276
8029
9573
15767
8014
991
4609
4328
15157
8308
5433
12490
7579
552
23938
5531
12573
7435
452
7306
5631
12391
7548
13551
3278
7570
1769
7620
13365
19194
370
7709
1779
4257
19926
7419
6254
1767
10581
7198
7516
6113
12573
4987
2467
13832
10041
18748
5010
2564
6941
6498
19635
9305
4591
161
9885
10385
8611
4543
15716
3718
6930
6785
13141
3355
3561
6475
7102
26386
2471
3410
978
3385
25836
4445
3147
6468
5623
13733
13739
7212
3947
8343
2610
18524
9359
3088
1827
6420
13468
11593
13641
4510
2967
3546
8877
13396
7875
12837
6669
9385
13241
7808
3201
9082
493
20864
2815
5762
4856
15141
4863
3158
5323
20234
4568
2995
8936
13314
3647
4942
2525
25238
713
7799
5313
8232
12206
7425
7681
14398
4235
4266
3100
21532
2311
1827
4626
2808
26774
6861
4808
1956
6894
12453
13546
7291
3572
4245
4568
21397
2877
4495
1133
20295
7753
13197
7699
539
11603
9207
4363
20287
3928
613
4394
4478
19498
9832
3892
7120
162
12712
13669
7162
5007
7508
3856
9707
12434
7873
3514
9905
6187
13611
9133
11210
9648
4166
1724
6491
11229
9878
20664
1636
1067
5648
4564
28861
4345
4358
290
1996
22427
4605
3122
1231
2064
22745
20822
3493
266
2643
5863
21187
12489
7594
95
2866
10629
12181
7412
2973
10594
3134
9339
7891
2358
11232
11813
6740
14359
3939
1945
6591
21128
2074
3550
6506
8352
25105
4562
1689
1446
2376
28002
3773
9065
4628
4493
11395
3048
9121
9652
11491
685
2549
9211
9589
11881
2623
13887
12197
7545
1658
12339
15618
3531
1957
7382
21082
3915
8488
3451
5859
11867
2820
9705
19258
4764
1438
7579
4635
21011
10432
5053
9171
4317
19676
1465
9637
2648
12442
7640
10696
3110
3955
15332
9243
4824
13217
6492
649
8323
21061
3993
8597
487
7815
12459
4134
8194
17047
4145
3412
9179
7909
12892
3365
8286
669
8028
13080
3005
9522
14993
6092
3315
146
8715
21034
3626
7063
1961
8193
12791
19794
6400
2884
4204
4155
24864
4547
2916
217
6503
19504
21110
2669
245
5476
3645
21252
2852
6164
3409
7509
13567
12158
7158
5874
8136
3428
8949
21944
1659
692
4597
4414
23529
891
14008
309
6615
12379
15805
10231
4464
3183
2845
22805
4534
1967
18058
2947
6327
4004
18731
15062
2652
2173
7113
6245
18527
8655
5013
3962
13833
10762
7618
14273
3957
7399
6206
1239
13889
12545
7458
250
13308
1108
19320
8823
4160
1221
2319
25412
4595
2750
93
14792
18276
9591
4660
2809
14565
13687
2209
1679
15690
2374
14011
1681
10086
7636
13625
609
11897
5122
5355
10638
16948
302
11636
4362
3803
13277
11768
4612
76
19478
9847
4020
233
15976
3364
9307
4882
15694
731
3225
9133
20056
1208
2891
9053
4451
16913
3104
9152
2709
1716
16923
2699
26132
2149
1917
3956
12897
12294
19140
1732
326
3423
8971
21195
2840
9206
1491
2573
17193
2845
11164
1989
5635
12090
2732
26429
779
2304
963
20026
9450
4412
11624
3512
21116
8625
324
3274
1624
19245
9210
4254
12248
5678
2327
9098
16123
3806
1225
2971
9568
19299
1456
3121
7983
17883
4621
14968
4840
7879
1453
21759
14169
4581
6625
3021
19011
2320
2514
9445
13497
7724
3102
9492
1869
18922
2845
5498
20923
1862
2084
20098
4689
8711
12419
2013
18980
3363
4462
6600
14884
4460
2669
20881
5464
1796
5403
13856
12158
11200
7253
2546
3287
9195
11321
9766
13865
5808
9359
10263
7820
2831
3170
9203
21095
4282
1344
6986
1020
20448
11808
7612
1298
8919
15667
4208
3204
10247
7667
12393
12167
7632
10214
7055
8504
4627
2765
17342
9607
7515
700
13050
18579
10105
110
6090
1120
26159
6019
621
9303
4471
19960
9252
337
4025
2306
17270
14006
12398
45
5541
1626
13556
12259
223
7219
13776
1313
11186
7403
9069
5017
11621
5644
1933
25836
256
4464
3030
14352
18809
9140
401
4444
16657
3010
8741
321
4564
19669
9622
2864
12934
5106
2813
12832
13188
4477
3317
8366
17506
2144
2696
2434
8590
17414
4570
13886
6122
8019
778
4851
29023
1541
5895
8015
5295
19735
9429
853
3398
11206
8847
13646
10673
1499
730
20575
3066
9211
14962
1948
4296
2616
9279
21295
3124
7456
961
803
21232
10483
9053
8689
665
4540
19455
7637
1624
4720
10317
10168
8560
4171
10210
9492
7067
6875
12000
7794
6775
6820
9569
5767
4412
7119
6708
19548
6031
3202
14266
7057
2830
6292
2809
24888
6152
2468
5430
7515
24994
3382
6206
2779
13070
8223
2639
6482
19501
4834
7687
11874
6093
3033
4771
23008
5941
7353
5890
7792
12044
7542
3381
2670
7695
12347
7479
14223
5037
3198
10813
10230
20775
2595
2777
2818
20143
7526
13932
5082
3331
3888
7235
13785
8476
11125
1334
8360
20935
2719
1617
3874
20560
4529
19831
335
4759
4186
4599
24745
3836
4436
3281
164
25568
4736
2816
4878
10905
10470
4201
4654
19770
9220
1337
10776
7304
4642
26201
1361
1239
9302
11969
9244
3210
9117
5024
16292
2685
4492
4753
21684
2857
9038
4556
6973
12557
13580
197
7149
5195
7887
13335
39
12150
11432
9551
3780
8889
3350
17674
2798
3964
22003
2960
1523
3394
20051
5484
4578
3064
11791
8325
5867
7566
13784
11874
1745
9200
10331
3239
9106
1462
20211
2391
3200
22708
872
3727
6058
13755
13741
12021
368
10176
13940
9023
32
4601
19510
2854
6353
77
4588
19910
8884
4748
5490
5644
8245
9249
4493
5796
14178
7646
1374
5344
18849
2543
5768
885
22152
2238
9068
9866
5369
9006
9646
4297
4930
14606
7240
1897
4726
20067
1483
7506
13113
7931
19591
1855
3984
3336
4575
19914
9183
4623
4404
3504
28393
1444
7881
4542
7292
12070
13638
4600
8043
8129
3466
9489
20861
7959
4454
3954
2543
27132
2645
1216
8058
11067
13502
882
8216
4522
19926
2936
10407
2676
1476
16000
13372
5234
6819
7532
809
12944
12335
7943
34
1683
11552
28760
4581
3446
413
60
24977
4657
19889
171
69
8784
21247
3035
8949
7806
437
12940
12466
7412
228
16092
14131
12083
7427
291
13562
2739
9469
7727
13388
2864
9399
5998
15896
2337
187
9050
6347
14846
12423
6959
681
13545
1326
18273
9155
4721
2334
14285
3292
8856
4684
18855
730
9127
4301
120
18905
1226
8905
5439
15095
3741
9300
6258
15376
2506
9159
3225
19781
1213
9587
4154
15038
3278
1310
9215
4606
20850
8472
1650
3951
15302
2940
25850
2322
2174
1440
1953
25765
4606
1077
1666
10413
23261
9102
1295
3322
1101
31937
3293
9334
704
4633
15720
2956
9843
15659
4775
1022
2993
24994
4581
689
2114
8756
17620
7477
13650
352
10262
1339
9552
12389
11665
4339
10547
9396
13499
293
11888
7865
6533
6702
17012
12023
4476
3149
6405
19717
4099
167
3029
23258
10980
8504
4235
39
25050
3946
4420
236
3141
22096
3663
7702
13131
540
24765
3856
7795
13019
441
7855
4418
7368
13671
12466
3678
7336
10606
2572
9147
3740
7688
9671
3420
9042
20054
1085
2833
2842
23194
4617
3372
2186
10012
13246
4639
2864
12613
6078
7598
4124
3348
25629
3144
1800
3963
15314
10660
18171
1877
2785
1594
24228
4410
3241
11859
5070
8950
4530
2896
11900
5694
8733
4025
3535
11479
14055
4510
2708
136
26395
2045
4471
856
13600
14387
5116
10374
3391
1738
18252
11128
2579
1483
10534
18766
2377
3372
9112
5128
15938
2835
11230
3543
11433
20939
3179
9161
1833
2578
16750
4067
8603
17908
2553
339
12243
7832
10353
2722
163
12475
7620
13473
13542
2075
4222
9291
4223
20381
9831
2456
896
12155
17809
7261
8533
2265
1916
29996
9
1179
2327
3537
42195
763
698
2930
3165
26046
4148
3403
9603
130
20259
12774
209
7199
9340
3898
12438
7656
9458
3906
12177
359
7632
13839
11874
223
15884
4848
3463
9135
16
21021
3147
8012
1106
16665
4535
3776
8749
14875
6015
2950
9101
17345
3853
3454
7466
17878
311
4771
19719
6242
2309
680
21123
19500
6141
2543
628
4265
20191
8967
4431
8327
3199
21989
3369
4648
3345
5082
19964
8252
1211
4036
7639
12445
13503
11172
1289
11196
9591
3359
7923
1329
21216
2899
3598
20991
1263
4318
20513
2540
6037
4495
10772
18352
8284
1749
4989
5842
12403
7497
13597
5876
4766
2027
7288
13641
19892
1339
5829
1864
4293
20068
9063
4493
4149
6048
9391
23940
2250
4203
3525
181
29749
10078
2454
7243
946
25084
4461
9798
9573
834
8929
14014
7083
18475
1122
9291
4650
9386
9007
1190
9238
4654
25967
3145
5424
1979
13482
12175
13763
7377
990
2000
9450
13517
8039
2582
9130
5383
19071
5732
3420
4398
16134
3645
22415
4004
3957
3354
12566
9470
7995
2913
9313
19710
4676
5429
3607
4642
19563
11607
2010
26
8495
11375
13831
12031
2126
5323
5315
8348
12671
7370
4973
5399
3200
29233
1250
6217
4694
8712
24744
4415
613
3579
3943
29641
3048
4593
4650
390
20467
7844
4730
7627
8512
5117
24013
4925
7664
7916
5319
7527
4763
7617
13571
11180
1315
8320
3273
9368
12260
14761
6354
4101
3112
5486
20786
7045
2766
10270
9133
4127
7077
19241
2772
4496
3176
20277
5695
13031
8051
3121
3452
5577
13346
7768
12449
7877
2976
10632
7760
20829
7626
3132
10247
8014
4341
8927
1855
10268
12606
11166
9674
3119
3178
6189
21206
6168
6320
7396
2656
10761
12226
10538
10588
3484
2409
6695
21366
2686
2161
453
6506
24382
9213
4341
5021
507
14300
26245
4078
3471
1046
847
23575
4526
5256
14873
291
8787
21008
4188
857
14594
9248
4450
19999
84
1619
7553
4427
19632
16911
1463
7703
4050
3531
18164
11779
2053
10726
8362
12360
1797
2885
24487
4168
4430
13504
3323
7813
4483
3153
17906
12213
735
11925
7374
1101
12692
16753
12167
7579
785
12683
12177
4258
4209
12577
3443
9168
20409
602
3119
736
25105
4331
3869
12312
4407
8508
4558
2849
26234
2609
4953
212
13335
12065
7760
196
11477
1700
12542
20970
3097
226
8926
1461
19630
3450
9023
1201
6264
16597
13608
3127
9432
408
6975
14030
11827
7368
167
9467
4095
12577
7601
13435
2636
9363
231
21176
2550
909
9091
15476
5375
3401
15773
9798
4311
11467
8703
13726
565
1393
25570
7766
1220
8902
4783
18437
929
7095
19259
4077
3298
15325
8069
2251
5507
17527
1643
9096
12875
7968
3114
15299
10905
3952
3380
4982
20972
4502
1314
18066
4984
21274
4486
1338
1393
21055
9303
1495
1867
9401
20953
2751
12941
2071
713
16127
8611
14189
4808
5570
15452
3374
14453
4853
6530
4271
2982
26115
5312
2110
3051
10603
12351
7646
13539
678
4123
7462
7622
13524
12278
5079
2300
1657
11949
12410
4975
3072
13019
4650
7742
21049
362
3324
8903
7535
13521
12138
4668
3136
13290
3111
9457
20906
92
2912
9357
6661
14337
3343
9216
4153
2662
17142
13533
160
12540
5556
1838
14059
11841
3977
2164
1188
13636
16318
3724
4451
9186
1197
31238
212
784
3324
13871
19132
9279
3602
988
16867
12155
3322
3947
14201
16786
2451
9510
3123
18144
11946
3108
4297
12561
13875
3918
3477
11313
14201
3181
17935
3538
9189
1571
1074
18328
2915
26195
1563
978
2042
2802
25870
17553
1752
1639
3119
26142
947
1580
1973
2732
25999
4398
3390
9350
2075
14178
4595
2876
9276
16722
2362
2062
4014
24277
998
4314
2887
11442
13835
8317
9203
1935
2502
27433
3641
5535
9157
4282
10757
9283
10790
2545
12313
14238
4192
2846
3552
9861
17337
2558
9433
11601
8326
4556
13241
12201
7483
3669
8960
1042
12164
7717
12259
7475
10440
3134
8735
3889
7428
10066
3461
12343
7348
5213
5056
3329
12597
7382
4412
9568
12691
16116
7497
3340
6381
4202
11787
11244
9828
3301
9279
408
20559
2889
2770
23324
364
4126
5504
14251
9174
242
20964
4732
15223
9119
19
21372
3910
8328
7622
8758
8465
8574
4401
2718
9202
16743
4354
3361
484
25013
282
4508
19638
659
9089
3857
11992
7535
373
13753
12311
7271
8705
7336
14546
2893
8583
817
20945
1791
1516
24913
964
4520
2728
15050
10965
4373
3365
8043
17649
4551
812
2104
8247
17874
8396
12575
169
10981
1161
21053
3823
8901
3916
11134
8709
13987
12074
3760
3969
7523
18181
4532
3093
7492
4908
13383
4298
20253
7196
1734
3292
1177
29126
7942
6620
3930
2332
12503
14605
6317
3340
9222
1502
19698
2976
6931
4882
14982
3282
3441
23427
2385
752
3650
19697
9675
3882
9983
2835
7084
14002
9365
2568
16452
7959
9064
4836
9096
18919
4881
3328
9256
13643
7407
2974
8161
17805
4398
9294
10442
7604
1729
13517
7749
2884
24516
1467
7430
6036
8032
11871
7596
6316
16072
3752
4700
2504
22388
304
3227
4367
3325
25845
4478
2903
5341
215
20813
7554
4771
8454
8486
20839
4054
3062
4497
869
25180
2732
5377
4275
11251
9625
3371
9217
12272
8947
6727
12756
4972
4545
4138
20119
2744
6339
4753
7317
21399
7886
1965
10884
7884
4683
20901
3848
1901
2027
5099
23630
13819
4399
2986
4944
21015
3164
9278
8476
3123
9383
20049
9114
4261
3457
3738
12536
9319
4425
7073
12555
561
13754
6489
5426
20996
2731
626
9086
11110
10105
12095
6433
1097
3560
9980
12753
6300
844
13908
6259
5809
7333
13693
1271
11180
7474
3286
10661
12000
5174
2406
3111
22775
4800
2466
14446
5423
23192
4217
2979
13077
6572
23496
4022
3341
12529
6574
6646
21109
4901
722
6995
2372
18490
19599
2548
6823
2224
1934
20006
9656
4193
5149
9060
18838
3190
2243
7375
17686
3097
2892
18950
7538
1513
6213
12804
21908
7494
643
3477
3811
17915
11832
2891
9467
181
20748
3421
1526
8056
15405
5413
2973
18222
7794
7361
7887
5508
12686
8627
12108
3085
7873
1749
8547
12478
2869
23817
2267
7883
633
12448
12497
14161
6800
3189
896
25190
4170
3057
1001
5469
19615
4231
3424
17144
4781
7953
3439
9204
20936
3692
4849
4059
7671
13645
12013
7766
4115
8993
3417
9232
7543
13412
6986
5337
7351
13843
3083
9172
7314
4072
9745
12320
7205
210
19683
6333
4418
2814
197
26062
4202
3348
2568
13731
9521
4814
2652
19640
13365
519
9589
4338
4668
30840
496
9773
3879
4348
14816
614
9433
4314
20016
479
8920
3893
2467
17365
1257
12371
12463
6480
990
13482
3353
9312
7119
13573
2148
18046
7
9256
6010
14944
2827
9520
6328
16493
1792
13063
1786
10673
20853
1752
2039
9061
5082
15954
1193
18198
9792
4602
15958
1478
1617
9429
20794
562
12246
5304
1958
13402
16387
1569
10514
4968
3270
14610
15094
771
2782
8
30431
921
2694
9189
3349
17440
701
19109
9416
2924
17808
704
2406
9425
19346
1633
3247
9306
4580
16452
2849
9466
1337
3258
16271
3230
9459
17470
3533
282
12075
7127
26294
808
3290
207
19727
9331
4285
12351
4291
3272
9223
4345
16473
12570
114
4399
3342
25630
3930
431
3302
7820
18446
3784
3415
7800
5017
12938
4732
2662
13006
11723
8935
9092
3594
1202
26333
9913
9509
3042
676
20063
6944
5618
967
12905
19555
968
3245
5687
3497
21033
4196
8623
2712
9577
8211
12723
2810
4419
13543
8460
11626
9286
2689
18273
7224
5147
7527
11763
18482
7397
4974
2505
4878
13441
12904
7066
3280
8501
1894
20689
2658
6113
18594
2124
3020
9284
10387
8492
2102
12591
7527
13416
5332
9053
14721
4081
3554
18450
7347
1867
2478
3049
30167
3773
273
8696
1670
19253
14126
5960
24
9088
21090
2853
9413
1412
6304
13146
3505
9166
17886
3030
2389
727
9252
17958
6438
9150
3999
2901
17007
9365
1311
2909
18839
1338
9049
4711
12924
5166
10675
4213
3423
25736
800
3464
1216
1848
26190
614
5740
1365
13227
12426
7390
9851
3872
12812
4039
3012
25968
355
4234
15232
4365
9440
16730
4363
2774
10602
1641
13851
20766
3618
9009
65
2656
18151
12962
7406
8780
1916
2289
12568
7468
9050
4471
12808
1642
5791
13126
12187
543
7214
10076
3409
20074
8626
643
1036
19871
3124
8632
8316
9656
3659
3659
24763
420
369
4125
4410
25205
3797
11570
141
8271
13506
11526
479
1006
7147
13190
20322
7134
778
1194
4095
27165
2178
4208
3320
7738
22390
3326
6388
1211
1702
20779
19839
6188
1599
1797
3917
19917
9409
4186
9483
1251
9393
10853
11467
7788
3172
7927
18071
4116
3437
5251
18564
2059
4193
3028
21559
2437
2600
7171
13191
7611
12404
7003
2464
4038
20115
3322
3523
2385
4667
19349
6828
2591
4189
5919
14005
9265
4255
9789
12796
6811
4058
3450
6204
19573
4283
4768
15410
5977
3295
20442
3248
1763
7780
13439
7256
12806
7386
1291
4578
7606
25786
3584
3874
3422
618
25326
4139
3079
5985
11295
9279
7242
5461
7613
19919
5916
3718
3912
3874
29808
1974
1045
5576
3976
20654
3420
5267
10085
10667
20942
2949
5362
4293
4920
15741
3500
21512
4191
4213
602
2805
21527
4330
4121
3127
13502
16871
4039
4059
4828
3840
16828
19968
4502
4979
3039
767
24539
4720
4365
3221
12390
17636
3412
4285
4853
19674
1358
12352
7917
3781
21787
1778
3026
2577
4182
21863
4222
3325
3942
6642
15242
4360
2947
20800
5624
455
3499
3310
20441
5498
522
3815
2953
26512
7071
3613
5466
4327
19897
9405
4356
6566
5092
8297
9127
4975
5910
13209
8557
716
21144
2940
3386
6016
15643
5247
13033
7222
2797
21293
1635
4373
20097
2617
6758
14394
6316
2833
3003
23213
4239
9261
10797
2505
6844
4318
25615
7430
3361
2461
7112
20676
5569
3109
11024
9801
20708
2922
2467
2496
21328
4122
3895
18135
2369
9149
2896
9395
20928
3444
1974
1366
5957
21137
2903
3538
5706
9168
15035
9168
4169
4948
1947
22383
4206
3441
18196
1083
6461
4387
2884
26203
4352
3874
630
1226
23339
4570
4188
15803
732
12527
12446
8535
354
12266
3977
25100
4104
3384
748
15870
9226
4712
3567
15933
9292
6780
14634
2482
946
8625
20735
2697
9999
7175
719
13077
12225
6020
2001
2363
27687
1690
1534
8886
7322
13973
12548
5269
1904
125
13443
19636
316
9080
4375
995
18743
9350
4822
2576
14181
2434
9558
21257
2547
19
9426
3714
20229
303
9597
5468
14579
3427
137
9381
20921
12925
2252
4317
557
13517
19255
10253
2192
1613
3448
25996
4278
2179
587
11489
22266
9416
4376
1887
11243
20015
2097
1193
9517
951
19810
2831
15818
10623
472
3556
3868
31406
1118
9450
424
3800
19966
9364
4034
1834
10646
7587
9157
4091
1819
9859
8582
9164
4332
1463
25853
1731
4131
3363
14857
11100
4252
2943
7304
7741
11330
4018
3810
23324
2223
4231
1077
19123
13001
9479
3156
5204
15868
3073
9268
5130
8305
7432
3443
9143
21106
607
3626
4815
3200
33524
4746
51
2508
5243
21033
4001
529
2898
21329
4502
4245
17113
2858
9402
4323
6546
22368
4335
73
2862
3883
22584
4085
3156
13439
5897
6593
4470
2840
13575
12682
7145
2230
12087
15817
3597
9251
9384
12015
2499
9384
3856
20450
977
8590
3388
567
19593
13784
4284
8491
3221
4263
13162
12485
7207
911
11944
921
19987
9118
4217
3339
12420
13418
4274
3289
12332
4052
9712
4477
2651
29132
1179
1791
1488
10176
20275
2855
12315
2689
11163
4109
4735
10583
18357
1319
10974
8257
11091
14089
4454
61
19871
8989
2594
1643
17208
2911
9131
4456
14618
4958
9392
3509
624
14816
5858
8649
3422
879
29268
1943
2036
4176
11762
13457
4210
14384
6031
8840
2521
1434
31122
2511
3072
9388
2228
16114
2571
3295
9301
17685
3029
14165
5931
9423
17173
4296
11741
1373
5913
27103
347
3572
2473
9425
20975
3270
8838
550
971
19948
2796
9502
16480
1277
3403
3275
9286
17282
14985
5269
782
2110
25063
1808
6650
9417
5140
18935
7685
1803
347
20917
2560
24002
2205
293
7162
13524
12444
320
6844
6992
6852
12710
7371
9153
4163
8546
20828
3982
4051
8438
12400
4274
6609
639
9438
16765
12423
4140
4327
3411
9252
20877
7506
4583
589
7348
25384
4908
2885
4232
5181
20977
3871
8010
769
10092
10849
12296
8310
2451
5168
17503
4268
11571
8498
2734
6424
3997
28402
5275
3335
1886
7206
20816
11444
1361
7568
1530
11687
20012
7949
1360
3964
4137
15757
9421
4350
10882
9211
250
8921
3974
10968
8950
13572
3382
9135
15018
5749
3285
9381
6721
17383
7412
2422
3685
19024
863
7583
6593
11889
7441
14629
9255
6806
2788
14865
994
14284
3335
6877
19073
4351
822
2003
7062
19599
3842
427
3285
22954
3361
3398
16131
4063
23047
2713
3763
240
19943
13551
9772
2975
2616
4689
23064
5815
1459
5540
7014
20732
9359
3142
2482
4951
13503
12844
7916
5178
5055
2650
25735
3448
4077
3985
10078
15084
4489
2831
5906
4507
15682
4304
19874
5637
3600
783
3948
28897
4073
3358
5320
4100
20837
2905
5511
3670
268
20836
3950
21307
2790
1309
4315
20501
8883
12196
2734
5796
19830
4962
4262
4177
10892
18333
4381
3170
4747
18756
2591
20995
3152
4490
4601
13865
7140
3302
9342
11818
9628
2349
6401
14910
4945
4134
19803
4574
975
3866
4535
33084
3300
4093
954
4274
21151
6967
5247
8003
3844
25731
3245
3973
5342
10931
9915
3419
9307
11079
10139
2602
3527
6089
10941
9737
3422
9351
9649
11188
3048
3615
5941
20925
3306
2299
6932
10557
10276
12891
7545
822
1802
22825
4256
4675
15075
3250
6614
20340
3437
1174
8212
10181
10498
20145
381
2741
6379
3712
22771
10777
3440
87
9346
20824
2993
2558
13659
9961
4074
5754
14362
9003
4338
2329
19838
7351
3892
3416
14922
10830
4643
3063
1870
24018
3973
1170
2212
2004
28343
5068
7332
4811
2654
30127
5011
7449
3930
3352
13616
4985
7938
3764
3255
13655
20377
993
7895
3618
280
29316
4311
3230
1355
11280
13485
8535
12365
2925
9425
2717
18216
3247
1104
8243
18154
3293
2535
17806
8446
3940
3458
10500
15350
4439
3941
15622
9957
3775
3895
8630
7275
13536
12485
85
7970
16280
13380
12352
87
8020
12813
3573
9372
15330
5676
2750
344
9022
15997
8155
166
9181
4171
19847
8217
1167
7535
13518
3551
8825
14985
5929
3131
10271
7027
16017
7391
2074
4332
19650
9870
6720
7216
6516
3172
9771
20412
2853
6291
10996
9459
3844
2851
22742
7934
3358
9585
6393
14119
3014
4584
21953
3831
2415
17477
4610
4785
4272
18855
10729
3741
3438
3191
12252
10357
4476
6781
13376
8958
6018
14672
3828
2941
5830
20950
1746
10877
8027
1953
10948
1660
27646
4044
1583
2374
1531
23793
4311
17920
2475
231
8618
20671
1384
11125
7613
878
12462
12669
5237
2394
13165
3111
26133
4129
1077
2361
16555
9356
4651
458
2281
30270
2718
446
9310
4870
16078
12416
6423
1442
13675
16373
1844
1033
9539
20966
295
12266
5265
2138
13450
194
19397
9758
3816
395
643
32986
4071
7875
3961
378
20034
9088
4135
86
603
19385
9180
20345
528
83
3500
9000
20946
12962
2131
1306
4310
25193
3871
463
15025
5698
8803
3835
16227
3680
9505
1402
2921
21303
11098
13403
1469
2449
16061
3973
13425
12865
1060
6806
11924
968
29283
588
3429
4180
11481
13563
4277
12769
7938
8945
2502
1217
19841
9353
72
2913
1611
19744
8398
1119
19032
1697
3126
9335
15436
5321
12767
2324
5144
13308
10549
4431
14470
3883
4052
22844
2463
2180
1958
20525
8908
13192
5526
2014
20057
9203
13439
5171
2089
3402
9318
18534
2196
9131
11015
9464
3837
14371
10834
8224
3859
9206
17869
2990
2678
4844
4681
18156
2590
12952
7206
3373
22576
1311
2906
6809
13726
9031
17489
3208
3014
3133
23403
3576
3396
10333
8399
11932
2638
9506
811
23499
1743
7562
4375
12848
6479
9777
3765
4294
16089
8981
789
3520
20967
8583
85
3586
4128
29373
3975
8777
251
7752
12587
19998
159
9402
75
4048
19992
9484
6803
9585
4318
2859
26164
254
3944
2557
17721
9046
4172
12390
5529
11485
3947
4025
24982
510
3982
1182
19719
7853
849
3765
16883
3068
13704
11826
511
7540
13601
15639
935
3361
8363
20688
870
3453
9384
15641
4463
548
3185
9391
15827
8739
8897
3144
840
28317
5166
3589
9491
2001
18648
11073
8656
9586
1995
1818
20022
7912
1675
4214
13244
14166
5801
3272
9322
17386
4054
10220
9236
9326
17037
4384
2455
7600
1839
20936
3438
7109
1630
498
20997
2752
9471
14666
1632
4742
3540
9152
20814
10176
564
9489
9400
14810
5385
3404
6992
18961
4044
3502
6640
733
18797
4293
2979
23216
119
2718
3915
3548
25858
4224
9583
107
10025
9842
13388
7300
2831
6009
20451
3878
3939
5568
15349
4462
4190
3181
22919
7238
3601
4348
4854
20964
3192
5705
14916
5407
3814
3476
5730
20231
4225
7092
12891
5653
20437
4269
2907
3307
19085
3702
4193
4060
2234
27222
8452
4084
7793
2063
10934
8558
13264
7403
4417
3248
21657
4502
3926
3216
1435
28880
2934
1442
3620
4315
24434
4664
4377
5021
2542
29880
3363
173
4511
4801
20832
19228
449
4715
4934
3900
19956
4603
4907
4100
2083
33641
1088
4135
5036
4431
28949
4212
1766
1682
3934
21854
4595
2603
15032
5920
5262
4088
3552
20394
5397
5146
15696
3546
9422
4041
6849
9600
3233
9373
20260
771
3565
3115
6026
20388
3345
3564
10356
12659
7052
11778
8121
6277
4232
2808
12222
14123
3899
3549
2939
22856
1825
2483
19962
2900
6592
3684
14027
8931
10607
3033
9654
18114
5912
2701
6560
4620
13213
19822
4159
1786
6788
17126
3773
5553
12245
2097
13265
5694
6975
7455
9191
4213
22152
5955
1239
7825
13010
5348
7170
15443
5223
3855
9164
9215
11520
10261
9767
9227
3940
5223
22001
6309
3114
9388
9112
15137
5990
3227
4060
4944
14913
6626
2894
4091
20310
1150
7887
4596
8719
24176
3527
1170
8264
12364
8311
4422
15694
9324
4045
8056
11683
1090
8546
4159
20485
2958
5867
7989
12684
3069
17663
2656
5789
3987
20071
9443
4548
3572
2925
22532
7430
13769
3228
1860
6941
24324
9601
3793
3482
1982
14169
9515
4243
3412
16877
1622
7972
20285
3120
228
1207
25238
3482
3602
16353
665
9385
3771
3004
16530
13446
3468
304
9270
20600
2902
17039
84
9814
3427
19652
13882
2143
906
9871
23339
536
9663
3853
1620
17504
14136
3355
9511
4962
15956
2119
1749
8643
21630
15570
2403
992
9456
20770
593
1515
10734
7435
15188
10622
4048
442
20116
9031
3593
166
1921
31698
1648
1834
9225
3703
16730
3315
15364
10887
2948
878
3470
31679
1551
9944
2751
1056
19942
9537
5271
12660
3142
17594
1623
9815
3750
14582
5373
9522
4460
718
18965
9710
16309
3919
1091
2193
26187
4446
631
3155
8999
20431
2989
9257
5012
12495
3503
3488
24655
1621
4219
112
19513
8205
1187
21001
37
2790
9515
15281
5693
3034
9829
3633
19895
7440
2013
4160
1970
18231
9494
13852
6478
150
20410
9269
3573
151
8953
20711
3972
2806
6660
6703
20265
9572
4412
7693
8061
3545
13452
13025
8042
3645
8372
761
19490
9802
3246
553
7151
12778
9560
3512
705
6744
26487
3522
9180
3098
7168
10685
3955
8915
2661
21269
2212
6764
4152
15541
13986
4068
3373
2074
9775
14069
4047
4737
10553
6252
7813
3846
20230
1844
9951
1824
12473
7468
11555
5543
8710
3994
3360
17248
8785
2446
1592
3576
25986
4121
3062
248
11337
14854
7313
11216
1940
2923
9750
18699
2073
3478
9430
6326
14870
2490
9429
1856
18956
2327
1218
9311
1627
19057
3214
15161
11207
1277
2728
3492
25626
4656
13510
3079
3742
8909
17701
2746
3342
9191
4738
28827
1026
3180
3475
13636
12038
17756
2097
4346
9504
3890
19789
10277
1861
1803
5156
15308
9228
17515
1415
1265
20759
9032
1688
1818
12566
21244
2838
9858
1446
14944
7357
9652
3992
13129
6407
9806
3674
12919
1009
6420
13282
12521
7188
9555
403
3631
12863
7109
9319
4281
12559
8097
8413
604
20293
11495
8639
9094
231
4035
11572
8317
9119
337
4234
27220
2123
3859
3474
8726
21452
10116
2424
7387
8687
4747
19954
7029
1555
750
4492
19719
9375
13089
2590
5172
3624
25533
7638
5862
2257
5085
12542
20904
3039
5798
2655
1394
20502
11449
1147
7393
4990
8440
12737
7540
7777
5931
7333
21477
4045
3926
7199
12328
5922
4248
3278
7639
18424
4019
3454
2571
21679
1516
4288
20101
2655
6735
3745
10826
9093
2752
6895
4342
26780
2269
7264
1984
11898
9948
2158
20842
3592
1397
7989
13994
6580
3313
17835
8425
3738
4073
6105
23359
4075
6073
2602
8128
12363
20224
6361
2985
4206
4259
14997
10005
7352
6209
7449
2133
17379
9670
3884
9484
9603
1215
8996
4219
9267
10964
13098
1431
11277
7180
6046
7630
17862
3010
8669
12882
7697
17464
3381
4802
3641
4029
17195
2955
9234
4225
8679
11246
9444
3687
198
20244
5202
7823
364
12465
24598
4783
4051
3186
1199
24872
4205
4067
3528
11725
14117
7542
4743
8599
12795
1856
5547
21243
8697
3144
9385
1210
10871
8619
3454
9368
17289
4168
7130
12251
9436
16819
4578
2544
4447
21556
4096
3429
8459
12391
5049
4326
19898
4019
4582
1877
2956
19813
13637
7153
3456
3222
22873
7776
5437
7210
5710
20592
3558
3475
3694
2022
20993
2931
6898
2496
11091
9617
3600
9436
12812
7833
3066
3536
19204
3766
7528
12819
6650
18376
4589
3803
4171
2398
18355
8728
12503
8270
2240
10257
7392
5421
7402
13497
5949
14173
3156
6052
3881
6135
14064
9097
4295
5792
1029
13219
9328
20524
3300
2569
51
6778
20804
4262
1463
422
7207
20351
20365
1370
297
7223
20533
5411
14819
2104
7152
3916
20484
544
12491
5461
7437
20582
3403
362
1468
7598
21200
2533
17024
1615
7630
4035
3506
25834
6719
559
1792
11674
12918
7313
1392
11767
2455
10408
7156
13748
4437
8377
5632
1359
13320
21505
7936
3980
1404
2096
25943
4589
3062
829
13598
15398
3533
779
8470
20844
759
11696
7640
619
12723
12530
3717
3570
13521
3939
9145
9813
9930
4658
12645
12803
8122
11104
1402
3775
9129
6934
13841
12349
2423
5212
23
13062
12900
7156
11062
2509
3329
9256
7426
10724
2551
3450
9223
7334
13593
12556
823
6350
1026
12480
12750
17169
3930
2636
1217
25317
6811
277
9921
3926
19970
9827
3469
2618
9416
7963
13609
12406
6635
931
7967
17870
4188
3132
15915
8675
1723
3782
3915
15206
10321
4286
10189
9959
9148
3916
2162
17836
7246
2119
4227
18560
10910
7250
5982
7556
1671
10707
13258
7530
3640
9301
5568
15404
2823
5432
20911
5459
2000
12990
8370
4394
7270
13574
1497
11281
7194
4800
8829
1115
18671
9332
4463
6521
11036
2040
9381
4349
20211
2897
10030
1077
11780
7077
14433
5277
11503
2515
9311
9742
11688
108
2282
9402
26088
7835
4007
333
2805
25798
4477
4237
12745
3599
8767
3950
16897
3900
12789
3829
8794
20735
2896
681
8969
5255
18906
13257
3088
9697
4206
2767
26198
4000
180
3111
168
25986
3920
399
2894
15622
10728
3907
4145
12294
12966
4390
1476
19086
12029
689
12513
5346
14796
767
3176
26285
4359
15393
818
3313
26022
4283
3187
12445
1050
12449
20271
456
3895
9035
2819
17168
518
3243
9470
2913
17897
12775
2692
4539
12073
1221
12722
19118
1528
3583
9383
2448
18280
3049
11774
293
14450
3649
3532
27134
1222
2091
2648
1071
32674
9321
779
1420
2380
19328
13462
12877
43
1946
18709
3029
11524
14418
362
4206
3448
25741
1802
2340
11973
8301
12929
12873
1656
5543
8133
5828
12183
7438
8337
2473
15480
4331
2672
10841
13225
2084
8435
12430
13898
13030
2370
4123
3063
26592
753
6046
6207
7465
13699
6848
9103
3571
8945
11254
9560
702
3404
19960
4998
21005
563
3709
5466
18761
4751
643
3703
20158
9043
11450
5712
3502
3486
9367
17159
3435
7074
5604
7275
13337
13013
1420
5878
2847
10391
12892
7575
8957
10448
10387
12612
47
7380
13438
5125
7371
267
7367
25969
3998
4721
7591
7878
9314
3804
20032
1643
7327
459
4129
29455
7152
436
8369
4728
12597
7295
8753
4558
3388
9749
6933
13610
11759
870
7112
237
13356
12812
6502
591
8560
5500
19623
9370
6382
9161
5896
19048
8301
1212
4011
1507
18497
9484
4082
1638
9524
9132
13199
12868
4527
10408
8629
13789
10923
1885
4471
2572
26440
4498
10079
5275
3908
9463
20001
1103
2690
7892
1569
24184
9600
2356
1415
10518
22859
3388
7071
2576
1740
21995
13390
10383
2412
1808
22227
13460
9949
2708
990
19539
3595
6547
2761
17440
3470
3195
23244
2808
3832
3607
9912
15947
4160
3079
6542
19482
274
3783
4042
22511
2998
4105
12552
7978
5653
3444
20696
11004
9140
5641
3591
20466
10875
1863
7484
5730
7463
20206
5710
1410
2188
3981
31620
1704
3591
5460
882
23943
2882
9472
12822
1180
6762
12836
7050
13933
8234
749
3271
7278
13581
8427
206
4040
7382
13553
12413
7621
4792
213
8246
12543
7343
14440
6680
534
11921
9395
12034
9118
7133
12192
9555
3982
8032
15044
6355
4071
3109
21520
5152
3765
3481
2276
23523
11744
9267
3479
1881
7323
11323
12433
13911
4594
7573
7439
4044
22191
4607
4292
15283
3617
5564
4081
20272
109
3337
9693
12496
8285
12377
4099
3055
22372
4135
3570
17357
2613
6080
20521
2563
528
20244
5949
3999
3529
15302
4537
6114
4285
3107
26111
3772
1511
1918
3181
22944
4179
2974
14494
5396
6524
7568
13016
6248
11045
12105
4054
3803
18995
6601
3864
515
20001
13050
5990
6850
4043
19765
9519
4003
5797
9890
4350
13299
5776
7078
3243
17479
3403
9387
9407
10058
1441
2926
9512
18644
4082
1320
2028
7477
25888
7395
1245
2695
3673
18296
7504
1293
2709
3292
26138
4178
3530
1331
8816
15586
3884
3340
1688
8167
16359
3953
3588
17991
7981
9
4512
2779
29943
3524
1229
7020
1186
20748
3129
1273
24082
1192
3732
3551
17440
8335
14644
6156
3586
9374
7922
6897
8759
13865
12352
7521
585
6032
19479
4170
3638
5726
10623
13082
12916
7634
31
5078
7966
12592
13329
11002
160
12864
12810
7535
4591
8437
4396
8716
7252
4540
8794
20861
8719
3652
3329
3999
12916
9310
4203
2926
17084
3166
6142
3881
19731
667
8955
4312
6615
26129
3335
853
13210
5523
13800
9867
3953
4480
1700
23283
6656
14182
3439
1621
24208
6580
14372
3088
1135
8298
6372
17723
13513
2116
1878
8569
20667
3464
9443
6060
1194
14214
11818
6094
1498
13056
3200
9665
7158
13532
1836
10856
6997
548
13297
12515
5794
322
1109
13670
12689
5621
1956
14529
11190
4217
3041
15038
11127
3905
1365
2112
26086
4479
1023
1728
14632
18986
9340
4889
325
15660
3000
14640
11999
3795
3284
12713
18173
12273
3677
3541
12087
13603
4920
16145
3999
8773
2176
18816
2732
9527
4249
14438
2413
16022
3642
9380
17993
2667
312
12283
7583
10550
19491
161
3052
9326
17952
2726
290
3653
9161
20547
12771
3808
3931
4763
8073
19907
9641
3703
261
88
19935
13081
11818
1079
3879
3570
13156
16777
11480
1460
7318
12774
657
27465
2033
3131
460
3889
25736
4072
10240
5821
4135
25845
3903
3351
6726
5959
13530
3848
3493
22507
3611
3030
1108
3029
22502
4131
2572
917
3479
30537
8072
4130
2814
4588
13251
12861
7128
4910
7147
1567
12657
19198
4735
5048
4386
3928
15271
4794
9501
4186
7151
12516
9533
2241
1985
20488
3082
6046
1739
1878
29435
4517
2830
3580
7757
14957
7312
13846
5007
9032
5727
9066
18516
2242
3316
2250
7085
18265
2466
3414
9729
7947
15545
9446
1529
2583
4153
16481
9227
884
2584
20092
390
13249
12521
1222
22688
70
9571
3680
14033
15557
3908
3320
171
10270
32470
3993
2476
1456
9558
16200
6964
13652
1509
11006
677
7340
12674
12790
5331
11859
3768
3600
25806
172
4331
16044
3418
26263
8
3664
348
3549
25571
4094
3122
9613
3336
17246
3602
9104
117
3709
17014
20092
9123
345
2691
983
20169
9364
4142
12305
2639
5044
9541
20608
12121
469
2193
5564
12935
12399
7709
9364
1121
3342
28376
813
3631
3715
9983
19863
11846
883
7716
10290
2791
11688
941
20770
3754
8493
886
15143
5025
12815
7239
8715
5068
11181
1590
6973
24570
1732
4263
2745
8149
18289
7106
7755
231
5929
19334
9567
14864
94
5758
3383
9294
20737
3545
6231
1048
2307
20134
3308
23098
1142
2307
3740
4107
23106
6109
3361
5317
4330
20502
3587
4884
1973
2506
20756
12537
7574
4054
2523
6384
13015
7436
4106
2435
19270
3986
3518
20220
3031
2828
3876
3251
26180
3905
4376
2184
3378
19600
4208
9460
11938
1411
10550
9425
3330
20663
3243
2195
20579
3511
3795
3512
18531
3980
3393
4107
3162
22767
3561
3715
3647
1628
24373
4094
3078
1207
4584
20604
9969
2773
7903
3562
25902
3776
3689
5170
10973
9627
4036
8711
11683
9434
3523
3166
16767
5388
4162
4504
18272
10932
7101
5053
8764
17925
1943
9107
4261
8005
11608
9539
4009
1659
6511
12144
9593
3662
17604
2149
4821
21699
4049
3452
13631
7190
4871
21250
2723
12831
8354
5177
7089
13258
769
7011
12672
9413
19677
780
7443
6217
6222
13494
14791
5915
3398
5537
3868
23918
5678
2029
1719
4008
19893
9453
3331
9560
986
19737
3723
3207
5965
17870
2881
6623
5854
7533
25921
713
3130
3576
3306
22691
3935
13141
7440
2724
6193
3900
23276
5948
299
3845
4092
25496
4109
6218
4919
9211
12878
13001
9977
4514
6092
3151
19551
6977
3638
3470
7323
18716
4126
3050
2732
20501
3204
3694
3437
19120
7065
3976
3142
6808
19647
7007
2343
11453
8404
4032
9549
11088
3493
5286
20772
4266
5033
15085
5029
4287
20334
3309
1944
7531
11812
8813
3631
1561
7820
21293
6968
12432
1468
7949
3707
20368
2767
6400
4008
4776
15672
9482
3574
6272
13543
1455
8104
4052
20402
790
1417
7267
20369
3113
17847
2262
6459
3618
3381
26288
4125
3855
934
15116
13091
4186
8863
7016
569
13054
19991
517
174
8928
3688
19884
13581
3529
217
8949
7891
29639
2526
996
9054
7907
12712
3629
9318
5844
1171
17038
9231
4043
18032
2062
9389
3888
3315
26131
4074
871
2287
508
25736
4146
17139
2532
417
9146
3998
29541
3797
313
2712
419
30055
2836
602
9369
3595
17308
3012
9464
6698
12865
1171
3603
9155
19848
1056
2262
630
9658
23054
2472
7870
2646
2217
18168
10602
1583
2278
3344
26011
4361
1765
12015
6004
9490
4045
1794
12285
5550
9559
4252
18376
1583
9407
129
20586
12543
213
5523
4573
10210
13068
5556
11123
4344
2717
26392
3730
1606
1916
8446
17702
3961
17974
2010
8744
1007
3690
17892
1833
13704
10668
2418
4711
2433
24215
1703
4353
17279
2836
23661
2070
3787
988
18988
7032
6339
13085
4535
2663
13256
9022
3810
20574
694
2755
9679
12361
7897
614
19364
9594
3900
8338
8817
2936
13485
12694
7824
3783
9373
12467
4060
20138
3626
5589
4054
44
19855
11353
2080
7032
9604
3276
13565
12919
3578
3655
3178
10318
29481
3430
359
3720
2379
23371
4122
16000
3964
2278
10912
12823
3341
5703
11829
3000
9544
19925
770
3192
866
8729
20900
3499
634
8325
3084
20820
9590
2941
1834
2491
16813
9457
3762
15683
3742
541
9662
3895
32131
3725
778
9514
4328
14955
14177
4226
1549
1782
11578
18405
12694
5720
1769
11468
1474
13016
7066
11763
2254
875
18704
9603
4487
14050
2900
2166
9690
20701
378
2897
9799
1501
21862
11454
1349
852
13141
7358
27307
1688
955
14655
5586
12995
14091
819
14698
4049
3748
25555
1146
373
5489
13444
12918
1141
16796
2468
3481
9623
17681
2933
12722
708
6635
13146
13160
616
6217
9888
3807
13395
6957
9427
16416
552
3268
20065
9409
9
4205
13093
6516
9591
15357
1813
3536
3079
9847
16938
6726
7916
1708
4112
19857
9581
48
3754
11021
18479
72
4097
2883
23673
2867
3867
3034
9596
26292
7492
6457
408
9417
20863
4592
7153
653
266
20520
12990
7138
5117
4023
4709
12359
7400
13124
8624
3749
7651
11001
2634
12060
7991
3989
5631
20642
7533
4246
801
7332
13524
12847
6880
3175
5386
5102
12680
7439
2674
5442
4874
12920
7146
13975
5087
6026
8542
9517
20985
2675
1929
6324
18367
7253
13174
4736
6467
1505
7115
13577
11179
1966
7475
147
29415
10972
1983
7582
185
12454
12988
14820
6058
3607
147
8766
14854
9039
9564
4146
2433
8000
19034
3655
3487
16078
7778
7426
11596
7274
7046
7890
11278
3769
3238
14943
8852
2411
3957
3979
25509
3916
779
9459
10352
8959
3845
10165
6861
3065
9471
4083
20259
6277
2774
3937
23
20055
9453
4216
9562
6144
4202
9479
3804
16375
3674
6440
7155
12523
7517
11853
1261
9599
3230
7241
13519
9312
3357
2278
5198
13131
12795
13254
4814
2677
3734
11456
15226
6264
5796
8135
12404
7329
5475
4544
20365
2822
9547
12721
3907
3845
3559
9498
20668
8551
3720
413
7333
13380
8458
4494
6916
8439
5169
12945
12038
8103
4032
7411
1498
21109
7804
12061
7850
1501
11926
9000
19783
7000
2311
11937
8479
15211
5070
6791
6500
7993
12603
9135
3601
9286
13080
2342
8819
9030
4258
11192
8975
3392
21707
4561
3729
3548
4068
22073
4165
7527
12352
3946
5608
3609
20325
4003
16345
5722
2582
21823
2956
266
5792
10912
22547
7792
2519
422
9790
12849
20906
3433
2776
255
6233
23726
3412
6072
3917
5875
14426
9346
3669
6613
13482
2351
7167
4014
20107
3082
6397
3802
4231
15767
13494
6157
6573
7411
205
12954
6194
6624
7211
13591
3229
2775
6806
7239
26059
4023
2524
3260
14588
9338
3572
5805
13370
798
14019
12293
7539
2012
12735
15540
12383
5449
1959
1910
11196
13518
6579
2101
11402
1399
11405
20592
3492
1685
7692
4366
16234
13204
7096
1372
12215
12308
3798
5040
15742
11929
764
12996
8610
12240
2875
12140
14387
7148
1220
11930
12896
2259
4849
13444
4526
8782
7190
10766
0
