403
316
324
260
303
287
325
319
214
330
242
243
240
224
301
303
201
307
263
199
290
242
247
280
241
280
268
354
226
237
241
235
299
246
339
210
257
291
263
226
216
303
205
290
307
215
307
266
249
225
252
249
275
211
443
211
255
243
211
206
321
215
331
215
282
252
224
294
206
248
293
245
244
254
299
221
244
202
297
248
245
286
200
249
204
249
248
253
297
243
213
331
217
248
286
247
205
299
277
353
210
261
347
248
212
216
284
299
257
349
214
262
294
214
219
289
221
296
218
296
333
263
211
356
221
328
323
271
325
234
333
267
271
298
272
313
250
226
296
268
256
315
222
304
308
222
303
271
218
311
320
240
310
263
305
272
295
216
230
260
324
263
281
221
315
347
234
309
231
261
361
276
280
226
369
229
317
260
312
264
262
353
291
357
246
329
238
335
285
333
244
379
251
230
453
262
322
305
225
367
243
245
289
288
292
284
308
290
316
339
313
226
252
317
222
372
231
260
350
257
314
207
286
224
214
301
315
214
264
279
232
417
220
278
237
287
373
298
327
284
311
229
423
247
245
289
241
275
217
317
321
234
364
225
335
298
245
294
339
287
339
279
292
349
290
284
309
317
253
288
336
232
331
276
325
314
241
228
279
307
260
375
235
327
241
325
230
267
227
380
266
300
294
274
277
322
233
291
310
316
243
243
386
342
346
305
309
327
247
313
296
247
331
314
240
338
245
281
301
252
386
244
328
248
248
346
349
282
378
259
293
237
290
232
317
281
271
328
277
309
298
263
361
258
309
311
307
353
313
350
305
349
258
245
325
262
352
297
337
294
331
291
277
294
269
328
395
327
321
244
313
362
310
307
282
316
441
306
305
312
310
369
310
315
305
295
313
311
267
310
313
371
204
325
306
375
339
296
288
267
377
328
366
305
303
340
281
319
289
253
247
344
284
312
248
346
341
237
282
283
372
293
292
334
283
279
391
230
335
322
259
288
355
253
350
236
356
230
272
326
254
286
376
343
291
307
297
334
247
281
264
312
245
365
251
284
303
355
319
324
307
264
349
307
358
309
239
309
348
275
304
264
355
267
408
258
303
252
349
310
301
291
317
357
299
343
296
292
318
306
330
366
270
321
254
357
274
365
305
317
261
388
201
349
272
311
334
304
255
384
306
357
336
246
243
297
360
264
389
255
311
331
300
305
304
357
295
248
300
284
298
316
278
276
243
354
357
234
297
355
250
346
284
234
400
330
296
312
255
319
279
361
320
385
237
346
361
282
369
331
313
331
380
413
255
369
331
320
304
284
229
345
294
372
248
294
332
340
304
304
248
295
302
337
292
327
236
335
287
334
279
273
263
267
309
226
291
349
274
322
294
239
330
246
271
265
273
330
325
293
268
285
232
340
288
236
273
338
331
294
272
251
326
325
232
283
321
242
324
285
316
303
326
227
277
285
278
309
274
317
232
315
233
266
265
311
260
218
298
250
221
296
261
262
271
328
258
257
266
257
309
231
267
274
320
372
230
264
258
220
259
292
259
223
356
273
271
272
273
328
282
269
228
334
323
289
280
294
245
276
283
292
274
270
263
363
292
291
331
223
317
258
311
230
316
327
223
307
233
329
345
232
266
220
276
262
221
266
260
306
296
255
252
278
214
256
262
262
278
216
271
269
328
304
235
272
240
342
246
281
258
290
223
346
247
204
293
300
221
286
243
211
290
257
292
251
212
287
245
247
286
213
250
208
290
248
293
259
289
223
263
266
308
281
183
266
265
303
264
248
249
252
339
232
239
285
278
265
311
311
242
236
312
232
335
347
227
214
376
253
267
287
270
259
256
295
269
259
211
250
311
206
251
337
257
300
227
230
216
339
213
282
238
242
276
261
259
245
238
289
252
282
239
228
260
300
222
255
292
305
217
212
268
341
263
319
222
261
337
215
339
212
274
251
253
291
208
241
241
285
277
277
284
201
238
245
240
329
203
270
252
256
252
228
253
256
287
256
244
286
238
259
279
277
240
313
211
281
240
201
286
208
249
204
288
201
252
371
280
254
242
304
275
221
258
293
245
249
241
245
253
318
304
218
292
207
208
283
231
279
250
241
238
289
263
295
317
255
258
257
261
260
312
218
268
320
205
290
240
284
223
242
282
245
249
316
221
340
179
299
288
238
282
249
266
248
216
274
233
348
242
297
276
329
266
288
239
343
279
372
260
288
248
276
330
314
281
283
256
283
301
278
262
400
272
229
336
285
285
312
236
336
297
294
300
246
269
275
350
308
319
223
290
328
306
336
232
270
271
256
227
290
270
287
288
263
306
372
237
362
225
285
283
277
345
220
303
310
281
331
240
296
286
278
312
267
241
396
281
270
331
301
302
291
302
239
338
284
339
287
302
314
292
303
253
306
368
207
290
305
351
340
239
284
289
347
259
267
259
361
308
403
246
292
333
249
293
292
282
289
290
293
244
383
294
243
287
243
363
295
326
273
240
385
350
309
265
321
245
336
295
304
382
310
252
399
254
360
312
352
248
282
374
244
363
313
358
301
288
298
282
385
339
267
294
287
362
247
356
239
372
276
320
250
343
314
304
400
250
290
302
336
300
335
303
262
335
291
286
269
322
278
294
331
282
280
341
236
298
288
291
309
308
315
307
353
303
259
377
253
343
285
328
232
313
291
248
334
256
369
300
384
315
251
349
285
296
302
303
357
289
352
262
309
294
293
355
316
309
311
343
251
365
393
367
260
305
360
291
330
261
386
269
348
331
375
374
251
291
344
342
308
310
259
338
296
306
360
253
360
248
305
309
305
298
444
277
299
293
295
336
287
301
364
257
332
373
452
347
278
322
327
406
285
290
355
389
261
291
251
321
376
356
290
246
297
328
248
258
293
296
371
285
346
262
286
278
370
188
287
350
313
331
359
329
273
369
307
305
258
292
354
344
250
286
312
273
352
244
243
395
290
247
248
415
244
286
383
253
334
327
254
366
294
372
317
364
314
340
336
344
330
321
276
318
336
263
314
383
346
309
237
298
242
298
291
325
310
357
358
290
305
330
317
258
307
301
283
391
258
294
306
315
251
305
335
274
294
387
323
243
364
244
247
369
260
366
285
231
323
240
273
392
279
307
286
234
243
266
312
274
311
311
216
313
243
275
259
289
212
250
209
251
329
224
367
268
227
234
228
399
252
263
216
257
316
296
211
297
206
217
216
343
231
306
305
217
296
252
262
269
269
208
299
212
395
221
282
287
233
276
301
247
282
278
276
283
256
322
225
366
261
287
272
271
267
318
231
266
223
322
283
224
217
345
268
247
330
222
289
259
241
251
251
279
255
324
248
210
213
255
264
210
289
295
219
205
332
209
300
245
256
251
272
247
239
268
275
266
245
246
201
251
295
200
281
234
240
290
215
244
253
282
253
194
263
286
282
284
202
198
245
243
241
239
256
328
239
216
257
293
284
199
243
213
220
248
283
323
224
307
242
292
245
218
235
336
250
301
289
274
266
209
290
256
247
254
286
257
288
208
250
248
244
344
224
247
212
291
299
250
247
251
210
305
255
254
248
211
306
268
251
284
257
233
316
211
350
248
212
267
308
271
271
276
182
367
227
301
214
349
233
240
330
277
269
318
230
420
248
284
284
237
312
327
310
291
303
220
274
275
385
281
272
233
318
358
286
249
433
241
328
245
285
326
279
223
277
342
323
303
253
260
228
275
266
321
263
324
259
274
324
328
237
295
252
291
236
236
345
245
439
319
303
340
240
306
312
245
347
332
244
280
273
274
311
274
276
231
269
326
241
300
356
326
346
292
332
247
318
276
230
301
219
345
282
297
301
299
289
279
320
227
327
303
248
331
271
350
234
331
240
265
260
333
300
325
319
256
302
256
339
290
282
296
267
329
300
282
300
326
304
251
337
341
239
291
293
352
347
345
273
305
291
247
345
235
318
417
289
253
258
292
307
300
344
306
263
266
389
246
400
295
302
252
309
264
355
311
346
237
252
411
306
314
317
256
339
301
367
261
251
378
261
319
339
313
270
309
249
346
298
288
290
256
357
305
342
289
260
323
405
300
337
246
296
291
249
337
295
313
308
255
362
311
295
302
288
311
262
331
246
329
298
297
253
375
296
295
426
273
295
302
259
344
252
285
340
248
340
297
293
364
258
259
286
341
290
305
393
349
266
324
380
294
294
230
300
293
292
341
331
236
321
257
247
305
352
346
309
417
269
351
301
295
253
255
369
352
257
361
274
304
307
341
325
265
311
304
304
247
272
413
380
265
352
266
303
339
271
257
371
318
269
387
264
316
320
372
318
264
358
263
313
298
339
423
251
326
313
310
284
354
262
408
295
319
390
246
312
348
335
365
264
289
272
299
292
262
294
287
329
317
286
246
381
253
306
300
251
328
300
342
253
354
341
293
233
294
298
310
261
337
329
273
328
234
295
380
247
258
305
318
348
243
322
298
298
248
248
430
238
291
345
245
300
339
245
486
265
261
296
250
354
287
277
273
276
364
225
322
251
313
337
296
286
283
352
296
335
246
328
294
278
295
260
334
318
284
304
294
279
246
332
240
291
245
417
217
269
224
240
286
384
268
280
274
354
224
223
324
235
288
335
222
234
328
341
298
231
273
295
308
286
226
321
233
336
281
372
233
331
264
241
238
290
227
278
277
236
306
268
266
314
236
241
226
306
286
278
336
315
225
232
323
290
298
246
243
337
284
268
220
300
253
262
294
223
265
319
221
394
236
250
376
263
303
213
215
265
259
262
262
293
288
292
342
226
273
305
248
276
266
323
265
363
226
400
238
309
242
254
297
279
287
287
269
288
297
273
291
241
240
401
239
279
335
295
391
301
359
281
370
290
307
320
320
314
271
370
299
252
254
354
255
335
261
363
359
253
282
298
245
348
240
337
228
371
304
263
265
260
301
268
278
251
311
309
240
308
223
233
380
225
318
233
287
287
367
260
249
388
302
282
282
229
266
254
308
271
274
281
349
243
294
329
298
288
279
356
339
266
226
271
271
315
262
263
241
311
255
263
314
312
267
284
237
323
321
237
251
357
274
347
289
241
354
304
291
249
291
285
428
329
281
226
327
237
327
275
266
272
237
285
236
269
276
306
229
260
303
317
222
276
298
279
271
293
315
279
299
236
264
262
222
262
294
297
219
263
300
249
339
233
313
258
280
250
213
248
241
300
246
207
209
277
290
268
267
217
258
301
232
305
200
272
251
274
350
217
276
212
304
208
315
274
225
256
316
102
