33887
33073
33698
38396
33573
33200
33886
33025
32938
36396
33606
33747
33228
33222
33636
30825
33317
33991
32815
33655
33660
33155
44912
38578
33901
34269
41841
35733
38158
33573
33999
35433
42439
33015
34086
38178
33528
33322
33390
50111
33241
33862
33225
32834
33361
34280
33315
32413
33353
34536
34506
30977
33312
37384
30164
32470
35652
31172
46729
33789
35998
35794
35977
33580
42642
35321
31104
38695
33450
30132
31895
33181
31427
36753
39876
30775
33403
33586
33166
33753
33060
34343
44226
38589
36252
33230
34346
41298
33357
33791
33207
33007
39118
33503
44996
33278
32402
33489
39783
33165
33692
32581
34334
35901
33342
33470
33380
30796
30163
39582
33381
39617
36122
33220
30667
33319
35425
49520
35023
33511
31289
35739
40310
34474
33213
33587
42278
38409
33727
33141
33651
33257
33590
33231
33621
33229
36204
33382
33433
30715
33395
33632
33286
33573
45082
33283
33826
33030
33516
38602
31667
47173
38145
33716
33028
33610
33419
33481
37317
41370
33500
50111
38215
33249
33485
33620
33207
33629
36228
47192
34037
32846
33648
45056
33259
33576
33310
33543
33324
33435
35180
36995
44972
33308
33490
33423
33368
33921
32972
33394
33673
38207
50203
32866
34168
33351
31316
30426
33655
33195
33670
38413
32606
34137
33641
45096
33296
38667
33200
31952
44522
35450
33728
30847
38878
35389
33750
34178
30026
31130
32924
33867
33187
38308
33533
30253
33534
39374
33202
33614
33289
30845
45098
34420
37912
33580
35732
47291
33476
32678
34038
33958
44753
38284
33619
30578
31173
33522
32707
33303
34144
33378
32557
33300
33424
33799
32808
40075
33262
33491
35998
33644
33277
30767
33337
33744
33141
33474
33929
32950
33540
33479
33385
41779
33439
41954
33008
33756
33197
33656
41003
42407
33826
33124
33465
40668
37842
33444
33241
33640
38378
30599
33368
39256
30497
33345
33451
33795
33466
33058
34037
32862
33567
33472
33450
38373
33341
45453
33053
33662
35989
33478
35113
35443
38934
38196
33549
37113
32459
42440
38338
33559
36023
47358
34166
30005
36552
45003
33127
33744
38179
34189
34905
33243
31617
33469
50193
33194
30393
36480
33513
33355
33560
33336
33472
33284
33488
33969
33387
49817
33459
33313
32086
34755
33722
33173
34342
32109
45384
33658
38562
33634
32012
35058
35573
33540
30819
33648
49915
33225
33700
31222
38191
33177
31679
30159
31043
37893
36391
47672
50234
33266
30760
32837
49933
33292
33180
38848
34713
33474
42359
33128
34419
48357
34446
33558
31088
35779
40913
31047
45058
33333
33038
38861
33565
33296
33629
43922
42072
33977
32891
33653
40799
34871
33598
38268
33662
33243
30677
39156
30729
42409
33345
33360
39746
35333
50052
32980
33529
30867
36092
45029
33346
33634
36787
35081
45206
31856
34820
41134
30828
33211
33633
45332
38088
33600
33316
33541
33308
33943
35822
47215
33625
35045
36539
34163
30679
34273
46515
33584
45243
38110
33656
33198
33794
33161
33125
37833
32348
50092
50147
33212
30931
33220
33668
33162
33583
33231
33618
33323
33843
36567
32405
31146
36100
33417
30843
33512
35745
33699
42992
32614
33816
38094
33602
33237
33684
34184
49147
33600
33245
50235
33377
33342
33682
33248
34073
32813
33249
33889
33310
32891
34195
36409
49729
33515
30681
32130
32025
36201
31641
33329
30558
40822
30737
33403
36228
33471
33629
41135
39248
33572
33190
30688
31317
33313
30457
36446
33682
33192
33643
33234
33649
33193
33701
34160
37983
35795
33578
31612
36065
46533
33165
33844
34579
34846
33322
30632
33505
33348
33117
33750
33687
31682
35145
33374
30794
31065
33443
33625
31497
33380
33366
35364
38372
33577
33381
33445
45256
38195
33835
41683
33487
33375
32465
37799
38074
36482
38566
30996
44801
33095
33620
33345
33554
33369
33427
33109
33668
35663
37977
33417
49974
43579
34305
32588
32676
34244
33508
31536
30003
33441
33792
35483
36011
33358
30304
36849
33268
33787
44501
38676
33675
33281
33566
33291
33649
33286
33675
33111
33707
36821
46710
33367
50124
33345
33930
32793
33801
33362
33377
36028
33143
31086
33417
33836
33088
33511
33411
33560
33233
33755
45249
37953
33128
33681
33534
31943
35050
33107
30638
31577
38530
35639
33667
30742
33213
33842
33249
32925
33511
36586
30900
32657
42628
40448
34904
50166
33051
33433
31863
35035
33207
31811
33235
50008
35765
33105
31057
33467
38735
33352
47188
34094
32830
33798
45610
37919
33521
33075
34109
35350
33640
33226
31021
30793
30972
33846
33284
33754
33261
33172
33401
38484
33183
34030
43653
39468
33462
33583
33281
35956
33883
32954
33498
41287
42476
33335
31167
33144
33352
33599
36014
33197
31308
32888
36330
33991
41996
30402
36340
33760
38013
33590
33203
33642
33309
33639
32709
31802
47479
34896
34143
38663
33782
33061
31123
36728
42128
32503
33767
33585
33777
31296
35310
38197
33864
35689
33602
42751
38184
33446
33177
33837
33141
33457
33390
33563
45298
38060
33705
33281
33477
33372
33481
33309
33529
33428
33734
36296
31312
33106
32725
32830
34196
33448
32403
49642
35092
35722
33616
42967
34381
37173
33150
33712
33156
33603
33235
33650
34620
34768
33741
31574
32551
33258
33999
32746
33626
33388
33669
33402
49902
33370
33263
33561
33209
33842
49640
33591
33919
32400
34417
35998
33383
31727
31207
33256
35032
33039
32069
30350
37829
33654
31214
33383
30648
33556
33506
33296
33571
33304
33576
40810
34132
41878
33404
33644
31723
35253
50263
33135
30417
36360
33820
37834
33693
33203
33624
33247
33797
49963
33246
33658
33176
33646
44638
33259
39146
33249
34012
32840
33630
45247
38749
44727
33567
31573
35287
33274
33744
31165
40441
30936
33160
31144
33466
33819
30107
33503
35621
34287
49974
33462
31297
43229
33600
33401
30420
33412
33645
33336
33981
35813
37141
38755
50341
33137
33542
33328
33562
33267
33655
40844
33691
33099
32500
34366
33463
31250
35601
30682
33000
33792
33498
33710
31505
35263
38004
48978
34350
41079
33355
33433
33312
33687
33212
33423
32042
33744
48937
40539
33726
33066
33637
33220
33600
36086
33314
33787
33230
32908
33984
30555
33563
33471
33264
33613
45378
40889
31918
33421
33274
35224
33966
31431
32733
35885
30107
33741
33612
32225
37108
30589
31702
35513
33108
33329
30872
31318
33852
33232
33436
37096
36418
43568
31912
35129
33044
31222
35760
33561
30060
36881
50045
33265
38157
33727
30592
33222
36760
37987
47843
33781
35835
31724
41827
33184
33768
33898
37507
33274
33781
33798
35929
33074
30238
37413
32684
47414
31583
49592
47703
41743
42520
37710
45357
31970
33339
33383
40131
43121
33621
49770
48942
36632
33620
30747
33318
36414
49972
38042
36144
33511
33623
33151
39120
41615
33777
49822
45659
33267
33619
33181
33697
37875
33643
33441
33388
32871
34372
39879
43132
31458
30733
33430
33461
33619
33454
33274
33754
43610
44442
36192
33355
33776
33116
30606
33401
33441
33419
41555
37483
33313
33612
44435
31135
32123
30801
33404
33340
37006
34373
31874
33190
33649
47064
33640
33237
33741
36327
46958
33660
33516
35429
33342
34049
33771
32148
33340
43903
33293
33503
33269
33621
34192
37533
34088
33441
35439
33358
30659
33451
33215
33826
33274
30787
39188
32939
30322
33474
33854
33251
33839
32308
34353
39176
44210
33622
31941
33368
30143
33490
33510
33356
33563
33262
33588
42572
41405
35094
47935
33418
33450
33463
33680
33204
33492
33373
33726
33189
33630
34423
32979
37362
33764
49749
33414
33648
33225
33658
33285
33671
36019
33381
34180
41882
32746
34070
33519
33976
31767
42301
41119
33324
34666
33433
33764
31397
43110
33157
30612
33430
33659
33196
33622
33134
33872
33344
42134
33487
41034
33663
31101
32095
39728
33460
34036
42077
33423
33325
33562
33791
33030
32739
34125
33630
45130
38284
33837
33266
33373
33319
33737
37683
33625
33450
33536
36007
35556
34242
50111
39662
33725
37908
33389
33434
33681
33217
34131
36118
31189
35485
33262
30193
33830
36533
34165
49075
33869
33053
33657
42375
33578
37891
33668
33140
33573
33285
33480
33657
35821
34139
33038
33324
32740
34133
35612
45096
33693
33408
33755
36268
33066
31971
31861
33508
33691
33802
33359
33185
33059
33612
33513
33317
36541
33192
31607
44305
33428
33429
37897
33664
32580
46292
33444
33451
33466
33396
33638
33361
33607
33199
33566
35836
36149
32893
30934
31141
32347
34550
33462
30384
36432
33885
34637
36540
33490
33583
33201
33796
36033
33264
34275
32746
33586
30464
33342
33443
33650
33263
33963
32870
33633
33435
33367
33290
32952
45928
33342
32532
33297
34772
33636
33070
33628
31507
37138
48617
37682
33444
34516
43792
33590
41416
34186
32684
33646
33462
30307
33369
33738
33125
34343
32592
33524
33402
33408
33330
33751
36239
33140
31287
35567
33801
33089
33504
33345
33539
33357
30764
36683
31607
35089
49718
33397
30929
35980
34108
32758
33806
33377
30782
30526
36194
33141
34003
36223
32876
47606
33333
50227
36359
40069
33684
36008
33133
33581
37708
33457
33363
36779
33471
33355
36654
43644
33406
33693
33399
33189
33778
36716
33361
32330
34137
32888
32820
34996
31551
32368
32723
33627
33472
33649
32231
33191
37678
33272
33855
30692
44979
33760
33239
40998
30204
33359
33406
33343
33372
36952
42601
36217
38569
42201
33251
33614
33250
33627
44779
38672
33571
33221
33645
35970
47442
33755
40726
33619
33103
33948
32412
30896
33571
33454
30231
32240
34492
49947
33327
37107
32874
33986
33605
33205
30957
39456
46638
33624
33490
33456
36389
33164
41611
34491
32638
32306
33773
33970
33188
34805
40831
33808
42708
49963
40885
50135
40157
33575
46022
37048
40915
33226
33528
34650
48873
33995
32777
33629
50179
33509
33509
33225
33911
35974
33208
30637
33471
31075
31326
33359
34616
33844
36357
33533
33372
36188
37106
39037
32019
34757
33461
30967
40561
33371
33559
33356
33406
36940
42013
33454
34656
41808
31729
35360
40283
33618
33274
33868
33089
33989
37574
33236
33353
33868
33047
33578
33300
33663
36320
33243
30463
33021
37499
42014
38178
31311
35493
33280
36352
34020
42352
33211
32835
33816
32577
49417
35249
33563
30978
36103
33075
37912
33442
33649
33163
33846
33051
33632
33261
33481
36648
33392
30055
33255
38094
33167
41618
37860
32698
36809
33739
30629
32044
35433
32730
31811
33368
33497
30970
33054
33546
34748
34082
35790
33541
30681
36326
33213
33874
33001
30309
31580
35212
32493
31353
35291
34097
37129
33383
34148
32769
33694
33171
33658
49943
33453
33994
32796
33799
33311
33372
36645
33099
33810
30021
33397
33490
33602
33309
33599
33175
33859
33799
35638
34327
32588
30211
43524
36080
33416
33241
30493
36396
33541
34108
37103
33640
33437
33283
33834
36275
33176
30580
33396
36443
39657
41073
36553
33038
33857
32911
33718
33346
33870
33217
34157
49986
41776
33416
33767
33087
33676
33365
33452
33294
33574
33258
33457
38075
33354
33312
33915
36252
33146
30421
33580
31783
39427
48649
33832
33093
33776
30033
33351
33520
33392
33428
33612
33210
33634
33282
33566
50250
33287
33501
33326
34321
34891
34202
30500
33367
33303
33793
36710
31463
32653
32690
33561
33411
33547
35911
31625
33265
35788
31253
32941
33380
35934
30076
33247
33145
34516
33604
30980
31064
33592
33241
35266
48875
33522
40664
33092
31390
31354
33063
30443
32308
37381
33238
35500
33385
31128
35582
33412
33769
30810
31417
33481
34952
33250
36299
34080
45304
37719
30013
40293
30872
34884
33298
34355
33190
31990
34883
33678
31351
32489
36191
30642
36305
30526
33310
31333
31134
32597
34652
40481
33733
47123
33483
33190
33576
33430
33436
33216
33644
33389
33575
43047
43876
46559
33660
33456
33458
36302
33268
33572
33271
31005
35859
33468
33386
30629
33299
33710
33017
33749
33270
33644
50260
33115
33643
33614
35981
34008
36956
43244
31725
30452
33625
33224
33621
49972
38153
36505
33166
33782
33011
33716
33213
31348
35547
33479
33930
30033
33341
33720
36301
33229
34410
33816
46042
36488
33546
33495
32957
34031
42029
33477
33570
33231
33649
37863
33363
33323
34157
32767
33608
33475
33451
33013
34595
34394
30266
30581
32995
33928
49693
33654
41023
46757
33684
33233
33590
36656
35155
38940
35076
38112
45770
30553
48808
33839
49801
32966
37923
33339
33561
50008
33433
33792
33101
34881
48655
33530
33753
33094
33749
35359
38871
44490
35927
49980
33501
30578
33320
36453
33353
30212
33316
49971
49247
33602
37543
33420
33458
34007
32829
33635
33465
33415
33249
33880
50073
33077
33589
33515
36408
33583
37160
43418
33069
33585
37408
32480
33554
33533
33393
33144
30393
33455
45805
33595
39572
33456
41049
36205
33580
33268
30186
50012
33351
39931
37917
33513
33311
33704
42805
45617
42191
33148
33830
36602
33142
34386
39662
39839
33341
33586
42179
33547
31070
39221
33360
33656
33326
33694
33039
33714
33172
33595
50414
33017
33733
40647
33697
33315
30127
33474
33501
33337
33553
33272
33827
36499
34112
45597
33893
33654
31692
30565
33675
33219
33564
37670
33972
32924
33613
33406
33401
33283
33896
35294
33342
31360
34450
41141
37286
33286
50140
37575
33716
34603
33178
33279
44751
33427
33448
33424
33395
33458
33638
33194
33662
33267
33557
37490
34153
32806
33679
32435
37323
30736
33625
31870
30090
33841
32909
33843
50083
33255
50205
33231
33391
33469
32715
33476
49390
33372
34931
34689
40929
38324
33318
37891
33252
33421
37288
36304
36954
43375
33473
50135
50465
37083
41638
33212
34176
37510
35623
47784
33704
33116
33608
37433
45939
36483
33790
30236
33174
32475
30303
33327
33484
31107
50014
36159
37786
36344
41915
31108
36347
31738
50395
34836
33736
33123
33537
33750
50104
37662
33260
33807
33138
33955
36602
46317
36505
47163
33424
33424
33475
33943
32911
33658
33165
33805
33094
33872
45466
50327
50341
33112
33727
40461
33535
46896
30494
32477
42438
33340
45119
33821
36350
34708
33362
39164
35728
50236
33312
37533
33579
33916
32887
33604
33517
33386
39418
39824
33370
40471
49954
33312
34377
33124
32571
34256
33767
30217
35168
48167
33888
33785
49276
33472
33438
32974
33992
33593
32150
30343
33532
33347
33555
33360
33421
33363
33422
33388
33485
33929
32954
32123
49156
43203
45989
34430
33319
33495
32061
30644
37772
33195
31751
31354
33022
33572
35328
40806
44908
33665
50288
33128
30557
33356
39495
32424
33188
44047
33518
33372
33925
33019
33626
34469
36258
33499
31064
31375
37838
30020
32109
33306
50053
34529
37285
33348
33523
33551
33448
33406
33340
33512
30980
30354
30875
49403
33010
46024
33246
33532
36105
40096
30438
36528
33501
46647
36824
33777
40235
47228
33225
50381
33265
33416
33385
33500
33594
32488
30026
37612
32224
47195
33426
33373
33731
33203
33802
40374
33716
33221
30417
33232
44345
35480
49759
33646
37363
33610
50211
33335
33548
33219
33878
36350
42615
33387
33474
33421
37820
33601
33181
33940
35572
47422
33667
50296
33405
33289
33407
33910
50006
35935
33374
30439
33568
31700
31057
40799
46937
33568
33300
35274
34758
33465
33508
40812
35182
33570
31152
39655
33707
33208
33692
45772
33581
33259
33618
33237
33737
33170
33567
37279
34247
36189
33115
34043
32854
33763
42512
33659
36260
34909
33131
33675
31641
38475
30434
31116
33299
48076
33374
33465
35077
33313
32852
32548
33210
34389
36792
33577
30055
33246
48209
41950
30752
36222
33132
33925
42690
33145
33451
33553
32966
33321
38183
33591
45728
33495
32399
38518
33590
33285
33665
33238
33490
33284
36770
32543
34369
30690
32931
33636
33328
30027
46639
40210
43116
40560
33437
30993
31833
33224
33415
33415
33628
37688
33190
33671
41580
33322
37664
31054
31228
38250
30196
43792
47034
33772
49792
33406
33944
32896
33610
33529
33370
45885
33870
33163
40824
35984
44474
33245
33457
33410
33811
32924
33729
49992
33358
33597
32883
33907
37885
45648
30748
32080
33248
33959
37111
36820
33839
41088
33789
41520
30437
33290
36446
33447
30322
33355
33443
33527
33455
33382
33559
33325
33714
35133
48221
33551
33350
33592
49915
33462
33465
33373
34000
33009
33422
33956
49755
33414
33165
34024
36319
33297
30053
33529
45902
33860
33247
36724
33382
30263
50041
33241
33929
32913
32738
34309
33524
31325
49680
36034
40789
33304
30048
33447
33429
30934
33349
48697
33783
50247
37636
36454
33007
33925
34257
45755
33342
33682
36279
42926
33522
33576
32954
33246
38269
33478
48986
33811
37690
41198
38895
31310
31427
31624
35781
32836
31476
33322
35348
33732
30990
34263
34742
33716
30488
36158
33781
49979
33196
30290
41005
33034
33662
46073
33270
37709
33326
33642
33333
33531
36745
46484
33680
33226
33566
35724
43639
33448
33412
33431
33810
33096
33737
37653
31489
33660
47366
33762
37249
30801
33006
32555
38697
35486
35556
33377
31691
40160
50158
43060
33134
33921
46528
33636
33485
33534
37299
33416
32503
43020
33228
33925
32941
34126
50078
33487
36751
33642
33266
33534
36259
33176
31964
50097
49191
35465
35228
46409
33140
32514
36027
35244
30610
32782
33937
45702
33390
37662
33256
33983
50018
33316
36391
33814
50384
42657
40406
33283
34519
32268
33530
47008
33653
36800
42655
33359
33402
35871
33320
38855
42385
33622
33142
33680
33115
33668
39059
44330
33896
32980
33565
33355
33703
33956
33356
40954
46348
36443
33180
33828
32991
33561
34256
40805
33571
49227
39634
33361
33780
42183
36919
33384
32396
33345
34707
50058
33420
33589
31723
35295
33311
31122
33363
35978
41722
45700
33241
33776
36613
33170
32641
34661
32986
31538
32258
33317
33609
33056
33467
37427
38091
37642
33679
37343
33229
30111
32985
49944
33424
32825
38283
36704
46725
33742
33033
33681
37100
37845
33316
31741
30472
33619
33288
33432
33152
30202
33705
49788
33402
33519
33480
34031
32837
36059
34256
33178
32194
36184
41359
37476
33626
33437
33338
32827
30106
33532
33124
33620
33312
33374
33483
33429
50269
40905
33293
32650
30956
33227
33728
33212
33590
36720
39174
41443
34625
35024
33546
33415
31352
35981
32861
31213
33256
37880
40778
33825
37536
33358
36707
30248
32965
33365
33550
33795
32591
33344
30228
49905
33414
33657
33218
33585
33247
33612
35551
49058
39706
33228
47037
33539
30991
35543
34033
30431
33324
36174
33421
30408
33417
39721
33626
30275
33324
40651
39226
36725
33549
39872
30426
33568
34688
48619
43013
33282
33743
32302
34387
40776
30809
32572
33570
33493
36432
31068
33510
48726
37438
46748
36770
50220
46646
30343
32717
33298
33263
30610
33286
35144
38838
33415
33495
31620
35580
33118
33819
33113
33608
33285
34326
40564
37998
33413
33852
33045
33694
37667
45841
33363
37492
33158
33661
50141
33283
33767
32990
33733
36956
30309
38957
30981
49698
33559
46875
32255
32523
40795
33304
40936
33441
33438
33513
37243
33707
33408
43970
33935
34976
33617
37239
33625
36923
33369
33392
34195
32615
33523
32920
46678
36721
43283
50106
33473
37608
33230
34375
32466
33555
33534
33410
34795
33486
44595
40848
30214
33434
34170
31578
34668
33764
30946
31457
33255
37624
30491
36377
33346
33251
33365
33502
37035
40896
35249
50113
33469
33459
33800
37505
32855
32046
33422
33368
38148
34247
42180
33641
35197
33309
33158
39101
34192
32787
50070
42911
50139
33683
33131
33481
50364
50228
33140
37411
33546
32251
30516
33671
32729
33560
49912
38005
30735
36190
33301
33837
44314
35178
40355
30283
33414
33265
33595
33322
33510
33706
33072
46262
30755
36135
33443
37567
33418
33323
33523
33205
33742
39442
40140
33235
33864
33006
33708
38843
34924
33862
30859
32718
50394
36174
33710
37313
40724
42636
33327
43067
30765
48812
33416
33433
33124
33732
37335
33584
33317
33635
33181
33598
36604
35781
40639
33700
33118
33637
40693
33492
33623
32871
34013
32956
30186
33794
32996
33688
33298
33465
50225
33195
37000
31306
44785
33476
33380
33539
37296
33710
32039
33777
36660
33373
43818
33635
33233
33618
33258
33587
50132
33400
32689
38126
44445
49832
32865
39878
33406
33386
33472
33576
33674
36665
33168
30069
33338
46632
33259
37276
33696
32469
34457
36362
33669
32644
46229
33300
33312
31099
33447
40662
31040
32557
36437
34154
44605
32672
48869
33370
33509
33336
33649
33923
32800
33294
33414
33632
31580
35258
33302
30725
45656
44637
33184
33977
32883
31025
32305
32421
34504
33223
33349
32234
39044
36548
32997
34197
40534
35192
33398
33457
33613
30998
33342
41118
44708
33465
33407
30619
36242
33603
30293
39048
34850
33276
30863
33093
32599
37713
32842
33725
33397
33476
33086
34050
41142
35783
37938
38957
35102
35641
34074
37979
33598
44282
30127
42473
33372
33603
33210
33564
33282
33600
37294
33300
33620
46108
33733
37564
34579
33372
35162
46899
33469
33887
36888
34299
41642
33194
33860
0
