361
182
211
246
226
262
112
250
161
198
189
205
174
252
155
162
205
77
203
181
179
222
200
159
160
224
225
199
127
160
204
167
152
161
203
209
188
206
177
236
84
223
153
202
154
219
155
206
185
233
124
219
121
163
164
224
183
177
216
166
162
163
167
172
265
133
178
257
124
209
225
126
123
209
234
161
128
228
212
211
123
169
203
211
77
245
163
214
151
217
172
201
164
121
232
77
254
206
120
165
207
206
122
163
166
206
177
119
220
205
202
174
204
121
163
206
159
200
122
167
160
211
123
162
168
207
174
120
211
162
211
157
216
122
204
205
208
119
206
176
194
206
227
210
197
193
215
120
168
169
216
172
195
151
225
217
170
173
217
136
173
165
167
219
125
161
221
175
215
121
296
213
169
211
169
218
177
221
192
133
188
226
177
239
181
233
236
183
181
171
218
176
173
185
125
289
187
216
170
175
215
170
183
222
225
215
169
222
122
178
175
223
131
226
229
173
197
166
225
179
180
175
219
216
166
218
138
130
229
222
177
174
190
221
232
140
237
135
271
184
182
227
80
233
176
225
226
240
174
232
229
133
181
220
174
221
218
129
239
244
194
198
253
246
191
240
133
197
236
184
174
239
208
281
44
296
185
185
265
262
179
191
254
225
130
289
142
243
150
184
184
248
145
191
243
155
196
236
275
235
81
229
266
212
137
217
182
230
139
231
220
149
238
175
164
229
207
245
81
181
214
176
172
220
123
215
182
236
179
93
287
223
124
188
190
314
107
246
179
243
145
233
230
225
230
234
271
36
249
200
139
147
241
232
171
183
176
269
179
148
178
228
180
241
185
204
200
257
233
185
145
249
229
132
250
248
199
236
280
143
159
219
245
105
244
237
179
205
233
231
179
189
230
174
179
241
186
184
197
202
196
248
188
180
198
181
241
197
172
183
224
227
85
241
187
212
216
191
187
229
227
219
193
131
203
198
256
222
137
197
243
246
185
196
240
248
211
148
259
273
200
151
312
143
203
247
129
219
194
181
146
232
244
239
146
198
206
249
181
197
229
143
201
248
249
251
192
134
237
286
144
212
193
237
142
191
186
229
138
228
229
186
181
223
204
242
212
214
143
264
161
254
207
199
258
249
155
253
253
203
201
193
257
110
188
288
179
158
271
242
190
196
245
197
189
286
241
232
133
203
217
225
152
280
225
214
262
303
157
153
266
187
216
251
276
213
162
269
263
212
152
261
201
259
166
251
255
261
205
206
252
149
204
214
137
282
252
257
104
320
204
210
112
258
247
225
242
136
290
200
267
269
105
220
270
201
253
248
203
241
141
223
233
184
155
251
196
199
241
185
214
251
135
200
244
197
191
282
87
239
272
201
239
242
189
192
233
179
243
245
141
229
192
234
183
270
133
202
246
203
260
177
186
221
229
93
272
234
134
209
236
242
181
250
239
251
152
200
240
234
247
93
228
221
177
242
135
262
145
206
186
244
154
260
260
259
216
140
278
150
255
249
149
201
305
259
138
203
196
255
181
189
206
217
190
209
267
156
249
258
160
189
203
257
256
203
241
249
210
146
217
251
185
206
245
185
242
254
156
261
161
261
271
94
272
222
202
146
333
201
212
208
247
240
120
261
251
190
196
252
207
105
268
277
161
245
207
287
262
138
245
245
200
84
250
260
138
264
264
144
248
241
210
204
199
272
157
246
259
150
200
254
248
141
168
183
231
197
205
262
238
188
125
181
218
250
245
187
291
107
196
312
94
289
195
189
188
240
245
242
149
210
289
147
149
274
237
270
141
267
251
239
129
305
202
260
219
271
203
223
269
210
224
276
202
292
213
221
269
207
211
201
209
238
173
191
253
183
242
238
147
298
144
192
241
186
200
193
257
203
194
205
195
144
238
290
187
274
155
233
181
202
235
177
190
182
221
225
166
224
182
179
153
264
222
238
134
163
276
175
248
150
175
229
221
189
83
273
198
265
146
183
229
243
124
244
243
39
246
236
273
180
195
186
144
294
230
208
127
239
180
236
182
149
237
171
242
135
242
229
171
226
260
126
240
236
184
138
233
189
123
225
272
173
181
235
190
181
229
128
183
177
213
166
221
128
216
209
80
221
214
168
172
262
229
144
223
168
210
134
169
220
174
180
168
244
127
232
233
168
231
180
229
127
220
131
220
216
210
122
217
224
85
224
169
230
227
123
232
187
189
220
238
79
192
232
285
243
119
247
192
189
190
201
188
172
240
144
187
232
231
169
172
230
234
247
190
196
177
178
179
186
207
271
173
191
219
142
182
223
225
231
81
239
254
178
232
224
119
140
236
177
122
221
134
177
212
171
215
213
165
127
212
193
168
212
132
174
218
169
187
128
176
184
173
264
202
222
161
195
170
99
240
241
149
237
195
220
208
161
223
176
208
163
207
122
208
121
219
178
161
204
206
166
164
209
171
168
207
165
212
120
203
122
163
208
203
167
164
169
208
165
165
205
164
126
217
167
218
166
224
134
208
226
185
135
183
224
220
84
261
165
178
163
211
211
121
126
210
232
126
192
203
278
224
166
183
182
234
134
191
185
231
170
195
240
244
125
227
86
201
217
248
181
192
138
270
160
178
174
213
220
171
85
173
206
210
206
226
82
211
212
162
171
171
251
137
147
211
136
225
111
213
165
193
197
204
197
155
182
178
157
166
201
169
213
155
203
207
146
228
122
135
214
177
252
131
214
217
163
83
180
237
113
216
203
263
84
232
222
222
184
189
175
170
206
168
157
198
211
213
163
165
165
165
158
161
243
196
158
197
154
207
158
203
118
164
202
245
157
160
217
132
164
224
160
132
163
188
165
218
132
190
216
203
121
205
197
172
163
199
198
199
158
226
165
169
158
197
163
158
166
160
165
123
209
161
158
170
158
210
208
202
184
172
213
204
180
182
214
135
222
157
173
199
165
209
162
207
114
207
178
183
174
205
262
170
164
165
83
205
161
182
202
205
162
161
198
161
165
176
189
190
221
230
177
159
219
217
119
180
216
225
80
231
204
197
155
126
250
200
159
162
139
246
157
160
205
160
168
196
223
115
217
214
171
122
169
207
238
196
205
167
126
221
166
174
123
191
190
171
216
241
216
223
173
246
184
176
191
239
179
205
235
191
178
198
251
143
201
237
186
219
172
229
293
142
213
243
80
201
240
181
216
221
216
232
136
233
193
243
196
128
257
191
235
140
203
254
189
147
150
246
229
229
243
190
159
240
225
177
250
126
199
255
290
180
188
186
125
229
170
125
183
219
201
181
235
134
203
218
253
148
236
267
184
228
182
229
96
240
234
187
198
217
252
40
273
177
184
234
198
136
296
141
193
227
192
204
180
241
201
192
186
282
182
229
157
246
197
187
190
213
239
199
190
182
244
239
188
199
205
209
144
196
305
200
149
327
195
99
251
200
249
217
241
188
238
282
44
198
247
188
108
249
267
158
263
200
203
148
295
247
196
188
242
201
100
248
234
282
145
199
232
146
235
153
192
239
243
198
184
145
243
257
205
193
183
230
183
240
189
193
204
245
207
265
163
155
245
203
280
145
250
218
271
254
191
205
252
254
150
207
259
193
209
248
239
140
274
197
259
202
210
253
262
190
244
240
99
240
237
187
245
218
237
197
238
145
263
247
156
197
239
237
178
230
184
187
196
191
270
193
253
249
248
141
251
257
141
187
243
203
137
299
257
158
287
135
247
136
189
227
235
275
181
200
191
182
237
186
191
241
180
160
242
194
232
199
209
257
206
211
209
196
254
204
154
202
320
253
89
251
190
180
240
232
178
178
245
202
193
184
256
261
204
142
225
279
251
196
161
240
187
181
256
193
264
212
244
144
251
243
198
200
212
252
248
194
203
198
211
256
268
284
250
40
265
259
231
270
201
258
152
260
252
184
236
151
201
223
274
217
235
278
210
266
149
222
251
189
196
291
201
240
205
267
202
110
282
244
195
160
268
251
263
188
205
198
147
201
258
203
204
260
285
216
198
187
204
202
238
188
196
291
200
262
257
216
113
275
280
267
235
222
165
269
325
254
204
167
228
241
291
283
154
160
248
203
138
261
270
163
211
192
240
246
193
193
236
188
117
198
251
239
194
229
187
238
247
94
265
186
233
229
226
145
187
252
195
159
264
267
144
280
212
273
204
209
260
193
269
142
208
253
138
300
145
188
244
218
197
210
260
192
249
92
242
255
185
189
212
253
211
244
145
180
238
202
193
292
180
232
153
260
158
294
217
211
258
272
199
204
299
221
198
257
165
259
266
151
174
317
161
279
200
219
223
252
251
95
255
235
140
298
113
242
181
260
172
263
191
210
259
251
251
189
242
140
262
258
201
193
111
294
241
236
139
260
150
214
193
261
201
258
184
195
110
260
195
248
225
234
195
225
184
198
236
190
233
218
231
174
139
231
185
236
187
240
128
240
231
197
135
254
201
234
198
165
143
229
177
177
229
262
169
175
182
128
243
232
122
216
123
210
169
166
210
207
81
277
223
144
184
226
225
130
140
229
90
311
85
252
224
172
169
168
192
206
211
166
125
214
206
175
81
174
219
222
130
257
175
176
217
168
125
211
213
176
180
184
208
173
123
214
217
216
91
224
227
144
183
230
236
156
184
205
133
248
176
235
141
263
173
190
229
125
234
219
171
242
91
223
271
174
229
179
128
227
139
223
142
177
237
180
217
87
176
209
225
146
204
224
165
226
167
209
201
171
117
213
162
189
125
211
252
199
169
75
176
173
168
175
167
119
260
207
72
182
205
215
154
211
221
159
161
215
170
165
185
166
158
200
151
235
166
169
157
205
170
158
122
169
163
207
204
159
195
118
198
128
218
156
207
209
164
120
245
200
75
202
229
158
156
200
164
202
155
118
167
200
120
161
155
224
155
244
117
201
176
218
153
176
164
197
119
205
251
51
182
248
121
209
168
250
122
209
218
201
164
156
170
176
193
136
239
144
222
183
246
233
81
223
209
167
163
170
165
204
172
153
187
240
163
165
165
210
163
164
162
209
177
222
122
208
213
161
221
115
210
164
165
166
210
211
134
212
127
165
207
211
176
127
142
252
162
244
170
84
233
233
120
215
227
206
164
166
218
172
182
170
189
226
140
229
172
138
177
277
168
172
171
217
171
163
136
282
232
186
173
234
185
126
244
280
186
194
187
240
136
220
241
175
169
226
203
220
260
131
183
232
246
179
179
139
232
233
167
252
254
243
137
252
186
241
198
234
242
180
145
179
236
233
177
237
186
193
101
265
257
164
126
220
228
181
179
134
181
228
216
279
213
132
180
227
187
242
141
230
201
194
156
190
236
175
203
200
189
247
245
149
267
254
146
287
145
254
217
189
148
198
246
232
195
287
125
187
226
180
176
274
141
132
231
226
192
174
188
246
104
196
302
244
238
197
227
242
91
252
219
233
83
230
216
215
174
214
232
188
156
202
206
189
246
236
172
185
273
187
137
254
145
149
233
231
269
216
133
188
241
132
234
136
139
255
252
244
130
267
244
148
153
254
210
247
181
153
244
177
245
267
188
138
198
193
295
91
256
271
202
192
248
191
198
193
236
149
190
244
254
197
255
237
103
268
204
249
246
136
249
235
228
133
189
264
204
205
195
150
250
200
200
204
204
190
253
263
212
196
244
192
243
208
253
187
154
252
204
146
220
263
242
201
258
282
88
161
259
243
212
154
275
265
190
191
194
193
259
217
208
195
243
237
149
216
277
225
158
213
209
211
196
196
298
143
245
195
198
256
89
261
310
134
191
193
256
202
270
225
230
133
252
249
146
343
93
248
249
133
201
240
98
267
209
202
245
266
266
142
195
259
147
245
247
148
260
182
198
194
180
200
151
241
253
222
251
195
193
254
271
99
213
253
151
266
196
187
294
202
140
192
197
196
237
237
223
170
210
257
212
202
202
191
237
243
192
161
211
329
246
153
217
217
264
206
201
244
187
198
192
251
201
172
151
240
236
236
263
44
257
247
258
200
196
252
149
251
150
264
269
257
186
254
201
184
200
167
208
261
249
212
193
210
211
160
254
257
201
248
214
154
210
209
304
205
199
144
213
269
200
163
274
300
148
264
211
200
174
215
218
201
268
208
266
269
164
220
264
95
218
220
202
267
218
268
198
253
217
141
215
245
279
160
227
244
150
326
156
212
252
182
256
197
210
312
192
145
332
243
234
200
141
214
243
192
295
261
149
208
247
210
100
258
241
138
275
138
189
246
231
143
265
192
192
246
186
253
152
151
300
251
87
238
247
254
201
140
307
184
251
188
243
191
145
249
144
208
262
247
140
243
228
179
186
187
135
244
234
194
247
258
192
168
260
156
241
191
160
203
254
298
101
201
191
240
233
192
191
203
239
132
246
219
242
245
250
233
91
213
261
145
198
250
304
195
184
182
231
85
230
180
221
225
173
271
149
250
246
143
241
235
242
184
159
249
236
198
188
242
184
202
182
185
233
223
243
187
176
189
234
212
182
243
237
196
140
239
195
184
149
245
241
173
171
173
228
135
240
135
148
244
225
180
134
230
275
180
129
220
181
134
187
235
236
251
179
176
234
137
188
186
247
203
180
177
187
252
216
134
241
226
126
192
233
194
189
186
284
232
131
148
222
222
137
200
179
250
227
179
96
229
189
92
223
215
177
222
174
180
193
193
181
139
170
229
230
138
220
212
267
136
173
192
185
187
191
258
127
253
146
184
244
190
182
217
174
212
213
128
171
247
224
92
176
223
175
179
177
214
236
210
210
203
123
223
217
129
217
171
173
220
167
131
221
195
245
179
243
204
184
226
140
219
170
205
232
130
169
229
188
172
228
225
183
237
203
238
211
152
185
211
146
191
236
183
183
248
228
82
244
246
136
185
193
279
146
151
269
129
239
225
251
192
138
293
195
190
252
267
229
145
264
248
257
197
268
222
143
168
271
215
196
255
150
192
201
260
240
263
138
208
266
147
150
261
251
126
296
196
151
253
238
94
241
226
231
139
226
212
222
177
126
219
215
214
137
231
209
218
179
172
191
240
168
222
136
178
251
219
132
226
176
146
245
136
244
203
190
219
207
306
140
241
197
167
197
229
177
171
169
264
180
181
184
185
198
243
245
142
189
231
192
201
288
239
187
140
221
224
223
42
276
177
172
183
228
223
78
221
241
169
179
215
221
223
225
217
171
147
230
237
232
88
238
276
194
98
255
230
143
234
202
197
196
138
258
304
185
103
249
249
178
146
270
239
245
281
84
238
228
89
240
232
132
179
227
231
190
134
236
179
136
187
223
223
176
141
227
260
118
179
180
224
175
247
259
79
233
215
156
143
219
229
221
234
77
226
222
155
142
224
217
112
177
213
163
183
208
171
207
157
217
233
167
184
216
203
169
157
174
207
204
75
208
215
206
121
164
179
140
168
162
225
135
225
221
158
132
218
180
135
167
238
196
154
170
236
171
214
179
196
165
170
221
207
175
138
172
179
182
167
224
178
