403
247
275
201
174
265
288
200
223
255
158
241
220
202
205
160
220
263
157
265
159
160
224
225
199
212
282
167
236
159
201
256
147
262
274
84
301
158
158
235
218
245
185
271
172
133
249
202
224
226
134
216
209
205
247
172
307
186
214
213
123
312
165
163
209
233
210
271
212
211
166
166
163
211
206
243
253
237
131
215
158
206
314
77
294
206
208
165
208
202
163
166
246
219
221
199
204
217
204
164
162
246
198
122
249
204
167
209
204
167
215
162
253
206
245
122
216
244
205
208
205
160
245
247
274
210
197
193
255
208
128
252
220
264
144
217
257
212
257
136
212
208
134
250
209
221
175
215
243
174
213
331
221
218
177
221
235
281
183
220
239
277
137
236
267
271
218
176
265
221
94
272
228
268
175
215
222
223
225
209
266
264
122
314
135
218
220
229
222
197
211
280
208
229
219
216
166
218
230
168
185
273
217
232
179
232
240
230
234
266
182
270
233
216
225
180
286
174
232
229
262
275
174
221
218
175
193
335
251
306
246
191
279
245
184
189
230
279
251
289
196
242
228
265
262
267
160
239
271
279
197
243
239
193
190
191
243
292
155
290
273
242
221
229
226
252
137
217
276
278
180
271
149
280
215
217
304
94
232
181
214
219
182
251
175
224
276
232
279
178
175
233
190
314
107
285
236
295
233
230
225
273
233
229
247
151
233
147
284
232
217
230
228
177
234
225
311
185
251
247
200
257
233
238
234
242
229
250
248
287
192
236
261
263
245
105
293
231
245
232
186
237
276
282
262
181
243
229
197
202
196
248
277
199
274
241
197
215
228
179
227
199
274
212
258
237
283
178
144
322
174
203
335
205
230
243
243
246
241
238
193
248
311
259
273
200
255
253
251
141
288
219
240
177
296
191
238
199
242
206
335
198
233
236
201
248
249
251
238
236
230
240
264
237
193
290
177
192
230
228
271
233
230
193
255
255
257
197
210
258
157
355
264
297
204
204
253
261
290
306
110
234
242
292
209
250
292
196
295
244
286
289
89
232
294
217
337
162
273
327
162
403
157
257
258
259
250
280
261
162
269
322
251
257
262
259
268
203
361
210
252
260
194
204
311
166
242
330
200
320
204
272
257
207
267
240
190
290
249
218
269
328
270
201
305
196
259
285
225
275
184
265
183
253
245
194
251
304
189
249
234
245
149
273
239
322
244
237
245
240
238
224
243
245
230
335
188
229
270
179
355
189
261
194
192
261
271
174
240
235
209
281
242
288
236
146
293
313
240
234
247
237
130
313
174
245
262
202
295
138
303
260
207
312
216
197
316
313
204
194
201
305
259
246
201
307
222
189
256
214
262
240
276
249
258
258
193
245
320
195
257
293
266
156
291
251
254
245
185
292
204
315
208
319
271
94
272
269
259
305
216
270
208
343
221
261
246
139
245
305
207
268
164
326
253
255
287
301
250
206
173
247
250
260
189
254
311
261
247
192
262
322
255
300
105
246
209
303
248
195
300
187
194
252
262
278
190
224
199
257
243
244
291
208
254
250
249
235
189
188
292
245
300
186
312
190
273
150
381
217
263
252
295
275
200
309
215
278
315
223
269
318
334
263
250
255
221
269
321
206
260
228
184
234
253
243
237
240
243
242
242
328
142
305
260
134
308
205
251
281
190
231
245
246
275
243
283
182
189
273
221
225
166
280
170
225
286
168
336
218
120
413
154
244
175
229
221
233
272
181
239
168
247
229
285
232
94
285
246
236
273
180
239
247
294
231
249
231
187
273
184
185
293
171
242
220
290
179
233
303
167
240
278
238
189
170
231
225
272
277
165
234
233
241
170
223
137
297
176
218
208
257
80
263
254
216
219
231
230
223
168
210
222
263
172
223
230
223
321
81
233
274
224
271
181
214
217
174
256
165
259
223
184
213
229
170
224
276
231
240
140
222
231
232
285
283
286
178
246
190
201
229
131
240
292
230
275
169
322
171
143
401
190
177
223
277
236
235
186
179
276
182
182
263
267
188
284
254
178
232
224
219
176
233
169
221
179
177
167
306
164
297
127
254
236
169
212
223
218
169
187
217
172
186
269
286
222
161
238
229
240
197
142
288
239
176
208
262
221
247
204
247
165
204
221
176
206
204
206
166
247
166
260
249
165
212
163
242
206
165
246
167
164
211
166
250
164
246
168
259
245
179
184
204
226
266
185
194
248
142
223
263
205
265
121
206
211
210
210
232
172
192
199
320
181
272
221
234
242
128
227
317
195
240
244
182
214
246
217
208
221
192
181
267
219
216
253
220
171
216
211
211
162
224
167
211
252
167
253
259
130
193
211
219
256
173
205
155
235
204
239
175
201
219
204
201
211
208
249
189
201
221
167
262
173
222
218
213
156
262
83
260
273
216
203
167
180
269
274
172
231
193
258
206
212
236
206
257
116
251
165
245
199
162
201
196
278
154
207
201
238
207
202
164
238
160
217
218
209
174
214
163
188
208
213
287
173
203
164
243
238
176
205
237
194
201
226
165
251
199
197
201
166
203
165
205
162
244
170
158
210
250
202
277
215
242
180
182
305
130
218
213
160
242
209
199
248
204
167
236
174
294
216
169
165
165
248
161
268
156
165
288
156
198
208
176
299
221
235
196
218
219
217
214
165
216
228
231
204
236
162
207
201
244
202
139
246
242
160
202
211
176
281
153
302
91
257
208
207
238
196
243
171
226
206
123
216
235
228
266
134
325
263
173
246
226
237
220
240
210
279
191
261
218
247
248
186
237
269
225
229
190
317
217
147
243
237
276
224
258
217
191
280
243
188
285
163
242
278
198
191
248
196
253
246
229
275
240
263
192
231
217
298
241
170
260
246
282
228
125
229
216
179
259
158
231
274
193
189
218
250
295
277
224
228
182
271
200
277
137
302
217
252
229
175
235
235
243
233
199
239
238
187
256
220
241
201
278
195
270
292
196
246
197
291
196
301
183
250
230
196
292
243
299
209
144
246
255
309
197
170
297
251
253
196
263
285
245
333
85
198
247
244
261
209
259
263
256
194
356
246
135
293
242
201
247
189
238
238
241
290
146
235
247
289
193
299
184
194
194
257
251
333
185
228
240
189
349
248
255
157
271
205
293
238
197
262
304
271
254
191
259
198
407
207
259
193
209
290
240
304
267
259
258
203
255
347
207
334
99
282
238
349
134
267
248
284
199
209
247
266
329
237
178
230
184
290
242
237
271
253
249
248
300
191
249
240
243
248
290
197
210
258
276
247
193
275
171
235
278
236
249
182
285
232
199
279
150
295
237
244
197
268
354
157
263
238
310
203
205
324
202
193
306
230
178
235
272
231
245
202
193
349
134
326
196
270
328
261
192
243
293
181
256
256
246
257
242
247
306
198
260
152
296
249
292
261
211
256
268
284
250
325
259
231
312
265
250
317
145
246
281
209
299
230
269
297
232
256
266
203
265
290
252
247
245
240
205
267
259
338
244
195
334
186
210
257
306
189
201
254
311
186
329
273
164
311
252
248
186
242
290
195
296
262
257
277
274
336
267
235
275
172
364
225
258
315
228
308
224
283
317
143
308
138
321
266
204
309
240
197
242
193
236
248
258
251
239
194
273
186
236
261
207
286
233
229
226
289
143
200
259
314
309
268
173
310
267
218
307
193
370
188
209
246
208
237
240
242
262
225
309
177
306
92
242
299
289
209
138
373
286
189
248
229
253
139
333
232
208
311
266
244
267
258
323
196
354
213
265
246
221
259
266
276
201
228
222
358
219
276
254
249
256
237
182
298
158
290
198
325
263
191
322
246
244
260
186
232
317
258
259
249
241
139
245
285
260
210
246
204
362
101
341
195
217
303
202
276
277
195
225
184
284
207
275
312
231
174
285
231
232
190
224
187
240
282
240
256
243
234
198
165
228
227
223
235
215
261
175
182
315
102
271
217
162
210
256
206
123
211
274
266
234
183
137
225
234
228
130
311
169
208
265
174
257
192
206
211
211
212
251
171
125
174
259
227
263
172
261
217
168
249
170
220
226
185
250
218
163
170
218
216
276
227
245
172
140
291
246
186
194
290
224
186
244
255
230
229
125
273
220
213
254
223
271
174
270
183
186
169
277
185
273
187
224
174
219
209
225
197
236
179
222
251
214
246
171
199
169
203
238
211
252
199
169
213
157
225
175
167
212
204
208
219
205
215
154
265
204
165
206
168
249
233
166
196
237
235
192
174
205
246
167
163
164
213
206
242
199
155
202
245
159
215
207
247
168
196
211
194
202
229
196
201
117
243
201
161
204
200
163
276
176
161
166
237
240
137
257
242
174
196
161
243
213
220
122
164
242
218
287
166
260
162
254
157
207
218
151
191
234
279
223
246
274
90
258
251
163
213
165
204
215
243
214
206
122
248
210
205
248
161
219
224
165
208
213
244
216
207
207
165
249
127
265
171
164
252
207
211
226
170
218
208
206
248
84
318
231
211
227
207
207
166
218
217
227
272
180
186
229
227
263
144
219
208
217
217
233
240
196
174
285
218
234
268
290
173
248
140
286
240
239
209
234
262
226
203
303
220
186
281
243
221
179
139
277
255
251
199
359
180
309
276
187
291
189
234
195
179
289
273
179
182
289
154
347
218
210
218
181
270
179
178
279
217
168
284
216
224
227
277
195
237
200
289
156
190
236
236
188
303
290
245
207
262
248
242
240
260
263
189
301
194
245
228
197
269
187
274
227
176
227
228
231
226
237
232
138
193
303
302
339
188
241
183
245
298
219
276
184
217
172
174
259
318
188
205
252
245
300
182
226
231
227
233
195
242
205
233
274
226
216
234
227
236
234
181
215
134
295
285
316
244
148
315
92
352
243
146
297
177
245
267
244
283
193
295
193
154
271
304
298
188
244
244
229
197
247
310
239
255
237
273
242
249
200
197
297
235
228
239
265
289
91
309
252
148
307
243
202
249
253
263
212
242
284
301
259
253
187
207
247
261
264
206
299
255
249
237
252
209
293
212
248
231
264
289
191
242
259
217
260
199
238
229
325
277
225
268
211
260
251
148
346
249
191
243
190
256
261
310
189
241
181
368
221
212
292
177
267
190
246
296
291
249
133
247
249
212
310
96
351
266
266
289
155
302
181
311
204
254
195
183
198
331
151
295
199
280
193
297
300
319
99
213
306
249
259
190
346
202
238
242
198
287
237
223
230
205
299
206
214
240
290
296
197
255
288
152
298
269
217
380
234
200
238
251
192
251
246
281
240
236
236
263
157
246
156
258
302
304
194
251
309
263
211
251
301
249
184
315
205
216
292
155
310
269
215
245
206
361
190
272
205
258
253
208
257
197
263
269
313
267
153
313
207
310
200
339
151
321
211
213
318
269
222
218
208
274
262
202
313
272
264
210
257
249
215
245
334
214
264
251
235
247
212
391
145
309
255
270
234
248
229
285
192
291
267
243
352
186
264
264
228
202
169
258
292
207
245
195
245
277
143
356
190
256
282
198
207
207
286
209
287
288
203
252
190
305
240
246
285
142
244
249
292
220
155
295
232
281
179
277
142
291
233
240
247
258
192
271
205
300
195
208
308
196
251
248
248
240
233
192
291
148
284
249
206
297
245
292
233
265
156
250
198
297
257
245
227
221
187
230
277
167
267
252
196
260
299
192
333
145
283
204
248
287
241
145
291
240
282
185
233
276
190
278
227
187
309
182
243
237
246
238
183
196
243
245
241
216
304
139
224
240
135
253
279
170
232
230
275
266
131
178
229
230
235
236
251
179
222
188
235
229
297
203
231
233
239
265
181
241
226
180
234
176
297
236
284
232
187
275
166
184
200
230
250
227
233
229
191
135
223
215
220
179
314
190
239
181
225
171
240
220
273
212
267
179
173
244
229
242
258
127
253
245
238
232
187
222
216
212
213
219
228
192
177
225
223
228
266
254
236
210
210
203
263
164
268
169
219
173
220
215
222
225
191
288
243
204
280
130
230
235
272
232
130
209
228
272
280
225
183
237
243
249
258
242
211
146
302
168
183
235
196
270
244
246
281
132
199
241
240
269
180
374
93
290
240
247
241
301
181
319
242
307
248
257
256
209
280
256
210
276
196
255
252
254
251
239
209
242
208
312
254
261
198
179
296
196
240
259
197
284
226
231
235
218
164
272
216
219
215
214
283
171
212
220
263
191
240
251
223
185
240
278
132
272
130
291
194
235
212
235
323
260
231
257
125
242
239
229
266
214
169
220
227
233
185
288
249
189
294
231
192
351
138
239
245
306
224
223
139
220
217
276
228
126
175
221
329
223
255
221
223
225
217
267
233
186
280
142
238
320
150
305
150
274
178
258
246
192
257
243
204
242
249
249
287
270
279
245
136
229
238
269
196
172
287
179
227
272
149
235
135
318
187
223
275
124
271
175
222
220
220
264
189
193
301
235
215
194
193
210
312
175
236
182
266
258
125
176
216
255
170
206
223
168
253
248
216
233
205
227
214
202
250
169
169
286
118
257
160
209
209
177
181
207
215
271
225
121
215
175
218
230
255
200
153
156
249
236
260
125
331
169
167
267
207
270
175
179
174
177
265
240
