0	16645
100	204
200	234
300	196
400	197
500	201
600	182
700	207
800	197
900	211
1000	194
1100	230
1200	208
1300	197
1400	209
1500	176
1600	190
1700	183
1800	207
1900	220
2000	196
2100	201
2200	189
2300	211
2400	175
2500	171
2600	205
2700	167
2800	165
2900	213
3000	175
3100	185
3200	209
3300	166
3400	208
3500	203
3600	182
3700	175
3800	209
3900	178
4000	195
4100	180
4200	182
4300	217
4400	188
4500	179
4600	190
4700	226
4800	225
4900	178
5000	183
5100	204
5200	183
5300	185
5400	196
5500	195
5600	176
5700	208
5800	176
5900	188
6000	188
6100	202
6200	203
6300	183
6400	185
6500	202
6600	194
6700	191
6800	175
6900	184
7000	183
7100	178
7200	173
7300	191
7400	203
7500	191
7600	199
7700	178
7800	188
7900	157
8000	186
8100	215
8200	201
8300	175
8400	183
8500	180
8600	184
8700	198
8800	176
8900	165
9000	175
9100	201
9200	169
9300	204
9400	214
9500	195
9600	176
9700	184
9800	191
9900	185
10000	186
10100	192
10200	191
10300	162
10400	181
10500	179
10600	205
10700	174
10800	194
10900	186
11000	180
11100	199
11200	175
11300	175
11400	178
11500	184
11600	178
11700	191
11800	197
11900	195
12000	202
12100	160
12200	169
12300	199
12400	184
12500	173
12600	198
12700	171
12800	199
12900	174
13000	177
13100	178
13200	153
13300	162
13400	172
13500	194
13600	180
13700	149
13800	177
13900	169
14000	193
14100	157
14200	179
14300	199
14400	153
14500	169
14600	189
14700	174
14800	185
14900	184
15000	163
15100	161
15200	156
15300	188
15400	169
15500	184
15600	160
15700	169
15800	169
15900	142
16000	186
16100	164
16200	150
16300	174
16400	173
16500	162
16600	157
16700	177
16800	182
16900	160
17000	152
17100	181
17200	172
17300	163
17400	145
17500	171
17600	179
17700	150
17800	166
17900	181
18000	160
18100	142
18200	168
18300	155
18400	162
18500	156
18600	173
18700	167
18800	150
18900	172
19000	157
19100	154
19200	157
19300	147
19400	159
19500	185
19600	151
19700	169
19800	177
19900	152
20000	159
20100	160
20200	165
20300	155
20400	188
20500	157
20600	177
20700	164
20800	158
20900	159
21000	145
21100	154
21200	150
21300	145
21400	169
21500	155
21600	200
21700	160
21800	157
21900	155
22000	168
22100	180
22200	162
22300	140
22400	169
22500	150
22600	154
22700	163
22800	160
22900	150
23000	140
23100	131
23200	127
23300	154
23400	157
23500	150
23600	128
23700	148
23800	137
23900	168
24000	137
24100	144
24200	160
24300	140
24400	149
24500	141
24600	149
24700	152
24800	141
24900	159
25000	150
25100	147
25200	133
25300	148
25400	149
25500	153
25600	142
25700	140
25800	125
25900	138
26000	147
26100	142
26200	136
26300	137
26400	119
26500	145
26600	124
26700	145
26800	138
26900	130
27000	114
27100	130
27200	151
27300	137
27400	123
27500	134
27600	141
27700	126
27800	174
27900	124
28000	136
28100	151
28200	135
28300	133
28400	142
28500	150
28600	136
28700	121
28800	137
28900	118
29000	142
29100	122
29200	128
29300	130
29400	137
29500	130
29600	118
29700	155
29800	139
29900	138
30000	142
30100	140
30200	129
30300	121
30400	132
30500	110
30600	125
30700	109
30800	152
30900	115
31000	143
31100	121
31200	127
31300	136
31400	123
31500	134
31600	141
31700	122
31800	129
31900	122
32000	131
32100	119
32200	123
32300	126
32400	109
32500	128
32600	126
32700	108
32800	120
32900	113
33000	147
33100	137
33200	110
33300	118
33400	129
33500	114
33600	139
33700	104
33800	125
33900	121
34000	109
34100	114
34200	136
34300	137
34400	128
34500	121
34600	136
34700	123
34800	122
34900	119
35000	123
35100	107
35200	114
35300	106
35400	125
35500	108
35600	107
35700	109
35800	99
35900	109
36000	127
36100	115
36200	107
36300	95
36400	120
36500	126
36600	118
36700	121
36800	126
36900	123
37000	106
37100	124
37200	113
37300	104
37400	92
37500	113
37600	115
37700	115
37800	118
37900	102
38000	123
38100	102
38200	111
38300	119
38400	98
38500	104
38600	118
38700	103
38800	103
38900	97
39000	106
39100	104
39200	103
39300	97
39400	102
39500	94
39600	110
39700	113
39800	96
39900	97
40000	98
40100	114
40200	113
40300	102
40400	102
40500	113
40600	98
40700	103
40800	103
40900	96
41000	96
41100	121
41200	114
41300	98
41400	94
41500	95
41600	92
41700	101
41800	91
41900	80
42000	94
42100	109
42200	112
42300	85
42400	105
42500	105
42600	99
42700	103
42800	97
42900	92
43000	87
43100	86
43200	100
43300	74
43400	93
43500	97
43600	104
43700	113
43800	87
43900	97
44000	93
44100	100
44200	88
44300	84
44400	101
44500	87
44600	95
44700	75
44800	102
44900	97
45000	102
45100	91
45200	82
45300	79
45400	83
45500	84
45600	86
45700	81
45800	107
45900	79
46000	82
46100	98
46200	83
46300	83
46400	75
46500	92
46600	87
46700	68
46800	76
46900	79
47000	93
47100	83
47200	67
47300	91
47400	82
47500	82
47600	92
47700	99
47800	81
47900	87
48000	88
48100	80
48200	88
48300	81
48400	87
48500	68
48600	76
48700	89
48800	76
48900	73
49000	84
49100	70
49200	77
49300	81
49400	79
49500	71
49600	94
49700	70
49800	81
49900	65
50000	54
50100	81
50200	87
50300	71
50400	74
50500	74
50600	84
50700	80
50800	81
50900	72
51000	72
51100	93
51200	69
51300	95
51400	70
51500	78
51600	54
51700	76
51800	73
51900	68
52000	72
52100	81
52200	82
52300	78
52400	81
52500	70
52600	78
52700	74
52800	70
52900	66
53000	71
53100	73
53200	61
53300	70
53400	81
53500	82
53600	82
53700	66
53800	75
53900	55
54000	63
54100	79
54200	64
54300	69
54400	72
54500	55
54600	78
54700	66
54800	75
54900	60
55000	74
55100	76
55200	59
55300	72
55400	74
55500	60
55600	78
55700	71
55800	59
55900	70
56000	72
56100	73
56200	60
56300	62
56400	72
56500	65
56600	59
56700	78
56800	72
56900	62
57000	57
57100	66
57200	58
57300	68
57400	74
57500	78
57600	68
57700	53
57800	62
57900	64
58000	60
58100	67
58200	53
58300	66
58400	76
58500	46
58600	49
58700	59
58800	57
58900	53
59000	60
59100	63
59200	49
59300	54
59400	58
59500	67
59600	60
59700	57
59800	47
59900	58
60000	54
60100	57
60200	48
60300	63
60400	53
60500	56
60600	59
60700	58
60800	55
60900	57
61000	70
61100	38
61200	51
61300	60
61400	54
61500	55
61600	51
61700	44
61800	63
61900	44
62000	51
62100	55
62200	48
62300	55
62400	58
62500	52
62600	54
62700	72
62800	53
62900	50
63000	48
63100	58
63200	51
63300	38
63400	51
63500	44
63600	54
63700	64
63800	42
63900	51
64000	49
64100	41
64200	51
64300	49
64400	53
64500	44
64600	50
64700	57
64800	52
64900	47
65000	47
65100	58
65200	45
65300	49
65400	52
65500	57
65600	46
65700	38
65800	45
65900	51
66000	60
66100	44
66200	47
66300	43
66400	50
66500	46
66600	42
66700	45
66800	52
66900	48
67000	42
67100	47
67200	48
67300	47
67400	42
67500	45
67600	47
67700	42
67800	43
67900	44
68000	51
68100	56
68200	49
68300	46
68400	48
68500	35
68600	43
68700	38
68800	39
68900	48
69000	44
69100	37
69200	45
69300	46
69400	51
69500	43
69600	33
69700	47
69800	44
69900	42
70000	17
70100	0
70200	0
70300	0
70400	0
70500	0
70600	0
70700	0
70800	0
70900	0
71000	0
71100	0
71200	0
71300	0
71400	0
71500	0
71600	0
71700	0
71800	0
71900	0
72000	0
72100	0
72200	0
72300	0
72400	0
72500	0
72600	0
72700	0
72800	0
72900	0
73000	0
73100	0
73200	0
73300	0
73400	0
73500	0
73600	0
73700	0
73800	0
73900	0
74000	0
74100	0
74200	0
74300	0
74400	0
74500	0
74600	0
74700	0
74800	0
74900	0
75000	0
75100	0
75200	0
75300	0
75400	0
75500	0
75600	0
75700	0
75800	0
75900	0
76000	0
76100	0
76200	0
76300	0
76400	0
76500	0
76600	0
76700	0
76800	0
76900	0
77000	0
77100	0
77200	0
77300	0
77400	0
77500	0
77600	0
77700	0
77800	0
77900	0
78000	0
78100	0
78200	0
78300	0
78400	0
78500	0
78600	0
78700	0
78800	0
78900	0
79000	0
79100	0
79200	0
79300	0
79400	0
79500	0
79600	0
79700	0
79800	0
79900	0
80000	0
80100	0
80200	0
80300	0
80400	0
80500	0
80600	0
80700	0
80800	0
80900	0
81000	0
81100	0
81200	0
81300	0
81400	0
81500	0
81600	0
81700	0
81800	0
81900	0
82000	0
82100	0
82200	0
82300	0
82400	0
82500	0
82600	0
82700	0
82800	0
82900	0
83000	0
83100	0
83200	0
83300	0
83400	0
83500	0
83600	0
83700	0
83800	0
83900	0
84000	0
84100	0
84200	0
84300	0
84400	0
84500	0
84600	0
84700	0
84800	0
84900	0
85000	0
85100	0
85200	0
85300	0
85400	0
85500	0
85600	0
85700	0
85800	0
85900	0
86000	0
86100	0
86200	0
86300	0
86400	0
86500	0
86600	0
86700	0
86800	0
86900	0
87000	0
87100	0
87200	0
87300	0
87400	0
87500	0
87600	0
87700	0
87800	0
87900	0
88000	0
88100	0
88200	0
88300	0
88400	0
88500	0
88600	0
88700	0
88800	0
88900	0
89000	0
89100	0
89200	0
89300	0
89400	0
89500	0
89600	0
89700	0
89800	0
89900	0
90000	0
90100	0
90200	0
90300	0
90400	0
90500	0
90600	0
90700	0
90800	0
90900	0
91000	0
91100	0
91200	0
91300	0
91400	0
91500	0
91600	0
91700	0
91800	0
91900	0
92000	0
92100	0
92200	0
92300	0
92400	0
92500	0
92600	0
92700	0
92800	0
92900	0
93000	0
93100	0
93200	0
93300	0
93400	0
93500	0
93600	0
93700	0
93800	0
93900	0
94000	0
94100	0
94200	0
94300	0
94400	0
94500	0
94600	0
94700	0
94800	0
94900	0
95000	0
95100	0
95200	0
95300	0
95400	0
95500	0
95600	0
95700	0
95800	0
95900	0
96000	0
96100	0
96200	0
96300	0
96400	0
96500	0
96600	0
96700	0
96800	0
96900	0
97000	0
97100	0
97200	0
97300	0
97400	0
97500	0
97600	0
97700	0
97800	0
97900	0
98000	0
98100	0
98200	0
98300	0
98400	0
98500	0
98600	0
98700	0
98800	0
98900	0
99000	0
99100	0
99200	0
99300	0
99400	0
99500	0
99600	0
99700	0
99800	0
99900	0
100000	0
100100	0
100200	0
100300	0
100400	0
100500	0
100600	0
100700	0
100800	0
100900	0
101000	0
101100	0
101200	0
101300	0
101400	0
101500	0
101600	0
101700	0
101800	0
101900	0
102000	0
102100	0
102200	0
102300	0
102400	0
102500	0
102600	0
102700	0
102800	0
102900	0
103000	0
103100	0
103200	0
103300	0
103400	0
103500	0
103600	0
103700	0
103800	0
103900	0
104000	0
104100	0
104200	0
104300	0
104400	0
104500	0
104600	0
104700	0
104800	0
104900	0
105000	0
105100	0
105200	0
105300	0
105400	0
105500	0
105600	0
105700	0
105800	0
105900	0
106000	0
106100	0
106200	0
106300	0
106400	0
106500	0
106600	0
106700	0
106800	0
106900	0
107000	0
107100	0
107200	0
107300	0
107400	0
107500	0
107600	0
107700	0
107800	0
107900	0
108000	0
108100	0
108200	0
108300	0
108400	0
108500	0
108600	0
108700	0
108800	0
108900	0
109000	0
109100	0
109200	0
109300	0
109400	0
109500	0
109600	0
109700	0
109800	0
109900	0
110000	0
110100	0
110200	0
110300	0
110400	0
110500	0
110600	0
110700	0
110800	0
110900	0
111000	0
111100	0
111200	0
111300	0
111400	0
111500	0
111600	0
111700	0
111800	0
111900	0
112000	0
112100	0
112200	0
112300	0
112400	0
112500	0
112600	0
112700	0
112800	0
112900	0
113000	0
113100	0
113200	0
113300	0
113400	0
113500	0
113600	0
113700	0
113800	0
113900	0
114000	0
114100	0
114200	0
114300	0
114400	0
114500	0
114600	0
114700	0
114800	0
114900	0
115000	0
115100	0
115200	0
115300	0
115400	0
115500	0
115600	0
115700	0
115800	0
115900	0
116000	0
116100	0
116200	0
116300	0
116400	0
116500	0
116600	0
116700	0
116800	0
116900	0
117000	0
117100	0
117200	0
117300	0
117400	0
117500	0
117600	0
117700	0
117800	0
117900	0
118000	0
118100	0
118200	0
118300	0
118400	0
118500	0
118600	0
118700	0
118800	0
118900	0
119000	0
119100	0
119200	0
119300	0
119400	0
119500	0
119600	0
119700	0
119800	0
119900	0
120000	0
120100	0
120200	0
120300	0
120400	0
120500	0
120600	0
120700	0
120800	0
120900	0
121000	0
121100	0
121200	0
121300	0
121400	0
121500	0
121600	0
121700	0
121800	0
121900	0
122000	0
122100	0
122200	0
122300	0
122400	0
122500	0
122600	0
122700	0
122800	0
122900	0
123000	0
123100	0
123200	0
123300	0
123400	0
123500	0
123600	0
123700	0
123800	0
123900	0
124000	0
124100	0
124200	0
124300	0
124400	0
124500	0
124600	0
124700	0
124800	0
124900	0
125000	0
125100	0
125200	0
125300	0
125400	0
125500	0
125600	0
125700	0
125800	0
125900	0
126000	0
126100	0
126200	0
126300	0
126400	0
126500	0
126600	0
126700	0
126800	0
126900	0
127000	0
127100	0
127200	0
127300	0
127400	0
127500	0
127600	0
127700	0
127800	0
127900	0
128000	0
128100	0
128200	0
128300	0
128400	0
128500	0
128600	0
128700	0
128800	0
128900	0
129000	0
129100	0
129200	0
129300	0
129400	0
129500	0
129600	0
129700	0
129800	0
129900	0
130000	0
130100	0
130200	0
130300	0
130400	0
130500	0
130600	0
130700	0
130800	0
130900	0
131000	0
131100	0
131200	0
131300	0
131400	0
131500	0
131600	0
131700	0
131800	0
131900	0
132000	0
132100	0
132200	0
132300	0
132400	0
132500	0
132600	0
132700	0
132800	0
132900	0
133000	0
133100	0
133200	0
133300	0
133400	0
133500	0
133600	0
133700	0
133800	0
133900	0
134000	0
134100	0
134200	0
134300	0
134400	0
134500	0
134600	0
134700	0
134800	0
134900	0
135000	0
135100	0
135200	0
135300	0
135400	0
135500	0
135600	0
135700	0
135800	0
135900	0
136000	0
136100	0
136200	0
136300	0
136400	0
136500	0
136600	0
136700	0
136800	0
136900	0
137000	0
137100	0
137200	0
137300	0
137400	0
137500	0
137600	0
137700	0
137800	0
137900	0
138000	0
138100	0
138200	0
138300	0
138400	0
138500	0
138600	0
138700	0
138800	0
138900	0
139000	0
139100	0
139200	0
139300	0
139400	0
139500	0
139600	0
139700	0
139800	0
139900	0
140000	0
