39035	1395	908	26
77879	1396	908	30
1.2106e+005	1367	908	36
1.5487e+005	1389	908	28
2.0458e+005	1370	908	37
2.5285e+005	1384	908	39
2.8273e+005	1396	908	27
3.2986e+005	1355	908	37
3.7986e+005	1350	908	39
4.2862e+005	1385	908	37
4.7861e+005	1392	908	40
5.0647e+005	1380	908	26
5.5502e+005	1377	908	38
6.0502e+005	1324	908	38
6.5402e+005	1355	908	39
7.0356e+005	1381	908	39
7.532e+005	1364	908	39
7.9522e+005	1365	908	37
8.4504e+005	1359	908	40
8.9273e+005	1367	908	38
9.2923e+005	1386	908	28
9.7313e+005	1368	908	35
1.0201e+006	1367	908	38
1.0674e+006	1387	908	38
1.1174e+006	1349	908	39
1.1643e+006	1374	908	39
1.212e+006	1366	908	38
1.2577e+006	1365	908	38
1.3061e+006	1361	908	38
1.3557e+006	1386	908	39
1.4054e+006	1364	908	40
1.4553e+006	1369	908	39
1.5043e+006	1389	908	38
1.5512e+006	1375	908	38
1.5998e+006	1369	908	39
1.6473e+006	1378	908	39
1.6954e+006	1372	908	39
1.74e+006	1448	908	35
1.7781e+006	1381	908	30
1.8266e+006	1381	908	38
1.8761e+006	1393	908	40
1.9237e+006	1365	908	38
1.9707e+006	1383	908	39
2.0197e+006	1373	908	39
2.0671e+006	1377	908	38
2.116e+006	1398	908	40
2.166e+006	1283	908	37
2.2095e+006	1351	908	38
2.2592e+006	1368	908	40
2.3057e+006	1370	908	38
2.3548e+006	1368	908	38
2.4046e+006	1379	908	39
2.453e+006	1371	908	38
2.5014e+006	1362	908	39
2.5514e+006	1356	908	40
2.5993e+006	1376	908	37
2.6482e+006	1369	908	39
2.6947e+006	1367	908	39
2.7437e+006	1377	908	39
2.7936e+006	1394	908	39
2.8436e+006	1395	908	41
2.8906e+006	1364	908	37
2.9406e+006	1364	908	40
2.9886e+006	1374	908	39
3.0376e+006	1392	908	39
3.0848e+006	1385	908	39
3.1347e+006	1365	908	40
3.1846e+006	1364	908	39
3.2308e+006	1367	908	39
3.2779e+006	1367	908	37
3.3271e+006	1364	908	39
3.3675e+006	1393	908	32
3.409e+006	1388	908	33
3.4541e+006	1368	908	39
3.5034e+006	1365	908	38
3.5525e+006	1367	908	38
3.6025e+006	1345	908	39
3.652e+006	1369	908	39
3.7006e+006	1367	908	39
3.7477e+006	1354	908	38
3.7977e+006	1340	908	38
3.8401e+006	1375	908	38
3.8893e+006	1379	908	39
3.9393e+006	1345	908	39
3.9859e+006	1366	908	38
4.0351e+006	1362	908	39
4.0816e+006	1366	908	38
4.1316e+006	1340	908	39
4.1798e+006	1380	908	38
4.2284e+006	1372	908	38
4.2777e+006	1363	908	38
4.3235e+006	1374	908	39
4.3724e+006	1360	908	38
4.416e+006	1362	908	39
4.4655e+006	1374	908	39
4.5111e+006	1373	908	37
4.5611e+006	1328	908	39
4.61e+006	1364	908	39
4.6589e+006	1366	908	38
4.7072e+006	1367	908	38
4.7569e+006	1378	908	39
4.8062e+006	1382	908	39
4.8557e+006	1378	908	39
4.9045e+006	1370	908	38
4.9518e+006	1366	908	38
4.9969e+006	1379	908	38
5.0469e+006	1350	908	39
5.0912e+006	1361	908	39
5.138e+006	1377	908	39
5.188e+006	1357	908	38
5.2357e+006	1353	908	38
5.285e+006	1397	908	39
5.3339e+006	1359	908	39
5.3828e+006	1383	908	38
5.4319e+006	1372	908	37
5.4772e+006	1370	908	37
5.525e+006	1370	908	39
5.5727e+006	1390	908	39
5.6218e+006	1378	908	39
5.6666e+006	1364	908	38
5.7135e+006	1363	908	38
5.7596e+006	1393	908	38
5.8093e+006	1367	908	39
5.8591e+006	1358	908	39
5.9084e+006	1371	908	39
5.9584e+006	1289	908	38
6.008e+006	1380	908	39
6.058e+006	1318	908	39
6.1072e+006	1394	908	40
6.1572e+006	1332	908	39
6.207e+006	1365	908	39
6.2555e+006	1382	908	40
6.3036e+006	1368	908	38
6.353e+006	1357	908	40
6.402e+006	1373	908	39
6.4497e+006	1374	908	39
6.4962e+006	1382	908	39
6.5391e+006	1374	908	38
6.5845e+006	1394	908	34
6.6245e+006	1372	908	29
6.665e+006	1366	908	38
6.7129e+006	1388	908	39
6.7629e+006	1292	908	37
6.8113e+006	1388	908	39
6.8608e+006	1386	908	40
6.9106e+006	1390	908	40
6.9606e+006	1342	908	39
7.0093e+006	1396	908	39
7.0593e+006	1328	908	38
7.109e+006	1368	908	39
7.1582e+006	1364	908	38
7.2064e+006	1385	908	39
7.2563e+006	1379	908	40
7.3063e+006	1345	908	38
7.3526e+006	1371	908	39
7.401e+006	1394	908	38
7.4396e+006	1365	908	37
7.4888e+006	1381	908	39
7.5374e+006	1387	908	38
7.5874e+006	1336	908	39
7.6362e+006	1376	908	39
7.6862e+006	1339	908	38
7.7359e+006	1385	908	40
7.7851e+006	1379	908	39
7.8351e+006	1352	908	38
7.8846e+006	1374	908	39
7.9329e+006	1377	908	39
7.981e+006	1370	908	39
8.0298e+006	1359	908	39
8.077e+006	1374	908	39
8.127e+006	1347	908	39
8.177e+006	1353	908	39
8.2239e+006	1377	908	39
8.2697e+006	1384	908	39
8.3167e+006	1385	908	39
8.3645e+006	1373	908	38
8.4136e+006	1385	908	39
8.4632e+006	1363	908	39
8.513e+006	1357	908	40
8.563e+006	1304	908	38
8.6114e+006	1365	908	39
8.6612e+006	1370	908	39
8.7099e+006	1360	908	38
8.7577e+006	1373	908	38
8.8077e+006	1359	908	39
8.8523e+006	1378	908	38
8.9023e+006	1336	908	39
8.9504e+006	1360	908	38
8.9949e+006	1359	908	39
9.0415e+006	1360	908	38
9.0915e+006	1336	908	39
9.1393e+006	1371	908	37
9.1863e+006	1394	908	37
9.2346e+006	1352	908	38
9.282e+006	1362	908	38
9.332e+006	1375	908	40
9.381e+006	1367	908	38
9.4303e+006	1369	908	39
9.4799e+006	1369	908	40
9.5294e+006	1394	908	40
9.5794e+006	1299	908	38
9.6224e+006	1375	908	38
9.6716e+006	1377	908	40
9.7216e+006	1342	908	39
9.7682e+006	1364	908	39
9.8178e+006	1386	908	40
9.8678e+006	1355	908	39
9.9172e+006	1396	908	40
9.9655e+006	1361	908	39
1.0016e+007	1328	908	38
1.0063e+007	1376	908	37
1.0112e+007	1384	908	39
1.0162e+007	1370	908	39
1.021e+007	1363	908	38
1.026e+007	1356	908	38
1.0304e+007	1365	908	39
1.0352e+007	1356	908	38
1.0402e+007	1352	908	38
1.0444e+007	1397	908	39
1.0494e+007	1383	908	38
1.0541e+007	1380	908	38
1.0589e+007	1379	908	39
1.0639e+007	1376	908	39
1.0689e+007	1383	908	39
1.0738e+007	1370	908	39
1.0787e+007	1372	908	38
1.0837e+007	1356	908	39
1.0886e+007	1379	908	40
1.0933e+007	1399	908	38
1.0982e+007	1397	908	39
1.1032e+007	1358	908	38
1.1077e+007	1397	908	40
1.1123e+007	1371	908	38
1.117e+007	1357	908	37
1.1218e+007	1382	908	39
1.1265e+007	1364	908	38
1.1315e+007	1309	908	38
1.1364e+007	1361	908	38
1.1413e+007	1384	908	38
1.1463e+007	1381	908	39
1.1513e+007	1358	908	39
1.1556e+007	1377	908	38
1.1596e+007	1384	908	34
1.1639e+007	1374	908	30
1.1687e+007	1363	908	39
1.1736e+007	1385	908	39
1.1783e+007	1357	908	39
1.1832e+007	1389	908	40
1.188e+007	1372	908	38
1.1923e+007	1363	908	37
1.1972e+007	1382	908	38
1.2022e+007	1363	908	39
1.2072e+007	1352	908	39
1.2118e+007	1381	908	39
1.2166e+007	1360	908	38
1.2214e+007	1379	908	38
1.2264e+007	1357	908	38
1.2313e+007	1378	908	39
1.2361e+007	1389	908	38
1.2407e+007	1373	908	39
1.2457e+007	1343	908	39
1.2503e+007	1364	908	40
1.2552e+007	1391	908	39
1.2602e+007	1383	908	40
1.2651e+007	1360	908	39
1.27e+007	1379	908	38
1.2748e+007	1373	908	38
1.2798e+007	1372	908	39
1.2847e+007	1376	908	39
1.2896e+007	1385	908	40
1.2941e+007	1366	908	38
1.2991e+007	1318	908	39
1.3039e+007	1361	908	37
1.3089e+007	1374	908	39
1.3137e+007	1367	908	39
1.3185e+007	1381	908	38
1.3229e+007	1368	908	38
1.3277e+007	1366	908	37
1.3326e+007	1394	908	39
1.3376e+007	1365	908	39
1.3424e+007	1357	908	39
1.3473e+007	1378	908	39
1.3521e+007	1387	908	39
1.3569e+007	1384	908	38
1.3618e+007	1370	908	40
1.3668e+007	1312	908	38
1.3714e+007	1366	908	39
1.3762e+007	1367	908	37
1.3812e+007	1321	908	39
1.386e+007	1365	908	38
1.3904e+007	1368	908	38
1.3952e+007	1386	908	39
1.4002e+007	1372	908	39
1.4052e+007	1330	908	38
1.41e+007	1395	908	39
1.4149e+007	1376	908	39
1.4197e+007	1400	908	39
1.4243e+007	1367	908	39
1.4293e+007	1357	908	38
1.434e+007	1388	908	39
1.439e+007	1402	908	40
1.4439e+007	1394	908	39
1.4489e+007	1385	908	40
1.4539e+007	1330	908	39
1.4588e+007	1379	908	39
1.4636e+007	1367	908	38
1.4684e+007	1378	908	39
1.4734e+007	1338	908	39
1.4778e+007	1371	908	38
1.4827e+007	1364	908	38
1.4876e+007	1389	908	39
1.4926e+007	1302	908	37
1.4974e+007	1377	908	39
1.5018e+007	1362	908	38
1.5068e+007	1344	908	38
1.5115e+007	1375	908	38
1.5165e+007	1355	908	39
1.5212e+007	1370	908	39
1.5261e+007	1361	908	39
1.5308e+007	1398	908	38
1.5356e+007	1354	908	38
1.5403e+007	1368	908	39
1.5451e+007	1365	908	38
1.5501e+007	1370	908	39
1.5551e+007	1333	908	39
1.5601e+007	1359	908	39
1.5648e+007	1386	908	39
1.5698e+007	1348	908	39
1.5743e+007	1376	908	39
1.5791e+007	1378	908	38
1.5841e+007	1347	908	39
1.5891e+007	1387	908	41
1.594e+007	1357	908	39
1.599e+007	1343	908	39
1.6038e+007	1388	908	39
1.6085e+007	1362	908	39
1.6132e+007	1376	908	38
1.6181e+007	1370	908	38
1.6231e+007	1345	908	39
1.6278e+007	1371	908	39
1.6328e+007	1386	908	39
1.6378e+007	1355	908	39
1.6424e+007	1389	908	38
1.6473e+007	1384	908	40
1.6523e+007	1320	908	38
1.6569e+007	1351	908	38
1.6609e+007	1381	908	33
1.6653e+007	1385	908	33
1.6699e+007	1371	908	38
1.6749e+007	1324	908	38
1.6797e+007	1366	908	40
1.6846e+007	1383	908	39
1.6896e+007	1295	908	38
1.6941e+007	1374	908	40
1.699e+007	1350	908	39
1.704e+007	1318	908	39
1.7088e+007	1370	908	39
1.7136e+007	1367	908	38
1.7186e+007	1345	908	39
1.7233e+007	1388	908	39
1.7282e+007	1370	908	39
1.7332e+007	1368	908	40
1.738e+007	1356	908	39
1.743e+007	1371	908	38
1.748e+007	1340	908	38
1.7528e+007	1370	908	39
1.7574e+007	1360	908	37
1.7616e+007	1367	908	38
1.7665e+007	1386	908	38
1.7714e+007	1377	908	39
1.7762e+007	1359	908	38
1.7812e+007	1368	908	40
1.7862e+007	1377	908	39
1.7912e+007	1306	908	39
1.796e+007	1366	908	40
1.8007e+007	1391	908	38
1.8055e+007	1361	908	38
1.8104e+007	1383	908	38
1.8154e+007	1372	908	38
1.8204e+007	1399	908	40
1.8249e+007	1382	908	38
1.8293e+007	1376	908	37
1.8342e+007	1373	908	40
1.839e+007	1368	908	37
1.8438e+007	1369	908	38
1.8488e+007	1388	908	39
1.8532e+007	1380	908	38
1.8582e+007	1364	908	39
1.8632e+007	1341	908	39
1.868e+007	1396	908	39
1.8729e+007	1390	908	39
1.8779e+007	1394	908	40
1.8828e+007	1364	908	38
1.8878e+007	1338	908	39
1.8926e+007	1386	908	39
1.8972e+007	1358	908	38
1.9022e+007	1323	908	38
1.9068e+007	1369	908	40
1.9118e+007	1389	908	40
1.9165e+007	1364	908	39
1.9213e+007	1373	908	39
1.9262e+007	1365	908	38
1.931e+007	1385	908	38
1.9359e+007	1370	908	39
1.9409e+007	1381	908	40
1.9457e+007	1371	908	38
1.9507e+007	1289	908	37
1.9556e+007	1365	908	40
1.9605e+007	1357	908	39
1.9653e+007	1352	908	38
1.9699e+007	1352	908	38
1.9749e+007	1365	908	39
1.9798e+007	1380	908	39
1.9841e+007	1363	908	37
1.9886e+007	1362	908	37
1.9935e+007	1395	908	39
1.9984e+007	1357	908	39
2.0034e+007	1321	908	38
2.0083e+007	1369	908	40
2.0132e+007	1366	908	38
2.018e+007	1371	908	38
2.0229e+007	1379	908	39
2.0278e+007	1387	908	39
2.0328e+007	1343	908	39
2.0377e+007	1374	908	39
2.0427e+007	1334	908	39
2.0472e+007	1387	908	39
2.0522e+007	1386	908	40
2.0572e+007	1372	908	39
2.0617e+007	1380	908	38
2.0666e+007	1382	908	38
2.0713e+007	1370	908	39
2.0762e+007	1362	908	39
2.0811e+007	1373	908	39
2.086e+007	1378	908	39
2.0906e+007	1365	908	37
2.0954e+007	1366	908	38
2.1002e+007	1379	908	38
2.1049e+007	1368	908	38
2.1097e+007	1373	908	39
2.1146e+007	1372	908	38
2.1194e+007	1380	908	39
2.1244e+007	1350	908	38
2.1286e+007	1357	908	37
2.1335e+007	1365	908	38
2.1382e+007	1377	908	38
2.1432e+007	1368	908	39
2.1479e+007	1377	908	37
2.1527e+007	1363	908	38
2.1574e+007	1379	908	39
2.1617e+007	1362	908	34
2.1655e+007	1387	908	31
2.1702e+007	1367	908	37
2.1751e+007	1376	908	39
2.1801e+007	1291	908	38
2.1848e+007	1355	908	39
2.1893e+007	1370	908	38
2.194e+007	1364	908	38
2.199e+007	1353	908	39
2.2037e+007	1393	908	39
2.2087e+007	1310	908	37
2.2136e+007	1387	908	40
2.2184e+007	1373	908	38
2.2232e+007	1364	908	38
2.2282e+007	1353	908	39
2.2327e+007	1374	908	38
2.2376e+007	1372	908	38
2.2426e+007	1344	908	39
2.2467e+007	1366	908	37
2.2514e+007	1352	908	37
2.2563e+007	1362	908	38
2.2613e+007	1345	908	39
2.2661e+007	1374	908	39
2.2711e+007	1378	908	40
2.2761e+007	1351	908	37
2.281e+007	1396	908	40
2.2855e+007	1361	908	37
2.2904e+007	1371	908	39
2.2954e+007	1341	908	39
2.3e+007	1368	908	38
2.3049e+007	1390	908	39
2.3093e+007	1363	908	38
2.3141e+007	1373	908	39
2.3191e+007	1349	908	39
2.324e+007	1380	908	39
2.3289e+007	1384	908	39
2.3339e+007	1341	908	38
2.3384e+007	1372	908	37
2.3433e+007	1360	908	38
2.3483e+007	1359	908	38
2.3531e+007	1381	908	38
2.3576e+007	1378	908	38
2.3623e+007	1370	908	39
2.367e+007	1366	908	38
2.372e+007	1332	908	39
2.3764e+007	1383	908	38
2.3814e+007	1315	908	38
2.3861e+007	1392	908	39
2.391e+007	1370	908	38
2.396e+007	1386	908	40
2.4009e+007	1385	908	39
2.4058e+007	1358	908	38
2.4107e+007	1368	908	38
2.4157e+007	1363	908	39
2.42e+007	1359	908	37
2.4248e+007	1385	908	39
2.4298e+007	1373	908	39
2.4345e+007	1371	908	38
2.439e+007	1367	908	39
2.4439e+007	1358	908	39
2.4488e+007	1364	908	39
2.4537e+007	1369	908	38
2.4586e+007	1357	908	38
2.4634e+007	1356	908	37
2.4683e+007	1362	908	39
2.4731e+007	1366	908	38
2.4778e+007	1370	908	39
2.4826e+007	1384	908	39
2.4876e+007	1334	908	38
2.4923e+007	1377	908	39
2.497e+007	1373	908	39
2.5018e+007	1365	908	38
2.5065e+007	1374	908	39
2.5115e+007	1351	908	39
2.5163e+007	1395	908	38
2.5213e+007	1382	908	39
2.526e+007	1357	908	38
2.531e+007	1315	908	38
2.5359e+007	1369	908	40
2.5407e+007	1380	908	39
2.5454e+007	1383	908	38
2.5501e+007	1368	908	36
2.5549e+007	1363	908	39
2.5595e+007	1386	908	38
2.5644e+007	1369	908	39
2.5694e+007	1328	908	38
2.5744e+007	1381	908	40
2.5792e+007	1374	908	39
2.5841e+007	1391	908	39
2.5889e+007	1367	908	38
2.5938e+007	1363	908	39
2.5984e+007	1376	908	38
2.6032e+007	1359	908	38
2.6079e+007	1373	908	38
2.6126e+007	1373	908	39
2.6176e+007	1370	908	39
2.6224e+007	1385	908	38
2.627e+007	1381	908	38
2.6319e+007	1383	908	38
2.6365e+007	1356	908	37
2.6415e+007	1322	908	38
2.6461e+007	1385	908	39
2.651e+007	1359	908	39
2.656e+007	1397	908	39
2.6608e+007	1375	908	38
2.6642e+007	1389	908	30
2.6686e+007	1373	908	34
2.6736e+007	1380	908	39
2.6785e+007	1396	908	39
2.6834e+007	1356	908	39
2.6879e+007	1362	908	37
2.6924e+007	1384	908	38
2.6972e+007	1363	908	38
2.7022e+007	1346	908	39
2.7069e+007	1387	908	40
2.7119e+007	1348	908	38
2.7168e+007	1377	908	38
2.7216e+007	1393	908	39
2.7264e+007	1363	908	39
2.7313e+007	1393	908	38
2.7362e+007	1400	908	39
2.7411e+007	1396	908	40
2.7459e+007	1362	908	38
2.7508e+007	1387	908	39
2.7556e+007	1368	908	39
2.7606e+007	1346	908	39
2.7653e+007	1380	908	38
2.7699e+007	1367	908	39
2.7749e+007	1390	908	38
2.7798e+007	1380	908	40
2.7847e+007	1367	908	39
2.7896e+007	1379	908	38
2.7946e+007	1377	908	39
2.7994e+007	1371	908	39
2.8042e+007	1386	908	39
2.8089e+007	1377	908	39
2.8139e+007	1338	908	39
2.8186e+007	1381	908	39
2.8236e+007	1382	908	39
2.8283e+007	1374	908	38
2.8332e+007	1370	908	39
2.8382e+007	1350	908	39
2.843e+007	1382	908	39
2.8476e+007	1387	908	38
2.8525e+007	1355	908	39
2.8575e+007	1354	908	39
2.8624e+007	1376	908	39
2.8673e+007	1374	908	39
2.8722e+007	1363	908	40
2.8771e+007	1391	908	39
2.882e+007	1380	908	40
2.8868e+007	1367	908	37
2.8916e+007	1382	908	39
2.8963e+007	1359	908	39
2.9012e+007	1384	908	39
2.9062e+007	1363	908	39
2.9111e+007	1365	908	39
2.916e+007	1394	908	39
2.9208e+007	1381	908	38
2.9255e+007	1365	908	38
2.9303e+007	1399	908	39
2.9352e+007	1364	908	40
2.9401e+007	1384	908	39
2.945e+007	1364	908	39
2.9497e+007	1395	908	38
2.9546e+007	1383	908	39
2.9594e+007	1404	908	39
2.9643e+007	1361	908	39
2.9691e+007	1374	908	38
2.9741e+007	1323	908	38
2.9789e+007	1364	908	39
2.9834e+007	1351	908	38
2.9882e+007	1372	908	38
2.9932e+007	1340	908	38
2.9978e+007	1371	908	39
3.0028e+007	1330	908	38
3.0076e+007	1365	908	38
3.0126e+007	1341	908	40
3.017e+007	1359	908	38
3.0216e+007	1356	908	38
3.0266e+007	1315	908	38
3.0314e+007	1370	908	38
3.0362e+007	1381	908	39
3.0411e+007	1394	908	39
3.0457e+007	1376	908	38
3.0507e+007	1317	908	38
3.0556e+007	1359	908	39
3.0605e+007	1353	908	39
3.0654e+007	1362	908	39
3.0701e+007	1384	908	38
3.0751e+007	1344	908	39
3.0801e+007	1328	908	40
3.0848e+007	1375	908	40
3.0897e+007	1386	908	40
3.0941e+007	1370	908	38
3.0991e+007	1349	908	39
3.1041e+007	1367	908	40
3.109e+007	1393	908	39
3.1138e+007	1370	908	38
3.1188e+007	1373	908	39
3.1236e+007	1362	908	39
3.1285e+007	1401	908	38
3.1334e+007	1379	908	38
3.1383e+007	1390	908	39
3.1432e+007	1360	908	39
3.1482e+007	1360	908	39
3.153e+007	1372	908	39
3.158e+007	1401	908	38
3.1628e+007	1423	908	39
3.1662e+007	1391	908	31
3.1707e+007	1358	908	35
3.1756e+007	1366	908	38
3.1806e+007	1337	908	39
3.1855e+007	1395	908	39
3.1905e+007	1389	908	40
3.1955e+007	1379	908	40
3.2001e+007	1362	908	38
3.2051e+007	1382	908	40
3.2099e+007	1368	908	39
3.2143e+007	1372	908	39
3.2192e+007	1377	908	38
3.2242e+007	1323	908	39
3.2289e+007	1351	908	38
3.2337e+007	1389	908	39
3.2386e+007	1371	908	38
3.2436e+007	1388	908	40
3.2486e+007	1393	908	40
3.2535e+007	1353	908	38
3.2585e+007	1366	908	39
3.2634e+007	1351	908	39
3.2681e+007	1374	908	38
3.2731e+007	1385	908	40
3.2781e+007	1331	908	38
3.2826e+007	1367	908	38
3.2876e+007	1331	908	39
3.2925e+007	1373	908	40
3.2969e+007	1387	908	38
3.3018e+007	1391	908	39
3.3064e+007	1379	908	38
3.3112e+007	1354	908	38
3.3161e+007	1366	908	39
3.3211e+007	1378	908	39
3.3261e+007	1351	908	39
3.3307e+007	1363	908	38
3.3356e+007	1359	908	38
3.3403e+007	1370	908	38
3.3452e+007	1385	908	40
3.3501e+007	1370	908	39
3.3551e+007	1387	908	38
3.3596e+007	1365	908	38
3.3644e+007	1389	908	39
3.3693e+007	1391	908	39
3.3743e+007	1358	908	39
3.3788e+007	1362	908	38
3.3835e+007	1363	908	38
3.3883e+007	1378	908	39
3.3932e+007	1363	908	38
3.3982e+007	1400	908	39
3.4028e+007	1361	908	38
3.4078e+007	1373	908	39
3.4128e+007	1361	908	38
3.4176e+007	1387	908	38
3.4226e+007	1370	908	39
3.4275e+007	1376	908	39
3.4321e+007	1376	908	39
3.4367e+007	1394	908	38
3.4412e+007	1358	908	37
3.446e+007	1360	908	39
3.451e+007	1351	908	38
3.4559e+007	1361	908	38
3.4608e+007	1372	908	40
3.4653e+007	1363	908	38
3.4702e+007	1372	908	40
3.4752e+007	1350	908	38
3.4801e+007	1380	908	40
3.4851e+007	1326	908	38
3.4899e+007	1387	908	39
3.4948e+007	1356	908	38
3.4997e+007	1371	908	39
3.5041e+007	1369	908	38
3.5091e+007	1358	908	39
3.514e+007	1375	908	40
3.5189e+007	1381	908	38
3.5237e+007	1367	908	39
3.5287e+007	1376	908	39
3.5334e+007	1362	908	38
3.5384e+007	1333	908	39
3.543e+007	1395	908	39
3.5478e+007	1373	908	38
3.5527e+007	1373	908	38
3.5575e+007	1379	908	39
3.5624e+007	1359	908	38
3.5671e+007	1365	908	39
3.5718e+007	1366	908	38
3.5768e+007	1331	908	39
3.5815e+007	1363	908	38
3.5865e+007	1372	908	40
3.5914e+007	1384	908	38
3.5962e+007	1372	908	38
3.6009e+007	1372	908	38
3.6057e+007	1396	908	40
3.6107e+007	1360	908	39
3.6153e+007	1393	908	38
3.6203e+007	1347	908	40
3.6253e+007	1366	908	39
3.63e+007	1374	908	37
3.6346e+007	1366	908	37
3.6392e+007	1377	908	38
3.6441e+007	1399	908	39
3.649e+007	1390	908	40
3.6537e+007	1376	908	38
3.6586e+007	1366	908	38
3.6635e+007	1405	908	39
3.6674e+007	1360	908	31
3.6717e+007	1381	908	35
3.6766e+007	1379	908	39
3.6815e+007	1366	908	38
3.6864e+007	1378	908	40
3.691e+007	1365	908	38
3.6958e+007	1378	908	38
3.7008e+007	1324	908	39
3.7058e+007	1382	908	39
3.7105e+007	1378	908	39
3.7154e+007	1379	908	39
3.7202e+007	1397	908	39
3.7248e+007	1368	908	38
3.7297e+007	1367	908	39
3.7346e+007	1370	908	39
3.7396e+007	1338	908	39
3.7445e+007	1377	908	39
3.7494e+007	1378	908	40
3.7544e+007	1339	908	38
3.759e+007	1386	908	39
3.7638e+007	1356	908	37
3.7688e+007	1398	908	39
3.7736e+007	1367	908	39
3.7783e+007	1360	908	39
3.7831e+007	1368	908	38
3.7876e+007	1376	908	38
3.7926e+007	1356	908	39
3.7975e+007	1375	908	39
3.8024e+007	1362	908	39
3.8072e+007	1371	908	39
3.8122e+007	1345	908	39
3.817e+007	1370	908	38
3.822e+007	1384	908	41
3.827e+007	1344	908	38
3.8316e+007	1358	908	39
3.8366e+007	1300	908	38
3.8413e+007	1372	908	38
3.8461e+007	1367	908	38
3.8509e+007	1366	908	38
3.8555e+007	1391	908	39
3.8603e+007	1391	908	39
3.8651e+007	1374	908	38
3.87e+007	1373	908	39
3.8745e+007	1367	908	38
3.8795e+007	1356	908	39
3.8843e+007	1380	908	37
3.889e+007	1386	908	38
3.8939e+007	1366	908	38
3.8988e+007	1395	908	39
3.9037e+007	1373	908	38
3.9087e+007	1349	908	39
3.9126e+007	1354	908	37
3.9175e+007	1367	908	39
3.9224e+007	1372	908	39
3.9274e+007	1376	908	40
3.9324e+007	1389	908	40
3.9374e+007	1362	908	39
3.9424e+007	1341	908	39
3.9471e+007	1374	908	39
3.952e+007	1358	908	39
3.9569e+007	1360	908	39
3.9618e+007	1390	908	39
3.9668e+007	1387	908	38
3.9718e+007	1329	908	39
3.9765e+007	1374	908	38
3.9814e+007	1375	908	39
3.9861e+007	1366	908	39
3.9908e+007	1386	908	38
3.9956e+007	1367	908	38
4e+007	1379	908	38
4.0046e+007	1381	908	37
4.0096e+007	1351	908	39
4.0145e+007	1367	908	40
4.0194e+007	1366	908	38
4.0243e+007	1379	908	38
4.0292e+007	1364	908	39
4.034e+007	1390	908	39
4.0388e+007	1358	908	38
4.0436e+007	1397	908	38
4.0486e+007	1366	908	39
4.0531e+007	1398	908	38
4.058e+007	1356	908	39
4.0627e+007	1389	908	38
4.0672e+007	1370	908	36
4.0722e+007	1348	908	39
4.0769e+007	1379	908	40
4.0817e+007	1361	908	38
4.0867e+007	1327	908	39
4.0915e+007	1391	908	39
4.0965e+007	1272	908	37
4.1013e+007	1378	908	38
4.1057e+007	1354	908	38
4.1105e+007	1359	908	38
4.1152e+007	1400	908	39
4.1201e+007	1366	908	39
4.1245e+007	1359	908	37
4.1295e+007	1355	908	39
4.1345e+007	1392	908	39
4.1392e+007	1390	908	39
4.1441e+007	1376	908	39
4.1491e+007	1359	908	39
4.1541e+007	1386	908	40
4.1589e+007	1361	908	37
4.1639e+007	1368	908	39
4.1678e+007	1378	908	33
4.1719e+007	1391	908	34
4.1765e+007	1358	908	37
4.1814e+007	1356	908	38
4.1864e+007	1398	908	38
4.1913e+007	1369	908	39
4.1963e+007	1336	908	38
4.2008e+007	1362	908	38
4.2058e+007	1337	908	39
4.2107e+007	1394	908	39
4.2157e+007	1329	908	39
4.2202e+007	1383	908	39
4.2249e+007	1374	908	39
4.2296e+007	1377	908	39
4.2346e+007	1346	908	39
4.2395e+007	1382	908	40
4.2444e+007	1365	908	39
4.2494e+007	1358	908	39
4.2542e+007	1367	908	38
4.259e+007	1392	908	38
4.264e+007	1387	908	39
4.2688e+007	1379	908	39
4.2738e+007	1372	908	38
4.2788e+007	1364	908	40
4.2837e+007	1387	908	39
4.2883e+007	1364	908	39
4.2933e+007	1378	908	38
4.2981e+007	1371	908	39
4.3029e+007	1385	908	38
4.3076e+007	1358	908	39
4.312e+007	1373	908	39
4.317e+007	1387	908	40
4.3219e+007	1361	908	38
4.3267e+007	1383	908	38
4.3316e+007	1368	908	38
4.3366e+007	1329	908	39
4.3415e+007	1362	908	39
4.3464e+007	1391	908	39
4.3513e+007	1378	908	38
4.3559e+007	1380	908	38
4.3608e+007	1391	908	38
4.3655e+007	1365	908	38
4.3705e+007	1294	908	38
4.3754e+007	1385	908	40
4.3796e+007	1352	908	38
4.3846e+007	1376	908	40
4.3894e+007	1386	908	39
4.3944e+007	1369	908	39
4.3993e+007	1369	908	38
4.4043e+007	1383	908	39
4.4092e+007	1374	908	39
4.4142e+007	1322	908	38
4.419e+007	1373	908	38
4.4237e+007	1394	908	39
4.4287e+007	1395	908	39
4.4334e+007	1379	908	39
4.4384e+007	1327	908	38
4.4432e+007	1377	908	39
4.448e+007	1360	908	38
4.4525e+007	1370	908	39
4.4575e+007	1332	908	39
4.462e+007	1367	908	39
4.4668e+007	1353	908	38
4.4717e+007	1370	908	39
4.4767e+007	1342	908	40
4.4816e+007	1388	908	38
4.4865e+007	1377	908	39
4.4913e+007	1355	908	38
4.4963e+007	1376	908	39
4.5012e+007	1376	908	38
4.5061e+007	1383	908	39
4.5111e+007	1383	908	39
4.5157e+007	1365	908	38
4.5207e+007	1310	908	38
4.5251e+007	1369	908	39
4.5297e+007	1377	908	38
4.5345e+007	1354	908	38
4.5391e+007	1366	908	39
4.5441e+007	1387	908	38
4.5491e+007	1328	908	38
4.554e+007	1373	908	39
4.5589e+007	1365	908	39
4.5638e+007	1369	908	39
4.5687e+007	1375	908	40
4.5737e+007	1326	908	39
4.5786e+007	1371	908	39
4.5836e+007	1382	908	40
4.5885e+007	1387	908	40
4.5934e+007	1367	908	38
4.5975e+007	1379	908	37
4.6025e+007	1350	908	39
4.6073e+007	1356	908	38
4.6122e+007	1359	908	39
4.6171e+007	1387	908	39
4.6219e+007	1362	908	38
4.6263e+007	1365	908	37
4.6313e+007	1328	908	39
4.6363e+007	1375	908	39
4.641e+007	1390	908	38
4.646e+007	1288	908	37
4.6506e+007	1368	908	39
4.6556e+007	1384	908	39
4.6601e+007	1381	908	39
4.6648e+007	1383	908	38
4.669e+007	1401	908	32
4.6734e+007	1367	908	33
4.6781e+007	1351	908	38
4.6822e+007	1368	908	37
4.6872e+007	1352	908	38
4.692e+007	1375	908	38
4.697e+007	1293	908	39
4.7018e+007	1360	908	39
4.7066e+007	1355	908	39
4.7116e+007	1326	908	39
4.7165e+007	1353	908	40
4.7215e+007	1350	908	39
4.7263e+007	1369	908	39
4.7313e+007	1336	908	38
4.7363e+007	1373	908	39
4.7407e+007	1373	908	37
4.745e+007	1382	908	38
4.7497e+007	1362	908	39
4.7547e+007	1392	908	39
4.7597e+007	1371	908	39
4.7646e+007	1374	908	39
4.7694e+007	1376	908	38
4.7742e+007	1394	908	38
4.7791e+007	1366	908	38
4.784e+007	1358	908	38
4.7888e+007	1380	908	37
4.7937e+007	1367	908	40
4.7986e+007	1361	908	38
4.8036e+007	1393	908	40
4.8078e+007	1377	908	38
4.8124e+007	1363	908	38
4.8173e+007	1390	908	39
4.8221e+007	1381	908	39
4.827e+007	1356	908	39
4.832e+007	1379	908	39
4.8369e+007	1384	908	39
4.8418e+007	1357	908	39
4.8465e+007	1359	908	37
4.8514e+007	1356	908	38
4.8562e+007	1381	908	38
4.8611e+007	1371	908	38
4.8659e+007	1355	908	38
4.8707e+007	1378	908	39
4.8751e+007	1362	908	38
4.8799e+007	1389	908	39
4.8847e+007	1397	908	39
4.8897e+007	1343	908	39
4.8945e+007	1395	908	39
4.8995e+007	1336	908	39
4.9044e+007	1373	908	40
4.9092e+007	1372	908	39
4.9142e+007	1340	908	38
4.9192e+007	1378	908	39
4.9242e+007	1285	908	38
4.9286e+007	1369	908	38
4.9334e+007	1386	908	39
4.9382e+007	1369	908	39
4.9432e+007	1375	908	39
4.9481e+007	1381	908	38
4.9525e+007	1392	908	38
4.9571e+007	1359	908	38
4.962e+007	1380	908	38
4.967e+007	1393	908	40
4.972e+007	1376	908	40
4.9769e+007	1377	908	39
4.9819e+007	1330	908	38
4.9869e+007	1387	908	40
4.9917e+007	1375	908	39
4.9966e+007	1375	908	39
5.0015e+007	1373	908	39
5.0065e+007	1375	908	39
5.0113e+007	1372	908	39
5.0163e+007	1356	908	39
5.0209e+007	1373	908	39
5.0259e+007	1336	908	39
5.0306e+007	1380	908	38
5.0352e+007	1381	908	39
5.04e+007	1383	908	39
5.0449e+007	1389	908	39
5.0498e+007	1361	908	39
5.0545e+007	1370	908	38
5.0595e+007	1356	908	39
5.0644e+007	1378	908	38
5.0693e+007	1377	908	39
5.0743e+007	1375	908	38
5.0792e+007	1383	908	39
5.0842e+007	1309	908	38
5.0888e+007	1384	908	39
5.0932e+007	1362	908	38
5.0982e+007	1344	908	39
5.1027e+007	1360	908	38
5.1073e+007	1381	908	38
5.1123e+007	1344	908	38
5.1173e+007	1373	908	40
5.122e+007	1371	908	38
5.127e+007	1370	908	39
5.132e+007	1332	908	39
5.1369e+007	1381	908	40
5.1418e+007	1366	908	37
5.1464e+007	1380	908	39
5.1514e+007	1316	908	37
5.156e+007	1396	908	39
5.1609e+007	1364	908	39
5.1655e+007	1373	908	38
5.1697e+007	1400	908	34
5.1741e+007	1372	908	32
5.1787e+007	1386	908	38
5.1837e+007	1331	908	39
5.1886e+007	1384	908	39
5.1932e+007	1380	908	38
5.1976e+007	1380	908	39
5.2024e+007	1365	908	38
5.2074e+007	1355	908	39
5.2124e+007	1321	908	39
5.2174e+007	1372	908	39
5.2222e+007	1356	908	39
5.2271e+007	1370	908	39
5.2321e+007	1314	908	38
5.2366e+007	1387	908	39
5.2415e+007	1387	908	39
5.2464e+007	1392	908	39
5.2512e+007	1367	908	38
5.2562e+007	1394	908	39
5.261e+007	1387	908	39
5.2655e+007	1371	908	38
5.2705e+007	1295	908	39
5.2751e+007	1376	908	38
5.2801e+007	1355	908	39
5.2851e+007	1338	908	38
5.2897e+007	1385	908	39
5.2946e+007	1379	908	38
5.2994e+007	1362	908	39
5.3042e+007	1368	908	38
5.3089e+007	1360	908	38
5.3138e+007	1377	908	39
5.3188e+007	1334	908	40
5.3238e+007	1350	908	39
5.3284e+007	1373	908	39
5.333e+007	1358	908	37
5.338e+007	1338	908	39
5.3429e+007	1362	908	39
5.3476e+007	1366	908	38
5.3522e+007	1368	908	38
5.3569e+007	1361	908	39
5.3618e+007	1369	908	39
5.3667e+007	1366	908	38
5.3717e+007	1388	908	39
5.3765e+007	1366	908	38
5.3815e+007	1357	908	39
5.3863e+007	1369	908	39
5.3912e+007	1366	908	39
5.396e+007	1374	908	39
5.4009e+007	1381	908	39
5.4057e+007	1363	908	39
5.4107e+007	1374	908	38
5.4154e+007	1370	908	39
5.4202e+007	1374	908	39
5.4248e+007	1359	908	38
5.4297e+007	1373	908	39
5.4343e+007	1362	908	37
5.4392e+007	1372	908	38
5.4442e+007	1377	908	40
5.4491e+007	1384	908	39
5.4539e+007	1361	908	38
5.4586e+007	1381	908	39
5.4636e+007	1346	908	39
5.4683e+007	1380	908	38
5.4733e+007	1390	908	40
5.4782e+007	1383	908	40
5.4832e+007	1369	908	39
5.4879e+007	1385	908	38
5.4926e+007	1385	908	39
5.4976e+007	1350	908	38
5.5023e+007	1393	908	39
5.507e+007	1365	908	38
5.5117e+007	1378	908	39
5.5167e+007	1302	908	37
5.5214e+007	1380	908	38
5.5264e+007	1316	908	38
5.5312e+007	1365	908	40
5.5359e+007	1386	908	39
5.5407e+007	1378	908	39
5.5457e+007	1371	908	40
5.5507e+007	1382	908	39
5.5556e+007	1389	908	39
5.5603e+007	1361	908	37
5.5653e+007	1380	908	41
5.5703e+007	1352	908	38
5.5752e+007	1387	908	40
5.5801e+007	1370	908	39
5.5848e+007	1374	908	39
5.5896e+007	1378	908	38
5.5944e+007	1371	908	37
5.5991e+007	1365	908	38
5.604e+007	1388	908	39
5.6087e+007	1365	908	39
5.6134e+007	1366	908	39
5.6183e+007	1381	908	38
5.6233e+007	1397	908	40
5.6283e+007	1367	908	39
5.6331e+007	1362	908	39
5.638e+007	1383	908	40
5.643e+007	1363	908	38
5.6476e+007	1373	908	39
5.6525e+007	1385	908	39
5.6574e+007	1376	908	38
5.6624e+007	1364	908	39
5.6672e+007	1364	908	38
5.6707e+007	1380	908	31
5.6751e+007	1395	908	34
5.68e+007	1386	908	39
5.6847e+007	1367	908	38
5.6896e+007	1382	908	38
5.6943e+007	1360	908	37
5.6991e+007	1363	908	38
5.7034e+007	1375	908	38
5.7084e+007	1338	908	40
5.7132e+007	1370	908	37
5.7181e+007	1362	908	39
5.7228e+007	1370	908	39
5.7278e+007	1380	908	39
5.7328e+007	1323	908	39
5.7374e+007	1369	908	38
5.7422e+007	1384	908	38
5.747e+007	1399	908	38
5.752e+007	1355	908	38
5.7568e+007	1381	908	40
5.7617e+007	1378	908	39
5.7666e+007	1366	908	40
5.7715e+007	1396	908	39
5.7763e+007	1356	908	38
5.7808e+007	1363	908	39
5.7858e+007	1349	908	40
5.7907e+007	1383	908	39
5.7956e+007	1393	908	38
5.8006e+007	1340	908	39
5.8055e+007	1367	908	40
5.8105e+007	1341	908	39
5.8154e+007	1365	908	39
5.8204e+007	1399	908	40
5.8253e+007	1369	908	39
5.8302e+007	1373	908	38
5.8349e+007	1370	908	39
5.8398e+007	1355	908	39
5.8445e+007	1371	908	38
5.8494e+007	1385	908	39
5.8544e+007	1327	908	39
5.8592e+007	1394	908	39
5.8641e+007	1357	908	39
5.8687e+007	1371	908	37
5.8734e+007	1364	908	39
5.8784e+007	1379	908	39
5.8832e+007	1368	908	38
5.8877e+007	1359	908	37
5.8926e+007	1352	908	38
5.8975e+007	1397	908	39
5.9023e+007	1357	908	39
5.9069e+007	1353	908	38
5.9118e+007	1369	908	37
5.9166e+007	1364	908	39
5.9212e+007	1373	908	38
5.9262e+007	1350	908	39
5.9307e+007	1371	908	38
5.9355e+007	1366	908	38
5.9404e+007	1354	908	37
5.9452e+007	1382	908	39
5.9501e+007	1369	908	39
5.9549e+007	1378	908	39
5.9596e+007	1365	908	38
5.9645e+007	1368	908	38
5.969e+007	1366	908	38
5.9739e+007	1399	908	39
5.9787e+007	1363	908	38
5.9834e+007	1376	908	39
5.9884e+007	1345	908	39
5.9932e+007	1394	908	40
5.9982e+007	1368	908	39
6.0032e+007	1372	908	38
6.0081e+007	1376	908	40
6.0128e+007	1378	908	38
6.0177e+007	1372	908	39
6.0227e+007	1308	908	38
6.0274e+007	1388	908	38
6.0323e+007	1389	908	39
6.0373e+007	1342	908	38
6.0418e+007	1377	908	38
6.0464e+007	1365	908	38
6.0509e+007	1357	908	38
6.0559e+007	1324	908	39
6.0607e+007	1362	908	39
6.0655e+007	1368	908	38
6.0705e+007	1342	908	38
6.0755e+007	1397	908	39
6.0805e+007	1377	908	40
6.0855e+007	1292	908	38
6.09e+007	1385	908	38
6.095e+007	1351	908	39
6.0994e+007	1356	908	38
6.1043e+007	1390	908	39
6.1092e+007	1380	908	39
6.114e+007	1382	908	38
6.1188e+007	1366	908	38
6.1235e+007	1395	908	38
6.1281e+007	1376	908	39
6.1331e+007	1345	908	38
6.1379e+007	1370	908	38
6.1429e+007	1301	908	37
6.1475e+007	1370	908	38
6.1522e+007	1363	908	39
6.1569e+007	1366	908	39
6.1618e+007	1386	908	38
6.1663e+007	1358	908	37
6.1708e+007	1369	908	34
6.1749e+007	1385	908	32
6.1789e+007	1381	908	36
6.1839e+007	1389	908	40
6.1889e+007	1326	908	38
6.1937e+007	1378	908	39
6.1987e+007	1390	908	40
6.2037e+007	1372	908	39
6.2085e+007	1368	908	39
6.2135e+007	1315	908	38
6.2183e+007	1353	908	38
6.223e+007	1375	908	39
6.228e+007	1388	908	39
6.233e+007	1382	908	40
6.2378e+007	1392	908	39
6.2424e+007	1368	908	38
6.2474e+007	1347	908	39
6.2524e+007	1360	908	40
6.2573e+007	1356	908	40
6.2622e+007	1362	908	39
6.2669e+007	1386	908	39
6.2719e+007	1371	908	39
6.2764e+007	1359	908	37
6.2814e+007	1352	908	40
6.2864e+007	1387	908	39
6.2913e+007	1364	908	38
6.2962e+007	1383	908	40
6.3012e+007	1301	908	37
6.306e+007	1360	908	39
6.3105e+007	1367	908	39
6.3154e+007	1369	908	38
6.3204e+007	1373	908	39
6.325e+007	1370	908	39
6.3298e+007	1359	908	39
6.3348e+007	1385	908	40
6.3397e+007	1391	908	39
6.3447e+007	1362	908	39
6.3496e+007	1389	908	39
6.3546e+007	1394	908	40
6.3595e+007	1366	908	38
6.3638e+007	1360	908	36
6.3688e+007	1350	908	38
6.3735e+007	1363	908	38
6.3783e+007	1364	908	39
6.3829e+007	1366	908	38
6.3877e+007	1373	908	38
6.3927e+007	1291	908	38
6.3974e+007	1384	908	39
6.4023e+007	1359	908	39
6.4072e+007	1367	908	38
6.4121e+007	1358	908	39
6.4169e+007	1376	908	39
6.4216e+007	1392	908	39
6.4266e+007	1354	908	39
6.4314e+007	1372	908	38
6.4362e+007	1388	908	39
6.441e+007	1376	908	39
6.4457e+007	1406	908	38
6.4507e+007	1304	908	39
6.4553e+007	1364	908	38
6.4602e+007	1354	908	40
6.4651e+007	1375	908	39
6.4699e+007	1366	908	38
6.4748e+007	1375	908	38
6.4797e+007	1397	908	39
6.4845e+007	1368	908	38
6.4893e+007	1376	908	39
6.4941e+007	1378	908	38
6.4991e+007	1391	908	39
6.5041e+007	1341	908	39
6.5087e+007	1380	908	38
6.5134e+007	1359	908	38
6.5184e+007	1332	908	39
6.5228e+007	1375	908	39
6.5278e+007	1389	908	39
6.5327e+007	1364	908	39
6.5375e+007	1352	908	38
6.5423e+007	1371	908	38
6.5473e+007	1373	908	40
6.5522e+007	1379	908	39
6.5572e+007	1372	908	39
6.5621e+007	1370	908	39
6.567e+007	1359	908	39
6.5718e+007	1379	908	39
6.5768e+007	1351	908	39
6.5812e+007	1369	908	38
6.5859e+007	1363	908	38
6.5908e+007	1370	908	39
6.5953e+007	1360	908	37
6.6001e+007	1359	908	39
6.605e+007	1375	908	39
6.61e+007	1382	908	39
6.6149e+007	1371	908	38
6.6199e+007	1383	908	39
6.6246e+007	1394	908	38
6.6296e+007	1383	908	39
6.6339e+007	1368	908	37
6.6387e+007	1368	908	39
6.6437e+007	1380	908	39
6.6486e+007	1373	908	39
6.6532e+007	1366	908	39
6.6581e+007	1389	908	38
6.6628e+007	1382	908	38
6.6676e+007	1382	908	39
6.6723e+007	1400	908	36
6.6767e+007	1383	908	33
6.6807e+007	1414	908	36
6.6857e+007	1384	908	39
6.6907e+007	1351	908	40
6.6955e+007	1372	908	38
6.7003e+007	1359	908	39
6.7052e+007	1376	908	39
6.7098e+007	1374	908	37
6.7148e+007	1348	908	39
6.7197e+007	1385	908	39
6.7247e+007	1380	908	38
6.7296e+007	1383	908	39
6.7342e+007	1366	908	38
6.7392e+007	1332	908	38
6.7439e+007	1357	908	39
6.7485e+007	1361	908	38
6.7533e+007	1383	908	39
6.7582e+007	1364	908	39
6.7628e+007	1380	908	39
6.7678e+007	1274	908	37
6.7726e+007	1381	908	39
6.7775e+007	1378	908	38
6.782e+007	1369	908	38
6.7869e+007	1388	908	39
6.7918e+007	1385	908	38
6.7967e+007	1361	908	38
6.8012e+007	1376	908	38
6.8057e+007	1360	908	37
6.8105e+007	1367	908	38
6.8154e+007	1374	908	40
6.8203e+007	1359	908	39
6.8253e+007	1361	908	39
6.8302e+007	1369	908	38
6.8352e+007	1394	908	39
6.8401e+007	1388	908	39
6.845e+007	1400	908	39
6.8498e+007	1354	908	39
6.8545e+007	1359	908	38
6.8592e+007	1360	908	38
6.8641e+007	1375	908	38
6.8686e+007	1369	908	39
6.8736e+007	1364	908	40
6.878e+007	1371	908	38
6.883e+007	1274	908	37
6.8878e+007	1374	908	39
6.8928e+007	1371	908	38
6.8978e+007	1367	908	39
6.9025e+007	1390	908	38
6.9073e+007	1381	908	39
6.9121e+007	1369	908	38
6.9171e+007	1372	908	39
6.9216e+007	1384	908	39
6.9265e+007	1361	908	39
6.9312e+007	1381	908	39
6.9361e+007	1390	908	39
6.9411e+007	1331	908	39
6.9459e+007	1362	908	38
6.9508e+007	1383	908	39
6.9556e+007	1359	908	39
6.9604e+007	1378	908	39
6.9653e+007	1371	908	38
6.9703e+007	1358	908	38
6.9749e+007	1388	908	39
6.9799e+007	1383	908	40
6.9849e+007	1340	908	38
6.9897e+007	1377	908	39
6.9938e+007	1363	908	37
6.9987e+007	1376	908	40
7.0035e+007	1364	908	38
7.0084e+007	1366	908	38
7.0132e+007	1365	908	38
7.0182e+007	1273	908	38
7.0231e+007	1363	908	38
7.028e+007	1384	908	39
7.0327e+007	1396	908	38
7.0376e+007	1370	908	38
7.0422e+007	1366	908	38
7.0472e+007	1369	908	40
7.052e+007	1375	908	39
7.0563e+007	1381	908	37
7.0609e+007	1358	908	37
7.0657e+007	1368	908	38
7.0706e+007	1365	908	39
7.0756e+007	1366	908	39
7.0805e+007	1378	908	40
7.0854e+007	1358	908	39
7.0904e+007	1384	908	39
7.0954e+007	1280	908	37
7.1e+007	1366	908	38
7.105e+007	1341	908	39
7.1098e+007	1378	908	39
7.1148e+007	1374	908	40
7.1198e+007	1343	908	39
7.1241e+007	1358	908	38
7.1291e+007	1382	908	40
7.1337e+007	1362	908	38
7.1383e+007	1367	908	37
7.1432e+007	1378	908	39
7.1481e+007	1376	908	38
7.1531e+007	1342	908	39
7.158e+007	1394	908	39
7.1629e+007	1350	908	39
7.1678e+007	1399	908	38
7.1723e+007	1370	908	36
7.176e+007	1390	908	34
7.1806e+007	1381	908	35
7.1856e+007	1375	908	39
7.1905e+007	1389	908	39
7.1954e+007	1385	908	40
7.2004e+007	1392	908	39
7.2053e+007	1379	908	39
7.2103e+007	1383	908	39
7.2153e+007	1353	908	39
7.2198e+007	1353	908	38
7.2248e+007	1303	908	38
7.2291e+007	1370	908	39
7.2339e+007	1380	908	38
7.2387e+007	1373	908	39
7.2437e+007	1330	908	39
7.2481e+007	1362	908	39
7.2531e+007	1364	908	39
7.2581e+007	1386	908	39
7.263e+007	1356	908	38
7.2678e+007	1375	908	39
7.2728e+007	1337	908	38
7.2777e+007	1380	908	39
7.2827e+007	1328	908	39
7.2876e+007	1357	908	38
7.2924e+007	1390	908	38
7.2968e+007	1354	908	37
7.3014e+007	1377	908	39
7.3062e+007	1393	908	39
7.3112e+007	1368	908	40
7.316e+007	1361	908	39
7.3209e+007	1362	908	39
7.3259e+007	1365	908	39
7.3306e+007	1360	908	39
7.3355e+007	1376	908	38
7.3402e+007	1376	908	39
7.3452e+007	1354	908	38
7.3502e+007	1368	908	39
7.3552e+007	1385	908	40
7.3601e+007	1375	908	38
7.3651e+007	1363	908	40
7.37e+007	1392	908	39
7.375e+007	1339	908	40
7.3795e+007	1358	908	38
7.3845e+007	1341	908	38
7.3891e+007	1394	908	39
7.3939e+007	1369	908	38
7.3982e+007	1380	908	38
7.4032e+007	1332	908	38
7.4079e+007	1369	908	38
7.4129e+007	1329	908	39
7.4177e+007	1400	908	40
7.4226e+007	1362	908	37
7.4275e+007	1389	908	39
7.4323e+007	1388	908	38
7.437e+007	1355	908	38
7.442e+007	1387	908	40
7.4468e+007	1364	908	38
7.4517e+007	1386	908	39
7.4563e+007	1374	908	38
7.4611e+007	1358	908	38
7.4658e+007	1372	908	38
7.4705e+007	1365	908	38
7.4755e+007	1319	908	38
7.4802e+007	1373	908	39
7.4851e+007	1389	908	39
7.4901e+007	1348	908	39
7.495e+007	1377	908	39
7.5e+007	1350	908	38
7.5048e+007	1396	908	40
7.5095e+007	1374	908	39
7.5142e+007	1367	908	38
7.5191e+007	1369	908	38
7.524e+007	1388	908	39
7.5289e+007	1377	908	39
7.5339e+007	1348	908	39
7.5384e+007	1354	908	39
7.5433e+007	1383	908	39
7.5483e+007	1377	908	40
7.5533e+007	1320	908	38
7.558e+007	1374	908	38
7.5628e+007	1370	908	38
7.5678e+007	1360	908	39
7.5727e+007	1390	908	40
7.5777e+007	1369	908	39
7.5827e+007	1347	908	39
7.5875e+007	1387	908	39
7.5924e+007	1382	908	39
7.5971e+007	1375	908	39
7.6018e+007	1363	908	39
7.6068e+007	1361	908	39
7.6114e+007	1375	908	39
7.6164e+007	1329	908	38
7.6209e+007	1371	908	38
7.6259e+007	1333	908	38
7.6307e+007	1369	908	38
7.6356e+007	1360	908	39
7.6405e+007	1398	908	39
7.6454e+007	1362	908	38
7.6502e+007	1364	908	39
7.6551e+007	1389	908	40
7.6601e+007	1358	908	39
7.6651e+007	1401	908	39
7.6701e+007	1360	908	39
7.6738e+007	1388	908	35
7.678e+007	1407	908	33
7.683e+007	1417	908	38
7.6879e+007	1360	908	38
7.6929e+007	1368	908	39
7.6979e+007	1360	908	39
7.7026e+007	1372	908	39
7.7074e+007	1380	908	39
7.7117e+007	1392	908	39
7.7167e+007	1360	908	39
7.7216e+007	1388	908	39
7.7266e+007	1372	908	39
7.7312e+007	1367	908	38
7.7362e+007	1369	908	39
7.7412e+007	1349	908	40
7.7461e+007	1404	908	39
7.7509e+007	1375	908	38
7.7558e+007	1376	908	39
7.7607e+007	1378	908	39
7.7655e+007	1375	908	39
7.7705e+007	1372	908	38
7.7754e+007	1350	908	39
7.78e+007	1363	908	37
7.7844e+007	1369	908	38
7.7894e+007	1314	908	39
7.794e+007	1368	908	39
7.799e+007	1361	908	39
7.804e+007	1375	908	39
7.809e+007	1316	908	38
7.8135e+007	1380	908	37
7.8183e+007	1373	908	38
7.8233e+007	1344	908	39
7.8281e+007	1384	908	39
7.8329e+007	1363	908	39
7.8377e+007	1360	908	38
7.8427e+007	1375	908	39
7.8473e+007	1363	908	38
7.852e+007	1384	908	39
7.857e+007	1352	908	39
7.8619e+007	1369	908	38
7.8664e+007	1375	908	38
7.8714e+007	1386	908	39
7.8763e+007	1389	908	39
7.8809e+007	1354	908	38
7.8859e+007	1346	908	39
7.8908e+007	1374	908	39
7.8958e+007	1318	908	39
7.9006e+007	1381	908	39
7.9056e+007	1344	908	39
7.9106e+007	1359	908	39
7.9154e+007	1374	908	39
7.9203e+007	1372	908	38
7.9248e+007	1369	908	38
7.9293e+007	1362	908	38
7.9341e+007	1380	908	38
7.9389e+007	1369	908	38
7.9438e+007	1357	908	39
7.9488e+007	1344	908	38
7.9533e+007	1385	908	38
7.958e+007	1360	908	38
7.963e+007	1353	908	40
7.968e+007	1378	908	39
7.9726e+007	1395	908	38
7.9774e+007	1381	908	39
7.9824e+007	1352	908	38
7.9873e+007	1384	908	38
7.992e+007	1396	908	39
7.9966e+007	1378	908	39
8.0014e+007	1376	908	38
8.0062e+007	1374	908	38
8.0111e+007	1385	908	38
8.0158e+007	1396	908	38
8.0207e+007	1383	908	38
8.0257e+007	1338	908	39
8.0303e+007	1358	908	38
8.0346e+007	1376	908	38
8.0396e+007	1305	908	37
8.0442e+007	1352	908	38
8.0489e+007	1375	908	37
8.0539e+007	1343	908	38
8.0588e+007	1375	908	39
8.0636e+007	1360	908	39
8.0686e+007	1326	908	38
8.0731e+007	1385	908	38
8.078e+007	1393	908	39
8.0827e+007	1380	908	39
8.0871e+007	1360	908	37
8.0921e+007	1359	908	39
8.0971e+007	1360	908	38
8.1018e+007	1357	908	39
8.1066e+007	1363	908	37
8.1115e+007	1383	908	38
8.1163e+007	1393	908	39
8.1211e+007	1385	908	38
8.1255e+007	1364	908	38
8.1303e+007	1367	908	38
8.135e+007	1382	908	39
8.1399e+007	1369	908	38
8.1447e+007	1361	908	39
8.1496e+007	1379	908	40
8.1546e+007	1392	908	39
8.1596e+007	1378	908	39
8.1645e+007	1380	908	40
8.1695e+007	1370	908	40
8.1743e+007	1380	908	36
8.1779e+007	1383	908	32
8.1822e+007	1352	908	35
8.1871e+007	1365	908	37
8.192e+007	1384	908	39
8.197e+007	1390	908	40
8.2019e+007	1368	908	39
8.2068e+007	1378	908	39
8.2118e+007	1353	908	39
8.2168e+007	1376	908	40
8.2217e+007	1361	908	39
8.2265e+007	1374	908	39
8.2314e+007	1387	908	39
8.2363e+007	1387	908	39
8.2406e+007	1383	908	38
8.2455e+007	1386	908	39
8.2505e+007	1346	908	38
8.2554e+007	1362	908	39
8.2604e+007	1366	908	39
8.2654e+007	1356	908	40
8.27e+007	1364	908	38
8.2746e+007	1387	908	37
8.2796e+007	1375	908	40
8.2844e+007	1365	908	38
8.2893e+007	1393	908	38
8.2942e+007	1358	908	39
8.2991e+007	1365	908	39
8.3041e+007	1361	908	39
8.309e+007	1381	908	39
8.3139e+007	1368	908	39
8.3185e+007	1394	908	39
8.3231e+007	1361	908	38
8.3281e+007	1366	908	39
8.3329e+007	1384	908	39
8.3379e+007	1389	908	39
8.3422e+007	1387	908	37
8.3471e+007	1357	908	39
8.352e+007	1388	908	39
8.3568e+007	1380	908	38
8.3616e+007	1378	908	38
8.3665e+007	1364	908	38
8.3714e+007	1383	908	39
8.3763e+007	1388	908	39
8.3812e+007	1375	908	38
8.3858e+007	1362	908	38
8.3908e+007	1350	908	39
8.3956e+007	1369	908	39
8.4002e+007	1376	908	39
8.4052e+007	1309	908	38
8.4096e+007	1375	908	39
8.4146e+007	1350	908	38
8.4192e+007	1371	908	38
8.4242e+007	1344	908	39
8.4292e+007	1339	908	39
8.4342e+007	1360	908	39
8.4389e+007	1386	908	39
8.4438e+007	1374	908	39
8.4484e+007	1373	908	39
8.4534e+007	1390	908	39
8.4583e+007	1367	908	38
8.4633e+007	1390	908	39
8.4683e+007	1323	908	38
8.4729e+007	1356	908	38
8.4775e+007	1380	908	39
8.4821e+007	1382	908	38
8.487e+007	1387	908	39
8.4919e+007	1373	908	38
8.4965e+007	1360	908	37
8.5012e+007	1384	908	38
8.5062e+007	1363	908	39
8.5112e+007	1302	908	38
8.5159e+007	1363	908	39
8.5208e+007	1392	908	39
8.5258e+007	1368	908	39
8.5306e+007	1378	908	38
8.5356e+007	1384	908	40
8.5405e+007	1366	908	39
8.5454e+007	1370	908	39
8.5497e+007	1367	908	39
8.5543e+007	1364	908	37
8.5593e+007	1358	908	39
8.5642e+007	1369	908	39
8.5692e+007	1354	908	38
8.5739e+007	1391	908	38
8.5789e+007	1367	908	38
8.5833e+007	1356	908	37
8.5883e+007	1302	908	37
8.5928e+007	1385	908	38
8.5971e+007	1390	908	39
8.6021e+007	1332	908	38
8.6068e+007	1369	908	38
8.6117e+007	1369	908	38
8.6164e+007	1364	908	38
8.6213e+007	1386	908	39
8.6263e+007	1286	908	38
8.6312e+007	1377	908	39
8.6362e+007	1372	908	39
8.6411e+007	1375	908	39
8.6456e+007	1372	908	39
8.6506e+007	1328	908	38
8.6553e+007	1365	908	38
8.6603e+007	1336	908	40
8.665e+007	1354	908	39
8.6699e+007	1360	908	39
8.6745e+007	1369	908	36
8.6787e+007	1388	908	32
8.6827e+007	1376	908	34
8.6872e+007	1373	908	38
8.6922e+007	1373	908	38
8.697e+007	1386	908	39
8.7019e+007	1390	908	39
8.7069e+007	1387	908	40
8.7118e+007	1363	908	39
8.7167e+007	1374	908	39
8.7216e+007	1390	908	39
8.7265e+007	1371	908	39
8.7314e+007	1364	908	38
8.7361e+007	1364	908	38
8.7411e+007	1323	908	38
8.7456e+007	1374	908	39
8.7502e+007	1381	908	37
8.7549e+007	1372	908	38
8.7598e+007	1363	908	38
8.7647e+007	1380	908	40
8.7696e+007	1381	908	39
8.7744e+007	1371	908	39
8.7794e+007	1380	908	39
8.7841e+007	1359	908	38
8.7891e+007	1350	908	38
8.794e+007	1369	908	39
8.7988e+007	1372	908	39
8.8038e+007	1314	908	38
8.8083e+007	1366	908	40
8.8133e+007	1339	908	39
8.818e+007	1368	908	38
8.8226e+007	1367	908	38
8.8275e+007	1373	908	39
8.8324e+007	1384	908	40
8.8372e+007	1362	908	38
8.8422e+007	1331	908	39
8.847e+007	1392	908	38
8.8519e+007	1385	908	39
8.8569e+007	1321	908	38
8.8617e+007	1358	908	40
8.8667e+007	1336	908	39
8.8715e+007	1379	908	39
8.8763e+007	1388	908	39
8.8813e+007	1382	908	39
8.8861e+007	1367	908	38
8.8908e+007	1356	908	38
8.8957e+007	1375	908	39
8.9e+007	1387	908	38
8.9045e+007	1386	908	38
8.9095e+007	1355	908	39
8.9144e+007	1390	908	40
8.9194e+007	1344	908	38
8.9244e+007	1310	908	39
8.9294e+007	1341	908	39
8.9343e+007	1384	908	39
8.9392e+007	1391	908	39
8.9439e+007	1374	908	38
8.9487e+007	1351	908	38
8.9536e+007	1377	908	40
8.9586e+007	1376	908	40
8.9636e+007	1372	908	39
8.9685e+007	1353	908	38
8.9735e+007	1355	908	39
8.978e+007	1370	908	39
8.9826e+007	1361	908	38
8.9873e+007	1390	908	38
8.9919e+007	1356	908	38
8.9968e+007	1362	908	39
9.0018e+007	1373	908	39
9.0067e+007	1367	908	38
9.0116e+007	1383	908	39
9.0166e+007	1344	908	39
9.0216e+007	1370	908	39
9.0264e+007	1379	908	38
9.0312e+007	1363	908	39
9.0361e+007	1370	908	40
9.0411e+007	1369	908	39
9.0458e+007	1364	908	38
9.0507e+007	1354	908	39
9.0551e+007	1370	908	38
9.0601e+007	1323	908	39
9.0647e+007	1368	908	39
9.0695e+007	1366	908	38
9.0745e+007	1355	908	39
9.0792e+007	1390	908	38
9.0842e+007	1387	908	40
9.0892e+007	1312	908	38
9.0941e+007	1378	908	40
9.0989e+007	1389	908	39
9.1039e+007	1304	908	37
9.1085e+007	1364	908	39
9.1133e+007	1387	908	39
9.1182e+007	1381	908	38
9.123e+007	1364	908	38
9.128e+007	1390	908	40
9.1324e+007	1386	908	39
9.1374e+007	1333	908	39
9.1421e+007	1377	908	39
9.1471e+007	1348	908	39
9.152e+007	1379	908	39
9.157e+007	1392	908	39
9.1618e+007	1351	908	38
9.1666e+007	1360	908	38
9.1715e+007	1363	908	38
9.176e+007	1388	908	37
9.1799e+007	1367	908	33
9.1842e+007	1384	908	33
9.1891e+007	1359	908	37
9.194e+007	1385	908	40
9.1989e+007	1399	908	40
9.2039e+007	1371	908	39
9.2088e+007	1375	908	39
9.2132e+007	1369	908	38
9.2182e+007	1361	908	39
9.2231e+007	1382	908	39
9.2278e+007	1385	908	38
9.2327e+007	1373	908	39
9.2371e+007	1367	908	38
9.2421e+007	1368	908	39
9.2471e+007	1342	908	39
9.252e+007	1366	908	39
9.257e+007	1341	908	39
9.2618e+007	1370	908	39
9.2667e+007	1374	908	39
9.2717e+007	1336	908	39
9.2765e+007	1384	908	39
9.2815e+007	1345	908	39
9.2861e+007	1373	908	38
9.2911e+007	1345	908	40
9.296e+007	1362	908	38
9.3009e+007	1363	908	39
9.3057e+007	1375	908	39
9.3106e+007	1365	908	39
9.3152e+007	1399	908	39
9.3199e+007	1373	908	39
9.3246e+007	1384	908	37
9.3296e+007	1356	908	38
9.3345e+007	1396	908	40
9.3395e+007	1306	908	38
9.3442e+007	1361	908	39
9.349e+007	1373	908	39
9.3539e+007	1369	908	39
9.3588e+007	1371	908	39
9.3636e+007	1370	908	38
9.3686e+007	1342	908	39
9.3732e+007	1353	908	39
9.3782e+007	1360	908	39
9.3829e+007	1367	908	38
9.3876e+007	1379	908	38
9.3925e+007	1391	908	39
9.3973e+007	1362	908	38
9.4023e+007	1366	908	40
9.4073e+007	1342	908	39
9.412e+007	1389	908	39
9.4168e+007	1362	908	39
9.4217e+007	1376	908	39
9.4267e+007	1350	908	39
9.4316e+007	1374	908	39
9.4365e+007	1390	908	39
9.4415e+007	1340	908	38
9.4462e+007	1384	908	40
9.4511e+007	1392	908	39
9.4558e+007	1390	908	38
9.4602e+007	1367	908	38
9.4651e+007	1391	908	38
9.47e+007	1351	908	37
9.4749e+007	1369	908	40
9.4799e+007	1382	908	39
9.4845e+007	1356	908	38
9.4893e+007	1354	908	39
9.4942e+007	1378	908	39
9.4991e+007	1380	908	38
9.5041e+007	1367	908	39
9.509e+007	1397	908	40
9.5139e+007	1364	908	38
9.5184e+007	1368	908	38
9.5228e+007	1350	908	38
9.5277e+007	1365	908	38
9.5326e+007	1397	908	39
9.5376e+007	1369	908	39
9.5425e+007	1380	908	39
9.5473e+007	1382	908	39
9.5523e+007	1296	908	38
9.5568e+007	1370	908	39
9.5618e+007	1383	908	40
9.5666e+007	1370	908	38
9.5716e+007	1365	908	38
9.5764e+007	1366	908	38
9.5813e+007	1358	908	38
9.5859e+007	1372	908	39
9.5904e+007	1399	908	38
9.5953e+007	1392	908	39
9.6002e+007	1356	908	39
9.6051e+007	1378	908	39
9.6099e+007	1362	908	38
9.6147e+007	1365	908	37
9.6197e+007	1329	908	39
9.6247e+007	1330	908	40
9.6293e+007	1361	908	38
9.634e+007	1395	908	38
9.639e+007	1312	908	39
9.6438e+007	1389	908	38
9.6488e+007	1361	908	40
9.6537e+007	1381	908	39
9.6581e+007	1379	908	39
9.6629e+007	1392	908	38
9.6679e+007	1359	908	38
9.6725e+007	1373	908	37
9.6772e+007	1377	908	37
9.6814e+007	1421	908	34
9.6856e+007	1374	908	35
9.6903e+007	1390	908	38
9.6952e+007	1364	908	39
9.7e+007	1367	908	39
9.705e+007	1338	908	37
9.7099e+007	1377	908	39
9.7149e+007	1385	908	40
9.7198e+007	1380	908	38
9.7248e+007	1348	908	39
9.7295e+007	1389	908	39
9.7343e+007	1367	908	38
9.7388e+007	1377	908	38
9.7437e+007	1363	908	38
9.7487e+007	1348	908	39
9.7533e+007	1375	908	39
9.7579e+007	1390	908	39
9.7627e+007	1371	908	38
9.7675e+007	1370	908	38
9.7723e+007	1376	908	38
9.7773e+007	1333	908	39
9.7823e+007	1372	908	38
9.787e+007	1378	908	39
9.792e+007	1360	908	39
9.797e+007	1360	908	38
9.8017e+007	1373	908	39
9.8067e+007	1331	908	39
9.8112e+007	1380	908	39
9.8159e+007	1383	908	38
9.8203e+007	1394	908	39
9.8253e+007	1388	908	39
9.8302e+007	1352	908	39
9.835e+007	1376	908	38
9.84e+007	1390	908	39
9.8448e+007	1369	908	38
9.8498e+007	1317	908	39
9.8548e+007	1350	908	39
9.8597e+007	1388	908	38
9.8646e+007	1375	908	39
9.8693e+007	1390	908	39
9.8739e+007	1365	908	38
9.8787e+007	1401	908	39
9.8836e+007	1397	908	39
9.8882e+007	1372	908	37
9.8931e+007	1382	908	39
9.8976e+007	1368	908	38
9.9025e+007	1373	908	38
9.9075e+007	1370	908	37
9.9124e+007	1382	908	39
9.9173e+007	1391	908	39
9.9221e+007	1370	908	39
9.927e+007	1388	908	39
9.9317e+007	1385	908	39
9.9365e+007	1358	908	38
9.9415e+007	1360	908	39
9.9462e+007	1385	908	38
9.9506e+007	1362	908	39
9.9556e+007	1310	908	39
9.9604e+007	1371	908	38
9.9654e+007	1350	908	39
9.9701e+007	1393	908	39
9.975e+007	1370	908	38
9.9798e+007	1359	908	38
9.9847e+007	1372	908	39
9.9896e+007	1393	908	38
9.9946e+007	1370	908	39
9.9996e+007	1370	908	39
1.0004e+008	1380	908	39
1.0009e+008	1390	908	38
1.0014e+008	1387	908	38
1.0018e+008	1371	908	39
1.0023e+008	1375	908	39
1.0028e+008	1379	908	38
1.0033e+008	1384	908	39
1.0038e+008	1367	908	39
1.0042e+008	1372	908	38
1.0047e+008	1379	908	39
1.0052e+008	1365	908	37
1.0057e+008	1378	908	39
1.0062e+008	1383	908	38
1.0067e+008	1392	908	39
1.0072e+008	1388	908	38
1.0076e+008	1383	908	38
1.0081e+008	1359	908	38
1.0085e+008	1380	908	38
1.009e+008	1381	908	39
1.0095e+008	1375	908	38
1.01e+008	1388	908	38
1.0105e+008	1305	908	38
1.011e+008	1365	908	38
1.0115e+008	1367	908	39
1.0119e+008	1365	908	38
1.0124e+008	1369	908	38
1.0129e+008	1365	908	38
1.0134e+008	1389	908	40
1.0138e+008	1367	908	38
1.0143e+008	1314	908	38
1.0148e+008	1369	908	39
1.0152e+008	1365	908	38
1.0157e+008	1355	908	39
1.0162e+008	1394	908	38
1.0167e+008	1375	908	40
1.0172e+008	1364	908	39
1.0177e+008	1394	908	38
1.0181e+008	1365	908	34
1.0186e+008	1396	908	35
1.019e+008	1376	908	35
1.0195e+008	1398	908	39
1.02e+008	1371	908	38
1.0205e+008	1373	908	39
1.0209e+008	1365	908	39
1.0214e+008	1371	908	39
1.0219e+008	1369	908	40
1.0224e+008	1358	908	37
1.0229e+008	1391	908	39
1.0234e+008	1382	908	39
1.0238e+008	1379	908	39
1.0243e+008	1388	908	39
1.0248e+008	1352	908	39
1.0253e+008	1388	908	39
1.0258e+008	1350	908	39
1.0263e+008	1360	908	40
1.0268e+008	1375	908	39
1.0273e+008	1385	908	39
1.0277e+008	1371	908	38
1.0282e+008	1361	908	38
1.0287e+008	1274	908	38
1.0292e+008	1371	908	39
1.0297e+008	1357	908	39
1.0302e+008	1377	908	39
1.0307e+008	1331	908	39
1.0312e+008	1377	908	40
1.0316e+008	1373	908	38
1.0321e+008	1360	908	38
1.0326e+008	1382	908	38
1.0331e+008	1392	908	39
1.0335e+008	1390	908	38
1.034e+008	1368	908	38
1.0345e+008	1369	908	39
1.035e+008	1373	908	38
1.0355e+008	1365	908	38
1.036e+008	1328	908	39
1.0364e+008	1382	908	38
1.0369e+008	1377	908	39
1.0374e+008	1386	908	39
1.0379e+008	1389	908	38
1.0384e+008	1308	908	38
1.0388e+008	1379	908	39
1.0393e+008	1364	908	38
1.0398e+008	1371	908	39
1.0403e+008	1369	908	39
1.0408e+008	1358	908	39
1.0413e+008	1367	908	39
1.0417e+008	1366	908	39
1.0422e+008	1355	908	38
1.0427e+008	1365	908	38
1.0432e+008	1352	908	39
1.0436e+008	1401	908	39
1.0441e+008	1391	908	39
1.0446e+008	1378	908	39
1.0451e+008	1376	908	38
1.0456e+008	1303	908	38
1.0461e+008	1360	908	39
1.0466e+008	1354	908	39
1.0471e+008	1369	908	39
1.0475e+008	1378	908	40
1.048e+008	1374	908	39
1.0485e+008	1386	908	40
1.049e+008	1383	908	39
1.0495e+008	1301	908	37
1.05e+008	1359	908	40
1.0505e+008	1394	908	39
1.051e+008	1391	908	39
1.0514e+008	1385	908	38
1.0519e+008	1377	908	38
1.0524e+008	1398	908	39
1.0529e+008	1358	908	38
1.0534e+008	1356	908	40
1.0538e+008	1373	908	38
1.0543e+008	1352	908	38
1.0548e+008	1385	908	39
1.0553e+008	1392	908	39
1.0558e+008	1373	908	40
1.0563e+008	1360	908	37
1.0567e+008	1380	908	38
1.0572e+008	1353	908	38
1.0577e+008	1361	908	39
1.0582e+008	1371	908	38
1.0586e+008	1362	908	39
1.0591e+008	1341	908	39
1.0596e+008	1373	908	39
1.0601e+008	1389	908	38
1.0606e+008	1359	908	39
1.0611e+008	1383	908	40
1.0616e+008	1364	908	38
1.0621e+008	1364	908	38
1.0625e+008	1392	908	40
1.063e+008	1387	908	39
1.0635e+008	1378	908	39
1.064e+008	1373	908	38
1.0645e+008	1376	908	39
1.065e+008	1382	908	38
1.0655e+008	1380	908	39
1.066e+008	1395	908	39
1.0664e+008	1367	908	37
1.0669e+008	1373	908	39
1.0674e+008	1374	908	39
1.0679e+008	1374	908	39
1.0683e+008	1408	908	33
1.0687e+008	1360	908	34
1.0691e+008	1366	908	37
1.0696e+008	1363	908	39
1.0701e+008	1361	908	38
1.0706e+008	1370	908	39
1.0711e+008	1371	908	39
1.0716e+008	1374	908	39
1.0721e+008	1373	908	38
1.0726e+008	1342	908	39
1.0731e+008	1368	908	38
1.0736e+008	1383	908	40
1.074e+008	1359	908	39
1.0745e+008	1364	908	39
1.075e+008	1371	908	39
1.0755e+008	1379	908	39
1.0759e+008	1369	908	39
1.0764e+008	1369	908	38
1.0769e+008	1365	908	38
1.0774e+008	1356	908	39
1.0779e+008	1391	908	40
1.0784e+008	1366	908	39
1.0789e+008	1364	908	39
1.0794e+008	1383	908	39
1.0799e+008	1362	908	38
1.0804e+008	1371	908	39
1.0808e+008	1369	908	39
1.0813e+008	1372	908	38
1.0818e+008	1372	908	38
1.0823e+008	1388	908	39
1.0828e+008	1363	908	40
1.0832e+008	1377	908	38
1.0837e+008	1377	908	39
1.0842e+008	1360	908	37
1.0846e+008	1374	908	38
1.0851e+008	1382	908	38
1.0856e+008	1384	908	39
1.0861e+008	1361	908	38
1.0866e+008	1365	908	39
1.0871e+008	1374	908	39
1.0876e+008	1367	908	38
1.0881e+008	1366	908	39
1.0885e+008	1386	908	38
1.089e+008	1356	908	38
1.0894e+008	1381	908	39
1.0899e+008	1369	908	38
1.0904e+008	1380	908	37
1.0909e+008	1359	908	38
1.0913e+008	1360	908	38
1.0918e+008	1368	908	39
1.0923e+008	1365	908	40
1.0928e+008	1380	908	39
1.0933e+008	1355	908	38
1.0938e+008	1375	908	38
1.0943e+008	1376	908	38
1.0947e+008	1376	908	39
1.0952e+008	1367	908	39
1.0957e+008	1383	908	39
1.0962e+008	1399	908	38
1.0966e+008	1367	908	37
1.0971e+008	1372	908	38
1.0976e+008	1343	908	38
1.0981e+008	1377	908	38
1.0986e+008	1384	908	40
1.0991e+008	1356	908	38
1.0995e+008	1390	908	38
1.1e+008	1386	908	38
1.1005e+008	1371	908	39
1.101e+008	1388	908	39
1.1015e+008	1358	908	40
1.1019e+008	1356	908	38
1.1024e+008	1343	908	39
1.1029e+008	1375	908	39
1.1034e+008	1367	908	39
1.1039e+008	1380	908	38
1.1044e+008	1391	908	39
1.1049e+008	1353	908	38
1.1053e+008	1355	908	38
1.1058e+008	1375	908	39
1.1063e+008	1356	908	39
1.1068e+008	1378	908	39
1.1073e+008	1375	908	39
1.1078e+008	1359	908	39
1.1083e+008	1397	908	40
1.1087e+008	1362	908	38
1.1092e+008	1395	908	39
1.1097e+008	1368	908	39
1.1102e+008	1371	908	38
1.1107e+008	1387	908	40
1.1111e+008	1378	908	38
1.1116e+008	1380	908	40
1.1121e+008	1376	908	39
1.1126e+008	1361	908	38
1.1131e+008	1359	908	38
1.1136e+008	1386	908	39
1.1141e+008	1361	908	39
1.1145e+008	1374	908	38
1.115e+008	1358	908	40
1.1155e+008	1350	908	39
1.116e+008	1387	908	39
1.1165e+008	1362	908	38
1.117e+008	1387	908	38
1.1175e+008	1374	908	39
1.1179e+008	1372	908	38
1.1183e+008	1378	908	33
1.1188e+008	1386	908	35
1.1192e+008	1391	908	36
1.1197e+008	1365	908	39
1.1202e+008	1352	908	38
1.1207e+008	1397	908	40
1.1212e+008	1371	908	39
1.1217e+008	1374	908	39
1.1221e+008	1377	908	39
1.1226e+008	1365	908	39
1.1231e+008	1376	908	39
1.1236e+008	1362	908	39
1.1241e+008	1378	908	39
1.1246e+008	1389	908	39
1.1251e+008	1380	908	39
1.1256e+008	1361	908	39
1.1261e+008	1372	908	40
1.1266e+008	1326	908	38
1.127e+008	1366	908	38
1.1275e+008	1385	908	39
1.128e+008	1383	908	39
1.1285e+008	1358	908	38
1.1289e+008	1359	908	37
1.1294e+008	1360	908	38
1.1299e+008	1312	908	39
1.1304e+008	1377	908	38
1.1309e+008	1375	908	38
1.1313e+008	1371	908	38
1.1318e+008	1356	908	39
1.1323e+008	1384	908	38
1.1327e+008	1379	908	37
1.1332e+008	1356	908	39
1.1337e+008	1363	908	39
1.1342e+008	1365	908	38
1.1347e+008	1364	908	38
1.1352e+008	1372	908	39
1.1356e+008	1374	908	38
1.1361e+008	1375	908	39
1.1366e+008	1371	908	39
1.1371e+008	1387	908	39
1.1376e+008	1374	908	38
1.138e+008	1370	908	39
1.1385e+008	1368	908	39
1.139e+008	1378	908	39
1.1395e+008	1367	908	39
1.14e+008	1375	908	39
1.1405e+008	1386	908	40
1.141e+008	1360	908	38
1.1415e+008	1376	908	39
1.1419e+008	1359	908	38
1.1424e+008	1363	908	39
1.1429e+008	1360	908	38
1.1434e+008	1333	908	39
1.1439e+008	1386	908	39
1.1444e+008	1353	908	38
1.1449e+008	1379	908	39
1.1453e+008	1386	908	39
1.1458e+008	1366	908	38
1.1463e+008	1396	908	38
1.1468e+008	1368	908	38
1.1473e+008	1353	908	39
1.1477e+008	1370	908	40
1.1482e+008	1377	908	39
1.1487e+008	1333	908	39
1.1492e+008	1360	908	38
1.1497e+008	1398	908	40
1.1502e+008	1378	908	39
1.1507e+008	1373	908	39
1.1512e+008	1369	908	38
1.1516e+008	1367	908	38
1.1521e+008	1380	908	39
1.1526e+008	1385	908	38
1.1531e+008	1380	908	38
1.1535e+008	1375	908	38
1.154e+008	1393	908	39
1.1545e+008	1373	908	39
1.155e+008	1381	908	39
1.1555e+008	1371	908	38
1.1559e+008	1381	908	39
1.1564e+008	1381	908	38
1.1569e+008	1383	908	38
1.1574e+008	1369	908	38
1.1579e+008	1377	908	38
1.1583e+008	1353	908	39
1.1588e+008	1373	908	38
1.1593e+008	1359	908	39
1.1598e+008	1378	908	39
1.1603e+008	1381	908	39
1.1608e+008	1377	908	39
1.1612e+008	1377	908	37
1.1617e+008	1366	908	39
1.1622e+008	1364	908	39
1.1627e+008	1363	908	39
1.1632e+008	1389	908	38
1.1637e+008	1381	908	39
1.1642e+008	1356	908	38
1.1646e+008	1371	908	38
1.1651e+008	1363	908	38
1.1656e+008	1357	908	38
1.1661e+008	1392	908	39
1.1666e+008	1327	908	39
1.167e+008	1394	908	40
1.1675e+008	1388	908	39
1.168e+008	1391	908	39
1.1684e+008	1375	908	33
1.1689e+008	1373	908	35
1.1694e+008	1377	908	38
1.1699e+008	1363	908	40
1.1703e+008	1363	908	38
1.1708e+008	1367	908	38
1.1712e+008	1365	908	38
1.1717e+008	1381	908	40
1.1722e+008	1357	908	39
1.1727e+008	1320	908	38
1.1732e+008	1372	908	38
1.1737e+008	1367	908	39
1.1742e+008	1366	908	39
1.1747e+008	1375	908	39
1.1752e+008	1374	908	39
1.1757e+008	1398	908	39
1.1761e+008	1384	908	39
1.1766e+008	1371	908	38
1.1771e+008	1379	908	39
1.1776e+008	1385	908	39
1.1781e+008	1380	908	39
1.1786e+008	1350	908	39
1.1791e+008	1369	908	40
1.1795e+008	1361	908	38
1.18e+008	1380	908	39
1.1805e+008	1404	908	38
1.181e+008	1352	908	39
1.1815e+008	1387	908	39
1.182e+008	1363	908	39
1.1825e+008	1385	908	39
1.183e+008	1383	908	40
1.1835e+008	1350	908	39
1.1839e+008	1384	908	39
1.1844e+008	1330	908	39
1.1849e+008	1382	908	39
1.1854e+008	1370	908	37
1.1859e+008	1354	908	39
1.1863e+008	1367	908	38
1.1868e+008	1394	908	39
1.1873e+008	1383	908	38
1.1878e+008	1376	908	39
1.1882e+008	1385	908	39
1.1887e+008	1361	908	38
1.1892e+008	1374	908	38
1.1897e+008	1376	908	39
1.1902e+008	1389	908	40
1.1907e+008	1359	908	37
1.1912e+008	1344	908	39
1.1916e+008	1368	908	38
1.1921e+008	1387	908	39
1.1926e+008	1380	908	38
1.1931e+008	1367	908	39
1.1936e+008	1384	908	40
1.1941e+008	1374	908	39
1.1946e+008	1367	908	38
1.195e+008	1370	908	39
1.1955e+008	1368	908	39
1.196e+008	1388	908	39
1.1965e+008	1370	908	39
1.197e+008	1363	908	39
1.1974e+008	1396	908	39
1.1979e+008	1384	908	39
1.1984e+008	1397	908	40
1.1989e+008	1366	908	39
1.1994e+008	1365	908	38
1.1999e+008	1368	908	38
1.2004e+008	1346	908	39
1.2009e+008	1374	908	38
1.2014e+008	1386	908	39
1.2018e+008	1364	908	38
1.2023e+008	1348	908	39
1.2028e+008	1369	908	39
1.2033e+008	1371	908	39
1.2037e+008	1382	908	39
1.2042e+008	1377	908	40
1.2047e+008	1369	908	40
1.2052e+008	1380	908	38
1.2057e+008	1362	908	39
1.2062e+008	1383	908	39
1.2067e+008	1371	908	38
1.2072e+008	1379	908	39
1.2077e+008	1345	908	38
1.2081e+008	1351	908	38
1.2086e+008	1296	908	38
1.2091e+008	1379	908	40
1.2096e+008	1373	908	38
1.21e+008	1396	908	37
1.2105e+008	1392	908	39
1.211e+008	1349	908	39
1.2115e+008	1373	908	38
1.2119e+008	1364	908	37
1.2124e+008	1370	908	39
1.2129e+008	1357	908	38
1.2134e+008	1387	908	39
1.2139e+008	1362	908	39
1.2144e+008	1379	908	40
1.2149e+008	1358	908	38
1.2154e+008	1379	908	40
1.2158e+008	1370	908	38
1.2163e+008	1337	908	38
1.2168e+008	1373	908	38
1.2173e+008	1344	908	39
1.2177e+008	1386	908	39
1.2182e+008	1371	908	36
1.2186e+008	1368	908	34
1.219e+008	1383	908	35
1.2195e+008	1401	908	37
1.22e+008	1386	908	38
1.2205e+008	1405	908	39
1.221e+008	1385	908	40
1.2215e+008	1359	908	39
1.2219e+008	1383	908	38
1.2224e+008	1376	908	39
1.2229e+008	1375	908	36
1.2234e+008	1343	908	39
1.2239e+008	1387	908	38
1.2244e+008	1377	908	40
1.2248e+008	1380	908	39
1.2253e+008	1372	908	38
1.2258e+008	1372	908	40
1.2263e+008	1366	908	39
1.2268e+008	1369	908	37
1.2272e+008	1383	908	39
1.2277e+008	1371	908	39
1.2282e+008	1364	908	38
1.2287e+008	1358	908	38
1.2292e+008	1333	908	38
1.2297e+008	1358	908	39
1.2301e+008	1398	908	39
1.2306e+008	1386	908	39
1.2311e+008	1354	908	38
1.2316e+008	1395	908	39
1.2321e+008	1373	908	38
1.2325e+008	1363	908	38
1.233e+008	1369	908	39
1.2335e+008	1357	908	38
1.234e+008	1363	908	39
1.2345e+008	1387	908	39
1.235e+008	1390	908	39
1.2354e+008	1376	908	39
1.2359e+008	1370	908	38
1.2364e+008	1362	908	38
1.2369e+008	1368	908	37
1.2373e+008	1357	908	38
1.2378e+008	1399	908	38
1.2383e+008	1362	908	38
1.2388e+008	1377	908	39
1.2392e+008	1372	908	38
1.2397e+008	1380	908	39
1.2402e+008	1387	908	38
1.2407e+008	1349	908	39
1.2412e+008	1392	908	39
1.2417e+008	1390	908	39
1.2422e+008	1367	908	39
1.2426e+008	1361	908	38
1.2431e+008	1369	908	38
1.2436e+008	1368	908	38
1.2441e+008	1362	908	39
1.2446e+008	1372	908	38
1.2451e+008	1367	908	40
1.2455e+008	1363	908	39
1.246e+008	1374	908	39
1.2465e+008	1360	908	37
1.247e+008	1391	908	40
1.2475e+008	1385	908	39
1.248e+008	1331	908	38
1.2485e+008	1367	908	39
1.2489e+008	1355	908	38
1.2494e+008	1359	908	38
1.2499e+008	1315	908	38
1.2504e+008	812	908	23
