30000	1111	908	20
60000	1018	908	24
90000	1175	908	24
1.2e+005	814	908	23
1.5e+005	1035	908	22
1.8e+005	1109	908	26
2.1e+005	850	908	24
2.4e+005	806	908	23
2.7e+005	1216	908	26
3e+005	979	908	22
3.3e+005	930	908	26
3.6e+005	801	908	23
3.9e+005	885	908	25
4.2e+005	864	908	23
4.5e+005	781	908	23
4.8e+005	997	908	27
5.1e+005	1203	908	22
5.4e+005	826	908	23
5.7e+005	847	908	24
6e+005	809	908	23
6.3e+005	925	908	26
6.6e+005	820	908	24
6.9e+005	790	908	22
7.2e+005	897	908	26
7.5e+005	771	908	22
7.8e+005	898	908	24
8.1e+005	913	908	26
8.4e+005	790	908	23
8.7e+005	844	908	24
9e+005	842	908	23
9.3e+005	1261	908	25
9.6e+005	1012	908	25
9.9e+005	776	908	22
1.02e+006	908	908	25
1.05e+006	847	908	23
1.08e+006	849	908	24
1.11e+006	906	908	26
1.14e+006	847	908	24
1.17e+006	865	908	25
1.2e+006	754	908	21
1.23e+006	865	908	24
1.26e+006	935	908	26
1.29e+006	879	908	24
1.32e+006	849	908	24
1.35e+006	734	908	21
1.38e+006	953	908	28
1.41e+006	821	908	24
1.44e+006	750	908	21
1.47e+006	893	908	25
1.5e+006	873	908	24
1.53e+006	841	908	24
1.56e+006	949	908	26
1.59e+006	808	908	23
1.62e+006	814	908	23
1.65e+006	848	908	24
1.68e+006	883	908	25
1.71e+006	873	908	25
1.74e+006	1025	908	23
1.77e+006	1093	908	22
1.8e+006	919	908	25
1.83e+006	884	908	25
1.86e+006	856	908	25
1.89e+006	807	908	22
1.92e+006	836	908	24
1.95e+006	857	908	24
1.98e+006	900	908	25
2.01e+006	875	908	25
2.04e+006	737	908	21
2.07e+006	953	908	26
2.1e+006	782	908	23
2.13e+006	843	908	24
2.16e+006	910	908	26
2.19e+006	749	908	21
2.22e+006	890	908	26
2.25e+006	799	908	23
2.28e+006	908	908	26
2.31e+006	876	908	24
2.34e+006	721	908	20
2.37e+006	951	908	27
2.4e+006	849	908	24
2.43e+006	912	908	25
2.46e+006	888	908	24
2.49e+006	738	908	22
2.52e+006	828	908	25
2.55e+006	789	908	23
2.58e+006	1034	908	27
2.61e+006	809	908	23
2.64e+006	768	908	22
2.67e+006	886	908	25
2.7e+006	752	908	22
2.73e+006	927	908	26
2.76e+006	877	908	25
2.79e+006	796	908	22
2.82e+006	828	908	25
2.85e+006	809	908	23
2.88e+006	1006	908	27
2.91e+006	787	908	23
2.94e+006	749	908	22
2.97e+006	888	908	25
3e+006	887	908	25
3.03e+006	847	908	24
3.06e+006	868	908	24
3.09e+006	800	908	23
3.12e+006	812	908	24
3.15e+006	788	908	23
3.18e+006	908	908	26
3.21e+006	819	908	23
3.24e+006	851	908	24
3.27e+006	865	908	24
3.3e+006	816	908	22
3.33e+006	971	908	28
3.36e+006	968	908	23
3.39e+006	1102	908	23
3.42e+006	870	908	24
3.45e+006	796	908	23
3.48e+006	1000	908	28
3.51e+006	853	908	23
3.54e+006	807	908	23
3.57e+006	815	908	23
3.6e+006	780	908	23
3.63e+006	988	908	28
3.66e+006	749	908	21
3.69e+006	858	908	25
3.72e+006	842	908	23
3.75e+006	823	908	24
3.78e+006	901	908	25
3.81e+006	876	908	25
3.84e+006	840	908	23
3.87e+006	806	908	23
3.9e+006	851	908	24
3.93e+006	854	908	25
3.96e+006	771	908	22
3.99e+006	901	908	25
4.02e+006	836	908	24
4.05e+006	819	908	23
4.08e+006	885	908	25
4.11e+006	884	908	25
4.14e+006	869	908	25
4.17e+006	788	908	22
4.2e+006	840	908	23
4.23e+006	884	908	25
4.26e+006	933	908	26
4.29e+006	826	908	24
4.32e+006	787	908	22
4.35e+006	849	908	23
4.38e+006	823	908	23
4.41e+006	958	908	28
4.44e+006	868	908	24
4.47e+006	751	908	22
4.5e+006	820	908	22
4.53e+006	926	908	26
4.56e+006	860	908	25
4.59e+006	870	908	25
4.62e+006	763	908	22
4.65e+006	753	908	21
4.68e+006	812	908	23
4.71e+006	1050	908	29
4.74e+006	883	908	25
4.77e+006	806	908	22
4.8e+006	718	908	21
4.83e+006	839	908	24
4.86e+006	1016	908	29
4.89e+006	881	908	24
4.92e+006	785	908	22
4.95e+006	764	908	21
4.98e+006	896	908	24
5.01e+006	892	908	26
5.04e+006	947	908	27
5.07e+006	750	908	22
5.1e+006	739	908	21
5.13e+006	843	908	24
5.16e+006	953	908	27
5.19e+006	943	908	26
5.22e+006	781	908	22
5.25e+006	712	908	21
5.28e+006	866	908	24
5.31e+006	986	908	28
5.34e+006	899	908	25
5.37e+006	826	908	22
5.4e+006	769	908	22
5.43e+006	828	908	22
5.46e+006	1073	908	29
5.49e+006	900	908	25
5.52e+006	774	908	22
5.55e+006	782	908	22
5.58e+006	776	908	22
5.61e+006	1088	908	31
5.64e+006	816	908	23
5.67e+006	806	908	22
5.7e+006	782	908	22
5.73e+006	821	908	22
5.76e+006	1112	908	31
5.79e+006	808	908	23
5.82e+006	770	908	22
5.85e+006	758	908	22
5.88e+006	800	908	23
5.91e+006	1062	908	30
5.94e+006	762	908	23
5.97e+006	774	908	22
6e+006	785	908	22
6.03e+006	791	908	23
6.06e+006	1011	908	30
6.09e+006	825	908	24
6.12e+006	719	908	21
6.15e+006	759	908	22
6.18e+006	802	908	23
6.21e+006	1021	908	29
6.24e+006	789	908	23
6.27e+006	804	908	23
6.3e+006	737	908	21
6.33e+006	833	908	24
6.36e+006	995	908	29
6.39e+006	843	908	24
6.42e+006	787	908	22
6.45e+006	766	908	22
6.48e+006	779	908	22
6.51e+006	1115	908	31
6.54e+006	859	908	24
6.57e+006	776	908	21
6.6e+006	1128	908	22
6.63e+006	927	908	22
6.66e+006	1032	908	29
6.69e+006	993	908	27
6.72e+006	698	908	20
6.75e+006	772	908	22
6.78e+006	754	908	22
6.81e+006	1038	908	29
6.84e+006	951	908	27
6.87e+006	672	908	20
6.9e+006	777	908	22
6.93e+006	780	908	23
6.96e+006	974	908	28
6.99e+006	948	908	27
7.02e+006	743	908	20
7.05e+006	716	908	21
7.08e+006	824	908	24
7.11e+006	997	908	28
7.14e+006	930	908	26
7.17e+006	737	908	21
7.2e+006	755	908	21
7.23e+006	810	908	24
7.26e+006	975	908	28
7.29e+006	912	908	26
7.32e+006	780	908	21
7.35e+006	715	908	21
7.38e+006	868	908	24
7.41e+006	923	908	25
7.44e+006	1075	908	29
7.47e+006	719	908	21
7.5e+006	778	908	21
7.53e+006	865	908	24
7.56e+006	845	908	24
7.59e+006	984	908	29
7.62e+006	793	908	22
7.65e+006	744	908	21
7.68e+006	828	908	24
7.71e+006	818	908	24
7.74e+006	1063	908	30
7.77e+006	754	908	21
7.8e+006	729	908	21
7.83e+006	846	908	24
7.86e+006	835	908	23
7.89e+006	1075	908	31
7.92e+006	724	908	21
7.95e+006	759	908	21
7.98e+006	834	908	24
8.01e+006	883	908	25
8.04e+006	985	908	28
8.07e+006	723	908	21
8.1e+006	754	908	22
8.13e+006	879	908	25
8.16e+006	874	908	25
8.19e+006	891	908	26
8.22e+006	814	908	23
8.25e+006	718	908	21
8.28e+006	839	908	23
8.31e+006	971	908	27
8.34e+006	879	908	25
8.37e+006	867	908	24
8.4e+006	711	908	20
8.43e+006	844	908	24
8.46e+006	913	908	26
8.49e+006	934	908	27
8.52e+006	761	908	23
8.55e+006	714	908	21
8.58e+006	816	908	23
8.61e+006	899	908	26
8.64e+006	895	908	26
8.67e+006	876	908	24
8.7e+006	717	908	20
8.73e+006	895	908	25
8.76e+006	851	908	24
8.79e+006	964	908	27
8.82e+006	823	908	24
8.85e+006	735	908	20
8.88e+006	833	908	24
8.91e+006	869	908	25
8.94e+006	958	908	27
8.97e+006	812	908	23
9e+006	727	908	21
9.03e+006	847	908	24
9.06e+006	899	908	25
9.09e+006	838	908	25
9.12e+006	959	908	26
9.15e+006	735	908	20
9.18e+006	900	908	24
9.21e+006	899	908	25
9.24e+006	916	908	25
9.27e+006	878	908	24
9.3e+006	793	908	23
9.33e+006	744	908	22
9.36e+006	826	908	24
9.39e+006	984	908	27
9.42e+006	885	908	25
9.45e+006	717	908	21
9.48e+006	817	908	24
9.51e+006	840	908	24
9.54e+006	904	908	26
9.57e+006	853	908	25
9.6e+006	745	908	21
9.63e+006	848	908	24
9.66e+006	829	908	24
9.69e+006	929	908	27
9.72e+006	799	908	23
9.75e+006	787	908	23
9.78e+006	827	908	23
9.81e+006	789	908	23
9.84e+006	928	908	27
9.87e+006	829	908	24
9.9e+006	814	908	23
9.93e+006	748	908	22
9.96e+006	856	908	24
9.99e+006	961	908	27
1.002e+007	777	908	23
1.005e+007	892	908	24
1.008e+007	818	908	22
1.011e+007	766	908	22
1.014e+007	1064	908	30
1.017e+007	843	908	24
1.02e+007	742	908	21
1.023e+007	809	908	23
1.026e+007	799	908	22
1.029e+007	1048	908	30
1.032e+007	865	908	24
1.035e+007	744	908	21
1.038e+007	830	908	24
1.041e+007	760	908	21
1.044e+007	1050	908	29
1.047e+007	866	908	25
1.05e+007	793	908	21
1.053e+007	826	908	23
1.056e+007	802	908	22
1.059e+007	1054	908	30
1.062e+007	834	908	23
1.065e+007	747	908	22
1.068e+007	815	908	23
1.071e+007	779	908	22
1.074e+007	1060	908	30
1.077e+007	822	908	23
1.08e+007	761	908	22
1.083e+007	807	908	23
1.086e+007	796	908	23
1.089e+007	1013	908	29
1.092e+007	848	908	23
1.095e+007	822	908	23
1.098e+007	797	908	22
1.101e+007	812	908	23
1.104e+007	1041	908	29
1.107e+007	752	908	22
1.11e+007	923	908	25
1.113e+007	746	908	21
1.116e+007	822	908	23
1.119e+007	1028	908	28
1.122e+007	846	908	24
1.125e+007	850	908	24
1.128e+007	747	908	21
1.131e+007	786	908	23
1.134e+007	965	908	27
1.137e+007	906	908	25
1.14e+007	879	908	24
1.143e+007	742	908	21
1.146e+007	818	908	23
1.149e+007	937	908	27
1.152e+007	877	908	25
1.155e+007	873	908	24
1.158e+007	722	908	21
1.161e+007	1108	908	23
1.164e+007	1176	908	27
1.167e+007	850	908	25
1.17e+007	869	908	24
1.173e+007	808	908	23
1.176e+007	733	908	21
1.179e+007	874	908	25
1.182e+007	902	908	26
1.185e+007	859	908	25
1.188e+007	817	908	22
1.191e+007	831	908	22
1.194e+007	872	908	24
1.197e+007	937	908	26
1.2e+007	909	908	26
1.203e+007	799	908	23
1.206e+007	720	908	21
1.209e+007	823	908	24
1.212e+007	941	908	26
1.215e+007	950	908	26
1.218e+007	806	908	23
1.221e+007	792	908	22
1.224e+007	945	908	26
1.227e+007	793	908	23
1.23e+007	926	908	26
1.233e+007	814	908	23
1.236e+007	785	908	21
1.239e+007	981	908	28
1.242e+007	776	908	22
1.245e+007	894	908	26
1.248e+007	814	908	23
1.251e+007	680	908	21
1.254e+007	968	908	27
1.257e+007	813	908	23
1.26e+007	887	908	26
1.263e+007	810	908	23
1.266e+007	729	908	21
1.269e+007	974	908	27
1.272e+007	819	908	23
1.275e+007	849	908	23
1.278e+007	910	908	26
1.281e+007	766	908	22
1.284e+007	992	908	28
1.287e+007	734	908	21
1.29e+007	804	908	23
1.293e+007	918	908	26
1.296e+007	779	908	22
1.299e+007	875	908	26
1.302e+007	811	908	22
1.305e+007	895	908	25
1.308e+007	869	908	25
1.311e+007	784	908	22
1.314e+007	876	908	25
1.317e+007	837	908	23
1.32e+007	948	908	26
1.323e+007	852	908	24
1.326e+007	804	908	22
1.329e+007	953	908	26
1.332e+007	788	908	22
1.335e+007	801	908	23
1.338e+007	967	908	27
1.341e+007	697	908	21
1.344e+007	963	908	27
1.347e+007	767	908	22
1.35e+007	869	908	25
1.353e+007	900	908	24
1.356e+007	801	908	22
1.359e+007	913	908	27
1.362e+007	794	908	23
1.365e+007	809	908	23
1.368e+007	852	908	25
1.371e+007	773	908	22
1.374e+007	957	908	27
1.377e+007	834	908	22
1.38e+007	736	908	22
1.383e+007	940	908	27
1.386e+007	756	908	21
1.389e+007	1002	908	28
1.392e+007	823	908	23
1.395e+007	813	908	23
1.398e+007	890	908	25
1.401e+007	757	908	22
1.404e+007	926	908	26
1.407e+007	810	908	24
1.41e+007	855	908	23
1.413e+007	882	908	25
1.416e+007	779	908	22
1.419e+007	990	908	28
1.422e+007	792	908	22
1.425e+007	767	908	22
1.428e+007	921	908	26
1.431e+007	871	908	24
1.434e+007	846	908	24
1.437e+007	814	908	24
1.44e+007	791	908	22
1.443e+007	844	908	24
1.446e+007	894	908	25
1.449e+007	863	908	25
1.452e+007	804	908	24
1.455e+007	816	908	24
1.458e+007	840	908	23
1.461e+007	886	908	25
1.464e+007	882	908	24
1.467e+007	831	908	24
1.47e+007	804	908	23
1.473e+007	860	908	25
1.476e+007	847	908	23
1.479e+007	876	908	25
1.482e+007	819	908	23
1.485e+007	769	908	22
1.488e+007	952	908	26
1.491e+007	870	908	25
1.494e+007	853	908	24
1.497e+007	829	908	24
1.5e+007	808	908	22
1.503e+007	888	908	25
1.506e+007	846	908	24
1.509e+007	845	908	24
1.512e+007	904	908	25
1.515e+007	790	908	23
1.518e+007	853	908	24
1.521e+007	831	908	24
1.524e+007	833	908	24
1.527e+007	865	908	24
1.53e+007	860	908	24
1.533e+007	886	908	24
1.536e+007	886	908	25
1.539e+007	794	908	23
1.542e+007	884	908	25
1.545e+007	821	908	23
1.548e+007	873	908	25
1.551e+007	869	908	25
1.554e+007	780	908	22
1.557e+007	834	908	24
1.56e+007	779	908	23
1.563e+007	894	908	25
1.566e+007	881	908	25
1.569e+007	788	908	23
1.572e+007	905	908	25
1.575e+007	739	908	22
1.578e+007	934	908	26
1.581e+007	855	908	24
1.584e+007	801	908	23
1.587e+007	854	908	25
1.59e+007	765	908	23
1.593e+007	862	908	25
1.596e+007	849	908	24
1.599e+007	780	908	23
1.602e+007	827	908	24
1.605e+007	832	908	23
1.608e+007	898	908	26
1.611e+007	875	908	24
1.614e+007	822	908	23
1.617e+007	817	908	23
1.62e+007	870	908	24
1.623e+007	891	908	26
1.626e+007	874	908	25
1.629e+007	748	908	21
1.632e+007	840	908	24
1.635e+007	860	908	24
1.638e+007	964	908	28
1.641e+007	810	908	22
1.644e+007	875	908	24
1.647e+007	769	908	23
1.65e+007	846	908	24
1.653e+007	864	908	25
1.656e+007	904	908	25
1.659e+007	822	908	23
1.662e+007	983	908	22
1.665e+007	1067	908	25
1.668e+007	901	908	25
1.671e+007	888	908	25
1.674e+007	762	908	22
1.677e+007	805	908	23
1.68e+007	823	908	24
1.683e+007	859	908	24
1.686e+007	906	908	26
1.689e+007	796	908	24
1.692e+007	781	908	22
1.695e+007	821	908	25
1.698e+007	871	908	25
1.701e+007	816	908	24
1.704e+007	848	908	25
1.707e+007	750	908	22
1.71e+007	844	908	23
1.713e+007	931	908	26
1.716e+007	838	908	24
1.719e+007	851	908	25
1.722e+007	758	908	21
1.725e+007	918	908	26
1.728e+007	837	908	24
1.731e+007	811	908	24
1.734e+007	866	908	25
1.737e+007	751	908	21
1.74e+007	826	908	24
1.743e+007	909	908	25
1.746e+007	872	908	24
1.749e+007	899	908	26
1.752e+007	754	908	22
1.755e+007	840	908	23
1.758e+007	837	908	23
1.761e+007	945	908	26
1.764e+007	933	908	26
1.767e+007	802	908	22
1.77e+007	779	908	22
1.773e+007	779	908	22
1.776e+007	993	908	28
1.779e+007	928	908	27
1.782e+007	740	908	21
1.785e+007	846	908	24
1.788e+007	821	908	24
1.791e+007	793	908	24
1.794e+007	935	908	27
1.797e+007	704	908	21
1.8e+007	835	908	23
1.803e+007	933	908	25
1.806e+007	843	908	24
1.809e+007	910	908	25
1.812e+007	848	908	23
1.815e+007	812	908	23
1.818e+007	848	908	24
1.821e+007	897	908	25
1.824e+007	942	908	26
1.827e+007	804	908	22
1.83e+007	842	908	23
1.833e+007	907	908	26
1.836e+007	782	908	23
1.839e+007	979	908	26
1.842e+007	797	908	22
1.845e+007	811	908	23
1.848e+007	917	908	26
1.851e+007	842	908	23
1.854e+007	874	908	24
1.857e+007	826	908	24
1.86e+007	814	908	23
1.863e+007	886	908	26
1.866e+007	853	908	23
1.869e+007	821	908	24
1.872e+007	857	908	24
1.875e+007	805	908	23
1.878e+007	899	908	26
1.881e+007	835	908	23
1.884e+007	865	908	25
1.887e+007	784	908	23
1.89e+007	835	908	23
1.893e+007	905	908	26
1.896e+007	840	908	23
1.899e+007	920	908	26
1.902e+007	744	908	22
1.905e+007	814	908	23
1.908e+007	888	908	26
1.911e+007	849	908	25
1.914e+007	833	908	24
1.917e+007	770	908	22
1.92e+007	772	908	22
1.923e+007	878	908	25
1.926e+007	904	908	25
1.929e+007	936	908	26
1.932e+007	802	908	22
1.935e+007	772	908	22
1.938e+007	861	908	25
1.941e+007	902	908	26
1.944e+007	901	908	25
1.947e+007	787	908	22
1.95e+007	751	908	22
1.953e+007	841	908	25
1.956e+007	918	908	26
1.959e+007	879	908	25
1.962e+007	776	908	22
1.965e+007	769	908	22
1.968e+007	858	908	24
1.971e+007	998	908	28
1.974e+007	788	908	23
1.977e+007	786	908	23
1.98e+007	841	908	23
1.983e+007	853	908	23
1.986e+007	981	908	27
1.989e+007	870	908	24
1.992e+007	816	908	23
1.995e+007	827	908	23
1.998e+007	787	908	23
2.001e+007	1015	908	28
2.004e+007	773	908	23
2.007e+007	780	908	23
2.01e+007	777	908	22
2.013e+007	895	908	25
2.016e+007	944	908	26
2.019e+007	807	908	23
2.022e+007	839	908	24
2.025e+007	794	908	22
2.028e+007	885	908	25
2.031e+007	870	908	25
2.034e+007	814	908	24
2.037e+007	846	908	24
2.04e+007	766	908	22
2.043e+007	907	908	26
2.046e+007	882	908	25
2.049e+007	747	908	22
2.052e+007	872	908	25
2.055e+007	796	908	22
2.058e+007	863	908	25
2.061e+007	874	908	24
2.064e+007	839	908	24
2.067e+007	904	908	24
2.07e+007	882	908	25
2.073e+007	838	908	24
2.076e+007	797	908	23
2.079e+007	821	908	24
2.082e+007	846	908	23
2.085e+007	874	908	25
2.088e+007	894	908	25
2.091e+007	857	908	23
2.094e+007	907	908	25
2.097e+007	785	908	22
2.1e+007	905	908	25
2.103e+007	873	908	25
2.106e+007	849	908	23
2.109e+007	853	908	25
2.112e+007	824	908	22
2.115e+007	922	908	26
2.118e+007	720	908	21
2.121e+007	927	908	26
2.124e+007	906	908	25
2.127e+007	839	908	23
2.13e+007	866	908	24
2.133e+007	860	908	24
2.136e+007	903	908	25
2.139e+007	864	908	24
2.142e+007	812	908	23
2.145e+007	839	908	24
2.148e+007	910	908	24
2.151e+007	895	908	25
2.154e+007	876	908	24
2.157e+007	829	908	24
2.16e+007	839	908	23
2.163e+007	1194	908	25
2.166e+007	1021	908	24
2.169e+007	838	908	24
2.172e+007	834	908	23
2.175e+007	796	908	23
2.178e+007	821	908	24
2.181e+007	853	908	25
2.184e+007	888	908	25
2.187e+007	799	908	23
2.19e+007	884	908	24
2.193e+007	857	908	24
2.196e+007	791	908	23
2.199e+007	906	908	26
2.202e+007	849	908	24
2.205e+007	886	908	24
2.208e+007	751	908	22
2.211e+007	840	908	24
2.214e+007	914	908	26
2.217e+007	820	908	23
2.22e+007	874	908	25
2.223e+007	816	908	22
2.226e+007	860	908	25
2.229e+007	914	908	26
2.232e+007	804	908	22
2.235e+007	893	908	24
2.238e+007	817	908	24
2.241e+007	821	908	23
2.244e+007	926	908	26
2.247e+007	833	908	23
2.25e+007	809	908	22
2.253e+007	963	908	26
2.256e+007	834	908	24
2.259e+007	908	908	26
2.262e+007	737	908	22
2.265e+007	826	908	23
2.268e+007	839	908	25
2.271e+007	788	908	22
2.274e+007	1055	908	29
2.277e+007	719	908	21
2.28e+007	805	908	23
2.283e+007	856	908	23
2.286e+007	926	908	25
2.289e+007	910	908	26
2.292e+007	774	908	23
2.295e+007	755	908	22
2.298e+007	795	908	23
2.301e+007	972	908	26
2.304e+007	906	908	26
2.307e+007	840	908	23
2.31e+007	782	908	22
2.313e+007	832	908	23
2.316e+007	907	908	27
2.319e+007	841	908	24
2.322e+007	857	908	24
2.325e+007	765	908	22
2.328e+007	816	908	23
2.331e+007	961	908	27
2.334e+007	882	908	25
2.337e+007	856	908	23
2.34e+007	783	908	22
2.343e+007	825	908	23
2.346e+007	966	908	27
2.349e+007	931	908	26
2.352e+007	798	908	22
2.355e+007	783	908	22
2.358e+007	819	908	22
2.361e+007	976	908	28
2.364e+007	931	908	26
2.367e+007	756	908	21
2.37e+007	788	908	23
2.373e+007	798	908	23
2.376e+007	1016	908	28
2.379e+007	857	908	24
2.382e+007	752	908	22
2.385e+007	863	908	24
2.388e+007	798	908	23
2.391e+007	947	908	26
2.394e+007	865	908	25
2.397e+007	747	908	21
2.4e+007	903	908	25
2.403e+007	723	908	21
2.406e+007	1030	908	29
2.409e+007	840	908	23
2.412e+007	776	908	22
2.415e+007	867	908	25
2.418e+007	783	908	21
2.421e+007	968	908	27
2.424e+007	930	908	26
2.427e+007	745	908	22
2.43e+007	853	908	24
2.433e+007	795	908	22
2.436e+007	892	908	25
2.439e+007	980	908	28
2.442e+007	726	908	21
2.445e+007	833	908	24
2.448e+007	768	908	22
2.451e+007	866	908	24
2.454e+007	1038	908	29
2.457e+007	772	908	21
2.46e+007	851	908	24
2.463e+007	800	908	22
2.466e+007	878	908	25
2.469e+007	935	908	27
2.472e+007	845	908	23
2.475e+007	789	908	22
2.478e+007	786	908	23
2.481e+007	818	908	24
2.484e+007	964	908	26
2.487e+007	864	908	25
2.49e+007	768	908	22
2.493e+007	853	908	24
2.496e+007	857	908	24
2.499e+007	934	908	27
2.502e+007	839	908	23
2.505e+007	802	908	23
2.508e+007	786	908	23
2.511e+007	888	908	25
2.514e+007	854	908	24
2.517e+007	880	908	24
2.52e+007	816	908	23
2.523e+007	884	908	25
2.526e+007	867	908	24
2.529e+007	888	908	25
2.532e+007	781	908	23
2.535e+007	745	908	22
2.538e+007	913	908	26
2.541e+007	847	908	24
2.544e+007	861	908	24
2.547e+007	863	908	23
2.55e+007	872	908	23
2.553e+007	859	908	25
2.556e+007	910	908	25
2.559e+007	864	908	24
2.562e+007	824	908	23
2.565e+007	793	908	23
2.568e+007	860	908	25
2.571e+007	874	908	24
2.574e+007	778	908	23
2.577e+007	846	908	24
2.58e+007	829	908	24
2.583e+007	878	908	25
2.586e+007	881	908	24
2.589e+007	823	908	23
2.592e+007	825	908	24
2.595e+007	824	908	23
2.598e+007	936	908	26
2.601e+007	905	908	24
2.604e+007	787	908	23
2.607e+007	923	908	25
2.61e+007	801	908	23
2.613e+007	834	908	24
2.616e+007	824	908	24
2.619e+007	880	908	24
2.622e+007	935	908	26
2.625e+007	919	908	25
2.628e+007	760	908	22
2.631e+007	901	908	24
2.634e+007	832	908	23
2.637e+007	914	908	25
2.64e+007	872	908	25
2.643e+007	747	908	22
2.646e+007	905	908	25
2.649e+007	773	908	22
2.652e+007	930	908	27
2.655e+007	853	908	24
2.658e+007	821	908	22
2.661e+007	818	908	23
2.664e+007	1172	908	25
2.667e+007	1086	908	26
2.67e+007	867	908	23
2.673e+007	798	908	23
2.676e+007	806	908	23
2.679e+007	938	908	25
2.682e+007	890	908	26
2.685e+007	817	908	23
2.688e+007	845	908	23
2.691e+007	900	908	25
2.694e+007	829	908	23
2.697e+007	974	908	27
2.7e+007	796	908	23
2.703e+007	721	908	21
2.706e+007	872	908	24
2.709e+007	887	908	26
2.712e+007	879	908	25
2.715e+007	872	908	24
2.718e+007	738	908	21
2.721e+007	895	908	25
2.724e+007	899	908	25
2.727e+007	803	908	23
2.73e+007	948	908	26
2.733e+007	825	908	22
2.736e+007	779	908	23
2.739e+007	932	908	26
2.742e+007	795	908	23
2.745e+007	936	908	26
2.748e+007	820	908	23
2.751e+007	854	908	24
2.754e+007	818	908	24
2.757e+007	768	908	22
2.76e+007	941	908	27
2.763e+007	840	908	23
2.766e+007	846	908	24
2.769e+007	828	908	24
2.772e+007	829	908	23
2.775e+007	960	908	26
2.778e+007	752	908	22
2.781e+007	886	908	25
2.784e+007	845	908	24
2.787e+007	778	908	22
2.79e+007	970	908	27
2.793e+007	762	908	22
2.796e+007	876	908	25
2.799e+007	853	908	24
2.802e+007	836	908	23
2.805e+007	902	908	26
2.808e+007	776	908	22
2.811e+007	972	908	27
2.814e+007	714	908	22
2.817e+007	824	908	23
2.82e+007	884	908	25
2.823e+007	843	908	24
2.826e+007	871	908	24
2.829e+007	865	908	24
2.832e+007	842	908	24
2.835e+007	878	908	25
2.838e+007	780	908	23
2.841e+007	832	908	24
2.844e+007	874	908	24
2.847e+007	798	908	22
2.85e+007	920	908	26
2.853e+007	800	908	23
2.856e+007	856	908	25
2.859e+007	844	908	24
2.862e+007	853	908	24
2.865e+007	854	908	24
2.868e+007	779	908	23
2.871e+007	842	908	24
2.874e+007	865	908	25
2.877e+007	848	908	24
2.88e+007	810	908	23
2.883e+007	791	908	23
2.886e+007	912	908	25
2.889e+007	900	908	25
2.892e+007	897	908	25
2.895e+007	774	908	22
2.898e+007	868	908	25
2.901e+007	815	908	23
2.904e+007	882	908	25
2.907e+007	821	908	24
2.91e+007	807	908	23
2.913e+007	866	908	25
2.916e+007	870	908	24
2.919e+007	917	908	25
2.922e+007	807	908	23
2.925e+007	868	908	24
2.928e+007	875	908	24
2.931e+007	845	908	24
2.934e+007	845	908	25
2.937e+007	805	908	23
2.94e+007	850	908	24
2.943e+007	825	908	24
2.946e+007	819	908	23
2.949e+007	955	908	26
2.952e+007	881	908	24
2.955e+007	799	908	23
2.958e+007	851	908	24
2.961e+007	900	908	25
2.964e+007	826	908	24
2.967e+007	867	908	24
2.97e+007	789	908	22
2.973e+007	853	908	25
2.976e+007	896	908	25
2.979e+007	795	908	23
2.982e+007	896	908	25
2.985e+007	824	908	23
2.988e+007	855	908	24
2.991e+007	888	908	25
2.994e+007	809	908	23
2.997e+007	921	908	26
3e+007	735	908	21
3.003e+007	902	908	26
3.006e+007	855	908	24
3.009e+007	860	908	25
3.012e+007	770	908	23
3.015e+007	777	908	22
3.018e+007	952	908	26
3.021e+007	845	908	24
3.024e+007	838	908	24
3.027e+007	894	908	26
3.03e+007	734	908	20
3.033e+007	864	908	25
3.036e+007	905	908	25
3.039e+007	886	908	25
3.042e+007	920	908	25
3.045e+007	746	908	21
3.048e+007	835	908	24
3.051e+007	882	908	25
3.054e+007	892	908	25
3.057e+007	846	908	25
3.06e+007	709	908	21
3.063e+007	848	908	24
3.066e+007	930	908	26
3.069e+007	862	908	24
3.072e+007	856	908	25
3.075e+007	737	908	21
3.078e+007	738	908	22
3.081e+007	926	908	28
3.084e+007	879	908	25
3.087e+007	808	908	24
3.09e+007	732	908	21
3.093e+007	803	908	23
3.096e+007	1018	908	28
3.099e+007	792	908	23
3.102e+007	841	908	25
3.105e+007	705	908	20
3.108e+007	817	908	23
3.111e+007	945	908	26
3.114e+007	948	908	27
3.117e+007	850	908	24
3.12e+007	744	908	21
3.123e+007	784	908	22
3.126e+007	1029	908	29
3.129e+007	879	908	24
3.132e+007	856	908	24
3.135e+007	729	908	20
3.138e+007	806	908	23
3.141e+007	944	908	26
3.144e+007	912	908	27
3.147e+007	853	908	24
3.15e+007	682	908	20
3.153e+007	844	908	24
3.156e+007	918	908	25
3.159e+007	941	908	26
3.162e+007	858	908	24
3.165e+007	1027	908	21
3.168e+007	965	908	24
3.171e+007	996	908	27
3.174e+007	859	908	24
3.177e+007	862	908	24
3.18e+007	712	908	21
3.183e+007	812	908	23
3.186e+007	950	908	27
3.189e+007	903	908	26
3.192e+007	835	908	24
3.195e+007	723	908	21
3.198e+007	803	908	23
3.201e+007	973	908	27
3.204e+007	845	908	25
3.207e+007	876	908	24
3.21e+007	713	908	21
3.213e+007	788	908	23
3.216e+007	966	908	26
3.219e+007	881	908	25
3.222e+007	842	908	25
3.225e+007	733	908	21
3.228e+007	819	908	23
3.231e+007	910	908	26
3.234e+007	905	908	25
3.237e+007	909	908	25
3.24e+007	702	908	21
3.243e+007	787	908	22
3.246e+007	924	908	27
3.249e+007	931	908	26
3.252e+007	830	908	24
3.255e+007	737	908	21
3.258e+007	782	908	22
3.261e+007	934	908	26
3.264e+007	914	908	27
3.267e+007	851	908	23
3.27e+007	762	908	22
3.273e+007	789	908	23
3.276e+007	959	908	27
3.279e+007	825	908	24
3.282e+007	877	908	24
3.285e+007	723	908	22
3.288e+007	808	908	23
3.291e+007	823	908	24
3.294e+007	1034	908	29
3.297e+007	804	908	22
3.3e+007	730	908	21
3.303e+007	878	908	24
3.306e+007	940	908	26
3.309e+007	968	908	27
3.312e+007	787	908	22
3.315e+007	738	908	21
3.318e+007	848	908	25
3.321e+007	935	908	26
3.324e+007	830	908	24
3.327e+007	853	908	24
3.33e+007	725	908	21
3.333e+007	952	908	26
3.336e+007	912	908	26
3.339e+007	882	908	24
3.342e+007	779	908	23
3.345e+007	762	908	21
3.348e+007	868	908	25
3.351e+007	997	908	28
3.354e+007	786	908	22
3.357e+007	873	908	24
3.36e+007	751	908	21
3.363e+007	916	908	26
3.366e+007	982	908	27
3.369e+007	763	908	22
3.372e+007	846	908	24
3.375e+007	740	908	21
3.378e+007	956	908	27
3.381e+007	922	908	26
3.384e+007	792	908	22
3.387e+007	835	908	24
3.39e+007	769	908	21
3.393e+007	974	908	27
3.396e+007	927	908	26
3.399e+007	763	908	22
3.402e+007	885	908	24
3.405e+007	747	908	21
3.408e+007	942	908	27
3.411e+007	885	908	25
3.414e+007	840	908	23
3.417e+007	812	908	23
3.42e+007	813	908	22
3.423e+007	964	908	28
3.426e+007	843	908	24
3.429e+007	838	908	24
3.432e+007	787	908	22
3.435e+007	862	908	23
3.438e+007	981	908	27
3.441e+007	915	908	25
3.444e+007	806	908	23
3.447e+007	757	908	22
3.45e+007	831	908	23
3.453e+007	941	908	27
3.456e+007	871	908	24
3.459e+007	833	908	24
3.462e+007	737	908	22
3.465e+007	807	908	23
3.468e+007	984	908	27
3.471e+007	732	908	22
3.474e+007	973	908	27
3.477e+007	713	908	21
3.48e+007	840	908	24
3.483e+007	924	908	26
3.486e+007	753	908	22
3.489e+007	997	908	28
3.492e+007	691	908	20
3.495e+007	914	908	25
3.498e+007	885	908	25
3.501e+007	777	908	22
3.504e+007	875	908	25
3.507e+007	826	908	23
3.51e+007	827	908	24
3.513e+007	877	908	26
3.516e+007	775	908	22
3.519e+007	887	908	24
3.522e+007	858	908	24
3.525e+007	833	908	25
3.528e+007	902	908	25
3.531e+007	824	908	23
3.534e+007	847	908	24
3.537e+007	786	908	23
3.54e+007	899	908	25
3.543e+007	875	908	25
3.546e+007	817	908	23
3.549e+007	915	908	25
3.552e+007	799	908	22
3.555e+007	838	908	24
3.558e+007	903	908	25
3.561e+007	794	908	22
3.564e+007	926	908	27
3.567e+007	777	908	22
3.57e+007	917	908	25
3.573e+007	832	908	24
3.576e+007	797	908	23
3.579e+007	889	908	25
3.582e+007	793	908	23
3.585e+007	776	908	23
3.588e+007	924	908	26
3.591e+007	787	908	22
3.594e+007	958	908	26
3.597e+007	828	908	23
3.6e+007	914	908	25
3.603e+007	820	908	23
3.606e+007	777	908	23
3.609e+007	949	908	27
3.612e+007	743	908	21
3.615e+007	945	908	26
3.618e+007	833	908	24
3.621e+007	739	908	22
3.624e+007	904	908	26
3.627e+007	818	908	23
3.63e+007	940	908	25
3.633e+007	900	908	24
3.636e+007	787	908	22
3.639e+007	943	908	26
3.642e+007	824	908	23
3.645e+007	892	908	25
3.648e+007	800	908	23
3.651e+007	875	908	25
3.654e+007	870	908	24
3.657e+007	878	908	24
3.66e+007	784	908	23
3.663e+007	872	908	24
3.666e+007	1145	908	26
3.669e+007	1015	908	23
3.672e+007	892	908	25
3.675e+007	823	908	23
3.678e+007	754	908	22
3.681e+007	987	908	27
3.684e+007	782	908	22
3.687e+007	881	908	26
3.69e+007	807	908	23
3.693e+007	805	908	22
3.696e+007	944	908	26
3.699e+007	818	908	24
3.702e+007	853	908	25
3.705e+007	806	908	23
3.708e+007	808	908	23
3.711e+007	894	908	25
3.714e+007	807	908	23
3.717e+007	948	908	26
3.72e+007	838	908	24
3.723e+007	826	908	23
3.726e+007	868	908	24
3.729e+007	795	908	23
3.732e+007	916	908	26
3.735e+007	838	908	24
3.738e+007	736	908	22
3.741e+007	848	908	24
3.744e+007	910	908	26
3.747e+007	804	908	23
3.75e+007	866	908	25
3.753e+007	767	908	22
3.756e+007	819	908	23
3.759e+007	926	908	26
3.762e+007	907	908	24
3.765e+007	839	908	24
3.768e+007	848	908	24
3.771e+007	824	908	23
3.774e+007	899	908	26
3.777e+007	811	908	23
3.78e+007	935	908	26
3.783e+007	768	908	22
3.786e+007	828	908	23
3.789e+007	938	908	26
3.792e+007	820	908	24
3.795e+007	826	908	23
3.798e+007	822	908	24
3.801e+007	806	908	23
3.804e+007	899	908	26
3.807e+007	818	908	23
3.81e+007	890	908	25
3.813e+007	783	908	23
3.816e+007	796	908	22
3.819e+007	962	908	28
3.822e+007	775	908	23
3.825e+007	888	908	25
3.828e+007	809	908	23
3.831e+007	761	908	22
3.834e+007	863	908	25
3.837e+007	810	908	24
3.84e+007	943	908	26
3.843e+007	818	908	22
3.846e+007	810	908	23
3.849e+007	882	908	25
3.852e+007	840	908	23
3.855e+007	922	908	26
3.858e+007	858	908	24
3.861e+007	789	908	22
3.864e+007	885	908	25
3.867e+007	880	908	25
3.87e+007	860	908	24
3.873e+007	885	908	24
3.876e+007	750	908	22
3.879e+007	892	908	25
3.882e+007	975	908	27
3.885e+007	819	908	22
3.888e+007	862	908	24
3.891e+007	787	908	22
3.894e+007	912	908	25
3.897e+007	888	908	25
3.9e+007	941	908	26
3.903e+007	803	908	22
3.906e+007	746	908	22
3.909e+007	836	908	24
3.912e+007	952	908	26
3.915e+007	932	908	26
3.918e+007	767	908	22
3.921e+007	773	908	22
3.924e+007	828	908	24
3.927e+007	893	908	26
3.93e+007	880	908	26
3.933e+007	802	908	22
3.936e+007	762	908	22
3.939e+007	819	908	24
3.942e+007	904	908	26
3.945e+007	837	908	25
3.948e+007	857	908	23
3.951e+007	757	908	22
3.954e+007	838	908	24
3.957e+007	924	908	27
3.96e+007	824	908	23
3.963e+007	822	908	23
3.966e+007	836	908	23
3.969e+007	795	908	23
3.972e+007	998	908	29
3.975e+007	800	908	22
3.978e+007	861	908	24
3.981e+007	807	908	23
3.984e+007	730	908	22
3.987e+007	1025	908	28
3.99e+007	866	908	24
3.993e+007	797	908	22
3.996e+007	872	908	24
3.999e+007	838	908	23
4.002e+007	1013	908	27
4.005e+007	899	908	25
4.008e+007	763	908	22
4.011e+007	759	908	22
4.014e+007	848	908	25
4.017e+007	968	908	27
4.02e+007	792	908	22
4.023e+007	867	908	24
4.026e+007	824	908	23
4.029e+007	827	908	24
4.032e+007	853	908	24
4.035e+007	909	908	26
4.038e+007	849	908	23
4.041e+007	800	908	22
4.044e+007	939	908	26
4.047e+007	823	908	24
4.05e+007	917	908	25
4.053e+007	841	908	23
4.056e+007	802	908	22
4.059e+007	882	908	26
4.062e+007	870	908	24
4.065e+007	935	908	25
4.068e+007	868	908	23
4.071e+007	748	908	22
4.074e+007	890	908	26
4.077e+007	881	908	25
4.08e+007	803	908	23
4.083e+007	858	908	24
4.086e+007	763	908	22
4.089e+007	920	908	27
4.092e+007	865	908	24
4.095e+007	834	908	24
4.098e+007	770	908	22
4.101e+007	833	908	23
4.104e+007	935	908	26
4.107e+007	931	908	26
4.11e+007	805	908	23
4.113e+007	871	908	24
4.116e+007	734	908	21
4.119e+007	935	908	26
4.122e+007	934	908	26
4.125e+007	832	908	23
4.128e+007	774	908	22
4.131e+007	796	908	23
4.134e+007	913	908	26
4.137e+007	958	908	27
4.14e+007	793	908	22
4.143e+007	788	908	22
4.146e+007	807	908	23
4.149e+007	871	908	25
4.152e+007	909	908	27
4.155e+007	840	908	23
4.158e+007	793	908	22
4.161e+007	782	908	23
4.164e+007	986	908	27
4.167e+007	1047	908	25
4.17e+007	1019	908	23
4.173e+007	816	908	22
4.176e+007	888	908	24
4.179e+007	928	908	27
4.182e+007	920	908	25
4.185e+007	811	908	22
4.188e+007	786	908	22
4.191e+007	802	908	23
4.194e+007	1007	908	28
4.197e+007	840	908	24
4.2e+007	795	908	22
4.203e+007	715	908	21
4.206e+007	882	908	26
4.209e+007	881	908	25
4.212e+007	865	908	25
4.215e+007	807	908	23
4.218e+007	763	908	21
4.221e+007	823	908	24
4.224e+007	939	908	27
4.227e+007	917	908	26
4.23e+007	755	908	21
4.233e+007	736	908	22
4.236e+007	903	908	25
4.239e+007	843	908	25
4.242e+007	910	908	26
4.245e+007	810	908	23
4.248e+007	708	908	21
4.251e+007	895	908	25
4.254e+007	907	908	25
4.257e+007	1017	908	28
4.26e+007	725	908	20
4.263e+007	751	908	22
4.266e+007	940	908	26
4.269e+007	880	908	25
4.272e+007	909	908	25
4.275e+007	764	908	22
4.278e+007	758	908	22
4.281e+007	892	908	25
4.284e+007	900	908	26
4.287e+007	886	908	25
4.29e+007	792	908	22
4.293e+007	814	908	23
4.296e+007	847	908	24
4.299e+007	887	908	25
4.302e+007	1026	908	28
4.305e+007	700	908	20
4.308e+007	790	908	23
4.311e+007	835	908	24
4.314e+007	883	908	25
4.317e+007	974	908	28
4.32e+007	722	908	20
4.323e+007	823	908	23
4.326e+007	860	908	24
4.329e+007	903	908	25
4.332e+007	936	908	26
4.335e+007	773	908	23
4.338e+007	772	908	22
4.341e+007	836	908	24
4.344e+007	873	908	25
4.347e+007	1007	908	28
4.35e+007	726	908	20
4.353e+007	820	908	23
4.356e+007	886	908	24
4.359e+007	880	908	24
4.362e+007	968	908	27
4.365e+007	788	908	22
4.368e+007	762	908	22
4.371e+007	794	908	23
4.374e+007	800	908	23
4.377e+007	1049	908	30
4.38e+007	778	908	22
4.383e+007	741	908	22
4.386e+007	842	908	24
4.389e+007	790	908	22
4.392e+007	1052	908	30
4.395e+007	763	908	22
4.398e+007	800	908	22
4.401e+007	823	908	23
4.404e+007	841	908	24
4.407e+007	1042	908	29
4.41e+007	764	908	22
4.413e+007	679	908	20
4.416e+007	891	908	25
4.419e+007	834	908	23
4.422e+007	1097	908	31
4.425e+007	750	908	21
4.428e+007	790	908	22
4.431e+007	873	908	24
4.434e+007	755	908	22
4.437e+007	990	908	28
4.44e+007	816	908	24
4.443e+007	750	908	21
4.446e+007	806	908	23
4.449e+007	936	908	26
4.452e+007	955	908	27
4.455e+007	747	908	22
4.458e+007	745	908	22
4.461e+007	832	908	23
4.464e+007	857	908	25
4.467e+007	1041	908	29
4.47e+007	727	908	21
4.473e+007	777	908	22
4.476e+007	770	908	23
4.479e+007	933	908	27
4.482e+007	1006	908	27
4.485e+007	716	908	21
4.488e+007	781	908	22
4.491e+007	833	908	23
4.494e+007	977	908	27
4.497e+007	887	908	26
4.5e+007	805	908	22
4.503e+007	785	908	22
4.506e+007	814	908	23
4.509e+007	963	908	28
4.512e+007	888	908	24
4.515e+007	814	908	23
4.518e+007	797	908	22
4.521e+007	733	908	22
4.524e+007	976	908	28
4.527e+007	848	908	24
4.53e+007	880	908	24
4.533e+007	788	908	22
4.536e+007	861	908	24
4.539e+007	943	908	27
4.542e+007	848	908	24
4.545e+007	872	908	24
4.548e+007	720	908	21
4.551e+007	791	908	22
4.554e+007	905	908	26
4.557e+007	966	908	28
4.56e+007	827	908	23
4.563e+007	721	908	21
4.566e+007	769	908	22
4.569e+007	890	908	26
4.572e+007	928	908	27
4.575e+007	828	908	24
4.578e+007	724	908	21
4.581e+007	792	908	23
4.584e+007	978	908	28
4.587e+007	811	908	23
4.59e+007	875	908	25
4.593e+007	746	908	21
4.596e+007	946	908	25
4.599e+007	903	908	25
4.602e+007	857	908	25
4.605e+007	866	908	25
4.608e+007	720	908	20
4.611e+007	883	908	25
4.614e+007	884	908	26
4.617e+007	832	908	23
4.62e+007	897	908	25
4.623e+007	765	908	21
4.626e+007	913	908	25
4.629e+007	884	908	25
4.632e+007	799	908	24
4.635e+007	892	908	25
4.638e+007	768	908	21
4.641e+007	900	908	25
4.644e+007	872	908	25
4.647e+007	854	908	24
4.65e+007	859	908	25
4.653e+007	742	908	21
4.656e+007	846	908	24
4.659e+007	921	908	26
4.662e+007	899	908	25
4.665e+007	865	908	24
4.668e+007	977	908	22
4.671e+007	1073	908	24
4.674e+007	927	908	25
4.677e+007	865	908	24
4.68e+007	878	908	25
4.683e+007	808	908	21
4.686e+007	861	908	24
4.689e+007	853	908	24
4.692e+007	934	908	26
4.695e+007	820	908	25
4.698e+007	721	908	21
4.701e+007	835	908	24
4.704e+007	863	908	25
4.707e+007	835	908	24
4.71e+007	925	908	27
4.713e+007	661	908	20
4.716e+007	812	908	24
4.719e+007	879	908	25
4.722e+007	780	908	23
4.725e+007	974	908	28
4.728e+007	710	908	20
4.731e+007	851	908	24
4.734e+007	898	908	26
4.737e+007	861	908	24
4.74e+007	945	908	25
4.743e+007	792	908	22
4.746e+007	819	908	23
4.749e+007	831	908	24
4.752e+007	957	908	27
4.755e+007	867	908	24
4.758e+007	789	908	22
4.761e+007	723	908	21
4.764e+007	891	908	25
4.767e+007	948	908	27
4.77e+007	910	908	25
4.773e+007	800	908	22
4.776e+007	762	908	21
4.779e+007	938	908	26
4.782e+007	935	908	26
4.785e+007	957	908	26
4.788e+007	775	908	21
4.791e+007	728	908	21
4.794e+007	925	908	27
4.797e+007	892	908	25
4.8e+007	892	908	25
4.803e+007	738	908	22
4.806e+007	776	908	21
4.809e+007	939	908	26
4.812e+007	966	908	27
4.815e+007	842	908	24
4.818e+007	786	908	22
4.821e+007	715	908	21
4.824e+007	964	908	27
4.827e+007	855	908	24
4.83e+007	966	908	27
4.833e+007	722	908	21
4.836e+007	766	908	22
4.839e+007	916	908	26
4.842e+007	921	908	26
4.845e+007	906	908	25
4.848e+007	730	908	20
4.851e+007	825	908	23
4.854e+007	873	908	25
4.857e+007	1013	908	27
4.86e+007	849	908	24
4.863e+007	766	908	21
4.866e+007	772	908	22
4.869e+007	976	908	28
4.872e+007	913	908	25
4.875e+007	810	908	23
4.878e+007	795	908	22
4.881e+007	777	908	22
4.884e+007	964	908	27
4.887e+007	954	908	27
4.89e+007	704	908	21
4.893e+007	829	908	23
4.896e+007	807	908	23
4.899e+007	827	908	24
4.902e+007	938	908	27
4.905e+007	766	908	23
4.908e+007	806	908	23
4.911e+007	869	908	25
4.914e+007	791	908	22
4.917e+007	990	908	27
4.92e+007	794	908	24
4.923e+007	782	908	23
4.926e+007	796	908	23
4.929e+007	834	908	23
4.932e+007	997	908	28
4.935e+007	827	908	23
4.938e+007	760	908	22
4.941e+007	920	908	26
4.944e+007	746	908	21
4.947e+007	914	908	25
4.95e+007	958	908	26
4.953e+007	774	908	22
4.956e+007	932	908	26
4.959e+007	800	908	22
4.962e+007	933	908	26
4.965e+007	831	908	24
4.968e+007	774	908	22
4.971e+007	880	908	26
4.974e+007	734	908	21
4.977e+007	961	908	27
4.98e+007	864	908	25
4.983e+007	764	908	22
4.986e+007	866	908	25
4.989e+007	830	908	23
4.992e+007	793	908	23
4.995e+007	955	908	27
4.998e+007	829	908	23
5.001e+007	763	908	22
5.004e+007	838	908	24
5.007e+007	865	908	25
5.01e+007	943	908	27
5.013e+007	736	908	21
5.016e+007	842	908	24
5.019e+007	829	908	23
5.022e+007	922	908	27
5.025e+007	867	908	25
5.028e+007	756	908	21
5.031e+007	816	908	23
5.034e+007	860	908	24
5.037e+007	907	908	26
5.04e+007	927	908	26
5.043e+007	750	908	21
5.046e+007	813	908	23
5.049e+007	800	908	23
5.052e+007	946	908	27
5.055e+007	899	908	25
5.058e+007	791	908	22
5.061e+007	792	908	23
5.064e+007	850	908	23
5.067e+007	982	908	28
5.07e+007	893	908	25
5.073e+007	759	908	21
5.076e+007	852	908	24
5.079e+007	735	908	21
5.082e+007	1017	908	29
5.085e+007	862	908	25
5.088e+007	780	908	22
5.091e+007	820	908	23
5.094e+007	748	908	21
5.097e+007	1003	908	29
5.1e+007	894	908	25
5.103e+007	772	908	22
5.106e+007	799	908	22
5.109e+007	841	908	23
5.112e+007	954	908	27
5.115e+007	935	908	27
5.118e+007	705	908	21
5.121e+007	823	908	22
5.124e+007	780	908	23
5.127e+007	959	908	27
5.13e+007	852	908	25
5.133e+007	784	908	23
5.136e+007	734	908	21
5.139e+007	912	908	25
5.142e+007	988	908	27
5.145e+007	804	908	23
5.148e+007	833	908	24
5.151e+007	745	908	21
5.154e+007	858	908	24
5.157e+007	928	908	26
5.16e+007	924	908	26
5.163e+007	809	908	23
5.166e+007	759	908	21
5.169e+007	1000	908	24
5.172e+007	1133	908	26
5.175e+007	1033	908	27
5.178e+007	789	908	21
5.181e+007	723	908	22
5.184e+007	806	908	23
5.187e+007	889	908	25
5.19e+007	1042	908	30
5.193e+007	755	908	20
5.196e+007	781	908	22
5.199e+007	850	908	24
5.202e+007	946	908	26
5.205e+007	894	908	26
5.208e+007	751	908	22
5.211e+007	799	908	23
5.214e+007	852	908	25
5.217e+007	860	908	24
5.22e+007	866	908	25
5.223e+007	797	908	23
5.226e+007	800	908	23
5.229e+007	881	908	26
5.232e+007	778	908	22
5.235e+007	917	908	26
5.238e+007	823	908	23
5.241e+007	824	908	23
5.244e+007	911	908	26
5.247e+007	826	908	23
5.25e+007	929	908	26
5.253e+007	815	908	22
5.256e+007	837	908	24
5.259e+007	818	908	23
5.262e+007	874	908	25
5.265e+007	947	908	26
5.268e+007	769	908	23
5.271e+007	787	908	23
5.274e+007	835	908	23
5.277e+007	893	908	25
5.28e+007	826	908	24
5.283e+007	889	908	26
5.286e+007	774	908	22
5.289e+007	859	908	24
5.292e+007	883	908	24
5.295e+007	845	908	24
5.298e+007	921	908	26
5.301e+007	786	908	22
5.304e+007	827	908	23
5.307e+007	861	908	25
5.31e+007	920	908	25
5.313e+007	882	908	25
5.316e+007	776	908	23
5.319e+007	757	908	23
5.322e+007	921	908	27
5.325e+007	787	908	22
5.328e+007	875	908	25
5.331e+007	813	908	23
5.334e+007	863	908	23
5.337e+007	914	908	27
5.34e+007	773	908	22
5.343e+007	838	908	24
5.346e+007	847	908	24
5.349e+007	815	908	22
5.352e+007	986	908	28
5.355e+007	761	908	22
5.358e+007	858	908	24
5.361e+007	908	908	26
5.364e+007	737	908	21
5.367e+007	971	908	27
5.37e+007	804	908	22
5.373e+007	819	908	23
5.376e+007	894	908	25
5.379e+007	788	908	23
5.382e+007	951	908	27
5.385e+007	800	908	22
5.388e+007	816	908	24
5.391e+007	798	908	23
5.394e+007	869	908	25
5.397e+007	923	908	26
5.4e+007	762	908	22
5.403e+007	788	908	22
5.406e+007	862	908	25
5.409e+007	871	908	24
5.412e+007	944	908	26
5.415e+007	802	908	23
5.418e+007	791	908	23
5.421e+007	930	908	26
5.424e+007	818	908	23
5.427e+007	882	908	25
5.43e+007	847	908	24
5.433e+007	842	908	23
5.436e+007	898	908	25
5.439e+007	849	908	23
5.442e+007	867	908	25
5.445e+007	828	908	24
5.448e+007	783	908	22
5.451e+007	884	908	25
5.454e+007	823	908	23
5.457e+007	948	908	27
5.46e+007	845	908	24
5.463e+007	792	908	23
5.466e+007	831	908	23
5.469e+007	858	908	24
5.472e+007	896	908	26
5.475e+007	755	908	22
5.478e+007	836	908	24
5.481e+007	880	908	25
5.484e+007	817	908	23
5.487e+007	915	908	25
5.49e+007	883	908	24
5.493e+007	780	908	23
5.496e+007	871	908	25
5.499e+007	815	908	22
5.502e+007	947	908	27
5.505e+007	822	908	23
5.508e+007	828	908	23
5.511e+007	880	908	25
5.514e+007	770	908	22
5.517e+007	932	908	26
5.52e+007	880	908	24
5.523e+007	804	908	23
5.526e+007	854	908	25
5.529e+007	739	908	22
5.532e+007	904	908	26
5.535e+007	843	908	24
5.538e+007	807	908	23
5.541e+007	904	908	25
5.544e+007	750	908	22
5.547e+007	857	908	25
5.55e+007	896	908	25
5.553e+007	828	908	24
5.556e+007	872	908	24
5.559e+007	823	908	22
5.562e+007	853	908	25
5.565e+007	859	908	25
5.568e+007	874	908	25
5.571e+007	837	908	23
5.574e+007	744	908	22
5.577e+007	863	908	25
5.58e+007	845	908	24
5.583e+007	898	908	26
5.586e+007	846	908	23
5.589e+007	771	908	22
5.592e+007	947	908	25
5.595e+007	874	908	24
5.598e+007	903	908	25
5.601e+007	817	908	24
5.604e+007	850	908	23
5.607e+007	838	908	24
5.61e+007	875	908	25
5.613e+007	824	908	24
5.616e+007	912	908	25
5.619e+007	806	908	22
5.622e+007	787	908	23
5.625e+007	965	908	27
5.628e+007	781	908	23
5.631e+007	867	908	25
5.634e+007	777	908	22
5.637e+007	814	908	24
5.64e+007	906	908	25
5.643e+007	817	908	23
5.646e+007	929	908	26
5.649e+007	768	908	22
5.652e+007	816	908	23
5.655e+007	894	908	26
5.658e+007	879	908	24
5.661e+007	911	908	25
5.664e+007	761	908	22
5.667e+007	856	908	24
5.67e+007	1091	908	25
5.673e+007	1050	908	24
5.676e+007	936	908	25
5.679e+007	753	908	21
5.682e+007	865	908	24
5.685e+007	905	908	25
5.688e+007	944	908	26
5.691e+007	881	908	24
5.694e+007	766	908	21
5.697e+007	889	908	25
5.7e+007	898	908	25
5.703e+007	871	908	24
5.706e+007	879	908	25
5.709e+007	684	908	21
5.712e+007	880	908	24
5.715e+007	885	908	25
5.718e+007	892	908	25
5.721e+007	882	908	25
5.724e+007	741	908	21
5.727e+007	872	908	25
5.73e+007	923	908	26
5.733e+007	790	908	24
5.736e+007	877	908	24
5.739e+007	777	908	22
5.742e+007	880	908	24
5.745e+007	911	908	25
5.748e+007	901	908	25
5.751e+007	883	908	24
5.754e+007	718	908	21
5.757e+007	852	908	25
5.76e+007	886	908	25
5.763e+007	888	908	25
5.766e+007	804	908	24
5.769e+007	760	908	22
5.772e+007	928	908	26
5.775e+007	853	908	23
5.778e+007	845	908	25
5.781e+007	855	908	24
5.784e+007	802	908	23
5.787e+007	746	908	23
5.79e+007	892	908	25
5.793e+007	925	908	25
5.796e+007	865	908	24
5.799e+007	751	908	22
5.802e+007	860	908	25
5.805e+007	818	908	24
5.808e+007	817	908	24
5.811e+007	854	908	25
5.814e+007	785	908	22
5.817e+007	860	908	25
5.82e+007	786	908	23
5.823e+007	833	908	23
5.826e+007	929	908	27
5.829e+007	796	908	22
5.832e+007	848	908	24
5.835e+007	861	908	24
5.838e+007	831	908	24
5.841e+007	920	908	26
5.844e+007	782	908	22
5.847e+007	869	908	24
5.85e+007	841	908	24
5.853e+007	808	908	24
5.856e+007	871	908	25
5.859e+007	792	908	22
5.862e+007	894	908	26
5.865e+007	845	908	24
5.868e+007	907	908	24
5.871e+007	826	908	24
5.874e+007	828	908	23
5.877e+007	870	908	25
5.88e+007	827	908	23
5.883e+007	914	908	25
5.886e+007	868	908	24
5.889e+007	795	908	22
5.892e+007	945	908	26
5.895e+007	776	908	22
5.898e+007	933	908	26
5.901e+007	860	908	25
5.904e+007	769	908	22
5.907e+007	923	908	26
5.91e+007	792	908	21
5.913e+007	886	908	25
5.916e+007	897	908	26
5.919e+007	803	908	22
5.922e+007	928	908	26
5.925e+007	742	908	21
5.928e+007	920	908	26
5.931e+007	882	908	25
5.934e+007	793	908	22
5.937e+007	970	908	26
5.94e+007	779	908	22
5.943e+007	870	908	25
5.946e+007	895	908	25
5.949e+007	808	908	23
5.952e+007	825	908	23
5.955e+007	836	908	24
5.958e+007	885	908	25
5.961e+007	887	908	25
5.964e+007	842	908	23
5.967e+007	788	908	22
5.97e+007	937	908	26
5.973e+007	852	908	24
5.976e+007	919	908	25
5.979e+007	819	908	23
5.982e+007	760	908	21
5.985e+007	872	908	26
5.988e+007	884	908	25
5.991e+007	846	908	25
5.994e+007	821	908	23
5.997e+007	794	908	23
6e+007	863	908	24
6.003e+007	851	908	24
6.006e+007	887	908	26
6.009e+007	821	908	23
6.012e+007	833	908	23
6.015e+007	818	908	24
6.018e+007	870	908	24
6.021e+007	922	908	27
6.024e+007	769	908	22
6.027e+007	815	908	22
6.03e+007	873	908	24
6.033e+007	916	908	26
6.036e+007	921	908	26
6.039e+007	813	908	22
6.042e+007	776	908	22
6.045e+007	845	908	24
6.048e+007	961	908	27
6.051e+007	872	908	24
6.054e+007	725	908	22
6.057e+007	800	908	23
6.06e+007	836	908	24
6.063e+007	900	908	25
6.066e+007	890	908	25
6.069e+007	840	908	23
6.072e+007	821	908	24
6.075e+007	785	908	22
6.078e+007	931	908	27
6.081e+007	828	908	24
6.084e+007	811	908	24
6.087e+007	835	908	23
6.09e+007	830	908	23
6.093e+007	856	908	25
6.096e+007	861	908	24
6.099e+007	845	908	24
6.102e+007	839	908	24
6.105e+007	800	908	22
6.108e+007	983	908	28
6.111e+007	793	908	22
6.114e+007	915	908	25
6.117e+007	814	908	23
6.12e+007	767	908	21
6.123e+007	1020	908	28
6.126e+007	828	908	23
6.129e+007	829	908	24
6.132e+007	824	908	23
6.135e+007	802	908	22
6.138e+007	952	908	27
6.141e+007	813	908	23
6.144e+007	896	908	25
6.147e+007	846	908	24
6.15e+007	775	908	21
6.153e+007	866	908	26
6.156e+007	870	908	25
6.159e+007	897	908	25
6.162e+007	862	908	23
6.165e+007	806	908	22
6.168e+007	930	908	25
6.171e+007	980	908	24
6.174e+007	1136	908	26
6.177e+007	907	908	23
6.18e+007	834	908	22
6.183e+007	826	908	24
6.186e+007	837	908	24
6.189e+007	931	908	27
6.192e+007	775	908	22
6.195e+007	825	908	23
6.198e+007	776	908	23
6.201e+007	900	908	25
6.204e+007	888	908	26
6.207e+007	840	908	24
6.21e+007	803	908	22
6.213e+007	767	908	23
6.216e+007	906	908	25
6.219e+007	929	908	27
6.222e+007	820	908	23
6.225e+007	774	908	22
6.228e+007	765	908	22
6.231e+007	881	908	25
6.234e+007	936	908	27
6.237e+007	886	908	25
6.24e+007	747	908	21
6.243e+007	875	908	24
6.246e+007	789	908	23
6.249e+007	921	908	27
6.252e+007	819	908	24
6.255e+007	752	908	23
6.258e+007	866	908	25
6.261e+007	740	908	21
6.264e+007	988	908	28
6.267e+007	823	908	23
6.27e+007	793	908	22
6.273e+007	897	908	26
6.276e+007	780	908	21
6.279e+007	978	908	28
6.282e+007	767	908	23
6.285e+007	786	908	22
6.288e+007	950	908	26
6.291e+007	731	908	21
6.294e+007	1006	908	29
6.297e+007	773	908	22
6.3e+007	788	908	23
6.303e+007	861	908	24
6.306e+007	783	908	23
6.309e+007	918	908	26
6.312e+007	793	908	23
6.315e+007	873	908	24
6.318e+007	873	908	24
6.321e+007	758	908	22
6.324e+007	911	908	26
6.327e+007	811	908	24
6.33e+007	894	908	25
6.333e+007	768	908	22
6.336e+007	831	908	24
6.339e+007	874	908	25
6.342e+007	853	908	24
6.345e+007	881	908	25
6.348e+007	799	908	22
6.351e+007	767	908	22
6.354e+007	959	908	28
6.357e+007	826	908	23
6.36e+007	906	908	25
6.363e+007	798	908	21
6.366e+007	879	908	24
6.369e+007	919	908	26
6.372e+007	864	908	24
6.375e+007	845	908	24
6.378e+007	829	908	24
6.381e+007	834	908	23
6.384e+007	927	908	26
6.387e+007	763	908	21
6.39e+007	870	908	25
6.393e+007	848	908	25
6.396e+007	788	908	22
6.399e+007	933	908	27
6.402e+007	707	908	20
6.405e+007	913	908	26
6.408e+007	900	908	25
6.411e+007	782	908	22
6.414e+007	909	908	26
6.417e+007	760	908	22
6.42e+007	962	908	27
6.423e+007	793	908	23
6.426e+007	809	908	23
6.429e+007	909	908	25
6.432e+007	794	908	22
6.435e+007	924	908	26
6.438e+007	824	908	24
6.441e+007	822	908	23
6.444e+007	935	908	25
6.447e+007	799	908	23
6.45e+007	846	908	25
6.453e+007	817	908	24
6.456e+007	841	908	23
6.459e+007	841	908	25
6.462e+007	757	908	22
6.465e+007	954	908	27
6.468e+007	820	908	23
6.471e+007	843	908	23
6.474e+007	898	908	25
6.477e+007	791	908	22
6.48e+007	978	908	27
6.483e+007	804	908	23
6.486e+007	791	908	22
6.489e+007	877	908	25
6.492e+007	814	908	23
6.495e+007	997	908	27
6.498e+007	820	908	23
6.501e+007	785	908	22
6.504e+007	799	908	24
6.507e+007	900	908	25
6.51e+007	946	908	26
6.513e+007	824	908	23
6.516e+007	737	908	22
6.519e+007	893	908	25
6.522e+007	794	908	23
6.525e+007	929	908	26
6.528e+007	840	908	24
6.531e+007	757	908	21
6.534e+007	878	908	26
6.537e+007	801	908	22
6.54e+007	954	908	27
6.543e+007	848	908	24
6.546e+007	783	908	23
6.549e+007	844	908	24
6.552e+007	785	908	22
6.555e+007	957	908	27
6.558e+007	819	908	24
6.561e+007	825	908	23
6.564e+007	823	908	24
6.567e+007	785	908	22
6.57e+007	926	908	26
6.573e+007	903	908	26
6.576e+007	792	908	23
6.579e+007	862	908	24
6.582e+007	753	908	21
6.585e+007	969	908	27
6.588e+007	896	908	25
6.591e+007	793	908	23
6.594e+007	853	908	24
6.597e+007	825	908	22
6.6e+007	897	908	26
6.603e+007	883	908	25
6.606e+007	800	908	23
6.609e+007	841	908	24
6.612e+007	833	908	22
6.615e+007	864	908	25
6.618e+007	893	908	25
6.621e+007	889	908	25
6.624e+007	838	908	23
6.627e+007	749	908	21
6.63e+007	1067	908	29
6.633e+007	799	908	22
6.636e+007	833	908	24
6.639e+007	849	908	24
6.642e+007	788	908	22
6.645e+007	977	908	28
6.648e+007	780	908	22
6.651e+007	843	908	24
6.654e+007	793	908	23
6.657e+007	847	908	23
6.66e+007	1000	908	27
6.663e+007	852	908	24
6.666e+007	824	908	23
6.669e+007	821	908	23
6.672e+007	924	908	24
6.675e+007	1075	908	25
6.678e+007	1077	908	26
6.681e+007	823	908	22
6.684e+007	784	908	23
6.687e+007	853	908	24
6.69e+007	888	908	26
6.693e+007	877	908	24
6.696e+007	820	908	23
6.699e+007	775	908	23
6.702e+007	897	908	25
6.705e+007	830	908	24
6.708e+007	936	908	25
6.711e+007	828	908	23
6.714e+007	799	908	23
6.717e+007	833	908	24
6.72e+007	892	908	25
6.723e+007	899	908	25
6.726e+007	820	908	23
6.729e+007	791	908	22
6.732e+007	857	908	24
6.735e+007	892	908	25
6.738e+007	949	908	27
6.741e+007	785	908	22
6.744e+007	772	908	23
6.747e+007	845	908	23
6.75e+007	877	908	25
6.753e+007	918	908	26
6.756e+007	806	908	23
6.759e+007	796	908	23
6.762e+007	849	908	24
6.765e+007	839	908	24
6.768e+007	896	908	26
6.771e+007	808	908	23
6.774e+007	840	908	23
6.777e+007	868	908	24
6.78e+007	818	908	23
6.783e+007	915	908	26
6.786e+007	882	908	24
6.789e+007	826	908	23
6.792e+007	890	908	25
6.795e+007	785	908	22
6.798e+007	967	908	26
6.801e+007	851	908	24
6.804e+007	842	908	23
6.807e+007	891	908	24
6.81e+007	893	908	25
6.813e+007	884	908	26
6.816e+007	755	908	22
6.819e+007	819	908	23
6.822e+007	844	908	25
6.825e+007	729	908	21
6.828e+007	1067	908	29
6.831e+007	797	908	23
6.834e+007	825	908	23
6.837e+007	833	908	22
6.84e+007	780	908	23
6.843e+007	1029	908	29
6.846e+007	851	908	24
6.849e+007	687	908	20
6.852e+007	896	908	25
6.855e+007	814	908	23
6.858e+007	949	908	27
6.861e+007	873	908	24
6.864e+007	767	908	21
6.867e+007	876	908	25
6.87e+007	794	908	23
6.873e+007	975	908	28
6.876e+007	776	908	22
6.879e+007	827	908	23
6.882e+007	813	908	24
6.885e+007	776	908	23
6.888e+007	976	908	27
6.891e+007	829	908	23
6.894e+007	863	908	24
6.897e+007	768	908	22
6.9e+007	879	908	24
6.903e+007	952	908	27
6.906e+007	807	908	23
6.909e+007	875	908	24
6.912e+007	807	908	22
6.915e+007	858	908	25
6.918e+007	949	908	26
6.921e+007	824	908	24
6.924e+007	828	908	24
6.927e+007	748	908	21
6.93e+007	944	908	26
6.933e+007	827	908	25
6.936e+007	879	908	24
6.939e+007	855	908	25
6.942e+007	698	908	20
6.945e+007	934	908	26
6.948e+007	839	908	24
6.951e+007	899	908	25
6.954e+007	869	908	25
6.957e+007	699	908	20
6.96e+007	920	908	26
6.963e+007	885	908	25
6.966e+007	905	908	25
6.969e+007	843	908	24
6.972e+007	728	908	20
6.975e+007	922	908	26
6.978e+007	896	908	26
6.981e+007	843	908	24
6.984e+007	845	908	24
6.987e+007	748	908	21
6.99e+007	879	908	25
6.993e+007	898	908	25
6.996e+007	926	908	26
6.999e+007	795	908	23
7.002e+007	720	908	20
7.005e+007	937	908	26
7.008e+007	790	908	22
7.011e+007	994	908	28
7.014e+007	851	908	24
7.017e+007	685	908	21
7.02e+007	814	908	23
7.023e+007	862	908	24
7.026e+007	1002	908	28
7.029e+007	846	908	24
7.032e+007	746	908	20
7.035e+007	856	908	24
7.038e+007	934	908	26
7.041e+007	980	908	27
7.044e+007	761	908	23
7.047e+007	750	908	21
7.05e+007	787	908	23
7.053e+007	1003	908	27
7.056e+007	920	908	25
7.059e+007	882	908	24
7.062e+007	782	908	21
7.065e+007	780	908	22
7.068e+007	961	908	27
7.071e+007	940	908	27
7.074e+007	803	908	23
7.077e+007	721	908	21
7.08e+007	822	908	24
7.083e+007	931	908	26
7.086e+007	890	908	26
7.089e+007	810	908	23
7.092e+007	719	908	21
7.095e+007	846	908	24
7.098e+007	875	908	24
7.101e+007	967	908	28
7.104e+007	757	908	22
7.107e+007	763	908	22
7.11e+007	818	908	23
7.113e+007	926	908	27
7.116e+007	898	908	26
7.119e+007	731	908	21
7.122e+007	799	908	23
7.125e+007	820	908	23
7.128e+007	929	908	27
7.131e+007	906	908	25
7.134e+007	800	908	23
7.137e+007	802	908	22
7.14e+007	883	908	24
7.143e+007	869	908	25
7.146e+007	970	908	27
7.149e+007	790	908	22
7.152e+007	776	908	22
7.155e+007	764	908	23
7.158e+007	962	908	26
7.161e+007	918	908	27
7.164e+007	807	908	22
7.167e+007	797	908	22
7.17e+007	890	908	24
7.173e+007	1018	908	26
7.176e+007	1073	908	26
7.179e+007	925	908	22
7.182e+007	793	908	22
7.185e+007	828	908	24
7.188e+007	874	908	25
7.191e+007	948	908	27
7.194e+007	775	908	22
7.197e+007	775	908	22
7.2e+007	803	908	23
7.203e+007	1009	908	28
7.206e+007	885	908	25
7.209e+007	785	908	22
7.212e+007	809	908	23
7.215e+007	744	908	22
7.218e+007	1000	908	28
7.221e+007	841	908	24
7.224e+007	772	908	23
7.227e+007	830	908	23
7.23e+007	803	908	23
7.233e+007	961	908	27
7.236e+007	911	908	25
7.239e+007	760	908	22
7.242e+007	791	908	23
7.245e+007	775	908	22
7.248e+007	983	908	29
7.251e+007	800	908	24
7.254e+007	818	908	22
7.257e+007	797	908	23
7.26e+007	803	908	22
7.263e+007	983	908	28
7.266e+007	876	908	25
7.269e+007	768	908	22
7.272e+007	823	908	23
7.275e+007	761	908	22
7.278e+007	1028	908	29
7.281e+007	820	908	24
7.284e+007	736	908	22
7.287e+007	860	908	23
7.29e+007	746	908	21
7.293e+007	1096	908	30
7.296e+007	885	908	24
7.299e+007	784	908	22
7.302e+007	774	908	22
7.305e+007	810	908	23
7.308e+007	1046	908	30
7.311e+007	799	908	23
7.314e+007	760	908	22
7.317e+007	771	908	22
7.32e+007	838	908	24
7.323e+007	926	908	27
7.326e+007	855	908	24
7.329e+007	796	908	23
7.332e+007	765	908	22
7.335e+007	829	908	23
7.338e+007	1031	908	29
7.341e+007	825	908	23
7.344e+007	831	908	23
7.347e+007	754	908	22
7.35e+007	777	908	22
7.353e+007	979	908	29
7.356e+007	887	908	24
7.359e+007	822	908	23
7.362e+007	778	908	23
7.365e+007	801	908	23
7.368e+007	958	908	28
7.371e+007	833	908	23
7.374e+007	779	908	23
7.377e+007	765	908	22
7.38e+007	805	908	23
7.383e+007	963	908	27
7.386e+007	883	908	25
7.389e+007	780	908	22
7.392e+007	820	908	23
7.395e+007	869	908	24
7.398e+007	1022	908	28
7.401e+007	821	908	23
7.404e+007	799	908	23
7.407e+007	860	908	24
7.41e+007	793	908	23
7.413e+007	892	908	26
7.416e+007	848	908	24
7.419e+007	802	908	23
7.422e+007	885	908	24
7.425e+007	811	908	23
7.428e+007	914	908	25
7.431e+007	915	908	25
7.434e+007	835	908	23
7.437e+007	816	908	23
7.44e+007	812	908	24
7.443e+007	865	908	24
7.446e+007	894	908	25
7.449e+007	832	908	24
7.452e+007	791	908	22
7.455e+007	875	908	25
7.458e+007	884	908	24
7.461e+007	901	908	25
7.464e+007	838	908	23
7.467e+007	823	908	23
7.47e+007	875	908	24
7.473e+007	854	908	25
7.476e+007	874	908	25
7.479e+007	849	908	24
7.482e+007	776	908	22
7.485e+007	876	908	25
7.488e+007	838	908	24
7.491e+007	887	908	25
7.494e+007	758	908	22
7.497e+007	888	908	25
7.5e+007	778	908	22
7.503e+007	947	908	27
7.506e+007	766	908	23
7.509e+007	843	908	23
7.512e+007	942	908	26
7.515e+007	750	908	21
7.518e+007	961	908	27
7.521e+007	891	908	25
7.524e+007	753	908	21
7.527e+007	886	908	25
7.53e+007	772	908	22
7.533e+007	931	908	27
7.536e+007	854	908	24
7.539e+007	729	908	22
7.542e+007	860	908	24
7.545e+007	821	908	24
7.548e+007	886	908	26
7.551e+007	855	908	24
7.554e+007	811	908	23
7.557e+007	830	908	23
7.56e+007	831	908	23
7.563e+007	894	908	25
7.566e+007	864	908	25
7.569e+007	830	908	24
7.572e+007	789	908	23
7.575e+007	848	908	23
7.578e+007	846	908	25
7.581e+007	864	908	25
7.584e+007	904	908	25
7.587e+007	748	908	22
7.59e+007	772	908	22
7.593e+007	902	908	25
7.596e+007	917	908	27
7.599e+007	856	908	24
7.602e+007	778	908	22
7.605e+007	740	908	22
7.608e+007	894	908	25
7.611e+007	962	908	27
7.614e+007	837	908	24
7.617e+007	761	908	22
7.62e+007	810	908	22
7.623e+007	872	908	25
7.626e+007	951	908	27
7.629e+007	882	908	24
7.632e+007	758	908	22
7.635e+007	770	908	22
7.638e+007	890	908	25
7.641e+007	954	908	26
7.644e+007	910	908	26
7.647e+007	733	908	21
7.65e+007	804	908	23
7.653e+007	879	908	25
7.656e+007	919	908	26
7.659e+007	784	908	23
7.662e+007	804	908	23
7.665e+007	749	908	21
7.668e+007	934	908	27
7.671e+007	934	908	26
7.674e+007	960	908	23
7.677e+007	1056	908	24
7.68e+007	803	908	20
7.683e+007	929	908	26
7.686e+007	910	908	26
7.689e+007	891	908	25
7.692e+007	819	908	23
7.695e+007	677	908	20
7.698e+007	929	908	26
7.701e+007	859	908	25
7.704e+007	869	908	25
7.707e+007	876	908	24
7.71e+007	756	908	21
7.713e+007	840	908	24
7.716e+007	953	908	27
7.719e+007	848	908	24
7.722e+007	828	908	24
7.725e+007	713	908	20
7.728e+007	878	908	25
7.731e+007	937	908	26
7.734e+007	882	908	25
7.737e+007	853	908	24
7.74e+007	665	908	20
7.743e+007	892	908	26
7.746e+007	892	908	25
7.749e+007	1001	908	27
7.752e+007	764	908	22
7.755e+007	710	908	20
7.758e+007	933	908	27
7.761e+007	829	908	23
7.764e+007	968	908	28
7.767e+007	814	908	22
7.77e+007	778	908	22
7.773e+007	917	908	25
7.776e+007	788	908	24
7.779e+007	930	908	25
7.782e+007	875	908	24
7.785e+007	777	908	22
7.788e+007	772	908	23
7.791e+007	886	908	25
7.794e+007	922	908	27
7.797e+007	796	908	23
7.8e+007	743	908	21
7.803e+007	885	908	25
7.806e+007	808	908	24
7.809e+007	855	908	24
7.812e+007	955	908	26
7.815e+007	800	908	22
7.818e+007	875	908	24
7.821e+007	849	908	24
7.824e+007	895	908	26
7.827e+007	858	908	24
7.83e+007	812	908	23
7.833e+007	791	908	23
7.836e+007	843	908	24
7.839e+007	913	908	26
7.842e+007	880	908	24
7.845e+007	764	908	22
7.848e+007	868	908	24
7.851e+007	876	908	24
7.854e+007	846	908	25
7.857e+007	835	908	24
7.86e+007	774	908	22
7.863e+007	927	908	25
7.866e+007	873	908	24
7.869e+007	865	908	25
7.872e+007	855	908	24
7.875e+007	795	908	22
7.878e+007	871	908	25
7.881e+007	904	908	25
7.884e+007	830	908	24
7.887e+007	822	908	24
7.89e+007	743	908	21
7.893e+007	843	908	25
7.896e+007	827	908	24
7.899e+007	894	908	25
7.902e+007	846	908	25
7.905e+007	771	908	22
7.908e+007	796	908	23
7.911e+007	943	908	27
7.914e+007	851	908	24
7.917e+007	869	908	24
7.92e+007	777	908	22
7.923e+007	830	908	24
7.926e+007	927	908	25
7.929e+007	910	908	25
7.932e+007	827	908	23
7.935e+007	856	908	24
7.938e+007	919	908	25
7.941e+007	787	908	23
7.944e+007	890	908	25
7.947e+007	817	908	23
7.95e+007	835	908	24
7.953e+007	881	908	24
7.956e+007	856	908	24
7.959e+007	859	908	24
7.962e+007	813	908	24
7.965e+007	857	908	25
7.968e+007	816	908	23
7.971e+007	860	908	24
7.974e+007	883	908	24
7.977e+007	858	908	24
7.98e+007	879	908	25
7.983e+007	793	908	22
7.986e+007	887	908	25
7.989e+007	894	908	24
7.992e+007	809	908	23
7.995e+007	892	908	25
7.998e+007	806	908	23
8.001e+007	909	908	25
8.004e+007	880	908	25
8.007e+007	860	908	23
8.01e+007	872	908	24
8.013e+007	844	908	23
8.016e+007	912	908	25
8.019e+007	919	908	25
8.022e+007	812	908	24
8.025e+007	854	908	24
8.028e+007	776	908	22
8.031e+007	908	908	25
8.034e+007	815	908	23
8.037e+007	893	908	25
8.04e+007	852	908	25
8.043e+007	790	908	22
8.046e+007	899	908	24
8.049e+007	918	908	25
8.052e+007	848	908	24
8.055e+007	893	908	25
8.058e+007	800	908	23
8.061e+007	759	908	22
8.064e+007	840	908	24
8.067e+007	951	908	27
8.07e+007	863	908	24
8.073e+007	760	908	21
8.076e+007	832	908	24
8.079e+007	879	908	24
8.082e+007	953	908	27
8.085e+007	864	908	24
8.088e+007	806	908	22
8.091e+007	819	908	23
8.094e+007	881	908	26
8.097e+007	875	908	24
8.1e+007	911	908	26
8.103e+007	715	908	21
8.106e+007	871	908	23
8.109e+007	905	908	25
8.112e+007	897	908	25
8.115e+007	943	908	26
8.118e+007	753	908	21
8.121e+007	842	908	23
8.124e+007	852	908	24
8.127e+007	891	908	25
8.13e+007	983	908	27
8.133e+007	836	908	23
8.136e+007	766	908	22
8.139e+007	860	908	24
8.142e+007	807	908	23
8.145e+007	985	908	28
8.148e+007	663	908	20
8.151e+007	878	908	25
8.154e+007	852	908	24
8.157e+007	846	908	24
8.16e+007	933	908	26
8.163e+007	822	908	24
8.166e+007	714	908	21
8.169e+007	860	908	25
8.172e+007	874	908	25
8.175e+007	1054	908	25
8.178e+007	1043	908	24
8.181e+007	842	908	21
8.184e+007	903	908	25
8.187e+007	896	908	24
8.19e+007	890	908	26
8.193e+007	882	908	24
8.196e+007	719	908	21
8.199e+007	860	908	25
8.202e+007	897	908	25
8.205e+007	865	908	24
8.208e+007	813	908	24
8.211e+007	821	908	23
8.214e+007	821	908	24
8.217e+007	951	908	28
8.22e+007	753	908	21
8.223e+007	863	908	25
8.226e+007	772	908	22
8.229e+007	844	908	23
8.232e+007	922	908	27
8.235e+007	797	908	22
8.238e+007	845	908	24
8.241e+007	878	908	24
8.244e+007	837	908	23
8.247e+007	973	908	28
8.25e+007	775	908	22
8.253e+007	881	908	25
8.256e+007	778	908	22
8.259e+007	795	908	23
8.262e+007	932	908	27
8.265e+007	772	908	23
8.268e+007	862	908	24
8.271e+007	804	908	23
8.274e+007	832	908	22
8.277e+007	970	908	27
8.28e+007	833	908	24
8.283e+007	851	908	24
8.286e+007	852	908	23
8.289e+007	793	908	22
8.292e+007	986	908	28
8.295e+007	772	908	23
8.298e+007	842	908	23
8.301e+007	821	908	24
8.304e+007	767	908	22
8.307e+007	1004	908	28
8.31e+007	769	908	23
8.313e+007	783	908	22
8.316e+007	905	908	25
8.319e+007	746	908	21
8.322e+007	954	908	27
8.325e+007	902	908	25
8.328e+007	789	908	23
8.331e+007	814	908	24
8.334e+007	903	908	24
8.337e+007	872	908	25
8.34e+007	911	908	24
8.343e+007	820	908	23
8.346e+007	826	908	23
8.349e+007	775	908	23
8.352e+007	946	908	26
8.355e+007	911	908	25
8.358e+007	819	908	23
8.361e+007	852	908	23
8.364e+007	829	908	24
8.367e+007	1032	908	28
8.37e+007	762	908	21
8.373e+007	757	908	23
8.376e+007	825	908	23
8.379e+007	933	908	25
8.382e+007	999	908	28
8.385e+007	756	908	21
8.388e+007	779	908	23
8.391e+007	816	908	23
8.394e+007	911	908	26
8.397e+007	936	908	27
8.4e+007	751	908	21
8.403e+007	799	908	23
8.406e+007	798	908	23
8.409e+007	875	908	25
8.412e+007	946	908	27
8.415e+007	794	908	22
8.418e+007	836	908	23
8.421e+007	801	908	23
8.424e+007	927	908	27
8.427e+007	857	908	25
8.43e+007	776	908	22
8.433e+007	785	908	23
8.436e+007	920	908	26
8.439e+007	851	908	24
8.442e+007	875	908	25
8.445e+007	784	908	22
8.448e+007	808	908	23
8.451e+007	964	908	27
8.454e+007	773	908	22
8.457e+007	900	908	25
8.46e+007	829	908	23
8.463e+007	780	908	22
8.466e+007	931	908	27
8.469e+007	818	908	23
8.472e+007	855	908	24
8.475e+007	890	908	25
8.478e+007	734	908	21
8.481e+007	977	908	27
8.484e+007	837	908	23
8.487e+007	871	908	25
8.49e+007	861	908	24
8.493e+007	768	908	21
8.496e+007	903	908	24
8.499e+007	948	908	27
8.502e+007	898	908	24
8.505e+007	787	908	23
8.508e+007	720	908	22
8.511e+007	857	908	24
8.514e+007	888	908	25
8.517e+007	943	908	27
8.52e+007	778	908	22
8.523e+007	752	908	22
8.526e+007	894	908	25
8.529e+007	926	908	25
8.532e+007	920	908	26
8.535e+007	753	908	22
8.538e+007	725	908	21
8.541e+007	865	908	25
8.544e+007	871	908	25
8.547e+007	907	908	26
8.55e+007	823	908	23
8.553e+007	792	908	22
8.556e+007	885	908	24
8.559e+007	900	908	26
8.562e+007	893	908	25
8.565e+007	795	908	23
8.568e+007	791	908	22
8.571e+007	845	908	24
8.574e+007	926	908	25
8.577e+007	974	908	27
8.58e+007	785	908	22
8.583e+007	815	908	22
8.586e+007	874	908	24
8.589e+007	873	908	25
8.592e+007	1016	908	28
8.595e+007	761	908	21
8.598e+007	772	908	22
8.601e+007	880	908	25
8.604e+007	844	908	24
8.607e+007	895	908	25
8.61e+007	857	908	24
8.613e+007	832	908	23
8.616e+007	804	908	23
8.619e+007	943	908	26
8.622e+007	934	908	26
8.625e+007	732	908	22
8.628e+007	761	908	22
8.631e+007	805	908	23
8.634e+007	937	908	27
8.637e+007	846	908	24
8.64e+007	842	908	24
8.643e+007	771	908	22
8.646e+007	822	908	23
8.649e+007	925	908	27
8.652e+007	888	908	24
8.655e+007	841	908	24
8.658e+007	713	908	22
8.661e+007	793	908	23
8.664e+007	904	908	26
8.667e+007	828	908	24
8.67e+007	885	908	25
8.673e+007	818	908	22
8.676e+007	935	908	23
8.679e+007	1159	908	27
8.682e+007	975	908	24
8.685e+007	834	908	23
8.688e+007	839	908	23
8.691e+007	860	908	24
8.694e+007	901	908	25
8.697e+007	892	908	25
8.7e+007	816	908	23
8.703e+007	809	908	23
8.706e+007	846	908	24
8.709e+007	859	908	25
8.712e+007	860	908	25
8.715e+007	866	908	24
8.718e+007	786	908	22
8.721e+007	851	908	24
8.724e+007	841	908	24
8.727e+007	905	908	26
8.73e+007	861	908	24
8.733e+007	804	908	23
8.736e+007	820	908	22
8.739e+007	820	908	24
8.742e+007	914	908	26
8.745e+007	881	908	25
8.748e+007	814	908	22
8.751e+007	926	908	25
8.754e+007	809	908	22
8.757e+007	939	908	27
8.76e+007	868	908	24
8.763e+007	780	908	23
8.766e+007	820	908	23
8.769e+007	847	908	24
8.772e+007	881	908	25
8.775e+007	826	908	24
8.778e+007	868	908	24
8.781e+007	797	908	23
8.784e+007	872	908	24
8.787e+007	884	908	25
8.79e+007	823	908	24
8.793e+007	844	908	23
8.796e+007	805	908	24
8.799e+007	866	908	24
8.802e+007	854	908	24
8.805e+007	817	908	25
8.808e+007	813	908	23
8.811e+007	828	908	24
8.814e+007	813	908	24
8.817e+007	861	908	24
8.82e+007	939	908	26
8.823e+007	791	908	22
8.826e+007	835	908	24
8.829e+007	796	908	23
8.832e+007	949	908	27
8.835e+007	852	908	24
8.838e+007	806	908	23
8.841e+007	779	908	22
8.844e+007	834	908	24
8.847e+007	903	908	25
8.85e+007	901	908	25
8.853e+007	799	908	23
8.856e+007	802	908	23
8.859e+007	805	908	24
8.862e+007	899	908	26
8.865e+007	832	908	25
8.868e+007	811	908	22
8.871e+007	787	908	23
8.874e+007	865	908	25
8.877e+007	945	908	26
8.88e+007	932	908	26
8.883e+007	694	908	20
8.886e+007	825	908	23
8.889e+007	849	908	24
8.892e+007	970	908	27
8.895e+007	828	908	23
8.898e+007	832	908	23
8.901e+007	811	908	23
8.904e+007	922	908	25
8.907e+007	923	908	26
8.91e+007	825	908	24
8.913e+007	775	908	22
8.916e+007	786	908	23
8.919e+007	881	908	25
8.922e+007	968	908	28
8.925e+007	728	908	22
8.928e+007	773	908	22
8.931e+007	843	908	24
8.934e+007	827	908	24
8.937e+007	977	908	27
8.94e+007	854	908	24
8.943e+007	764	908	21
8.946e+007	829	908	24
8.949e+007	904	908	25
8.952e+007	916	908	26
8.955e+007	786	908	24
8.958e+007	722	908	20
8.961e+007	809	908	24
8.964e+007	919	908	26
8.967e+007	948	908	27
8.97e+007	828	908	23
8.973e+007	724	908	21
8.976e+007	765	908	22
8.979e+007	863	908	24
8.982e+007	1029	908	29
8.985e+007	848	908	23
8.988e+007	769	908	22
8.991e+007	803	908	22
8.994e+007	815	908	24
8.997e+007	1041	908	29
9e+007	795	908	23
9.003e+007	805	908	22
9.006e+007	795	908	22
9.009e+007	877	908	25
9.012e+007	950	908	27
9.015e+007	807	908	24
9.018e+007	768	908	22
9.021e+007	820	908	23
9.024e+007	848	908	23
9.027e+007	962	908	28
9.03e+007	883	908	25
9.033e+007	721	908	21
9.036e+007	803	908	23
9.039e+007	837	908	25
9.042e+007	987	908	27
9.045e+007	859	908	24
9.048e+007	722	908	21
9.051e+007	821	908	23
9.054e+007	915	908	25
9.057e+007	911	908	27
9.06e+007	782	908	23
9.063e+007	779	908	22
9.066e+007	823	908	23
9.069e+007	881	908	25
9.072e+007	912	908	26
9.075e+007	843	908	24
9.078e+007	797	908	22
9.081e+007	819	908	23
9.084e+007	867	908	25
9.087e+007	908	908	27
9.09e+007	869	908	24
9.093e+007	724	908	21
9.096e+007	824	908	24
9.099e+007	884	908	25
9.102e+007	944	908	27
9.105e+007	789	908	23
9.108e+007	720	908	20
9.111e+007	887	908	25
9.114e+007	858	908	24
9.117e+007	993	908	28
9.12e+007	847	908	23
9.123e+007	712	908	20
9.126e+007	859	908	25
9.129e+007	867	908	24
9.132e+007	945	908	27
9.135e+007	815	908	24
9.138e+007	728	908	21
9.141e+007	838	908	24
9.144e+007	832	908	24
9.147e+007	953	908	27
9.15e+007	829	908	24
9.153e+007	795	908	22
9.156e+007	829	908	24
9.159e+007	847	908	23
9.162e+007	958	908	27
9.165e+007	866	908	24
9.168e+007	745	908	21
9.171e+007	899	908	25
9.174e+007	801	908	22
9.177e+007	1022	908	26
9.18e+007	1026	908	25
9.183e+007	918	908	22
9.186e+007	999	908	25
9.189e+007	791	908	22
9.192e+007	1014	908	29
9.195e+007	753	908	22
9.198e+007	751	908	22
9.201e+007	898	908	25
9.204e+007	807	908	23
9.207e+007	951	908	27
9.21e+007	814	908	24
9.213e+007	774	908	21
9.216e+007	879	908	24
9.219e+007	832	908	24
9.222e+007	966	908	28
9.225e+007	810	908	22
9.228e+007	836	908	23
9.231e+007	840	908	24
9.234e+007	848	908	24
9.237e+007	845	908	24
9.24e+007	871	908	25
9.243e+007	850	908	24
9.246e+007	825	908	23
9.249e+007	758	908	23
9.252e+007	929	908	26
9.255e+007	836	908	24
9.258e+007	773	908	23
9.261e+007	807	908	23
9.264e+007	899	908	25
9.267e+007	836	908	24
9.27e+007	851	908	25
9.273e+007	801	908	23
9.276e+007	850	908	24
9.279e+007	804	908	23
9.282e+007	933	908	27
9.285e+007	860	908	24
9.288e+007	779	908	22
9.291e+007	795	908	24
9.294e+007	834	908	23
9.297e+007	886	908	25
9.3e+007	815	908	24
9.303e+007	831	908	23
9.306e+007	819	908	24
9.309e+007	872	908	25
9.312e+007	903	908	25
9.315e+007	886	908	25
9.318e+007	714	908	21
9.321e+007	919	908	25
9.324e+007	910	908	24
9.327e+007	896	908	25
9.33e+007	887	908	25
9.333e+007	760	908	22
9.336e+007	804	908	23
9.339e+007	805	908	24
9.342e+007	885	908	25
9.345e+007	909	908	26
9.348e+007	757	908	22
9.351e+007	851	908	24
9.354e+007	882	908	25
9.357e+007	769	908	22
9.36e+007	955	908	27
9.363e+007	762	908	21
9.366e+007	867	908	25
9.369e+007	887	908	26
9.372e+007	744	908	21
9.375e+007	891	908	26
9.378e+007	838	908	24
9.381e+007	824	908	23
9.384e+007	925	908	25
9.387e+007	825	908	23
9.39e+007	895	908	25
9.393e+007	805	908	23
9.396e+007	818	908	23
9.399e+007	947	908	27
9.402e+007	745	908	22
9.405e+007	876	908	26
9.408e+007	781	908	22
9.411e+007	819	908	23
9.414e+007	894	908	25
9.417e+007	865	908	25
9.42e+007	804	908	23
9.423e+007	862	908	25
9.426e+007	752	908	21
9.429e+007	857	908	25
9.432e+007	914	908	26
9.435e+007	817	908	23
9.438e+007	906	908	25
9.441e+007	809	908	23
9.444e+007	757	908	22
9.447e+007	935	908	27
9.45e+007	864	908	24
9.453e+007	824	908	24
9.456e+007	876	908	23
9.459e+007	884	908	24
9.462e+007	885	908	25
9.465e+007	872	908	24
9.468e+007	865	908	24
9.471e+007	809	908	22
9.474e+007	785	908	23
9.477e+007	918	908	27
9.48e+007	870	908	24
9.483e+007	911	908	25
9.486e+007	761	908	22
9.489e+007	749	908	22
9.492e+007	960	908	27
9.495e+007	804	908	23
9.498e+007	950	908	26
9.501e+007	830	908	23
9.504e+007	685	908	20
9.507e+007	929	908	27
9.51e+007	855	908	24
9.513e+007	937	908	26
9.516e+007	798	908	22
9.519e+007	816	908	23
9.522e+007	913	908	26
9.525e+007	852	908	24
9.528e+007	912	908	25
9.531e+007	728	908	21
9.534e+007	842	908	23
9.537e+007	939	908	27
9.54e+007	847	908	24
9.543e+007	880	908	25
9.546e+007	803	908	22
9.549e+007	791	908	23
9.552e+007	883	908	26
9.555e+007	791	908	23
9.558e+007	949	908	26
9.561e+007	738	908	22
9.564e+007	805	908	23
9.567e+007	933	908	26
9.57e+007	794	908	22
9.573e+007	910	908	26
9.576e+007	850	908	23
9.579e+007	792	908	23
9.582e+007	949	908	26
9.585e+007	846	908	24
9.588e+007	896	908	25
9.591e+007	818	908	22
9.594e+007	789	908	23
9.597e+007	893	908	25
9.6e+007	898	908	25
9.603e+007	875	908	25
9.606e+007	766	908	22
9.609e+007	850	908	24
9.612e+007	859	908	23
9.615e+007	993	908	28
9.618e+007	835	908	24
9.621e+007	706	908	21
9.624e+007	729	908	22
9.627e+007	858	908	25
9.63e+007	1038	908	28
9.633e+007	835	908	23
9.636e+007	760	908	22
9.639e+007	803	908	24
9.642e+007	855	908	23
9.645e+007	959	908	27
9.648e+007	790	908	24
9.651e+007	772	908	22
9.654e+007	817	908	23
9.657e+007	813	908	23
9.66e+007	1044	908	29
9.663e+007	875	908	24
9.666e+007	738	908	21
9.669e+007	885	908	24
9.672e+007	799	908	22
9.675e+007	1047	908	28
9.678e+007	949	908	25
9.681e+007	887	908	21
9.684e+007	900	908	23
9.687e+007	891	908	23
9.69e+007	1081	908	29
9.693e+007	814	908	23
9.696e+007	771	908	22
9.699e+007	837	908	24
9.702e+007	693	908	20
9.705e+007	1024	908	28
9.708e+007	909	908	26
9.711e+007	789	908	22
9.714e+007	818	908	24
9.717e+007	790	908	22
9.72e+007	968	908	27
9.723e+007	872	908	25
9.726e+007	746	908	22
9.729e+007	836	908	23
9.732e+007	775	908	22
9.735e+007	1006	908	28
9.738e+007	902	908	25
9.741e+007	803	908	22
9.744e+007	820	908	23
9.747e+007	802	908	23
9.75e+007	919	908	26
9.753e+007	902	908	26
9.756e+007	788	908	22
9.759e+007	819	908	23
9.762e+007	813	908	23
9.765e+007	978	908	27
9.768e+007	911	908	25
9.771e+007	793	908	22
9.774e+007	799	908	23
9.777e+007	821	908	24
9.78e+007	957	908	27
9.783e+007	864	908	24
9.786e+007	796	908	22
9.789e+007	801	908	23
9.792e+007	870	908	25
9.795e+007	881	908	25
9.798e+007	923	908	26
9.801e+007	769	908	22
9.804e+007	767	908	22
9.807e+007	748	908	22
9.81e+007	950	908	27
9.813e+007	952	908	27
9.816e+007	824	908	22
9.819e+007	798	908	22
9.822e+007	767	908	22
9.825e+007	1046	908	29
9.828e+007	863	908	25
9.831e+007	726	908	21
9.834e+007	829	908	23
9.837e+007	830	908	23
9.84e+007	995	908	28
9.843e+007	848	908	24
9.846e+007	790	908	22
9.849e+007	808	908	24
9.852e+007	706	908	21
9.855e+007	1053	908	30
9.858e+007	862	908	23
9.861e+007	831	908	23
9.864e+007	769	908	23
9.867e+007	815	908	22
9.87e+007	963	908	28
9.873e+007	925	908	25
9.876e+007	732	908	21
9.879e+007	838	908	23
9.882e+007	821	908	23
9.885e+007	1000	908	27
9.888e+007	871	908	24
9.891e+007	832	908	23
9.894e+007	851	908	24
9.897e+007	814	908	23
9.9e+007	883	908	25
9.903e+007	942	908	26
9.906e+007	803	908	22
9.909e+007	859	908	23
9.912e+007	844	908	24
9.915e+007	927	908	26
9.918e+007	875	908	24
9.921e+007	780	908	23
9.924e+007	849	908	24
9.927e+007	824	908	23
9.93e+007	887	908	25
9.933e+007	892	908	25
9.936e+007	831	908	23
9.939e+007	782	908	23
9.942e+007	805	908	23
9.945e+007	1011	908	28
9.948e+007	832	908	23
9.951e+007	801	908	23
9.954e+007	790	908	24
9.957e+007	731	908	21
9.96e+007	1004	908	28
9.963e+007	838	908	24
9.966e+007	788	908	23
9.969e+007	803	908	22
9.972e+007	802	908	23
9.975e+007	1029	908	28
9.978e+007	898	908	25
9.981e+007	768	908	22
9.984e+007	770	908	21
9.987e+007	854	908	24
9.99e+007	964	908	27
9.993e+007	878	908	25
9.996e+007	803	908	23
9.999e+007	765	908	22
1.0002e+008	826	908	23
1.0005e+008	990	908	28
1.0008e+008	888	908	24
1.0011e+008	823	908	23
1.0014e+008	820	908	22
1.0017e+008	816	908	23
1.002e+008	927	908	27
1.0023e+008	890	908	25
1.0026e+008	830	908	23
1.0029e+008	826	908	23
1.0032e+008	803	908	22
1.0035e+008	945	908	28
1.0038e+008	865	908	24
1.0041e+008	827	908	23
1.0044e+008	809	908	23
1.0047e+008	777	908	22
1.005e+008	1071	908	29
1.0053e+008	841	908	23
1.0056e+008	798	908	23
1.0059e+008	788	908	22
1.0062e+008	881	908	24
1.0065e+008	959	908	27
1.0068e+008	888	908	24
1.0071e+008	817	908	23
1.0074e+008	806	908	22
1.0077e+008	866	908	24
1.008e+008	974	908	27
1.0083e+008	829	908	24
1.0086e+008	867	908	23
1.0089e+008	763	908	22
1.0092e+008	799	908	22
1.0095e+008	1049	908	29
1.0098e+008	904	908	25
1.0101e+008	758	908	22
1.0104e+008	773	908	22
1.0107e+008	863	908	24
1.011e+008	1036	908	29
1.0113e+008	790	908	23
1.0116e+008	769	908	22
1.0119e+008	844	908	23
1.0122e+008	780	908	22
1.0125e+008	1074	908	29
1.0128e+008	887	908	25
1.0131e+008	730	908	21
1.0134e+008	796	908	23
1.0137e+008	834	908	23
1.014e+008	1007	908	29
1.0143e+008	760	908	22
1.0146e+008	789	908	23
1.0149e+008	795	908	22
1.0152e+008	823	908	23
1.0155e+008	1025	908	29
1.0158e+008	790	908	23
1.0161e+008	839	908	23
1.0164e+008	788	908	22
1.0167e+008	794	908	23
1.017e+008	988	908	28
1.0173e+008	800	908	23
1.0176e+008	894	908	25
1.0179e+008	848	908	21
1.0182e+008	949	908	24
1.0185e+008	1091	908	27
1.0188e+008	919	908	23
1.0191e+008	965	908	25
1.0194e+008	697	908	20
1.0197e+008	844	908	24
1.02e+008	942	908	26
1.0203e+008	863	908	25
1.0206e+008	888	908	25
1.0209e+008	711	908	21
1.0212e+008	921	908	25
1.0215e+008	818	908	24
1.0218e+008	859	908	25
1.0221e+008	797	908	23
1.0224e+008	891	908	24
1.0227e+008	815	908	23
1.023e+008	979	908	27
1.0233e+008	770	908	22
1.0236e+008	848	908	25
1.0239e+008	806	908	22
1.0242e+008	893	908	26
1.0245e+008	869	908	24
1.0248e+008	831	908	24
1.0251e+008	789	908	23
1.0254e+008	857	908	23
1.0257e+008	890	908	26
1.026e+008	818	908	24
1.0263e+008	781	908	23
1.0266e+008	816	908	23
1.0269e+008	842	908	24
1.0272e+008	839	908	24
1.0275e+008	918	908	26
1.0278e+008	844	908	23
1.0281e+008	783	908	22
1.0284e+008	871	908	25
1.0287e+008	810	908	24
1.029e+008	968	908	27
1.0293e+008	745	908	22
1.0296e+008	780	908	23
1.0299e+008	866	908	24
1.0302e+008	831	908	24
1.0305e+008	920	908	27
1.0308e+008	766	908	22
1.0311e+008	759	908	22
1.0314e+008	849	908	24
1.0317e+008	901	908	25
1.032e+008	952	908	26
1.0323e+008	801	908	23
1.0326e+008	798	908	22
1.0329e+008	904	908	26
1.0332e+008	870	908	24
1.0335e+008	964	908	26
1.0338e+008	773	908	22
1.0341e+008	834	908	23
1.0344e+008	929	908	26
1.0347e+008	830	908	23
1.035e+008	861	908	24
1.0353e+008	858	908	24
1.0356e+008	798	908	23
1.0359e+008	919	908	27
1.0362e+008	796	908	22
1.0365e+008	869	908	24
1.0368e+008	850	908	24
1.0371e+008	813	908	23
1.0374e+008	884	908	25
1.0377e+008	834	908	23
1.038e+008	887	908	25
1.0383e+008	827	908	24
1.0386e+008	798	908	23
1.0389e+008	951	908	26
1.0392e+008	884	908	25
1.0395e+008	773	908	22
1.0398e+008	888	908	25
1.0401e+008	803	908	23
1.0404e+008	860	908	25
1.0407e+008	841	908	24
1.041e+008	820	908	23
1.0413e+008	878	908	25
1.0416e+008	815	908	23
1.0419e+008	901	908	26
1.0422e+008	785	908	22
1.0425e+008	849	908	24
1.0428e+008	870	908	24
1.0431e+008	840	908	24
1.0434e+008	877	908	26
1.0437e+008	849	908	23
1.044e+008	796	908	23
1.0443e+008	872	908	24
1.0446e+008	831	908	24
1.0449e+008	908	908	25
1.0452e+008	852	908	24
1.0455e+008	793	908	23
1.0458e+008	870	908	25
1.0461e+008	798	908	23
1.0464e+008	864	908	25
1.0467e+008	861	908	24
1.047e+008	786	908	23
1.0473e+008	853	908	24
1.0476e+008	800	908	24
1.0479e+008	856	908	24
1.0482e+008	820	908	24
1.0485e+008	845	908	24
1.0488e+008	937	908	26
1.0491e+008	723	908	21
1.0494e+008	907	908	26
1.0497e+008	790	908	23
1.05e+008	816	908	24
1.0503e+008	897	908	25
1.0506e+008	818	908	23
1.0509e+008	850	908	24
1.0512e+008	890	908	24
1.0515e+008	867	908	24
1.0518e+008	912	908	26
1.0521e+008	848	908	23
1.0524e+008	854	908	24
1.0527e+008	867	908	24
1.053e+008	751	908	22
1.0533e+008	916	908	27
1.0536e+008	842	908	23
1.0539e+008	819	908	23
1.0542e+008	837	908	24
1.0545e+008	797	908	22
1.0548e+008	986	908	28
1.0551e+008	818	908	23
1.0554e+008	834	908	23
1.0557e+008	805	908	24
1.056e+008	799	908	23
1.0563e+008	1002	908	27
1.0566e+008	853	908	23
1.0569e+008	890	908	25
1.0572e+008	789	908	22
1.0575e+008	834	908	24
1.0578e+008	886	908	25
1.0581e+008	772	908	22
1.0584e+008	946	908	27
1.0587e+008	709	908	20
1.059e+008	904	908	26
1.0593e+008	852	908	25
1.0596e+008	799	908	23
1.0599e+008	959	908	26
1.0602e+008	729	908	20
1.0605e+008	905	908	26
1.0608e+008	897	908	25
1.0611e+008	727	908	22
1.0614e+008	906	908	26
1.0617e+008	763	908	21
1.062e+008	917	908	26
1.0623e+008	860	908	24
1.0626e+008	792	908	23
1.0629e+008	913	908	25
1.0632e+008	802	908	23
1.0635e+008	883	908	25
1.0638e+008	868	908	24
1.0641e+008	801	908	23
1.0644e+008	919	908	26
1.0647e+008	802	908	22
1.065e+008	947	908	26
1.0653e+008	804	908	23
1.0656e+008	823	908	23
1.0659e+008	958	908	27
1.0662e+008	776	908	21
1.0665e+008	980	908	27
1.0668e+008	713	908	20
1.0671e+008	839	908	24
1.0674e+008	907	908	26
1.0677e+008	835	908	24
1.068e+008	1014	908	26
1.0683e+008	860	908	20
1.0686e+008	975	908	25
1.0689e+008	1061	908	27
1.0692e+008	758	908	21
1.0695e+008	893	908	26
1.0698e+008	753	908	21
1.0701e+008	896	908	25
1.0704e+008	953	908	27
1.0707e+008	752	908	21
1.071e+008	901	908	26
1.0713e+008	787	908	22
1.0716e+008	808	908	23
1.0719e+008	973	908	27
1.0722e+008	756	908	22
1.0725e+008	954	908	27
1.0728e+008	686	908	20
1.0731e+008	898	908	25
1.0734e+008	894	908	26
1.0737e+008	791	908	23
1.074e+008	892	908	25
1.0743e+008	788	908	23
1.0746e+008	777	908	22
1.0749e+008	981	908	28
1.0752e+008	830	908	23
1.0755e+008	820	908	24
1.0758e+008	806	908	23
1.0761e+008	783	908	22
1.0764e+008	1013	908	28
1.0767e+008	853	908	23
1.077e+008	779	908	23
1.0773e+008	779	908	22
1.0776e+008	865	908	25
1.0779e+008	980	908	28
1.0782e+008	755	908	22
1.0785e+008	839	908	23
1.0788e+008	735	908	22
1.0791e+008	864	908	24
1.0794e+008	951	908	27
1.0797e+008	812	908	23
1.08e+008	879	908	24
1.0803e+008	752	908	22
1.0806e+008	805	908	23
1.0809e+008	1003	908	29
1.0812e+008	809	908	22
1.0815e+008	873	908	24
1.0818e+008	792	908	22
1.0821e+008	810	908	23
1.0824e+008	1065	908	30
1.0827e+008	729	908	22
1.083e+008	831	908	23
1.0833e+008	797	908	22
1.0836e+008	888	908	25
1.0839e+008	976	908	27
1.0842e+008	868	908	24
1.0845e+008	792	908	22
1.0848e+008	785	908	22
1.0851e+008	964	908	26
1.0854e+008	921	908	26
1.0857e+008	818	908	23
1.086e+008	811	908	23
1.0863e+008	823	908	22
1.0866e+008	863	908	26
1.0869e+008	957	908	27
1.0872e+008	815	908	22
1.0875e+008	766	908	22
1.0878e+008	797	908	23
1.0881e+008	1048	908	29
1.0884e+008	832	908	23
1.0887e+008	853	908	24
1.089e+008	744	908	21
1.0893e+008	795	908	23
1.0896e+008	967	908	27
1.0899e+008	953	908	26
1.0902e+008	871	908	23
1.0905e+008	761	908	21
1.0908e+008	857	908	24
1.0911e+008	891	908	26
1.0914e+008	941	908	26
1.0917e+008	814	908	23
1.092e+008	777	908	22
1.0923e+008	821	908	24
1.0926e+008	871	908	25
1.0929e+008	902	908	26
1.0932e+008	845	908	23
1.0935e+008	744	908	22
1.0938e+008	898	908	24
1.0941e+008	900	908	25
1.0944e+008	943	908	26
1.0947e+008	807	908	23
1.095e+008	778	908	23
1.0953e+008	797	908	22
1.0956e+008	978	908	28
1.0959e+008	904	908	24
1.0962e+008	780	908	22
1.0965e+008	875	908	24
1.0968e+008	872	908	23
1.0971e+008	960	908	27
1.0974e+008	887	908	25
1.0977e+008	785	908	22
1.098e+008	758	908	21
1.0983e+008	893	908	25
1.0986e+008	899	908	26
1.0989e+008	905	908	26
1.0992e+008	800	908	22
1.0995e+008	804	908	22
1.0998e+008	839	908	23
1.1001e+008	1042	908	29
1.1004e+008	875	908	25
1.1007e+008	684	908	20
1.101e+008	884	908	24
1.1013e+008	774	908	23
1.1016e+008	977	908	28
1.1019e+008	885	908	25
1.1022e+008	719	908	21
1.1025e+008	785	908	23
1.1028e+008	825	908	23
1.1031e+008	883	908	25
1.1034e+008	928	908	27
1.1037e+008	812	908	22
1.104e+008	869	908	24
1.1043e+008	800	908	23
1.1046e+008	820	908	23
1.1049e+008	1012	908	28
1.1052e+008	784	908	22
1.1055e+008	799	908	23
1.1058e+008	888	908	25
1.1061e+008	709	908	21
1.1064e+008	992	908	28
1.1067e+008	777	908	22
1.107e+008	855	908	24
1.1073e+008	854	908	24
1.1076e+008	796	908	23
1.1079e+008	906	908	26
1.1082e+008	784	908	23
1.1085e+008	866	908	24
1.1088e+008	812	908	23
1.1091e+008	942	908	26
1.1094e+008	792	908	23
1.1097e+008	890	908	25
1.11e+008	862	908	23
1.1103e+008	833	908	24
1.1106e+008	822	908	24
1.1109e+008	881	908	25
1.1112e+008	866	908	24
1.1115e+008	784	908	23
1.1118e+008	824	908	24
1.1121e+008	950	908	26
1.1124e+008	779	908	22
1.1127e+008	871	908	25
1.113e+008	842	908	23
1.1133e+008	834	908	24
1.1136e+008	923	908	26
1.1139e+008	770	908	22
1.1142e+008	865	908	24
1.1145e+008	877	908	24
1.1148e+008	742	908	23
1.1151e+008	907	908	26
1.1154e+008	775	908	22
1.1157e+008	885	908	25
1.116e+008	806	908	23
1.1163e+008	918	908	26
1.1166e+008	874	908	24
1.1169e+008	835	908	23
1.1172e+008	841	908	24
1.1175e+008	817	908	23
1.1178e+008	955	908	26
1.1181e+008	903	908	24
1.1184e+008	925	908	22
1.1187e+008	1036	908	25
1.119e+008	938	908	25
1.1193e+008	914	908	24
1.1196e+008	866	908	25
1.1199e+008	837	908	23
1.1202e+008	761	908	22
1.1205e+008	931	908	27
1.1208e+008	756	908	22
1.1211e+008	869	908	24
1.1214e+008	877	908	25
1.1217e+008	799	908	23
1.122e+008	939	908	26
1.1223e+008	765	908	22
1.1226e+008	834	908	24
1.1229e+008	899	908	25
1.1232e+008	762	908	22
1.1235e+008	909	908	26
1.1238e+008	792	908	23
1.1241e+008	891	908	25
1.1244e+008	822	908	23
1.1247e+008	780	908	22
1.125e+008	935	908	27
1.1253e+008	792	908	22
1.1256e+008	915	908	26
1.1259e+008	754	908	23
1.1262e+008	813	908	23
1.1265e+008	911	908	26
1.1268e+008	820	908	23
1.1271e+008	872	908	24
1.1274e+008	850	908	24
1.1277e+008	791	908	23
1.128e+008	926	908	26
1.1283e+008	847	908	24
1.1286e+008	801	908	22
1.1289e+008	926	908	25
1.1292e+008	846	908	24
1.1295e+008	936	908	27
1.1298e+008	736	908	22
1.1301e+008	817	908	22
1.1304e+008	854	908	24
1.1307e+008	860	908	24
1.131e+008	958	908	27
1.1313e+008	854	908	23
1.1316e+008	769	908	22
1.1319e+008	839	908	24
1.1322e+008	939	908	26
1.1325e+008	893	908	24
1.1328e+008	890	908	24
1.1331e+008	763	908	22
1.1334e+008	831	908	24
1.1337e+008	900	908	26
1.134e+008	822	908	23
1.1343e+008	926	908	26
1.1346e+008	741	908	20
1.1349e+008	872	908	26
1.1352e+008	909	908	25
1.1355e+008	854	908	23
1.1358e+008	904	908	26
1.1361e+008	750	908	21
1.1364e+008	865	908	25
1.1367e+008	870	908	24
1.137e+008	870	908	25
1.1373e+008	847	908	24
1.1376e+008	811	908	22
1.1379e+008	836	908	24
1.1382e+008	913	908	26
1.1385e+008	832	908	23
1.1388e+008	831	908	24
1.1391e+008	805	908	23
1.1394e+008	805	908	23
1.1397e+008	982	908	28
1.14e+008	774	908	22
1.1403e+008	892	908	26
1.1406e+008	723	908	21
1.1409e+008	841	908	23
1.1412e+008	931	908	27
1.1415e+008	842	908	23
1.1418e+008	902	908	25
1.1421e+008	729	908	21
1.1424e+008	884	908	25
1.1427e+008	945	908	27
1.143e+008	739	908	21
1.1433e+008	892	908	26
1.1436e+008	776	908	22
1.1439e+008	845	908	24
1.1442e+008	929	908	26
1.1445e+008	806	908	23
1.1448e+008	851	908	24
1.1451e+008	860	908	24
1.1454e+008	770	908	22
1.1457e+008	943	908	26
1.146e+008	855	908	24
1.1463e+008	925	908	25
1.1466e+008	818	908	23
1.1469e+008	836	908	23
1.1472e+008	778	908	23
1.1475e+008	906	908	26
1.1478e+008	815	908	24
1.1481e+008	889	908	25
1.1484e+008	738	908	21
1.1487e+008	805	908	24
1.149e+008	926	908	26
1.1493e+008	885	908	25
1.1496e+008	791	908	23
1.1499e+008	814	908	23
1.1502e+008	853	908	24
1.1505e+008	905	908	25
1.1508e+008	842	908	24
1.1511e+008	878	908	25
1.1514e+008	787	908	22
1.1517e+008	912	908	25
1.152e+008	861	908	24
1.1523e+008	836	908	24
1.1526e+008	904	908	25
1.1529e+008	798	908	22
1.1532e+008	912	908	25
1.1535e+008	877	908	24
1.1538e+008	839	908	24
1.1541e+008	935	908	26
1.1544e+008	753	908	21
1.1547e+008	905	908	26
1.155e+008	814	908	23
1.1553e+008	828	908	23
1.1556e+008	965	908	27
1.1559e+008	756	908	21
1.1562e+008	940	908	26
1.1565e+008	832	908	23
1.1568e+008	783	908	22
1.1571e+008	967	908	27
1.1574e+008	805	908	22
1.1577e+008	930	908	26
1.158e+008	832	908	23
1.1583e+008	722	908	21
1.1586e+008	956	908	27
1.1589e+008	822	908	23
1.1592e+008	892	908	25
1.1595e+008	789	908	23
1.1598e+008	888	908	25
1.1601e+008	831	908	23
1.1604e+008	818	908	24
1.1607e+008	899	908	25
1.161e+008	852	908	23
1.1613e+008	884	908	24
1.1616e+008	905	908	26
1.1619e+008	767	908	22
1.1622e+008	861	908	25
1.1625e+008	826	908	23
1.1628e+008	836	908	24
1.1631e+008	951	908	26
1.1634e+008	733	908	21
1.1637e+008	895	908	25
1.164e+008	843	908	24
1.1643e+008	860	908	24
1.1646e+008	906	908	25
1.1649e+008	782	908	22
1.1652e+008	907	908	25
1.1655e+008	884	908	25
1.1658e+008	825	908	23
1.1661e+008	853	908	24
1.1664e+008	804	908	24
1.1667e+008	837	908	24
1.167e+008	866	908	25
1.1673e+008	871	908	24
1.1676e+008	808	908	23
1.1679e+008	859	908	24
1.1682e+008	894	908	23
1.1685e+008	1039	908	26
1.1688e+008	973	908	24
1.1691e+008	814	908	22
1.1694e+008	843	908	24
1.1697e+008	796	908	24
1.17e+008	970	908	27
1.1703e+008	816	908	23
1.1706e+008	787	908	22
1.1709e+008	909	908	25
1.1712e+008	795	908	22
1.1715e+008	974	908	28
1.1718e+008	752	908	22
1.1721e+008	808	908	23
1.1724e+008	835	908	25
1.1727e+008	807	908	23
1.173e+008	1002	908	28
1.1733e+008	731	908	20
1.1736e+008	784	908	23
1.1739e+008	884	908	25
1.1742e+008	853	908	24
1.1745e+008	928	908	26
1.1748e+008	836	908	24
1.1751e+008	784	908	22
1.1754e+008	822	908	24
1.1757e+008	850	908	23
1.176e+008	927	908	27
1.1763e+008	861	908	23
1.1766e+008	814	908	23
1.1769e+008	909	908	25
1.1772e+008	741	908	22
1.1775e+008	957	908	27
1.1778e+008	812	908	22
1.1781e+008	829	908	24
1.1784e+008	870	908	25
1.1787e+008	789	908	23
1.179e+008	882	908	26
1.1793e+008	821	908	23
1.1796e+008	777	908	22
1.1799e+008	922	908	26
1.1802e+008	817	908	23
1.1805e+008	969	908	26
1.1808e+008	809	908	23
1.1811e+008	763	908	22
1.1814e+008	930	908	26
1.1817e+008	797	908	23
1.182e+008	870	908	25
1.1823e+008	859	908	24
1.1826e+008	782	908	23
1.1829e+008	882	908	25
1.1832e+008	791	908	23
1.1835e+008	868	908	25
1.1838e+008	857	908	24
1.1841e+008	792	908	23
1.1844e+008	859	908	25
1.1847e+008	819	908	23
1.185e+008	937	908	26
1.1853e+008	827	908	23
1.1856e+008	866	908	24
1.1859e+008	826	908	24
1.1862e+008	889	908	25
1.1865e+008	880	908	24
1.1868e+008	691	908	20
1.1871e+008	967	908	26
1.1874e+008	884	908	25
1.1877e+008	841	908	24
1.188e+008	875	908	25
1.1883e+008	755	908	21
1.1886e+008	888	908	25
1.1889e+008	865	908	24
1.1892e+008	904	908	25
1.1895e+008	884	908	25
1.1898e+008	762	908	22
1.1901e+008	891	908	25
1.1904e+008	847	908	24
1.1907e+008	949	908	26
1.191e+008	756	908	23
1.1913e+008	796	908	21
1.1916e+008	921	908	26
1.1919e+008	868	908	24
1.1922e+008	856	908	25
1.1925e+008	840	908	23
1.1928e+008	815	908	22
1.1931e+008	920	908	27
1.1934e+008	852	908	25
1.1937e+008	801	908	23
1.194e+008	816	908	23
1.1943e+008	786	908	22
1.1946e+008	924	908	26
1.1949e+008	875	908	25
1.1952e+008	849	908	24
1.1955e+008	806	908	23
1.1958e+008	787	908	22
1.1961e+008	928	908	26
1.1964e+008	873	908	25
1.1967e+008	841	908	24
1.197e+008	765	908	22
1.1973e+008	861	908	24
1.1976e+008	815	908	24
1.1979e+008	1029	908	28
1.1982e+008	783	908	23
1.1985e+008	857	908	24
1.1988e+008	755	908	22
1.1991e+008	841	908	23
1.1994e+008	986	908	28
1.1997e+008	847	908	23
1.2e+008	788	908	23
1.2003e+008	856	908	24
1.2006e+008	730	908	21
1.2009e+008	992	908	28
1.2012e+008	871	908	24
1.2015e+008	841	908	23
1.2018e+008	835	908	24
1.2021e+008	732	908	21
1.2024e+008	918	908	27
1.2027e+008	943	908	26
1.203e+008	741	908	22
1.2033e+008	830	908	23
1.2036e+008	774	908	22
1.2039e+008	911	908	27
1.2042e+008	882	908	25
1.2045e+008	803	908	23
1.2048e+008	782	908	23
1.2051e+008	840	908	23
1.2054e+008	927	908	27
1.2057e+008	860	908	24
1.206e+008	822	908	23
1.2063e+008	810	908	23
1.2066e+008	872	908	24
1.2069e+008	852	908	24
1.2072e+008	911	908	26
1.2075e+008	811	908	23
1.2078e+008	828	908	23
1.2081e+008	825	908	23
1.2084e+008	782	908	24
1.2087e+008	913	908	26
1.209e+008	833	908	24
1.2093e+008	804	908	23
1.2096e+008	831	908	23
1.2099e+008	921	908	24
1.2102e+008	981	908	27
1.2105e+008	851	908	24
1.2108e+008	843	908	24
1.2111e+008	709	908	21
1.2114e+008	894	908	24
1.2117e+008	1005	908	28
1.212e+008	806	908	22
1.2123e+008	852	908	24
1.2126e+008	769	908	22
1.2129e+008	856	908	24
1.2132e+008	972	908	28
1.2135e+008	800	908	22
1.2138e+008	822	908	24
1.2141e+008	818	908	23
1.2144e+008	817	908	24
1.2147e+008	935	908	26
1.215e+008	853	908	24
1.2153e+008	764	908	23
1.2156e+008	862	908	24
1.2159e+008	828	908	23
1.2162e+008	893	908	26
1.2165e+008	893	908	24
1.2168e+008	772	908	22
1.2171e+008	851	908	25
1.2174e+008	783	908	22
1.2177e+008	970	908	27
1.218e+008	806	908	23
1.2183e+008	986	908	24
1.2186e+008	928	908	23
1.2189e+008	949	908	23
1.2192e+008	1011	908	27
1.2195e+008	797	908	22
1.2198e+008	933	908	25
1.2201e+008	797	908	22
1.2204e+008	854	908	24
1.2207e+008	970	908	27
1.221e+008	778	908	23
1.2213e+008	797	908	23
1.2216e+008	845	908	24
1.2219e+008	891	908	24
1.2222e+008	913	908	26
1.2225e+008	869	908	24
1.2228e+008	872	908	23
1.2231e+008	849	908	24
1.2234e+008	806	908	23
1.2237e+008	924	908	26
1.224e+008	865	908	24
1.2243e+008	779	908	23
1.2246e+008	815	908	23
1.2249e+008	859	908	24
1.2252e+008	941	908	26
1.2255e+008	790	908	23
1.2258e+008	791	908	23
1.2261e+008	789	908	22
1.2264e+008	996	908	28
1.2267e+008	830	908	23
1.227e+008	833	908	23
1.2273e+008	801	908	23
1.2276e+008	800	908	23
1.2279e+008	1004	908	28
1.2282e+008	831	908	23
1.2285e+008	884	908	25
1.2288e+008	782	908	22
1.2291e+008	792	908	23
1.2294e+008	910	908	25
1.2297e+008	910	908	26
1.23e+008	829	908	24
1.2303e+008	789	908	22
1.2306e+008	810	908	23
1.2309e+008	915	908	25
1.2312e+008	961	908	27
1.2315e+008	769	908	22
1.2318e+008	832	908	23
1.2321e+008	854	908	24
1.2324e+008	869	908	24
1.2327e+008	919	908	26
1.233e+008	811	908	23
1.2333e+008	819	908	23
1.2336e+008	806	908	23
1.2339e+008	877	908	25
1.2342e+008	892	908	24
1.2345e+008	837	908	25
1.2348e+008	829	908	23
1.2351e+008	799	908	22
1.2354e+008	899	908	26
1.2357e+008	862	908	24
1.236e+008	907	908	25
1.2363e+008	800	908	23
1.2366e+008	850	908	23
1.2369e+008	965	908	26
1.2372e+008	837	908	24
1.2375e+008	894	908	24
1.2378e+008	822	908	23
1.2381e+008	849	908	24
1.2384e+008	894	908	25
1.2387e+008	793	908	22
1.239e+008	920	908	26
1.2393e+008	831	908	23
1.2396e+008	862	908	24
1.2399e+008	853	908	24
1.2402e+008	840	908	23
1.2405e+008	858	908	25
1.2408e+008	883	908	25
1.2411e+008	872	908	24
1.2414e+008	761	908	23
1.2417e+008	859	908	23
1.242e+008	859	908	25
1.2423e+008	893	908	25
1.2426e+008	863	908	24
1.2429e+008	820	908	23
1.2432e+008	808	908	22
1.2435e+008	933	908	26
1.2438e+008	834	908	24
1.2441e+008	872	908	25
1.2444e+008	908	908	25
1.2447e+008	696	908	20
1.245e+008	860	908	25
1.2453e+008	833	908	25
1.2456e+008	884	908	24
1.2459e+008	845	908	24
1.2462e+008	767	908	22
1.2465e+008	970	908	26
1.2468e+008	807	908	24
1.2471e+008	884	908	25
1.2474e+008	843	908	23
1.2477e+008	761	908	22
1.248e+008	926	908	26
1.2483e+008	827	908	24
1.2486e+008	864	908	25
1.2489e+008	837	908	23
1.2492e+008	821	908	23
1.2495e+008	887	908	25
1.2498e+008	812	908	23
1.2501e+008	608	908	18
1.2504e+008	423	908	12
