45000	372	904	6
90000	291	904	6
1.35e+005	391	904	7
1.8e+005	368	904	8
2.25e+005	223	904	4
2.7e+005	362	904	7
3.15e+005	308	904	7
3.6e+005	237	904	6
4.05e+005	312	904	6
4.5e+005	432	904	9
4.95e+005	252	904	6
5.4e+005	307	904	7
5.85e+005	271	904	6
6.3e+005	233	904	6
6.75e+005	344	904	8
7.2e+005	263	904	6
7.65e+005	386	904	8
8.1e+005	227	904	5
8.55e+005	369	904	9
9e+005	252	904	6
9.45e+005	300	904	7
9.9e+005	386	904	9
1.035e+006	337	904	8
1.08e+006	297	904	7
1.125e+006	264	904	6
1.17e+006	291	904	7
1.215e+006	346	904	7
1.26e+006	434	904	9
1.305e+006	309	904	7
1.35e+006	221	904	5
1.395e+006	383	904	9
1.44e+006	369	904	9
1.485e+006	208	904	5
1.53e+006	355	904	8
1.575e+006	310	904	7
1.62e+006	292	904	7
1.665e+006	313	904	7
1.71e+006	360	904	9
1.755e+006	267	904	6
1.8e+006	300	904	7
1.845e+006	286	904	7
1.89e+006	444	904	10
1.935e+006	364	904	9
1.98e+006	283	904	7
2.025e+006	319	904	7
2.07e+006	274	904	6
2.115e+006	294	904	7
2.16e+006	295	904	7
2.205e+006	386	904	8
2.25e+006	320	904	7
2.295e+006	343	904	8
2.34e+006	313	904	7
2.385e+006	317	904	7
2.43e+006	322	904	7
2.475e+006	363	904	9
2.52e+006	297	904	7
2.565e+006	241	904	6
2.61e+006	431	904	10
2.655e+006	387	904	9
2.7e+006	260	904	6
2.745e+006	240	904	6
2.79e+006	307	904	7
2.835e+006	359	904	8
2.88e+006	269	904	6
2.925e+006	395	904	9
2.97e+006	276	904	6
3.015e+006	261	904	6
3.06e+006	225	904	5
3.105e+006	340	904	8
3.15e+006	273	904	6
3.195e+006	387	904	9
3.24e+006	307	904	7
3.285e+006	314	904	7
3.33e+006	347	904	8
3.375e+006	313	904	7
3.42e+006	208	904	5
3.465e+006	282	904	7
3.51e+006	338	904	8
3.555e+006	314	904	8
3.6e+006	294	904	7
3.645e+006	210	904	5
3.69e+006	230	904	5
3.735e+006	291	904	7
3.78e+006	295	904	7
3.825e+006	316	904	8
3.87e+006	246	904	6
3.915e+006	251	904	6
3.96e+006	295	904	7
4.005e+006	330	904	8
4.05e+006	202	904	5
4.095e+006	344	904	8
4.14e+006	367	904	9
4.185e+006	513	904	11
4.23e+006	228	904	4
4.275e+006	341	904	8
4.32e+006	350	904	8
4.365e+006	288	904	6
4.41e+006	235	904	5
4.455e+006	369	904	9
4.5e+006	237	904	6
4.545e+006	280	904	7
4.59e+006	237	904	6
4.635e+006	353	904	8
4.68e+006	341	904	8
4.725e+006	259	904	6
4.77e+006	292	904	7
4.815e+006	315	904	7
4.86e+006	210	904	5
4.905e+006	306	904	7
4.95e+006	327	904	8
4.995e+006	360	904	8
5.04e+006	279	904	7
5.085e+006	283	904	7
5.13e+006	287	904	7
5.175e+006	443	904	10
5.22e+006	329	904	8
5.265e+006	292	904	7
5.31e+006	209	904	5
5.355e+006	295	904	7
5.4e+006	203	904	5
5.445e+006	255	904	6
5.49e+006	261	904	6
5.535e+006	296	904	7
5.58e+006	244	904	6
5.625e+006	332	904	8
5.67e+006	364	904	9
5.715e+006	244	904	6
5.76e+006	239	904	6
5.805e+006	204	904	5
5.85e+006	393	904	10
5.895e+006	377	904	9
5.94e+006	215	904	5
5.985e+006	257	904	6
6.03e+006	306	904	7
6.075e+006	281	904	7
6.12e+006	350	904	8
6.165e+006	264	904	6
6.21e+006	255	904	6
6.255e+006	261	904	6
6.3e+006	347	904	8
6.345e+006	261	904	6
6.39e+006	285	904	7
6.435e+006	264	904	6
6.48e+006	286	904	7
6.525e+006	252	904	6
6.57e+006	301	904	7
6.615e+006	240	904	6
6.66e+006	207	904	5
6.705e+006	301	904	7
6.75e+006	339	904	8
6.795e+006	258	904	6
6.84e+006	203	904	5
6.885e+006	261	904	6
6.93e+006	257	904	6
6.975e+006	328	904	7
7.02e+006	297	904	7
7.065e+006	352	904	8
7.11e+006	265	904	7
7.155e+006	274	904	7
7.2e+006	347	904	8
7.245e+006	291	904	7
7.29e+006	221	904	5
7.335e+006	367	904	9
7.38e+006	345	904	8
7.425e+006	259	904	6
7.47e+006	347	904	8
7.515e+006	206	904	5
7.56e+006	303	904	7
7.605e+006	228	904	5
7.65e+006	292	904	7
7.695e+006	285	904	7
7.74e+006	303	904	7
7.785e+006	311	904	7
7.83e+006	271	904	6
7.875e+006	361	904	9
7.92e+006	218	904	5
7.965e+006	271	904	6
8.01e+006	362	904	8
8.055e+006	361	904	8
8.1e+006	314	904	7
8.145e+006	297	904	7
8.19e+006	299	904	7
8.235e+006	289	904	7
8.28e+006	301	904	7
8.325e+006	418	904	9
8.37e+006	387	904	9
8.415e+006	261	904	6
8.46e+006	284	904	5
8.505e+006	259	904	6
8.55e+006	363	904	9
8.595e+006	313	904	7
8.64e+006	295	904	7
8.685e+006	284	904	6
8.73e+006	349	904	8
8.775e+006	281	904	7
8.82e+006	315	904	7
8.865e+006	297	904	7
8.91e+006	295	904	7
8.955e+006	297	904	7
9e+006	300	904	7
9.045e+006	261	904	6
9.09e+006	234	904	6
9.135e+006	245	904	6
9.18e+006	341	904	8
9.225e+006	283	904	7
9.27e+006	469	904	11
9.315e+006	333	904	8
9.36e+006	242	904	6
9.405e+006	214	904	5
9.45e+006	285	904	7
9.495e+006	260	904	6
9.54e+006	416	904	10
9.585e+006	202	904	5
9.63e+006	304	904	7
9.675e+006	237	904	6
9.72e+006	251	904	6
9.765e+006	427	904	10
9.81e+006	354	904	9
9.855e+006	223	904	5
9.9e+006	306	904	7
9.945e+006	264	904	6
9.99e+006	191	904	5
1.0035e+007	430	904	10
1.008e+007	329	904	8
1.0125e+007	256	904	6
1.017e+007	206	904	5
1.0215e+007	304	904	7
1.026e+007	332	904	8
1.0305e+007	310	904	7
1.035e+007	304	904	7
1.0395e+007	361	904	8
1.044e+007	346	904	8
1.0485e+007	248	904	6
1.053e+007	264	904	6
1.0575e+007	251	904	6
1.062e+007	454	904	10
1.0665e+007	212	904	5
1.071e+007	262	904	6
1.0755e+007	280	904	7
1.08e+007	289	904	7
1.0845e+007	256	904	6
1.089e+007	428	904	10
1.0935e+007	197	904	5
1.098e+007	295	904	7
1.1025e+007	250	904	6
1.107e+007	262	904	6
1.1115e+007	292	904	7
1.116e+007	302	904	7
1.1205e+007	361	904	8
1.125e+007	337	904	8
1.1295e+007	256	904	6
1.134e+007	251	904	6
1.1385e+007	210	904	5
1.143e+007	397	904	9
1.1475e+007	215	904	5
1.152e+007	255	904	6
1.1565e+007	295	904	7
1.161e+007	344	904	8
1.1655e+007	228	904	6
1.17e+007	248	904	6
1.1745e+007	374	904	9
1.179e+007	347	904	8
1.1835e+007	355	904	8
1.188e+007	240	904	6
1.1925e+007	290	904	7
1.197e+007	221	904	5
1.2015e+007	347	904	8
1.206e+007	255	904	6
1.2105e+007	292	904	7
1.215e+007	392	904	9
1.2195e+007	330	904	8
1.224e+007	220	904	5
1.2285e+007	289	904	7
1.233e+007	240	904	6
1.2375e+007	249	904	6
1.242e+007	302	904	7
1.2465e+007	380	904	9
1.251e+007	399	904	9
1.2555e+007	294	904	7
1.26e+007	387	904	9
1.2645e+007	283	904	7
1.269e+007	286	904	7
1.2735e+007	274	904	6
1.278e+007	393	904	9
1.2825e+007	301	904	7
1.287e+007	298	904	7
1.2915e+007	360	904	8
1.296e+007	300	904	7
1.3005e+007	268	904	7
1.305e+007	217	904	5
1.3095e+007	292	904	7
1.314e+007	265	904	6
1.3185e+007	224	904	5
1.323e+007	403	904	9
1.3275e+007	256	904	6
1.332e+007	307	904	7
1.3365e+007	274	904	6
1.341e+007	307	904	7
1.3455e+007	298	904	7
1.35e+007	412	904	9
1.3545e+007	319	904	7
1.359e+007	257	904	6
1.3635e+007	217	904	5
1.368e+007	468	904	11
1.3725e+007	266	904	6
1.377e+007	331	904	7
1.3815e+007	294	904	7
1.386e+007	346	904	8
1.3905e+007	268	904	7
1.395e+007	304	904	7
1.3995e+007	313	904	7
1.404e+007	342	904	8
1.4085e+007	253	904	6
1.413e+007	251	904	6
1.4175e+007	343	904	8
1.422e+007	218	904	5
1.4265e+007	298	904	7
1.431e+007	329	904	8
1.4355e+007	245	904	6
1.44e+007	267	904	6
1.4445e+007	295	904	7
1.449e+007	344	904	8
1.4535e+007	253	904	6
1.458e+007	307	904	7
1.4625e+007	227	904	5
1.467e+007	460	904	11
1.4715e+007	347	904	8
1.476e+007	316	904	7
1.4805e+007	282	904	7
1.485e+007	378	904	9
1.4895e+007	344	904	8
1.494e+007	318	904	7
1.4985e+007	268	904	7
1.503e+007	222	904	5
1.5075e+007	290	904	7
1.512e+007	395	904	9
1.5165e+007	353	904	8
1.521e+007	272	904	6
1.5255e+007	247	904	6
1.53e+007	253	904	6
1.5345e+007	212	904	5
1.539e+007	267	904	6
1.5435e+007	332	904	8
1.548e+007	305	904	7
1.5525e+007	399	904	9
1.557e+007	232	904	5
1.5615e+007	263	904	6
1.566e+007	319	904	7
1.5705e+007	212	904	5
1.575e+007	289	904	7
1.5795e+007	204	904	5
1.584e+007	381	904	9
1.5885e+007	215	904	5
1.593e+007	336	904	8
1.5975e+007	248	904	6
1.602e+007	261	904	6
1.6065e+007	283	904	7
1.611e+007	380	904	9
1.6155e+007	346	904	8
1.62e+007	398	904	9
1.6245e+007	194	904	5
1.629e+007	209	904	5
1.6335e+007	257	904	6
1.638e+007	283	904	7
1.6425e+007	353	904	8
1.647e+007	239	904	6
1.6515e+007	291	904	7
1.656e+007	206	904	5
1.6605e+007	344	904	8
1.665e+007	204	904	5
1.6695e+007	353	904	8
1.674e+007	269	904	6
1.6785e+007	264	904	6
1.683e+007	247	904	6
1.6875e+007	341	904	8
1.692e+007	336	904	8
1.6965e+007	215	904	5
1.701e+007	373	904	9
1.7055e+007	200	904	5
1.71e+007	317	904	7
1.7145e+007	240	904	6
1.719e+007	368	904	8
1.7235e+007	222	904	5
1.728e+007	322	904	8
1.7325e+007	225	904	5
1.737e+007	252	904	6
1.7415e+007	244	904	6
1.746e+007	325	904	8
1.7505e+007	310	904	7
1.755e+007	285	904	7
1.7595e+007	350	904	8
1.764e+007	339	904	8
1.7685e+007	213	904	5
1.773e+007	301	904	7
1.7775e+007	335	904	8
1.782e+007	322	904	7
1.7865e+007	328	904	8
1.791e+007	211	904	5
1.7955e+007	313	904	7
1.8e+007	331	904	8
1.8045e+007	251	904	6
1.809e+007	307	904	7
1.8135e+007	445	904	10
1.818e+007	296	904	7
1.8225e+007	318	904	7
1.827e+007	254	904	6
1.8315e+007	242	904	6
1.836e+007	335	904	8
1.8405e+007	304	904	7
1.845e+007	220	904	5
1.8495e+007	410	904	8
1.854e+007	217	904	5
1.8585e+007	301	904	7
1.863e+007	206	904	5
1.8675e+007	337	904	8
1.872e+007	343	904	8
1.8765e+007	249	904	6
1.881e+007	242	904	5
1.8855e+007	371	904	9
1.89e+007	197	904	5
1.8945e+007	312	904	7
1.899e+007	293	904	7
1.9035e+007	252	904	6
1.908e+007	323	904	8
1.9125e+007	210	904	5
1.917e+007	309	904	7
1.9215e+007	262	904	6
1.926e+007	320	904	8
1.9305e+007	217	904	5
1.935e+007	250	904	6
1.9395e+007	240	904	6
1.944e+007	251	904	6
1.9485e+007	352	904	8
1.953e+007	344	904	8
1.9575e+007	264	904	6
1.962e+007	258	904	6
1.9665e+007	350	904	8
1.971e+007	334	904	8
1.9755e+007	251	904	6
1.98e+007	342	904	8
1.9845e+007	237	904	6
1.989e+007	307	904	7
1.9935e+007	279	904	7
1.998e+007	262	904	6
2.0025e+007	249	904	6
2.007e+007	268	904	7
2.0115e+007	350	904	8
2.016e+007	343	904	8
2.0205e+007	215	904	5
2.025e+007	307	904	7
2.0295e+007	280	904	7
2.034e+007	245	904	6
2.0385e+007	265	904	7
2.043e+007	248	904	6
2.0475e+007	298	904	7
2.052e+007	199	904	5
2.0565e+007	240	904	6
2.061e+007	313	904	7
2.0655e+007	428	904	10
2.07e+007	270	904	6
2.0745e+007	240	904	6
2.079e+007	317	904	8
2.0835e+007	200	904	5
2.088e+007	402	904	9
2.0925e+007	331	904	8
2.097e+007	292	904	7
2.1015e+007	280	904	7
2.106e+007	282	904	7
2.1105e+007	265	904	6
2.115e+007	258	904	6
2.1195e+007	373	904	9
2.124e+007	289	904	7
2.1285e+007	196	904	5
2.133e+007	264	904	6
2.1375e+007	339	904	8
2.142e+007	312	904	7
2.1465e+007	246	904	6
2.151e+007	391	904	9
2.1555e+007	262	904	6
2.16e+007	360	904	9
2.1645e+007	251	904	6
2.169e+007	243	904	6
2.1735e+007	341	904	8
2.178e+007	310	904	7
2.1825e+007	254	904	6
2.187e+007	234	904	6
2.1915e+007	308	904	7
2.196e+007	243	904	6
2.2005e+007	261	904	6
2.205e+007	334	904	8
2.2095e+007	251	904	6
2.214e+007	371	904	9
2.2185e+007	240	904	6
2.223e+007	252	904	6
2.2275e+007	337	904	8
2.232e+007	199	904	5
2.2365e+007	251	904	6
2.241e+007	303	904	7
2.2455e+007	245	904	6
2.25e+007	336	904	8
2.2545e+007	261	904	6
2.259e+007	252	904	6
2.2635e+007	420	904	10
2.268e+007	277	904	7
2.2725e+007	264	904	6
2.277e+007	289	904	7
2.2815e+007	210	904	5
2.286e+007	387	904	9
2.2905e+007	200	904	5
2.295e+007	247	904	6
2.2995e+007	212	904	5
2.304e+007	288	904	7
2.3085e+007	310	904	7
2.313e+007	303	904	7
2.3175e+007	227	904	5
2.322e+007	335	904	8
2.3265e+007	265	904	6
2.331e+007	313	904	7
2.3355e+007	276	904	7
2.34e+007	321	904	7
2.3445e+007	264	904	6
2.349e+007	207	904	5
2.3535e+007	434	904	9
2.358e+007	329	904	8
2.3625e+007	299	904	7
2.367e+007	294	904	7
2.3715e+007	297	904	7
2.376e+007	336	904	7
2.3805e+007	266	904	6
2.385e+007	371	904	8
2.3895e+007	323	904	7
2.394e+007	304	904	7
2.3985e+007	285	904	7
2.403e+007	221	904	5
2.4075e+007	313	904	7
2.412e+007	303	904	7
2.4165e+007	252	904	6
2.421e+007	298	904	7
2.4255e+007	322	904	8
2.43e+007	344	904	8
2.4345e+007	264	904	6
2.439e+007	259	904	6
2.4435e+007	366	904	8
2.448e+007	316	904	7
2.4525e+007	206	904	5
2.457e+007	405	904	9
2.4615e+007	247	904	6
2.466e+007	302	904	7
2.4705e+007	349	904	8
2.475e+007	216	904	5
2.4795e+007	350	904	8
2.484e+007	279	904	6
2.4885e+007	502	904	12
2.493e+007	261	904	6
2.4975e+007	261	904	6
2.502e+007	295	904	7
2.5065e+007	298	904	7
2.511e+007	270	904	6
2.5155e+007	209	904	5
2.52e+007	357	904	8
2.5245e+007	263	904	6
2.529e+007	254	904	6
2.5335e+007	302	904	7
2.538e+007	337	904	8
2.5425e+007	197	904	5
2.547e+007	215	904	5
2.5515e+007	341	904	8
2.556e+007	310	904	7
2.5605e+007	306	904	7
2.565e+007	338	904	8
2.5695e+007	204	904	5
2.574e+007	380	904	9
2.5785e+007	281	904	7
2.583e+007	249	904	6
2.5875e+007	245	904	6
2.592e+007	252	904	6
2.5965e+007	325	904	8
2.601e+007	291	904	7
2.6055e+007	262	904	6
2.61e+007	291	904	7
2.6145e+007	281	904	7
2.619e+007	283	904	7
2.6235e+007	310	904	7
2.628e+007	358	904	8
2.6325e+007	296	904	7
2.637e+007	252	904	6
2.6415e+007	270	904	7
2.646e+007	342	904	8
2.6505e+007	290	904	7
2.655e+007	212	904	5
2.6595e+007	427	904	10
2.664e+007	258	904	6
2.6685e+007	288	904	7
2.673e+007	390	904	9
2.6775e+007	246	904	6
2.682e+007	261	904	6
2.6865e+007	267	904	6
2.691e+007	239	904	6
2.6955e+007	385	904	9
2.7e+007	251	904	6
2.7045e+007	326	904	8
2.709e+007	390	904	9
2.7135e+007	261	904	6
2.718e+007	236	904	5
2.7225e+007	348	904	8
2.727e+007	268	904	6
2.7315e+007	306	904	7
2.736e+007	270	904	6
2.7405e+007	332	904	8
2.745e+007	311	904	7
2.7495e+007	243	904	6
2.754e+007	453	904	10
2.7585e+007	257	904	6
2.763e+007	326	904	8
2.7675e+007	234	904	6
2.772e+007	290	904	7
2.7765e+007	360	904	8
2.781e+007	263	904	6
2.7855e+007	267	904	6
2.79e+007	254	904	6
2.7945e+007	294	904	7
2.799e+007	316	904	7
2.8035e+007	382	904	9
2.808e+007	303	904	7
2.8125e+007	270	904	6
2.817e+007	258	904	6
2.8215e+007	296	904	7
2.826e+007	359	904	8
2.8305e+007	278	904	7
2.835e+007	365	904	8
2.8395e+007	334	904	7
2.844e+007	279	904	6
2.8485e+007	268	904	6
2.853e+007	316	904	7
2.8575e+007	250	904	5
2.862e+007	325	904	8
2.8665e+007	257	904	6
2.871e+007	267	904	6
2.8755e+007	376	904	9
2.88e+007	242	904	5
2.8845e+007	419	904	9
2.889e+007	391	904	9
2.8935e+007	243	904	6
2.898e+007	375	904	9
2.9025e+007	260	904	6
2.907e+007	262	904	6
2.9115e+007	274	904	7
2.916e+007	297	904	7
2.9205e+007	360	904	8
2.925e+007	228	904	5
2.9295e+007	267	904	6
2.934e+007	389	904	9
2.9385e+007	202	904	5
2.943e+007	338	904	8
2.9475e+007	381	904	9
2.952e+007	209	904	5
2.9565e+007	302	904	7
2.961e+007	278	904	7
2.9655e+007	222	904	5
2.97e+007	397	904	9
2.9745e+007	292	904	7
2.979e+007	338	904	8
2.9835e+007	298	904	7
2.988e+007	307	904	7
2.9925e+007	286	904	7
2.997e+007	365	904	8
3.0015e+007	212	904	5
3.006e+007	293	904	7
3.0105e+007	280	904	7
3.015e+007	400	904	9
3.0195e+007	308	904	7
3.024e+007	289	904	7
3.0285e+007	286	904	7
3.033e+007	378	904	9
3.0375e+007	270	904	6
3.042e+007	245	904	6
3.0465e+007	274	904	6
3.051e+007	256	904	6
3.0555e+007	439	904	10
3.06e+007	258	904	6
3.0645e+007	282	904	7
3.069e+007	326	904	8
3.0735e+007	316	904	7
3.078e+007	297	904	7
3.0825e+007	355	904	8
3.087e+007	194	904	5
3.0915e+007	273	904	7
3.096e+007	258	904	6
3.1005e+007	242	904	6
3.105e+007	200	904	5
3.1095e+007	332	904	8
3.114e+007	336	904	8
3.1185e+007	297	904	7
3.123e+007	250	904	6
3.1275e+007	255	904	6
3.132e+007	261	904	6
3.1365e+007	291	904	7
3.141e+007	378	904	9
3.1455e+007	283	904	7
3.15e+007	426	904	10
3.1545e+007	426	904	10
3.159e+007	218	904	5
3.1635e+007	329	904	8
3.168e+007	257	904	6
3.1725e+007	264	904	6
3.177e+007	262	904	6
3.1815e+007	221	904	5
3.186e+007	429	904	10
3.1905e+007	252	904	6
3.195e+007	299	904	7
3.1995e+007	202	904	5
3.204e+007	409	904	9
3.2085e+007	482	904	11
3.213e+007	263	904	6
3.2175e+007	203	904	5
3.222e+007	341	904	8
3.2265e+007	243	904	6
3.231e+007	234	904	6
3.2355e+007	292	904	7
3.24e+007	319	904	7
3.2445e+007	387	904	9
3.249e+007	275	904	7
3.2535e+007	387	904	9
3.258e+007	204	904	5
3.2625e+007	297	904	7
3.267e+007	313	904	7
3.2715e+007	257	904	6
3.276e+007	307	904	7
3.2805e+007	374	904	9
3.285e+007	221	904	5
3.2895e+007	262	904	6
3.294e+007	243	904	6
3.2985e+007	372	904	9
3.303e+007	338	904	8
3.3075e+007	241	904	6
3.312e+007	252	904	6
3.3165e+007	443	904	10
3.321e+007	263	904	6
3.3255e+007	251	904	6
3.33e+007	285	904	7
3.3345e+007	324	904	8
3.339e+007	252	904	6
3.3435e+007	337	904	7
3.348e+007	352	904	8
3.3525e+007	228	904	5
3.357e+007	405	904	9
3.3615e+007	332	904	8
3.366e+007	290	904	7
3.3705e+007	381	904	9
3.375e+007	215	904	5
3.3795e+007	297	904	7
3.384e+007	414	904	8
3.3885e+007	316	904	8
3.393e+007	308	904	7
3.3975e+007	304	904	7
3.402e+007	342	904	8
3.4065e+007	234	904	6
3.411e+007	219	904	5
3.4155e+007	348	904	8
3.42e+007	297	904	7
3.4245e+007	340	904	8
3.429e+007	331	904	8
3.4335e+007	310	904	7
3.438e+007	353	904	8
3.4425e+007	283	904	7
3.447e+007	260	904	6
3.4515e+007	311	904	7
3.456e+007	258	904	6
3.4605e+007	261	904	6
3.465e+007	263	904	6
3.4695e+007	209	904	5
3.474e+007	298	904	7
3.4785e+007	298	904	7
3.483e+007	240	904	6
3.4875e+007	358	904	8
3.492e+007	205	904	5
3.4965e+007	245	904	6
3.501e+007	417	904	9
3.5055e+007	327	904	8
3.51e+007	215	904	5
3.5145e+007	280	904	6
3.519e+007	301	904	7
3.5235e+007	292	904	7
3.528e+007	363	904	8
3.5325e+007	348	904	8
3.537e+007	315	904	7
3.5415e+007	265	904	6
3.546e+007	249	904	6
3.5505e+007	308	904	7
3.555e+007	286	904	7
3.5595e+007	294	904	7
3.564e+007	288	904	7
3.5685e+007	258	904	6
3.573e+007	199	904	5
3.5775e+007	388	904	9
3.582e+007	262	904	6
3.5865e+007	302	904	7
3.591e+007	255	904	6
3.5955e+007	345	904	8
3.6e+007	310	904	8
3.6045e+007	207	904	5
3.609e+007	270	904	6
3.6135e+007	346	904	8
3.618e+007	332	904	8
3.6225e+007	262	904	6
3.627e+007	341	904	8
3.6315e+007	319	904	7
3.636e+007	295	904	7
3.6405e+007	276	904	6
3.645e+007	348	904	8
3.6495e+007	352	904	8
3.654e+007	244	904	6
3.6585e+007	341	904	8
3.663e+007	263	904	6
3.6675e+007	331	904	8
3.672e+007	303	904	7
3.6765e+007	252	904	6
3.681e+007	318	904	8
3.6855e+007	258	904	6
3.69e+007	243	904	6
3.6945e+007	306	904	7
3.699e+007	240	904	6
3.7035e+007	252	904	6
3.708e+007	337	904	8
3.7125e+007	307	904	7
3.717e+007	297	904	7
3.7215e+007	304	904	7
3.726e+007	227	904	5
3.7305e+007	253	904	6
3.735e+007	387	904	9
3.7395e+007	245	904	6
3.744e+007	332	904	8
3.7485e+007	292	904	7
3.753e+007	306	904	7
3.7575e+007	214	904	5
3.762e+007	360	904	8
3.7665e+007	253	904	6
3.771e+007	295	904	7
3.7755e+007	330	904	8
3.78e+007	418	904	10
3.7845e+007	255	904	6
3.789e+007	298	904	7
3.7935e+007	260	904	6
3.798e+007	304	904	7
3.8025e+007	328	904	7
3.807e+007	341	904	8
3.8115e+007	301	904	7
3.816e+007	292	904	7
3.8205e+007	273	904	6
3.825e+007	251	904	6
3.8295e+007	279	904	7
3.834e+007	217	904	5
3.8385e+007	387	904	9
3.843e+007	291	904	6
3.8475e+007	375	904	9
3.852e+007	306	904	7
3.8565e+007	289	904	6
3.861e+007	379	904	8
3.8655e+007	279	904	6
3.87e+007	284	904	7
3.8745e+007	258	904	6
3.879e+007	349	904	8
3.8835e+007	272	904	6
3.888e+007	313	904	7
3.8925e+007	356	904	8
3.897e+007	304	904	7
3.9015e+007	293	904	7
3.906e+007	215	904	5
3.9105e+007	280	904	7
3.915e+007	436	904	10
3.9195e+007	378	904	9
3.924e+007	259	904	6
3.9285e+007	281	904	7
3.933e+007	214	904	5
3.9375e+007	334	904	8
3.942e+007	243	904	6
3.9465e+007	257	904	6
3.951e+007	328	904	8
3.9555e+007	297	904	7
3.96e+007	297	904	7
3.9645e+007	295	904	7
3.969e+007	249	904	6
3.9735e+007	289	904	7
3.978e+007	298	904	7
3.9825e+007	200	904	5
3.987e+007	319	904	7
3.9915e+007	368	904	8
3.996e+007	242	904	6
4.0005e+007	289	904	7
4.005e+007	270	904	6
4.0095e+007	288	904	7
4.014e+007	405	904	10
4.0185e+007	279	904	6
4.023e+007	249	904	6
4.0275e+007	322	904	8
4.032e+007	325	904	8
4.0365e+007	310	904	7
4.041e+007	316	904	7
4.0455e+007	292	904	7
4.05e+007	350	904	8
4.0545e+007	215	904	5
4.059e+007	335	904	8
4.0635e+007	265	904	6
4.068e+007	387	904	9
4.0725e+007	301	904	7
4.077e+007	270	904	6
4.0815e+007	254	904	6
4.086e+007	251	904	6
4.0905e+007	348	904	8
4.095e+007	216	904	5
4.0995e+007	356	904	8
4.104e+007	234	904	6
4.1085e+007	259	904	6
4.113e+007	347	904	8
4.1175e+007	307	904	7
4.122e+007	284	904	7
4.1265e+007	261	904	6
4.131e+007	265	904	6
4.1355e+007	385	904	9
4.14e+007	270	904	6
4.1445e+007	399	904	9
4.149e+007	317	904	8
4.1535e+007	282	904	6
4.158e+007	301	904	7
4.1625e+007	305	904	7
4.167e+007	308	904	7
4.1715e+007	258	904	6
4.176e+007	331	904	8
4.1805e+007	225	904	5
4.185e+007	366	904	8
4.1895e+007	263	904	6
4.194e+007	262	904	6
4.1985e+007	414	904	9
4.203e+007	279	904	6
4.2075e+007	291	904	7
4.212e+007	246	904	6
4.2165e+007	255	904	6
4.221e+007	316	904	7
4.2255e+007	307	904	7
4.23e+007	332	904	8
4.2345e+007	315	904	7
4.239e+007	286	904	7
4.2435e+007	301	904	7
4.248e+007	190	904	5
4.2525e+007	398	904	9
4.257e+007	393	904	9
4.2615e+007	258	904	6
4.266e+007	276	904	6
4.2705e+007	227	904	5
4.275e+007	386	904	9
4.2795e+007	377	904	9
4.284e+007	217	904	5
4.2885e+007	281	904	7
4.293e+007	351	904	8
4.2975e+007	223	904	5
4.302e+007	391	904	9
4.3065e+007	320	904	8
4.311e+007	313	904	7
4.3155e+007	221	904	5
4.32e+007	320	904	8
4.3245e+007	282	904	7
4.329e+007	399	904	9
4.3335e+007	292	904	7
4.338e+007	235	904	6
4.3425e+007	224	904	5
4.347e+007	252	904	6
4.3515e+007	335	904	8
4.356e+007	328	904	7
4.3605e+007	383	904	8
4.365e+007	249	904	6
4.3695e+007	297	904	7
4.374e+007	343	904	8
4.3785e+007	298	904	7
4.383e+007	256	904	6
4.3875e+007	435	904	9
4.392e+007	239	904	6
4.3965e+007	383	904	9
4.401e+007	249	904	6
4.4055e+007	209	904	5
4.41e+007	345	904	8
4.4145e+007	291	904	7
4.419e+007	300	904	7
4.4235e+007	247	904	6
4.428e+007	330	904	8
4.4325e+007	307	904	7
4.437e+007	337	904	8
4.4415e+007	287	904	7
4.446e+007	285	904	7
4.4505e+007	332	904	8
4.455e+007	330	904	8
4.4595e+007	225	904	5
4.464e+007	329	904	8
4.4685e+007	326	904	8
4.473e+007	355	904	8
4.4775e+007	211	904	5
4.482e+007	325	904	7
4.4865e+007	245	904	6
4.491e+007	300	904	7
4.4955e+007	303	904	7
4.5e+007	267	904	6
4.5045e+007	215	904	5
4.509e+007	436	904	10
4.5135e+007	344	904	8
4.518e+007	286	904	7
4.5225e+007	212	904	5
4.527e+007	401	904	9
4.5315e+007	352	904	8
4.536e+007	292	904	7
4.5405e+007	270	904	6
4.545e+007	359	904	9
4.5495e+007	244	904	6
4.554e+007	256	904	6
4.5585e+007	419	904	10
4.563e+007	214	904	5
4.5675e+007	313	904	7
4.572e+007	259	904	6
4.5765e+007	300	904	7
4.581e+007	272	904	7
4.5855e+007	301	904	7
4.59e+007	292	904	7
4.5945e+007	355	904	8
4.599e+007	240	904	6
4.6035e+007	307	904	7
4.608e+007	252	904	6
4.6125e+007	258	904	6
4.617e+007	381	904	9
4.6215e+007	213	904	5
4.626e+007	387	904	9
4.6305e+007	219	904	5
4.635e+007	338	904	8
4.6395e+007	246	904	6
4.644e+007	284	904	7
4.6485e+007	443	904	10
4.653e+007	220	904	5
4.6575e+007	310	904	7
4.662e+007	249	904	6
4.6665e+007	362	904	8
4.671e+007	260	904	6
4.6755e+007	292	904	7
4.68e+007	221	904	5
4.6845e+007	314	904	7
4.689e+007	261	904	6
4.6935e+007	359	904	8
4.698e+007	302	904	7
4.7025e+007	270	904	6
4.707e+007	298	904	7
4.7115e+007	350	904	8
4.716e+007	352	904	8
4.7205e+007	250	904	6
4.725e+007	304	904	7
4.7295e+007	242	904	6
4.734e+007	315	904	7
4.7385e+007	320	904	8
4.743e+007	310	904	7
4.7475e+007	215	904	5
4.752e+007	198	904	5
4.7565e+007	393	904	9
4.761e+007	251	904	6
4.7655e+007	304	904	7
4.77e+007	301	904	7
4.7745e+007	252	904	6
4.779e+007	252	904	6
4.7835e+007	304	904	7
4.788e+007	338	904	8
4.7925e+007	203	904	5
4.797e+007	335	904	8
4.8015e+007	259	904	6
4.806e+007	304	904	7
4.8105e+007	353	904	8
4.815e+007	255	904	6
4.8195e+007	205	904	5
4.824e+007	325	904	8
4.8285e+007	250	904	6
4.833e+007	349	904	8
4.8375e+007	379	904	9
4.842e+007	313	904	7
4.8465e+007	292	904	7
4.851e+007	166	904	4
4.8555e+007	313	904	7
4.86e+007	269	904	6
4.8645e+007	320	904	7
4.869e+007	244	904	6
4.8735e+007	395	904	9
4.878e+007	301	904	7
4.8825e+007	373	904	9
4.887e+007	260	904	5
4.8915e+007	227	904	5
4.896e+007	250	904	6
4.9005e+007	332	904	8
4.905e+007	280	904	7
4.9095e+007	313	904	7
4.914e+007	262	904	6
4.9185e+007	335	904	8
4.923e+007	284	904	7
4.9275e+007	292	904	7
4.932e+007	323	904	8
4.9365e+007	273	904	6
4.941e+007	386	904	9
4.9455e+007	324	904	8
4.95e+007	252	904	6
4.9545e+007	378	904	9
4.959e+007	255	904	6
4.9635e+007	347	904	8
4.968e+007	273	904	6
4.9725e+007	368	904	8
4.977e+007	394	904	9
4.9815e+007	248	904	6
4.986e+007	246	904	6
4.9905e+007	234	904	6
4.995e+007	310	904	7
4.9995e+007	343	904	8
5.004e+007	186	904	4
5.0085e+007	332	904	8
5.013e+007	345	904	8
5.0175e+007	218	904	5
5.022e+007	350	904	8
5.0265e+007	248	904	6
5.031e+007	274	904	7
5.0355e+007	304	904	7
5.04e+007	334	904	8
5.0445e+007	286	904	7
5.049e+007	302	904	7
5.0535e+007	215	904	5
5.058e+007	303	904	7
5.0625e+007	333	904	8
5.067e+007	326	904	8
5.0715e+007	396	904	9
5.076e+007	251	904	6
5.0805e+007	237	904	6
5.085e+007	301	904	7
5.0895e+007	264	904	6
5.094e+007	206	904	5
5.0985e+007	374	904	9
5.103e+007	257	904	6
5.1075e+007	273	904	6
5.112e+007	258	904	6
5.1165e+007	280	904	7
5.121e+007	259	904	6
5.1255e+007	378	904	9
5.13e+007	209	904	5
5.1345e+007	280	904	7
5.139e+007	259	904	6
5.1435e+007	320	904	8
5.148e+007	292	904	7
5.1525e+007	246	904	6
5.157e+007	349	904	8
5.1615e+007	343	904	8
5.166e+007	212	904	5
5.1705e+007	316	904	7
5.175e+007	276	904	7
5.1795e+007	286	904	7
5.184e+007	265	904	6
5.1885e+007	250	904	6
5.193e+007	341	904	8
5.1975e+007	252	904	6
5.202e+007	204	904	5
5.2065e+007	307	904	7
5.211e+007	355	904	8
5.2155e+007	303	904	7
5.22e+007	331	904	8
5.2245e+007	349	904	8
5.229e+007	248	904	6
5.2335e+007	288	904	7
5.238e+007	300	904	7
5.2425e+007	383	904	9
5.247e+007	277	904	7
5.2515e+007	248	904	6
5.256e+007	320	904	8
5.2605e+007	352	904	8
5.265e+007	215	904	5
5.2695e+007	339	904	8
5.274e+007	273	904	6
5.2785e+007	255	904	6
5.283e+007	301	904	7
5.2875e+007	309	904	7
5.292e+007	347	904	8
5.2965e+007	291	904	7
5.301e+007	289	904	7
5.3055e+007	258	904	6
5.31e+007	283	904	7
5.3145e+007	298	904	7
5.319e+007	254	904	6
5.3235e+007	304	904	7
5.328e+007	338	904	8
5.3325e+007	339	904	8
5.337e+007	347	904	8
5.3415e+007	281	904	7
5.346e+007	325	904	7
5.3505e+007	320	904	8
5.355e+007	254	904	6
5.3595e+007	245	904	5
5.364e+007	248	904	5
5.3685e+007	336	904	8
5.373e+007	218	904	5
5.3775e+007	278	904	7
5.382e+007	258	904	6
5.3865e+007	368	904	8
5.391e+007	237	904	5
5.3955e+007	366	904	9
5.4e+007	253	904	6
5.4045e+007	255	904	6
5.409e+007	285	904	6
5.4135e+007	265	904	6
5.418e+007	298	904	7
5.4225e+007	427	904	10
5.427e+007	322	904	7
5.4315e+007	304	904	7
5.436e+007	262	904	6
5.4405e+007	255	904	6
5.445e+007	252	904	6
5.4495e+007	347	904	8
5.454e+007	314	904	8
5.4585e+007	213	904	5
5.463e+007	288	904	7
5.4675e+007	224	904	5
5.472e+007	379	904	9
5.4765e+007	200	904	5
5.481e+007	284	904	7
5.4855e+007	299	904	7
5.49e+007	254	904	6
5.4945e+007	221	904	5
5.499e+007	342	904	8
5.5035e+007	386	904	9
5.508e+007	258	904	6
5.5125e+007	347	904	8
5.517e+007	310	904	7
5.5215e+007	267	904	6
5.526e+007	326	904	8
5.5305e+007	316	904	7
5.535e+007	318	904	8
5.5395e+007	271	904	7
5.544e+007	261	904	6
5.5485e+007	295	904	7
5.553e+007	328	904	8
5.5575e+007	332	904	8
5.562e+007	221	904	5
5.5665e+007	338	904	8
5.571e+007	289	904	7
5.5755e+007	339	904	8
5.58e+007	298	904	7
5.5845e+007	246	904	6
5.589e+007	306	904	7
5.5935e+007	258	904	6
5.598e+007	437	904	10
5.6025e+007	228	904	5
5.607e+007	245	904	6
5.6115e+007	298	904	7
5.616e+007	310	904	7
5.6205e+007	341	904	8
5.625e+007	209	904	5
5.6295e+007	353	904	8
5.634e+007	344	904	8
5.6385e+007	197	904	5
5.643e+007	347	904	8
5.6475e+007	219	904	5
5.652e+007	263	904	6
5.6565e+007	310	904	7
5.661e+007	304	904	7
5.6655e+007	268	904	6
5.67e+007	384	904	9
5.6745e+007	321	904	7
5.679e+007	347	904	8
5.6835e+007	260	904	6
5.688e+007	315	904	7
5.6925e+007	407	904	9
5.697e+007	203	904	5
5.7015e+007	405	904	9
5.706e+007	257	904	6
5.7105e+007	292	904	7
5.715e+007	400	904	9
5.7195e+007	255	904	6
5.724e+007	259	904	6
5.7285e+007	339	904	8
5.733e+007	369	904	9
5.7375e+007	218	904	5
5.742e+007	282	904	7
5.7465e+007	303	904	7
5.751e+007	328	904	8
5.7555e+007	263	904	6
5.76e+007	259	904	6
5.7645e+007	261	904	6
5.769e+007	369	904	9
5.7735e+007	316	904	7
5.778e+007	394	904	9
5.7825e+007	163	904	4
5.787e+007	295	904	7
5.7915e+007	432	904	10
5.796e+007	223	904	5
5.8005e+007	400	904	9
5.805e+007	347	904	8
5.8095e+007	226	904	5
5.814e+007	258	904	6
5.8185e+007	255	904	6
5.823e+007	344	904	8
5.8275e+007	247	904	6
5.832e+007	273	904	6
5.8365e+007	267	904	6
5.841e+007	273	904	6
5.8455e+007	356	904	8
5.85e+007	322	904	7
5.8545e+007	352	904	8
5.859e+007	358	904	8
5.8635e+007	276	904	6
5.868e+007	243	904	6
5.8725e+007	301	904	7
5.877e+007	211	904	5
5.8815e+007	353	904	8
5.886e+007	320	904	8
5.8905e+007	318	904	6
5.895e+007	252	904	6
5.8995e+007	454	904	11
5.904e+007	221	904	5
5.9085e+007	307	904	7
5.913e+007	449	904	10
5.9175e+007	264	904	6
5.922e+007	270	904	6
5.9265e+007	240	904	6
5.931e+007	221	904	5
5.9355e+007	300	904	7
5.94e+007	352	904	8
5.9445e+007	304	904	7
5.949e+007	375	904	9
5.9535e+007	328	904	8
5.958e+007	396	904	10
5.9625e+007	214	904	5
5.967e+007	273	904	6
5.9715e+007	443	904	10
5.976e+007	240	904	6
5.9805e+007	255	904	6
5.985e+007	212	904	5
5.9895e+007	353	904	8
5.994e+007	294	904	7
5.9985e+007	261	904	6
6.003e+007	347	904	8
6.0075e+007	353	904	8
6.012e+007	264	904	6
6.0165e+007	286	904	7
6.021e+007	344	904	8
6.0255e+007	264	904	6
6.03e+007	215	904	5
6.0345e+007	298	904	7
6.039e+007	350	904	8
6.0435e+007	295	904	7
6.048e+007	308	904	7
6.0525e+007	304	904	7
6.057e+007	260	904	6
6.0615e+007	315	904	7
6.066e+007	421	904	10
6.0705e+007	313	904	7
6.075e+007	255	904	6
6.0795e+007	349	904	8
6.084e+007	255	904	6
6.0885e+007	289	904	7
6.093e+007	218	904	5
6.0975e+007	322	904	8
6.102e+007	249	904	6
6.1065e+007	326	904	8
6.111e+007	217	904	5
6.1155e+007	267	904	6
6.12e+007	298	904	7
6.1245e+007	276	904	7
6.129e+007	376	904	9
6.1335e+007	274	904	7
6.138e+007	284	904	7
6.1425e+007	240	904	6
6.147e+007	218	904	5
6.1515e+007	298	904	7
6.156e+007	407	904	10
6.1605e+007	256	904	6
6.165e+007	255	904	6
6.1695e+007	377	904	9
6.174e+007	224	904	5
6.1785e+007	288	904	7
6.183e+007	301	904	7
6.1875e+007	258	904	6
6.192e+007	303	904	7
6.1965e+007	353	904	8
6.201e+007	221	904	5
6.2055e+007	296	904	7
6.21e+007	253	904	6
6.2145e+007	219	904	5
6.219e+007	322	904	8
6.2235e+007	363	904	8
6.228e+007	258	904	6
6.2325e+007	258	904	6
6.237e+007	292	904	7
6.2415e+007	307	904	7
6.246e+007	266	904	6
6.2505e+007	274	904	7
6.255e+007	300	904	7
6.2595e+007	260	904	6
6.264e+007	338	904	8
6.2685e+007	320	904	7
6.273e+007	393	904	9
6.2775e+007	307	904	7
6.282e+007	256	904	6
6.2865e+007	297	904	7
6.291e+007	339	904	8
6.2955e+007	235	904	6
6.3e+007	224	904	5
6.3045e+007	255	904	6
6.309e+007	469	904	11
6.3135e+007	307	904	7
6.318e+007	247	904	6
6.3225e+007	342	904	8
6.327e+007	218	904	5
6.3315e+007	279	904	7
6.336e+007	360	904	8
6.3405e+007	313	904	7
6.345e+007	340	904	8
6.3495e+007	236	904	5
6.354e+007	390	904	9
6.3585e+007	277	904	6
6.363e+007	252	904	6
6.3675e+007	274	904	6
6.372e+007	253	904	6
6.3765e+007	358	904	8
6.381e+007	258	904	6
6.3855e+007	394	904	9
6.39e+007	246	904	6
6.3945e+007	352	904	7
6.399e+007	345	904	8
6.4035e+007	317	904	7
6.408e+007	206	904	5
6.4125e+007	306	904	7
6.417e+007	341	904	8
6.4215e+007	298	904	7
6.426e+007	242	904	6
6.4305e+007	270	904	6
6.435e+007	338	904	8
6.4395e+007	313	904	7
6.444e+007	418	904	10
6.4485e+007	249	904	6
6.453e+007	291	904	7
6.4575e+007	248	904	6
6.462e+007	393	904	9
6.4665e+007	307	904	7
6.471e+007	218	904	5
6.4755e+007	285	904	7
6.48e+007	309	904	7
6.4845e+007	322	904	7
6.489e+007	246	904	6
6.4935e+007	332	904	8
6.498e+007	365	904	9
6.5025e+007	200	904	5
6.507e+007	389	904	9
6.5115e+007	398	904	9
6.516e+007	303	904	7
6.5205e+007	254	904	6
6.525e+007	296	904	7
6.5295e+007	369	904	9
6.534e+007	240	904	6
6.5385e+007	318	904	7
6.543e+007	353	904	8
6.5475e+007	264	904	6
6.552e+007	385	904	9
6.5565e+007	334	904	8
6.561e+007	346	904	8
6.5655e+007	291	904	7
6.57e+007	209	904	5
6.5745e+007	342	904	9
6.579e+007	219	904	5
6.5835e+007	336	904	8
6.588e+007	337	904	8
6.5925e+007	350	904	8
6.597e+007	308	904	7
6.6015e+007	314	904	7
6.606e+007	264	904	6
6.6105e+007	220	904	5
6.615e+007	234	904	6
6.6195e+007	295	904	7
6.624e+007	316	904	7
6.6285e+007	245	904	6
6.633e+007	287	904	7
6.6375e+007	305	904	7
6.642e+007	357	904	8
6.6465e+007	249	904	6
6.651e+007	271	904	6
6.6555e+007	355	904	8
6.66e+007	239	904	6
6.6645e+007	264	904	6
6.669e+007	229	904	5
6.6735e+007	373	904	9
6.678e+007	251	904	6
6.6825e+007	402	904	9
6.687e+007	259	904	6
6.6915e+007	361	904	8
6.696e+007	292	904	7
6.7005e+007	301	904	7
6.705e+007	210	904	5
6.7095e+007	258	904	6
6.714e+007	251	904	6
6.7185e+007	258	904	6
6.723e+007	327	904	8
6.7275e+007	282	904	7
6.732e+007	249	904	6
6.7365e+007	243	904	6
6.741e+007	379	904	9
6.7455e+007	289	904	7
6.75e+007	306	904	7
6.7545e+007	258	904	6
6.759e+007	393	904	9
6.7635e+007	284	904	7
6.768e+007	293	904	7
6.7725e+007	342	904	8
6.777e+007	243	904	6
6.7815e+007	384	904	9
6.786e+007	362	904	8
6.7905e+007	246	904	6
6.795e+007	203	904	5
6.7995e+007	355	904	8
6.804e+007	301	904	7
6.8085e+007	339	904	8
6.813e+007	221	904	5
6.8175e+007	292	904	7
6.822e+007	357	904	8
6.8265e+007	272	904	6
6.831e+007	255	904	6
6.8355e+007	268	904	6
6.84e+007	291	904	7
6.8445e+007	252	904	6
6.849e+007	322	904	7
6.8535e+007	313	904	8
6.858e+007	378	904	9
6.8625e+007	368	904	8
6.867e+007	298	904	7
6.8715e+007	408	904	9
6.876e+007	272	904	6
6.8805e+007	292	904	7
6.885e+007	246	904	6
6.8895e+007	272	904	6
6.894e+007	334	904	7
6.8985e+007	343	904	8
6.903e+007	271	904	6
6.9075e+007	301	904	7
6.912e+007	268	904	7
6.9165e+007	310	904	7
6.921e+007	299	904	7
6.9255e+007	312	904	7
6.93e+007	200	904	5
6.9345e+007	206	904	5
6.939e+007	338	904	8
6.9435e+007	362	904	8
6.948e+007	215	904	5
6.9525e+007	350	904	8
6.957e+007	302	904	7
6.9615e+007	422	904	10
6.966e+007	255	904	6
6.9705e+007	237	904	6
6.975e+007	361	904	8
6.9795e+007	465	904	11
6.984e+007	249	904	6
6.9885e+007	329	904	8
6.993e+007	231	904	6
6.9975e+007	333	904	8
7.002e+007	330	904	8
7.0065e+007	310	904	7
7.011e+007	300	904	7
7.0155e+007	259	904	6
7.02e+007	352	904	8
7.0245e+007	234	904	6
7.029e+007	298	904	7
7.0335e+007	353	904	8
7.038e+007	217	904	6
7.0425e+007	342	904	8
7.047e+007	262	904	6
7.0515e+007	350	904	8
7.056e+007	258	904	6
7.0605e+007	257	904	6
7.065e+007	336	904	8
7.0695e+007	251	904	6
7.074e+007	295	904	7
7.0785e+007	254	904	6
7.083e+007	259	904	6
7.0875e+007	508	904	11
7.092e+007	215	904	5
7.0965e+007	259	904	6
7.101e+007	292	904	7
7.1055e+007	400	904	9
7.11e+007	301	904	7
7.1145e+007	249	904	6
7.119e+007	255	904	6
7.1235e+007	227	904	5
7.128e+007	261	904	6
7.1325e+007	264	904	6
7.137e+007	375	904	9
7.1415e+007	276	904	6
7.146e+007	307	904	7
7.1505e+007	219	904	6
7.155e+007	351	904	8
7.1595e+007	261	904	6
7.164e+007	219	904	5
7.1685e+007	295	904	7
7.173e+007	412	904	9
7.1775e+007	204	904	5
7.182e+007	245	904	6
7.1865e+007	373	904	9
7.191e+007	336	904	8
7.1955e+007	304	904	7
7.2e+007	194	904	5
7.2045e+007	315	904	7
7.209e+007	341	904	8
7.2135e+007	259	904	6
7.218e+007	408	904	9
7.2225e+007	298	904	7
7.227e+007	284	904	7
7.2315e+007	304	904	7
7.236e+007	286	904	7
7.2405e+007	308	904	7
7.245e+007	297	904	7
7.2495e+007	301	904	7
7.254e+007	218	904	5
7.2585e+007	351	904	8
7.263e+007	360	904	9
7.2675e+007	199	904	5
7.272e+007	226	904	5
7.2765e+007	240	904	6
7.281e+007	305	904	7
7.2855e+007	332	904	8
7.29e+007	400	904	9
7.2945e+007	264	904	6
7.299e+007	240	904	6
7.3035e+007	295	904	7
7.308e+007	477	904	11
7.3125e+007	261	904	6
7.317e+007	323	904	8
7.3215e+007	260	904	6
7.326e+007	243	904	6
7.3305e+007	253	904	6
7.335e+007	340	904	8
7.3395e+007	271	904	7
7.344e+007	292	904	7
7.3485e+007	281	904	7
7.353e+007	374	904	8
7.3575e+007	303	904	7
7.362e+007	305	904	7
7.3665e+007	271	904	7
7.371e+007	346	904	8
7.3755e+007	311	904	8
7.38e+007	215	904	5
7.3845e+007	299	904	7
7.389e+007	290	904	7
7.3935e+007	249	904	6
7.398e+007	346	904	7
7.4025e+007	219	904	5
7.407e+007	366	904	8
7.4115e+007	370	904	9
7.416e+007	270	904	6
7.4205e+007	316	904	7
7.425e+007	313	904	7
7.4295e+007	244	904	6
7.434e+007	247	904	7
7.4385e+007	263	904	6
7.443e+007	330	904	8
7.4475e+007	200	904	5
7.452e+007	395	904	9
7.4565e+007	224	904	5
7.461e+007	286	904	7
7.4655e+007	245	904	6
7.47e+007	387	904	9
7.4745e+007	254	904	6
7.479e+007	265	904	6
7.4835e+007	320	904	8
7.488e+007	252	904	6
7.4925e+007	297	904	7
7.497e+007	290	904	7
7.5015e+007	218	904	5
7.506e+007	258	904	6
7.5105e+007	343	904	8
7.515e+007	310	904	7
7.5195e+007	289	904	7
7.524e+007	277	904	7
7.5285e+007	350	904	9
7.533e+007	205	904	5
7.5375e+007	378	904	9
7.542e+007	285	904	7
7.5465e+007	343	904	8
7.551e+007	302	904	7
7.5555e+007	197	904	5
7.56e+007	359	904	8
7.5645e+007	271	904	6
7.569e+007	294	904	7
7.5735e+007	264	904	6
7.578e+007	288	904	7
7.5825e+007	254	904	6
7.587e+007	347	904	8
7.5915e+007	299	904	7
7.596e+007	258	904	6
7.6005e+007	325	904	8
7.605e+007	264	904	6
7.6095e+007	353	904	8
7.614e+007	286	904	7
7.6185e+007	296	904	7
7.623e+007	285	904	7
7.6275e+007	359	904	9
7.632e+007	270	904	6
7.6365e+007	234	904	6
7.641e+007	216	904	5
7.6455e+007	271	904	6
7.65e+007	262	904	6
7.6545e+007	307	904	7
7.659e+007	249	904	6
7.6635e+007	253	904	6
7.668e+007	338	904	8
7.6725e+007	347	904	9
7.677e+007	239	904	5
7.6815e+007	240	904	6
7.686e+007	251	904	6
7.6905e+007	332	904	8
7.695e+007	281	904	7
7.6995e+007	310	904	7
7.704e+007	384	904	9
7.7085e+007	207	904	5
7.713e+007	253	904	6
7.7175e+007	225	904	5
7.722e+007	255	904	6
7.7265e+007	357	904	9
7.731e+007	361	904	8
7.7355e+007	218	904	5
7.74e+007	396	904	9
7.7445e+007	255	904	6
7.749e+007	310	904	7
7.7535e+007	255	904	6
7.758e+007	300	904	7
7.7625e+007	258	904	6
7.767e+007	248	904	6
7.7715e+007	248	904	6
7.776e+007	269	904	6
7.7805e+007	338	904	8
7.785e+007	341	904	8
7.7895e+007	394	904	9
7.794e+007	310	904	7
7.7985e+007	211	904	5
7.803e+007	298	904	7
7.8075e+007	301	904	7
7.812e+007	295	904	7
7.8165e+007	293	904	7
7.821e+007	285	904	6
7.8255e+007	343	904	8
7.83e+007	264	904	6
7.8345e+007	353	904	8
7.839e+007	264	904	6
7.8435e+007	228	904	5
7.848e+007	305	904	7
7.8525e+007	327	904	8
7.857e+007	325	904	7
7.8615e+007	252	904	6
7.866e+007	319	904	7
7.8705e+007	421	904	9
7.875e+007	258	904	6
7.8795e+007	244	904	6
7.884e+007	322	904	8
7.8885e+007	297	904	7
7.893e+007	221	904	5
7.8975e+007	429	904	9
7.902e+007	276	904	6
7.9065e+007	316	904	7
7.911e+007	305	904	7
7.9155e+007	334	904	8
7.92e+007	274	904	7
7.9245e+007	311	904	7
7.929e+007	310	904	7
7.9335e+007	351	904	8
7.938e+007	256	904	6
7.9425e+007	395	904	9
7.947e+007	301	904	7
7.9515e+007	394	904	9
7.956e+007	296	904	7
7.9605e+007	319	904	7
7.965e+007	291	904	7
7.9695e+007	393	904	9
7.974e+007	286	904	7
7.9785e+007	254	904	6
7.983e+007	350	904	8
7.9875e+007	246	904	6
7.992e+007	294	904	7
7.9965e+007	254	904	6
8.001e+007	391	904	9
8.0055e+007	261	904	6
8.01e+007	228	904	6
8.0145e+007	366	904	8
8.019e+007	167	904	4
8.0235e+007	384	904	9
8.028e+007	279	904	6
8.0325e+007	383	904	9
8.037e+007	301	904	7
8.0415e+007	327	904	8
8.046e+007	266	904	6
8.0505e+007	384	904	9
8.055e+007	225	904	6
8.0595e+007	193	904	5
8.064e+007	280	904	6
8.0685e+007	304	904	7
8.073e+007	336	904	8
8.0775e+007	348	904	8
8.082e+007	212	904	5
8.0865e+007	258	904	6
8.091e+007	257	904	6
8.0955e+007	301	904	7
8.1e+007	434	904	10
8.1045e+007	236	904	5
8.109e+007	258	904	6
8.1135e+007	297	904	7
8.118e+007	258	904	6
8.1225e+007	337	904	8
8.127e+007	311	904	7
8.1315e+007	288	904	7
8.136e+007	246	904	6
8.1405e+007	260	904	6
8.145e+007	306	904	7
8.1495e+007	384	904	9
8.154e+007	378	904	9
8.1585e+007	394	904	9
8.163e+007	322	904	8
8.1675e+007	399	904	9
8.172e+007	372	904	9
8.1765e+007	346	904	8
8.181e+007	294	904	7
8.1855e+007	209	904	5
8.19e+007	227	904	6
8.1945e+007	465	904	11
8.199e+007	267	904	6
8.2035e+007	318	904	8
8.208e+007	258	904	6
8.2125e+007	242	904	6
8.217e+007	295	904	7
8.2215e+007	331	904	8
8.226e+007	254	904	6
8.2305e+007	199	904	5
8.235e+007	247	904	6
8.2395e+007	301	904	7
8.244e+007	264	904	6
8.2485e+007	247	904	6
8.253e+007	264	904	6
8.2575e+007	348	904	8
8.262e+007	353	904	8
8.2665e+007	273	904	6
8.271e+007	338	904	8
8.2755e+007	362	904	8
8.28e+007	168	904	4
8.2845e+007	279	904	6
8.289e+007	354	904	8
8.2935e+007	303	904	7
8.298e+007	209	904	5
8.3025e+007	343	904	8
8.307e+007	288	904	7
8.3115e+007	257	904	6
8.316e+007	219	904	6
8.3205e+007	292	904	7
8.325e+007	312	904	7
8.3295e+007	284	904	7
8.334e+007	321	904	8
8.3385e+007	188	904	5
8.343e+007	269	904	6
8.3475e+007	286	904	7
8.352e+007	277	904	6
8.3565e+007	286	904	6
8.361e+007	343	904	8
8.3655e+007	325	904	7
8.37e+007	381	904	9
8.3745e+007	373	904	8
8.379e+007	384	904	9
8.3835e+007	304	904	7
8.388e+007	353	904	8
8.3925e+007	317	904	7
8.397e+007	359	904	8
8.4015e+007	378	904	8
8.406e+007	264	904	6
8.4105e+007	303	904	7
8.415e+007	297	904	7
8.4195e+007	262	904	6
8.424e+007	358	904	9
8.4285e+007	399	904	9
8.433e+007	243	904	6
8.4375e+007	261	904	6
8.442e+007	356	904	8
8.4465e+007	287	904	7
8.451e+007	333	904	8
8.4555e+007	345	904	8
8.46e+007	203	904	5
8.4645e+007	221	904	5
8.469e+007	398	904	9
8.4735e+007	386	904	9
8.478e+007	258	904	6
8.4825e+007	292	904	7
8.487e+007	352	904	8
8.4915e+007	310	904	7
8.496e+007	346	904	8
8.5005e+007	232	904	5
8.505e+007	382	904	9
8.5095e+007	267	904	6
8.514e+007	289	904	7
8.5185e+007	375	904	9
8.523e+007	344	904	8
8.5275e+007	438	904	10
8.532e+007	220	904	5
8.5365e+007	253	904	6
8.541e+007	298	904	7
8.5455e+007	242	904	6
8.55e+007	289	904	7
8.5545e+007	273	904	6
8.559e+007	273	904	6
8.5635e+007	421	904	10
8.568e+007	257	904	6
8.5725e+007	212	904	5
8.577e+007	301	904	7
8.5815e+007	258	904	6
8.586e+007	335	904	8
8.5905e+007	221	904	5
8.595e+007	335	904	8
8.5995e+007	258	904	6
8.604e+007	295	904	7
8.6085e+007	282	904	6
8.613e+007	255	904	6
8.6175e+007	295	904	7
8.622e+007	264	904	6
8.6265e+007	338	904	8
8.631e+007	194	904	5
8.6355e+007	378	904	9
8.64e+007	255	904	6
8.6445e+007	417	904	10
8.649e+007	206	904	5
8.6535e+007	284	904	7
8.658e+007	249	904	6
8.6625e+007	257	904	6
8.667e+007	237	904	6
8.6715e+007	333	904	8
8.676e+007	286	904	7
8.6805e+007	310	904	7
8.685e+007	300	904	7
8.6895e+007	203	904	5
8.694e+007	287	904	7
8.6985e+007	428	904	10
8.703e+007	220	904	5
8.7075e+007	299	904	7
8.712e+007	253	904	6
8.7165e+007	336	904	8
8.721e+007	249	904	6
8.7255e+007	301	904	7
8.73e+007	374	904	9
8.7345e+007	201	904	5
8.739e+007	385	904	9
8.7435e+007	208	904	5
8.748e+007	402	904	9
8.7525e+007	284	904	7
8.757e+007	260	904	6
8.7615e+007	194	904	5
8.766e+007	299	904	7
8.7705e+007	208	904	5
8.775e+007	347	904	8
8.7795e+007	329	904	8
8.784e+007	249	904	6
8.7885e+007	350	904	8
8.793e+007	271	904	6
8.7975e+007	399	904	9
8.802e+007	206	904	5
8.8065e+007	387	904	9
8.811e+007	371	904	8
8.8155e+007	335	904	8
8.82e+007	302	904	7
8.8245e+007	258	904	6
8.829e+007	318	904	8
8.8335e+007	353	904	8
8.838e+007	241	904	6
8.8425e+007	368	904	8
8.847e+007	306	904	7
8.8515e+007	302	904	7
8.856e+007	244	904	6
8.8605e+007	230	904	5
8.865e+007	401	904	9
8.8695e+007	300	904	7
8.874e+007	264	904	6
8.8785e+007	343	904	8
8.883e+007	251	904	6
8.8875e+007	342	904	8
8.892e+007	269	904	6
8.8965e+007	249	904	6
8.901e+007	365	904	8
8.9055e+007	402	904	9
8.91e+007	230	904	6
8.9145e+007	301	904	7
8.919e+007	240	904	6
8.9235e+007	381	904	9
8.928e+007	307	904	7
8.9325e+007	198	904	5
8.937e+007	325	904	8
8.9415e+007	227	904	5
8.946e+007	347	904	8
8.9505e+007	299	904	7
8.955e+007	194	904	5
8.9595e+007	306	904	7
8.964e+007	344	904	8
8.9685e+007	264	904	6
8.973e+007	291	904	7
8.9775e+007	341	904	8
8.982e+007	298	904	7
8.9865e+007	387	904	9
8.991e+007	278	904	6
8.9955e+007	341	904	8
9e+007	366	904	9
9.0045e+007	307	904	7
9.009e+007	280	904	7
9.0135e+007	363	904	8
9.018e+007	255	904	6
9.0225e+007	469	904	11
9.027e+007	264	904	6
9.0315e+007	283	904	7
9.036e+007	336	904	8
9.0405e+007	203	904	5
9.045e+007	343	904	8
9.0495e+007	226	904	5
9.054e+007	214	904	5
9.0585e+007	425	904	10
9.063e+007	405	904	9
9.0675e+007	213	904	5
9.072e+007	256	904	6
9.0765e+007	423	904	10
9.081e+007	200	904	5
9.0855e+007	205	904	5
9.09e+007	475	904	11
9.0945e+007	206	904	5
9.099e+007	299	904	7
9.1035e+007	282	904	7
9.108e+007	332	904	8
9.1125e+007	210	904	5
9.117e+007	378	904	9
9.1215e+007	209	904	5
9.126e+007	358	904	8
9.1305e+007	286	904	7
9.135e+007	298	904	7
9.1395e+007	207	904	5
9.144e+007	406	904	10
9.1485e+007	306	904	7
9.153e+007	345	904	8
9.1575e+007	296	904	7
9.162e+007	292	904	7
9.1665e+007	388	904	9
9.171e+007	335	904	8
9.1755e+007	294	904	7
9.18e+007	332	904	8
9.1845e+007	246	904	6
9.189e+007	350	904	8
9.1935e+007	294	904	7
9.198e+007	310	904	7
9.2025e+007	276	904	6
9.207e+007	301	904	7
9.2115e+007	316	904	7
9.216e+007	311	904	7
9.2205e+007	340	904	8
9.225e+007	296	904	7
9.2295e+007	320	904	7
9.234e+007	325	904	8
9.2385e+007	215	904	5
9.243e+007	218	904	5
9.2475e+007	396	904	9
9.252e+007	314	904	7
9.2565e+007	241	904	6
9.261e+007	435	904	10
9.2655e+007	209	904	5
9.27e+007	296	904	7
9.2745e+007	339	904	8
9.279e+007	216	904	5
9.2835e+007	197	904	5
9.288e+007	290	904	7
9.2925e+007	313	904	7
9.297e+007	230	904	5
9.3015e+007	255	904	6
9.306e+007	279	904	6
9.3105e+007	300	904	7
9.315e+007	258	904	6
9.3195e+007	219	904	5
9.324e+007	334	904	8
9.3285e+007	346	904	8
9.333e+007	307	904	7
9.3375e+007	289	904	7
9.342e+007	258	904	6
9.3465e+007	246	904	6
9.351e+007	234	904	6
9.3555e+007	374	904	8
9.36e+007	273	904	6
9.3645e+007	274	904	7
9.369e+007	328	904	7
9.3735e+007	197	904	5
9.378e+007	332	904	8
9.3825e+007	355	904	8
9.387e+007	297	904	7
9.3915e+007	346	904	8
9.396e+007	292	904	7
9.4005e+007	298	904	6
9.405e+007	374	904	8
9.4095e+007	270	904	6
9.414e+007	283	904	7
9.4185e+007	200	904	5
9.423e+007	390	904	9
9.4275e+007	319	904	7
9.432e+007	219	904	5
9.4365e+007	296	904	7
9.441e+007	334	904	8
9.4455e+007	246	904	6
9.45e+007	295	904	7
9.4545e+007	300	904	7
9.459e+007	349	904	8
9.4635e+007	349	904	8
9.468e+007	286	904	7
9.4725e+007	432	904	10
9.477e+007	246	904	6
9.4815e+007	298	904	7
9.486e+007	347	904	8
9.4905e+007	295	904	7
9.495e+007	350	904	8
9.4995e+007	273	904	6
9.504e+007	304	904	7
9.5085e+007	385	904	9
9.513e+007	218	904	5
9.5175e+007	406	904	10
9.522e+007	221	904	5
9.5265e+007	267	904	6
9.531e+007	298	904	7
9.5355e+007	298	904	7
9.54e+007	267	904	6
9.5445e+007	343	904	8
9.549e+007	354	904	8
9.5535e+007	286	904	7
9.558e+007	231	904	6
9.5625e+007	289	904	7
9.567e+007	236	904	6
9.5715e+007	302	904	7
9.576e+007	317	904	7
9.5805e+007	301	904	7
9.585e+007	277	904	7
9.5895e+007	258	904	6
9.594e+007	246	904	6
9.5985e+007	304	904	7
9.603e+007	215	904	5
9.6075e+007	423	904	10
9.612e+007	234	904	5
9.6165e+007	353	904	8
9.621e+007	383	904	9
9.6255e+007	347	904	8
9.63e+007	279	904	7
9.6345e+007	404	904	9
9.639e+007	264	904	6
9.6435e+007	274	904	6
9.648e+007	244	904	6
9.6525e+007	283	904	7
9.657e+007	304	904	7
9.6615e+007	311	904	7
9.666e+007	250	904	6
9.6705e+007	304	904	7
9.675e+007	309	904	7
9.6795e+007	218	904	5
9.684e+007	349	904	8
9.6885e+007	295	904	7
9.693e+007	304	904	7
9.6975e+007	260	904	6
9.702e+007	300	904	7
9.7065e+007	300	904	7
9.711e+007	325	904	8
9.7155e+007	258	904	6
9.72e+007	249	904	6
9.7245e+007	341	904	8
9.729e+007	253	904	6
9.7335e+007	246	904	6
9.738e+007	251	904	6
9.7425e+007	283	904	7
9.747e+007	359	904	8
9.7515e+007	304	904	7
9.756e+007	218	904	5
9.7605e+007	249	904	6
9.765e+007	371	904	9
9.7695e+007	195	904	5
9.774e+007	252	904	6
9.7785e+007	191	904	5
9.783e+007	292	904	7
9.7875e+007	421	904	10
9.792e+007	347	904	8
9.7965e+007	168	904	4
9.801e+007	350	904	8
9.8055e+007	250	904	6
9.81e+007	293	904	7
9.8145e+007	426	904	10
9.819e+007	274	904	6
9.8235e+007	284	904	7
9.828e+007	306	904	7
9.8325e+007	241	904	6
9.837e+007	307	904	7
9.8415e+007	329	904	8
9.846e+007	255	904	6
9.8505e+007	283	904	7
9.855e+007	226	904	5
9.8595e+007	299	904	7
9.864e+007	321	904	7
9.8685e+007	344	904	8
9.873e+007	319	904	7
9.8775e+007	223	904	5
9.882e+007	334	904	7
9.8865e+007	243	904	6
9.891e+007	246	904	6
9.8955e+007	255	904	6
9.9e+007	438	904	10
9.9045e+007	306	904	7
9.909e+007	311	904	7
9.9135e+007	276	904	6
9.918e+007	258	904	6
9.9225e+007	246	904	6
9.927e+007	430	904	10
9.9315e+007	243	904	6
9.936e+007	291	904	7
9.9405e+007	267	904	6
9.945e+007	350	904	8
9.9495e+007	263	904	6
9.954e+007	310	904	7
9.9585e+007	297	904	7
9.963e+007	270	904	6
9.9675e+007	206	904	5
9.972e+007	299	904	7
9.9765e+007	342	904	8
9.981e+007	305	904	7
9.9855e+007	305	904	7
9.99e+007	351	904	8
9.9945e+007	347	904	8
9.999e+007	286	904	7
1.0004e+008	491	904	11
1.0008e+008	178	904	4
1.0013e+008	351	904	9
1.0017e+008	256	904	6
1.0022e+008	294	904	7
1.0026e+008	302	904	7
1.0031e+008	272	904	6
1.0035e+008	380	904	9
1.004e+008	329	904	8
1.0044e+008	250	904	6
1.0049e+008	206	904	5
1.0053e+008	294	904	7
1.0058e+008	304	904	7
1.0062e+008	234	904	6
1.0067e+008	292	904	7
1.0071e+008	303	904	7
1.0076e+008	366	904	8
1.008e+008	272	904	6
1.0085e+008	350	904	8
1.0089e+008	211	904	5
1.0094e+008	209	904	5
1.0098e+008	337	904	8
1.0103e+008	278	904	7
1.0107e+008	218	904	5
1.0112e+008	228	904	6
1.0116e+008	352	904	8
1.0121e+008	296	904	7
1.0125e+008	295	904	7
1.013e+008	279	904	6
1.0134e+008	305	904	7
1.0139e+008	260	904	6
1.0143e+008	306	904	7
1.0148e+008	261	904	6
1.0152e+008	255	904	6
1.0157e+008	246	904	6
1.0161e+008	347	904	8
1.0166e+008	329	904	8
1.017e+008	306	904	7
1.0175e+008	293	904	7
1.0179e+008	309	904	7
1.0184e+008	303	904	7
1.0188e+008	264	904	6
1.0193e+008	350	904	8
1.0197e+008	380	904	9
1.0202e+008	406	904	10
1.0206e+008	253	904	6
1.0211e+008	334	904	8
1.0215e+008	347	904	8
1.022e+008	289	904	7
1.0224e+008	256	904	6
1.0229e+008	303	904	7
1.0233e+008	271	904	6
1.0238e+008	337	904	8
1.0242e+008	344	904	8
1.0247e+008	293	904	7
1.0251e+008	427	904	10
1.0256e+008	297	904	7
1.026e+008	342	904	8
1.0265e+008	243	904	6
1.0269e+008	240	904	6
1.0274e+008	386	904	9
1.0278e+008	265	904	6
1.0283e+008	249	904	6
1.0287e+008	243	904	6
1.0292e+008	239	904	6
1.0296e+008	252	904	6
1.0301e+008	243	904	6
1.0305e+008	369	904	9
1.031e+008	344	904	8
1.0314e+008	258	904	6
1.0319e+008	289	904	7
1.0323e+008	247	904	6
1.0328e+008	314	904	7
1.0332e+008	206	904	5
1.0337e+008	381	904	9
1.0341e+008	284	904	7
1.0346e+008	351	904	8
1.035e+008	251	904	6
1.0355e+008	306	904	7
1.0359e+008	390	904	9
1.0364e+008	310	904	7
1.0368e+008	359	904	8
1.0373e+008	419	904	9
1.0377e+008	323	904	8
1.0382e+008	231	904	5
1.0386e+008	293	904	7
1.0391e+008	350	904	8
1.0395e+008	252	904	6
1.04e+008	301	904	7
1.0404e+008	269	904	6
1.0409e+008	380	904	9
1.0413e+008	311	904	7
1.0418e+008	218	904	5
1.0422e+008	358	904	8
1.0427e+008	250	904	6
1.0431e+008	222	904	5
1.0436e+008	296	904	7
1.044e+008	234	904	6
1.0445e+008	235	904	6
1.0449e+008	329	904	8
1.0454e+008	175	904	4
1.0458e+008	307	904	7
1.0463e+008	437	904	10
1.0467e+008	338	904	8
1.0472e+008	328	904	8
1.0476e+008	283	904	7
1.0481e+008	248	904	6
1.0485e+008	356	904	8
1.049e+008	199	904	5
1.0494e+008	362	904	8
1.0499e+008	336	904	8
1.0503e+008	253	904	6
1.0508e+008	322	904	8
1.0512e+008	221	904	5
1.0517e+008	215	904	5
1.0521e+008	304	904	7
1.0526e+008	253	904	7
1.053e+008	319	904	7
1.0535e+008	243	904	6
1.0539e+008	325	904	8
1.0544e+008	272	904	6
1.0548e+008	248	904	6
1.0553e+008	255	904	6
1.0557e+008	227	904	5
1.0562e+008	346	904	8
1.0566e+008	292	904	7
1.0571e+008	215	904	5
1.0575e+008	300	904	7
1.058e+008	257	904	6
1.0584e+008	396	904	9
1.0589e+008	208	904	5
1.0593e+008	392	904	9
1.0598e+008	310	904	7
1.0602e+008	390	904	9
1.0607e+008	250	904	6
1.0611e+008	364	904	8
1.0616e+008	245	904	6
1.062e+008	346	904	8
1.0625e+008	293	904	7
1.0629e+008	258	904	6
1.0634e+008	348	904	8
1.0638e+008	249	904	6
1.0643e+008	249	904	6
1.0647e+008	253	904	6
1.0652e+008	334	904	8
1.0656e+008	276	904	7
1.0661e+008	200	904	5
1.0665e+008	355	904	8
1.067e+008	310	904	7
1.0674e+008	331	904	8
1.0679e+008	384	904	9
1.0683e+008	331	904	8
1.0688e+008	313	904	7
1.0692e+008	306	904	7
1.0697e+008	270	904	6
1.0701e+008	264	904	6
1.0706e+008	430	904	10
1.071e+008	197	904	5
1.0715e+008	340	904	8
1.0719e+008	304	904	7
1.0724e+008	249	904	6
1.0728e+008	319	904	8
1.0733e+008	321	904	8
1.0737e+008	325	904	8
1.0742e+008	228	904	6
1.0746e+008	350	904	8
1.0751e+008	322	904	8
1.0755e+008	226	904	5
1.076e+008	314	904	7
1.0764e+008	301	904	7
1.0769e+008	325	904	7
1.0773e+008	339	904	8
1.0778e+008	259	904	6
1.0782e+008	278	904	6
1.0787e+008	259	904	6
1.0791e+008	367	904	9
1.0796e+008	274	904	7
1.08e+008	215	904	5
1.0805e+008	327	904	8
1.0809e+008	288	904	7
1.0814e+008	293	904	7
1.0818e+008	353	904	8
1.0823e+008	355	904	8
1.0827e+008	246	904	6
1.0832e+008	350	904	8
1.0836e+008	270	904	6
1.0841e+008	267	904	6
1.0845e+008	246	904	6
1.085e+008	314	904	8
1.0854e+008	347	904	8
1.0859e+008	267	904	6
1.0863e+008	209	904	5
1.0868e+008	364	904	8
1.0872e+008	210	904	5
1.0877e+008	310	904	7
1.0881e+008	281	904	7
1.0886e+008	291	904	6
1.089e+008	351	904	8
1.0895e+008	282	904	7
1.0899e+008	271	904	6
1.0904e+008	288	904	6
1.0908e+008	356	904	8
1.0913e+008	300	904	6
1.0917e+008	223	904	5
1.0922e+008	245	904	6
1.0926e+008	299	904	7
1.0931e+008	292	904	7
1.0935e+008	342	904	8
1.094e+008	272	904	6
1.0944e+008	250	904	6
1.0949e+008	334	904	8
1.0953e+008	237	904	6
1.0958e+008	236	904	6
1.0962e+008	273	904	6
1.0967e+008	321	904	8
1.0971e+008	246	904	6
1.0976e+008	338	904	8
1.098e+008	341	904	8
1.0985e+008	353	904	8
1.0989e+008	310	904	7
1.0994e+008	206	904	5
1.0998e+008	371	904	9
1.1003e+008	394	904	9
1.1007e+008	252	904	6
1.1012e+008	343	904	8
1.1016e+008	293	904	7
1.1021e+008	299	904	7
1.1025e+008	310	904	7
1.103e+008	255	904	6
1.1034e+008	321	904	7
1.1039e+008	374	904	8
1.1043e+008	522	904	12
1.1048e+008	255	904	6
1.1052e+008	254	904	6
1.1057e+008	339	904	8
1.1061e+008	346	904	8
1.1066e+008	252	904	6
1.107e+008	304	904	7
1.1075e+008	302	904	7
1.1079e+008	347	904	8
1.1084e+008	255	904	6
1.1088e+008	248	904	6
1.1093e+008	255	904	6
1.1097e+008	286	904	7
1.1102e+008	298	904	7
1.1106e+008	300	904	7
1.1111e+008	246	904	6
1.1115e+008	332	904	8
1.112e+008	308	904	7
1.1124e+008	249	904	6
1.1129e+008	269	904	6
1.1133e+008	354	904	8
1.1138e+008	243	904	6
1.1142e+008	309	904	7
1.1147e+008	437	904	10
1.1151e+008	302	904	7
1.1156e+008	291	904	7
1.116e+008	267	904	6
1.1165e+008	313	904	7
1.1169e+008	396	904	9
1.1174e+008	191	904	5
1.1178e+008	249	904	6
1.1183e+008	345	904	8
1.1187e+008	254	904	6
1.1192e+008	247	904	6
1.1196e+008	337	904	8
1.1201e+008	352	904	8
1.1205e+008	249	904	6
1.121e+008	240	904	6
1.1214e+008	307	904	7
1.1219e+008	369	904	9
1.1223e+008	312	904	7
1.1228e+008	255	904	6
1.1232e+008	286	904	7
1.1237e+008	401	904	9
1.1241e+008	306	904	7
1.1246e+008	314	904	7
1.125e+008	324	904	8
1.1255e+008	280	904	7
1.1259e+008	290	904	7
1.1264e+008	263	904	6
1.1268e+008	298	904	7
1.1273e+008	307	904	7
1.1277e+008	405	904	9
1.1282e+008	295	904	7
1.1286e+008	380	904	9
1.1291e+008	261	904	6
1.1295e+008	203	904	5
1.13e+008	307	904	7
1.1304e+008	288	904	7
1.1309e+008	308	904	7
1.1313e+008	357	904	8
1.1318e+008	366	904	9
1.1322e+008	342	904	8
1.1327e+008	341	904	8
1.1331e+008	380	904	9
1.1336e+008	212	904	5
1.134e+008	365	904	9
1.1345e+008	302	904	7
1.1349e+008	337	904	8
1.1354e+008	208	904	5
1.1358e+008	300	904	7
1.1363e+008	288	904	7
1.1367e+008	338	904	8
1.1372e+008	355	904	8
1.1376e+008	333	904	7
1.1381e+008	344	904	8
1.1385e+008	431	904	9
1.139e+008	177	904	4
1.1394e+008	309	904	7
1.1399e+008	258	904	6
1.1403e+008	249	904	6
1.1408e+008	285	904	6
1.1412e+008	327	904	7
1.1417e+008	218	904	5
1.1421e+008	286	904	7
1.1426e+008	256	904	6
1.143e+008	402	904	9
1.1435e+008	337	904	8
1.1439e+008	243	904	6
1.1444e+008	237	904	6
1.1448e+008	368	904	9
1.1453e+008	264	904	6
1.1457e+008	351	904	8
1.1462e+008	234	904	6
1.1466e+008	313	904	7
1.1471e+008	296	904	7
1.1475e+008	273	904	6
1.148e+008	293	904	7
1.1484e+008	203	904	5
1.1489e+008	295	904	7
1.1493e+008	243	904	6
1.1498e+008	359	904	8
1.1502e+008	292	904	7
1.1507e+008	295	904	7
1.1511e+008	242	904	6
1.1516e+008	352	904	8
1.152e+008	256	904	6
1.1525e+008	314	904	7
1.1529e+008	297	904	7
1.1534e+008	339	904	8
1.1538e+008	237	904	6
1.1543e+008	255	904	6
1.1547e+008	263	904	6
1.1552e+008	303	904	7
1.1556e+008	347	904	8
1.1561e+008	435	904	10
1.1565e+008	267	904	6
1.157e+008	311	904	7
1.1574e+008	249	904	6
1.1579e+008	201	904	5
1.1583e+008	303	904	7
1.1588e+008	279	904	7
1.1592e+008	237	904	6
1.1597e+008	380	904	9
1.1601e+008	289	904	7
1.1606e+008	283	904	7
1.161e+008	319	904	7
1.1615e+008	289	904	7
1.1619e+008	253	904	6
1.1624e+008	258	904	6
1.1628e+008	394	904	9
1.1633e+008	292	904	7
1.1637e+008	456	904	10
1.1642e+008	258	904	6
1.1646e+008	254	904	6
1.1651e+008	366	904	9
1.1655e+008	249	904	6
1.166e+008	215	904	5
1.1664e+008	388	904	9
1.1669e+008	261	904	6
1.1673e+008	335	904	8
1.1678e+008	370	904	9
1.1682e+008	244	904	6
1.1687e+008	335	904	8
1.1691e+008	295	904	7
1.1696e+008	300	904	7
1.17e+008	286	904	7
1.1705e+008	386	904	9
1.1709e+008	255	904	6
1.1714e+008	209	904	5
1.1718e+008	428	904	10
1.1723e+008	172	904	4
1.1727e+008	359	904	8
1.1732e+008	304	904	7
1.1736e+008	202	904	5
1.1741e+008	431	904	10
1.1745e+008	221	904	5
1.175e+008	298	904	7
1.1754e+008	220	904	5
1.1759e+008	329	904	8
1.1763e+008	309	904	7
1.1768e+008	225	904	5
1.1772e+008	330	904	8
1.1777e+008	350	904	8
1.1781e+008	224	904	5
1.1786e+008	329	904	8
1.179e+008	260	904	6
1.1795e+008	227	904	5
1.1799e+008	244	904	6
1.1804e+008	308	904	8
1.1808e+008	264	904	6
1.1813e+008	261	904	6
1.1817e+008	334	904	8
1.1822e+008	333	904	8
1.1826e+008	240	904	6
1.1831e+008	411	904	9
1.1835e+008	350	904	8
1.184e+008	217	904	5
1.1844e+008	252	904	6
1.1849e+008	315	904	7
1.1853e+008	341	904	8
1.1858e+008	249	904	6
1.1862e+008	250	904	6
1.1867e+008	354	904	8
1.1871e+008	288	904	6
1.1876e+008	367	904	8
1.188e+008	345	904	8
1.1885e+008	256	904	6
1.1889e+008	267	904	6
1.1894e+008	349	904	8
1.1898e+008	297	904	7
1.1903e+008	307	904	7
1.1907e+008	245	904	6
1.1912e+008	408	904	9
1.1916e+008	241	904	5
1.1921e+008	264	904	6
1.1925e+008	273	904	6
1.193e+008	384	904	9
1.1934e+008	345	904	8
1.1939e+008	314	904	7
1.1943e+008	261	904	6
1.1948e+008	257	904	6
1.1952e+008	405	904	9
1.1957e+008	335	904	8
1.1961e+008	296	904	7
1.1966e+008	267	904	6
1.197e+008	337	904	8
1.1975e+008	264	904	6
1.1979e+008	257	904	6
1.1984e+008	299	904	7
1.1988e+008	329	904	8
1.1993e+008	390	904	9
1.1997e+008	294	904	7
1.2002e+008	220	904	5
1.2006e+008	445	904	10
1.2011e+008	243	904	6
1.2015e+008	364	904	8
1.202e+008	203	904	5
1.2024e+008	262	904	6
1.2029e+008	383	904	9
1.2033e+008	377	904	9
1.2038e+008	241	904	6
1.2042e+008	291	904	7
1.2047e+008	306	904	7
1.2051e+008	347	904	8
1.2056e+008	254	904	6
1.206e+008	296	904	7
1.2065e+008	306	904	7
1.2069e+008	341	904	8
1.2074e+008	354	904	8
1.2078e+008	310	904	7
1.2083e+008	265	904	6
1.2087e+008	258	904	6
1.2092e+008	381	904	9
1.2096e+008	233	904	5
1.2101e+008	339	904	8
1.2105e+008	323	904	7
1.211e+008	330	904	8
1.2114e+008	264	904	6
1.2119e+008	278	904	7
1.2123e+008	166	904	4
1.2128e+008	263	904	6
1.2132e+008	342	904	8
1.2137e+008	216	904	5
1.2141e+008	283	904	7
1.2146e+008	280	904	7
1.215e+008	363	904	9
1.2155e+008	242	904	6
1.2159e+008	243	904	6
1.2164e+008	273	904	7
1.2168e+008	301	904	7
1.2173e+008	301	904	7
1.2177e+008	244	904	6
1.2182e+008	347	904	8
1.2186e+008	278	904	7
1.2191e+008	268	904	6
1.2195e+008	313	904	7
1.22e+008	273	904	7
1.2204e+008	298	904	7
1.2209e+008	320	904	7
1.2213e+008	246	904	6
1.2218e+008	336	904	8
1.2222e+008	260	904	6
1.2227e+008	331	904	7
1.2231e+008	347	904	8
1.2236e+008	316	904	7
1.224e+008	310	904	7
1.2245e+008	299	904	7
1.2249e+008	262	904	6
1.2254e+008	329	904	8
1.2258e+008	238	904	6
1.2263e+008	246	904	6
1.2267e+008	291	904	7
1.2272e+008	302	904	7
1.2276e+008	265	904	6
1.2281e+008	343	904	8
1.2285e+008	244	904	6
1.229e+008	249	904	6
1.2294e+008	209	904	5
1.2299e+008	246	904	6
1.2303e+008	320	904	8
1.2308e+008	255	904	6
1.2312e+008	254	904	6
1.2317e+008	329	904	8
1.2321e+008	283	904	7
1.2326e+008	289	904	7
1.233e+008	347	904	8
1.2335e+008	252	904	6
1.2339e+008	347	904	8
1.2344e+008	217	904	5
1.2348e+008	375	904	9
1.2353e+008	356	904	8
1.2357e+008	219	904	5
1.2362e+008	295	904	7
1.2366e+008	280	904	7
1.2371e+008	307	904	7
1.2375e+008	264	904	6
1.238e+008	338	904	7
1.2384e+008	327	904	8
1.2389e+008	281	904	6
1.2393e+008	206	904	5
1.2398e+008	343	904	8
1.2402e+008	258	904	6
1.2407e+008	362	904	8
1.2411e+008	236	904	5
1.2416e+008	296	904	7
1.242e+008	290	904	6
1.2425e+008	238	904	6
1.2429e+008	286	904	7
1.2434e+008	256	904	6
1.2438e+008	301	904	7
1.2443e+008	384	904	9
1.2447e+008	392	904	9
1.2452e+008	356	904	8
1.2456e+008	246	904	6
1.2461e+008	267	904	6
1.2465e+008	256	904	6
1.247e+008	308	904	7
1.2474e+008	421	904	10
1.2479e+008	307	904	7
1.2483e+008	224	904	5
1.2488e+008	249	904	6
1.2492e+008	338	904	8
1.2497e+008	261	904	6
1.2501e+008	301	904	7
1.2506e+008	239	904	5
1.251e+008	350	904	8
1.2515e+008	289	904	7
1.2519e+008	344	904	8
1.2524e+008	203	904	5
1.2528e+008	319	904	7
1.2533e+008	290	904	7
1.2537e+008	393	904	9
1.2542e+008	283	904	7
1.2546e+008	250	904	6
1.2551e+008	393	904	9
1.2555e+008	200	904	5
1.256e+008	243	904	6
1.2564e+008	319	904	7
1.2569e+008	302	904	7
1.2573e+008	282	904	7
1.2578e+008	363	904	9
1.2582e+008	316	904	7
1.2587e+008	256	904	6
1.2591e+008	427	904	10
1.2596e+008	306	904	7
1.26e+008	238	904	6
1.2605e+008	233	904	5
1.2609e+008	251	904	6
1.2614e+008	349	904	8
1.2618e+008	261	904	6
1.2623e+008	289	904	7
1.2627e+008	300	904	7
1.2632e+008	313	904	7
1.2636e+008	386	904	9
1.2641e+008	251	904	6
1.2645e+008	313	904	7
1.265e+008	320	904	8
1.2654e+008	264	904	6
1.2659e+008	384	904	9
1.2663e+008	295	904	7
1.2668e+008	209	904	5
1.2672e+008	314	904	7
1.2677e+008	203	904	5
1.2681e+008	442	904	10
1.2686e+008	248	904	6
1.269e+008	206	904	5
1.2695e+008	315	904	7
1.2699e+008	295	904	7
1.2704e+008	219	904	5
1.2708e+008	355	904	8
1.2713e+008	292	904	7
1.2717e+008	316	904	7
1.2722e+008	292	904	7
1.2726e+008	333	904	8
1.2731e+008	251	904	6
1.2735e+008	348	904	8
1.274e+008	251	904	6
1.2744e+008	297	904	7
1.2749e+008	200	904	5
1.2753e+008	347	904	8
1.2758e+008	333	904	8
1.2762e+008	202	904	5
1.2767e+008	298	904	7
1.2771e+008	243	904	6
1.2776e+008	306	904	7
1.278e+008	209	904	5
1.2785e+008	282	904	7
1.2789e+008	332	904	8
1.2794e+008	312	904	7
1.2798e+008	345	904	8
1.2803e+008	295	904	7
1.2807e+008	255	904	6
1.2812e+008	298	904	7
1.2816e+008	214	904	5
1.2821e+008	240	904	6
1.2825e+008	296	904	7
1.283e+008	252	904	6
1.2834e+008	391	904	9
1.2839e+008	313	904	7
1.2843e+008	231	904	5
1.2848e+008	227	904	6
1.2852e+008	252	904	6
1.2857e+008	384	904	9
1.2861e+008	257	904	6
1.2866e+008	344	904	8
1.287e+008	247	904	6
1.2875e+008	364	904	8
1.2879e+008	335	904	7
1.2884e+008	301	904	7
1.2888e+008	363	904	8
1.2893e+008	223	904	5
1.2897e+008	312	904	7
1.2902e+008	211	904	5
1.2906e+008	425	904	10
1.2911e+008	273	904	6
1.2915e+008	377	904	8
1.292e+008	377	904	8
1.2924e+008	310	904	7
1.2929e+008	320	904	8
1.2933e+008	295	904	7
1.2938e+008	276	904	6
1.2942e+008	306	904	7
1.2947e+008	310	904	8
1.2951e+008	443	904	10
1.2956e+008	243	904	6
1.296e+008	231	904	6
1.2965e+008	231	904	6
1.2969e+008	318	904	8
1.2974e+008	245	904	6
1.2978e+008	313	904	7
1.2983e+008	260	904	6
1.2987e+008	307	904	7
1.2992e+008	349	904	8
1.2996e+008	301	904	7
1.3001e+008	206	904	5
1.3005e+008	344	904	8
1.301e+008	215	904	5
1.3014e+008	323	904	8
1.3019e+008	318	904	8
1.3023e+008	355	904	8
1.3028e+008	207	904	5
1.3032e+008	356	904	8
1.3037e+008	303	904	7
1.3041e+008	224	904	5
1.3046e+008	263	904	6
1.305e+008	341	904	8
1.3055e+008	317	904	7
1.3059e+008	285	904	7
1.3064e+008	206	904	5
1.3068e+008	251	904	6
1.3073e+008	212	904	5
1.3077e+008	287	904	7
1.3082e+008	344	904	8
1.3086e+008	322	904	8
1.3091e+008	212	904	5
1.3095e+008	258	904	6
1.31e+008	405	904	9
1.3104e+008	224	904	5
1.3109e+008	348	904	8
1.3113e+008	363	904	9
1.3118e+008	252	904	6
1.3122e+008	243	904	6
1.3127e+008	219	904	5
1.3131e+008	246	904	6
1.3136e+008	320	904	8
1.314e+008	356	904	8
1.3145e+008	181	904	5
1.3149e+008	218	904	5
1.3154e+008	338	904	8
1.3158e+008	332	904	8
1.3163e+008	334	904	8
1.3167e+008	243	904	6
1.3172e+008	245	904	6
1.3176e+008	257	904	6
1.3181e+008	403	904	10
1.3185e+008	430	904	10
1.319e+008	225	904	6
1.3194e+008	224	904	5
1.3199e+008	323	904	8
1.3203e+008	254	904	6
1.3208e+008	249	904	6
1.3212e+008	357	904	8
1.3217e+008	333	904	8
1.3221e+008	263	904	7
1.3226e+008	369	904	9
1.323e+008	256	904	6
1.3235e+008	272	904	6
1.3239e+008	492	904	11
1.3244e+008	213	904	5
1.3248e+008	401	904	9
1.3253e+008	232	904	6
1.3257e+008	334	904	8
1.3262e+008	201	904	5
1.3266e+008	311	904	7
1.3271e+008	267	904	6
1.3275e+008	264	904	6
1.328e+008	304	904	7
1.3284e+008	246	904	6
1.3289e+008	283	904	7
1.3293e+008	261	904	6
1.3298e+008	253	904	6
1.3302e+008	266	904	6
1.3307e+008	319	904	7
1.3311e+008	318	904	7
1.3316e+008	258	904	6
1.332e+008	409	904	10
1.3325e+008	252	904	6
1.3329e+008	275	904	7
1.3334e+008	203	904	5
1.3338e+008	398	904	9
1.3343e+008	252	904	6
1.3347e+008	338	904	8
1.3352e+008	217	904	5
1.3356e+008	316	904	7
1.3361e+008	393	904	9
1.3365e+008	308	904	7
1.337e+008	321	904	8
1.3374e+008	304	904	7
1.3379e+008	331	904	8
1.3383e+008	331	904	7
1.3388e+008	522	904	12
1.3392e+008	276	904	6
1.3397e+008	301	904	6
1.3401e+008	222	904	6
1.3406e+008	253	904	6
1.341e+008	326	904	8
1.3415e+008	317	904	7
1.3419e+008	446	904	10
1.3424e+008	332	904	7
1.3428e+008	263	904	6
1.3433e+008	298	904	7
1.3437e+008	305	904	7
1.3442e+008	402	904	9
1.3446e+008	251	904	6
1.3451e+008	426	904	10
1.3455e+008	292	904	7
1.346e+008	345	904	8
1.3464e+008	289	904	7
1.3469e+008	295	904	7
1.3473e+008	289	904	7
1.3478e+008	286	904	7
1.3482e+008	261	904	6
1.3487e+008	267	904	6
1.3491e+008	273	904	6
1.3496e+008	381	904	9
1.35e+008	287	904	7
1.3505e+008	215	904	5
1.3509e+008	420	904	10
1.3514e+008	258	904	6
1.3518e+008	333	904	8
1.3523e+008	388	904	9
1.3527e+008	410	904	9
1.3532e+008	309	904	7
1.3536e+008	224	904	5
1.3541e+008	332	904	8
1.3545e+008	373	904	9
1.355e+008	256	904	6
1.3554e+008	321	904	7
1.3559e+008	201	904	5
1.3563e+008	305	904	7
1.3568e+008	345	904	8
1.3572e+008	305	904	7
1.3577e+008	255	904	6
1.3581e+008	304	904	8
1.3586e+008	270	904	6
1.359e+008	347	904	8
1.3595e+008	333	904	8
1.3599e+008	297	904	7
1.3604e+008	172	904	4
1.3608e+008	394	904	9
1.3613e+008	402	904	9
1.3617e+008	239	904	6
1.3622e+008	212	904	5
1.3626e+008	295	904	7
1.3631e+008	249	904	6
1.3635e+008	248	904	6
1.364e+008	312	904	7
1.3644e+008	269	904	6
1.3649e+008	272	904	6
1.3653e+008	309	904	7
1.3658e+008	254	904	6
1.3662e+008	340	904	8
1.3667e+008	279	904	6
1.3671e+008	296	904	7
1.3676e+008	218	904	5
1.368e+008	375	904	9
1.3685e+008	255	904	6
1.3689e+008	373	904	8
1.3694e+008	241	904	6
1.3698e+008	277	904	7
1.3703e+008	307	904	7
1.3707e+008	301	904	7
1.3712e+008	237	904	5
1.3716e+008	297	904	7
1.3721e+008	305	904	7
1.3725e+008	331	904	8
1.373e+008	256	904	6
1.3734e+008	259	904	6
1.3739e+008	291	904	7
1.3743e+008	353	904	8
1.3748e+008	255	904	6
1.3752e+008	243	904	6
1.3757e+008	345	904	8
1.3761e+008	300	904	7
1.3766e+008	211	904	5
1.377e+008	307	904	7
1.3775e+008	418	904	10
1.3779e+008	365	904	8
1.3784e+008	217	904	5
1.3788e+008	290	904	7
1.3793e+008	269	904	6
1.3797e+008	310	904	7
1.3802e+008	325	904	8
1.3806e+008	267	904	6
1.3811e+008	354	904	8
1.3815e+008	291	904	7
1.382e+008	361	904	8
1.3824e+008	346	904	8
1.3829e+008	237	904	6
1.3833e+008	335	904	8
1.3838e+008	330	904	8
1.3842e+008	214	904	5
1.3847e+008	292	904	7
1.3851e+008	264	904	6
1.3856e+008	422	904	10
1.386e+008	240	904	6
1.3865e+008	261	904	6
1.3869e+008	234	904	6
1.3874e+008	282	904	6
1.3878e+008	215	904	5
1.3883e+008	364	904	8
1.3887e+008	246	904	6
1.3892e+008	328	904	8
1.3896e+008	281	904	6
1.3901e+008	375	904	9
1.3905e+008	258	904	6
1.391e+008	257	904	6
1.3914e+008	402	904	9
1.3919e+008	227	904	6
1.3923e+008	289	904	7
1.3928e+008	219	904	5
1.3932e+008	304	904	7
1.3937e+008	255	904	6
1.3941e+008	335	904	8
1.3946e+008	246	904	6
1.395e+008	319	904	7
1.3955e+008	339	904	8
1.3959e+008	289	904	7
1.3964e+008	247	904	6
1.3968e+008	285	904	7
1.3973e+008	214	904	5
1.3977e+008	286	904	7
1.3982e+008	243	904	6
1.3986e+008	203	904	5
1.3991e+008	345	904	8
1.3995e+008	292	904	7
1.4e+008	267	904	6
1.4004e+008	327	904	8
1.4009e+008	343	904	8
1.4013e+008	329	904	8
1.4018e+008	304	904	7
1.4022e+008	267	904	6
1.4027e+008	295	904	7
1.4031e+008	372	904	8
1.4036e+008	371	904	8
1.404e+008	320	904	8
1.4045e+008	332	904	8
1.4049e+008	261	904	6
1.4054e+008	346	904	8
1.4058e+008	289	904	7
1.4063e+008	250	904	6
1.4067e+008	265	904	6
1.4072e+008	210	904	5
1.4076e+008	319	904	7
1.4081e+008	285	904	7
1.4085e+008	297	904	7
1.409e+008	341	904	8
1.4094e+008	325	904	7
1.4099e+008	278	904	7
1.4103e+008	301	904	7
1.4108e+008	376	904	9
1.4112e+008	254	904	6
1.4117e+008	338	904	8
1.4121e+008	212	904	5
1.4126e+008	334	904	8
1.413e+008	212	904	5
1.4135e+008	230	904	5
1.4139e+008	374	904	8
1.4144e+008	429	904	10
1.4148e+008	398	904	9
1.4153e+008	187	904	5
1.4157e+008	338	904	8
1.4162e+008	302	904	7
1.4166e+008	303	904	7
1.4171e+008	339	904	8
1.4175e+008	329	904	8
1.418e+008	261	904	6
1.4184e+008	289	904	7
1.4189e+008	286	904	7
1.4193e+008	365	904	8
1.4198e+008	373	904	9
1.4202e+008	301	904	7
1.4207e+008	277	904	6
1.4211e+008	258	904	6
1.4216e+008	381	904	9
1.422e+008	305	904	7
1.4225e+008	295	904	7
1.4229e+008	299	904	7
1.4234e+008	303	904	7
1.4238e+008	224	904	5
1.4243e+008	338	904	8
1.4247e+008	342	904	8
1.4252e+008	210	904	5
1.4256e+008	199	904	5
1.4261e+008	289	904	7
1.4265e+008	246	904	6
1.427e+008	253	904	6
1.4274e+008	298	904	7
1.4279e+008	228	904	6
1.4283e+008	321	904	8
1.4288e+008	251	904	6
1.4292e+008	270	904	6
1.4297e+008	253	904	6
1.4301e+008	349	904	8
1.4306e+008	300	904	7
1.431e+008	298	904	7
1.4315e+008	328	904	8
1.4319e+008	308	904	7
1.4324e+008	220	904	5
1.4328e+008	275	904	6
1.4333e+008	271	904	7
1.4337e+008	328	904	8
1.4342e+008	206	904	5
1.4346e+008	396	904	9
1.4351e+008	362	904	9
1.4355e+008	337	904	8
1.436e+008	217	904	5
1.4364e+008	299	904	7
1.4369e+008	247	904	6
1.4373e+008	300	904	7
1.4378e+008	282	904	6
1.4382e+008	286	904	7
1.4387e+008	399	904	9
1.4391e+008	248	904	6
1.4396e+008	271	904	7
1.44e+008	224	904	5
1.4405e+008	332	904	8
1.4409e+008	338	904	8
1.4414e+008	251	904	6
1.4418e+008	420	904	9
1.4423e+008	261	904	6
1.4427e+008	257	904	6
1.4432e+008	334	904	8
1.4436e+008	262	904	6
1.4441e+008	280	904	7
1.4445e+008	338	904	8
1.445e+008	316	904	7
1.4454e+008	292	904	7
1.4459e+008	287	904	7
1.4463e+008	202	904	5
1.4468e+008	363	904	9
1.4472e+008	279	904	7
1.4477e+008	289	904	7
1.4481e+008	253	904	6
1.4486e+008	381	904	9
1.449e+008	359	904	8
1.4495e+008	200	904	5
1.4499e+008	323	904	7
1.4504e+008	304	904	7
1.4508e+008	341	904	8
1.4513e+008	327	904	8
1.4517e+008	362	904	8
1.4522e+008	472	904	11
1.4526e+008	325	904	8
1.4531e+008	259	904	6
1.4535e+008	269	904	6
1.454e+008	298	904	7
1.4544e+008	288	904	7
1.4549e+008	329	904	7
1.4553e+008	351	904	8
1.4558e+008	242	904	6
1.4562e+008	352	904	8
1.4567e+008	301	904	7
1.4571e+008	216	904	5
1.4576e+008	316	904	7
1.458e+008	273	904	6
1.4585e+008	333	904	8
1.4589e+008	340	904	8
1.4594e+008	252	904	6
1.4598e+008	212	904	5
1.4603e+008	402	904	9
1.4607e+008	291	904	7
1.4612e+008	374	904	9
1.4616e+008	200	904	5
1.4621e+008	343	904	8
1.4625e+008	244	904	6
1.463e+008	297	904	7
1.4634e+008	203	904	5
1.4639e+008	288	904	7
1.4643e+008	349	904	8
1.4648e+008	252	904	6
1.4652e+008	289	904	7
1.4657e+008	346	904	8
1.4661e+008	244	904	6
1.4666e+008	421	904	10
1.467e+008	261	904	6
1.4675e+008	304	904	7
1.4679e+008	304	904	7
1.4684e+008	209	904	5
1.4688e+008	366	904	9
1.4693e+008	354	904	8
1.4697e+008	250	904	6
1.4702e+008	298	904	7
1.4706e+008	367	904	8
1.4711e+008	219	904	6
1.4715e+008	317	904	7
1.472e+008	301	904	7
1.4724e+008	340	904	8
1.4729e+008	197	904	5
1.4733e+008	279	904	7
1.4738e+008	223	904	5
1.4742e+008	417	904	10
1.4747e+008	223	904	5
1.4751e+008	200	904	5
1.4756e+008	406	904	10
1.476e+008	313	904	7
1.4765e+008	362	904	9
1.4769e+008	292	904	7
1.4774e+008	208	904	5
1.4778e+008	303	904	7
1.4783e+008	301	904	7
1.4787e+008	405	904	9
1.4792e+008	263	904	6
1.4796e+008	257	904	6
1.4801e+008	238	904	6
1.4805e+008	301	904	7
1.481e+008	307	904	7
1.4814e+008	212	904	5
1.4819e+008	419	904	10
1.4823e+008	296	904	7
1.4828e+008	201	904	5
1.4832e+008	270	904	6
1.4837e+008	301	904	7
1.4841e+008	248	904	6
1.4846e+008	242	904	6
1.485e+008	249	904	6
1.4855e+008	443	904	10
1.4859e+008	252	904	6
1.4864e+008	307	904	7
1.4868e+008	214	904	5
1.4873e+008	200	904	5
1.4877e+008	257	904	6
1.4882e+008	534	904	12
1.4886e+008	192	904	5
1.4891e+008	321	904	7
1.4895e+008	298	904	7
1.49e+008	380	904	9
1.4904e+008	371	904	9
1.4909e+008	400	904	9
1.4913e+008	349	904	8
1.4918e+008	264	904	6
1.4922e+008	327	904	8
1.4927e+008	332	904	8
1.4931e+008	273	904	6
1.4936e+008	218	904	5
1.494e+008	245	904	6
1.4945e+008	341	904	8
1.4949e+008	394	904	9
1.4954e+008	264	904	6
1.4958e+008	247	904	6
1.4963e+008	335	904	8
1.4967e+008	221	904	5
1.4972e+008	289	904	7
1.4976e+008	246	904	6
1.4981e+008	322	904	8
1.4985e+008	262	904	6
1.499e+008	336	904	8
1.4994e+008	282	904	7
1.4999e+008	285	904	7
1.5003e+008	295	904	7
1.5008e+008	300	904	7
1.5012e+008	426	904	10
1.5017e+008	264	904	6
1.5021e+008	273	904	6
1.5026e+008	244	904	6
1.503e+008	312	904	7
1.5035e+008	226	904	6
1.5039e+008	358	904	8
1.5044e+008	203	904	5
1.5048e+008	252	904	6
1.5053e+008	218	904	5
1.5057e+008	353	904	8
1.5062e+008	325	904	8
1.5066e+008	252	904	6
1.5071e+008	395	904	10
1.5075e+008	319	904	7
1.508e+008	337	904	7
1.5084e+008	393	904	9
1.5089e+008	303	904	7
1.5093e+008	292	904	7
1.5098e+008	241	904	6
1.5102e+008	333	904	8
1.5107e+008	261	904	6
1.5111e+008	309	904	7
1.5116e+008	386	904	9
1.512e+008	188	904	5
1.5125e+008	362	904	9
1.5129e+008	270	904	6
1.5134e+008	347	904	8
1.5138e+008	267	904	6
1.5143e+008	337	904	8
1.5147e+008	223	904	5
1.5152e+008	382	904	9
1.5156e+008	306	904	7
1.5161e+008	276	904	7
1.5165e+008	212	904	5
1.517e+008	391	904	9
1.5174e+008	227	904	5
1.5179e+008	232	904	6
1.5183e+008	376	904	9
1.5188e+008	328	904	8
1.5192e+008	252	904	6
1.5197e+008	258	904	6
1.5201e+008	284	904	7
1.5206e+008	203	904	5
1.521e+008	308	904	7
1.5215e+008	258	904	6
1.5219e+008	299	904	7
1.5224e+008	264	904	6
1.5228e+008	262	904	6
1.5233e+008	249	904	6
1.5237e+008	278	904	7
1.5242e+008	255	904	6
1.5246e+008	252	904	6
1.5251e+008	304	904	7
1.5255e+008	237	904	6
1.526e+008	306	904	7
1.5264e+008	478	904	11
1.5269e+008	267	904	6
1.5273e+008	202	904	5
1.5278e+008	341	904	8
1.5282e+008	282	904	6
1.5287e+008	303	904	7
1.5291e+008	215	904	5
1.5296e+008	395	904	9
1.53e+008	357	904	8
1.5305e+008	206	904	5
1.5309e+008	338	904	8
1.5314e+008	332	904	8
1.5318e+008	267	904	6
1.5323e+008	418	904	10
1.5327e+008	211	904	5
1.5332e+008	308	904	7
1.5336e+008	316	904	7
1.5341e+008	252	904	6
1.5345e+008	347	904	8
1.535e+008	220	904	5
1.5354e+008	350	904	8
1.5359e+008	209	904	5
1.5363e+008	267	904	6
1.5368e+008	297	904	7
1.5372e+008	240	904	6
1.5377e+008	343	904	8
1.5381e+008	294	904	6
1.5386e+008	346	904	8
1.539e+008	304	904	7
1.5395e+008	375	904	9
1.5399e+008	334	904	7
1.5404e+008	343	904	8
1.5408e+008	274	904	7
1.5413e+008	218	904	5
1.5417e+008	288	904	7
1.5422e+008	397	904	9
1.5426e+008	335	904	8
1.5431e+008	258	904	6
1.5435e+008	422	904	9
1.544e+008	209	904	5
1.5444e+008	303	904	7
1.5449e+008	420	904	10
1.5453e+008	246	904	6
1.5458e+008	300	904	7
1.5462e+008	304	904	7
1.5467e+008	246	904	6
1.5471e+008	325	904	7
1.5476e+008	262	904	6
1.548e+008	315	904	7
1.5485e+008	209	904	5
1.5489e+008	313	904	7
1.5494e+008	412	904	10
1.5498e+008	273	904	7
1.5503e+008	305	904	7
1.5507e+008	227	904	5
1.5512e+008	195	904	5
1.5516e+008	362	904	8
1.5521e+008	311	904	8
1.5525e+008	350	904	8
1.553e+008	248	904	6
1.5534e+008	201	904	5
1.5539e+008	374	904	9
1.5543e+008	364	904	8
1.5548e+008	249	904	6
1.5552e+008	346	904	8
1.5557e+008	249	904	6
1.5561e+008	242	904	6
1.5566e+008	328	904	8
1.557e+008	252	904	6
1.5575e+008	311	904	7
1.5579e+008	313	904	7
1.5584e+008	377	904	9
1.5588e+008	209	904	5
1.5593e+008	349	904	8
1.5597e+008	295	904	7
1.5602e+008	251	904	6
1.5606e+008	332	904	8
1.5611e+008	342	904	8
1.5615e+008	355	904	8
1.562e+008	211	904	5
1.5624e+008	395	904	9
1.5629e+008	265	904	6
1.5633e+008	344	904	8
1.5638e+008	332	904	8
1.5642e+008	227	904	5
1.5647e+008	506	904	12
1.5651e+008	258	904	6
1.5656e+008	260	904	6
1.566e+008	403	904	9
1.5665e+008	209	904	5
1.5669e+008	333	904	8
1.5674e+008	307	904	7
1.5678e+008	266	904	6
1.5683e+008	287	904	7
1.5687e+008	294	904	7
1.5692e+008	347	904	8
1.5696e+008	261	904	6
1.5701e+008	261	904	6
1.5705e+008	280	904	7
1.571e+008	364	904	8
1.5714e+008	295	904	7
1.5719e+008	293	904	7
1.5723e+008	258	904	6
1.5728e+008	335	904	8
1.5732e+008	305	904	7
1.5737e+008	252	904	6
1.5741e+008	390	904	9
1.5746e+008	298	904	7
1.575e+008	203	904	5
1.5755e+008	293	904	7
1.5759e+008	312	904	7
1.5764e+008	342	904	8
1.5768e+008	240	904	6
1.5773e+008	264	904	6
1.5777e+008	418	904	10
1.5782e+008	331	904	8
1.5786e+008	341	904	8
1.5791e+008	396	904	9
1.5795e+008	257	904	6
1.58e+008	287	904	7
1.5804e+008	350	904	8
1.5809e+008	359	904	8
1.5813e+008	374	904	8
1.5818e+008	347	904	8
1.5822e+008	268	904	6
1.5827e+008	298	904	8
1.5831e+008	258	904	6
1.5836e+008	313	904	7
1.584e+008	264	904	6
1.5845e+008	323	904	8
1.5849e+008	267	904	6
1.5854e+008	305	904	7
1.5858e+008	297	904	7
1.5863e+008	353	904	8
1.5867e+008	348	904	8
1.5872e+008	312	904	7
1.5876e+008	350	904	8
1.5881e+008	310	904	7
1.5885e+008	253	904	6
1.589e+008	319	904	7
1.5894e+008	274	904	6
1.5899e+008	284	904	6
1.5903e+008	422	904	10
1.5908e+008	210	904	5
1.5912e+008	348	904	8
1.5917e+008	297	904	7
1.5921e+008	342	904	8
1.5926e+008	334	904	7
1.593e+008	246	904	6
1.5935e+008	349	904	7
1.5939e+008	255	904	6
1.5944e+008	358	904	8
1.5948e+008	328	904	8
1.5953e+008	200	904	5
1.5957e+008	276	904	6
1.5962e+008	258	904	6
1.5966e+008	331	904	8
1.5971e+008	309	904	7
1.5975e+008	306	904	7
1.598e+008	218	904	5
1.5984e+008	291	904	7
1.5989e+008	252	904	6
1.5993e+008	243	904	6
1.5998e+008	295	904	7
1.6002e+008	197	904	5
1.6007e+008	319	904	8
1.6011e+008	348	904	8
1.6016e+008	242	904	6
1.602e+008	267	904	6
1.6025e+008	311	904	7
1.6029e+008	209	904	5
1.6034e+008	271	904	7
1.6038e+008	328	904	8
1.6043e+008	329	904	8
1.6047e+008	316	904	7
1.6052e+008	339	904	8
1.6056e+008	258	904	6
1.6061e+008	247	904	6
1.6065e+008	348	904	8
1.607e+008	233	904	6
1.6074e+008	388	904	9
1.6079e+008	279	904	6
1.6083e+008	232	904	5
1.6088e+008	256	904	6
1.6092e+008	295	904	7
1.6097e+008	251	904	6
1.6101e+008	350	904	8
1.6106e+008	240	904	6
1.611e+008	243	904	6
1.6115e+008	296	904	7
1.6119e+008	308	904	7
1.6124e+008	224	904	5
1.6128e+008	242	904	6
1.6133e+008	258	904	6
1.6137e+008	255	904	6
1.6142e+008	172	904	4
1.6146e+008	286	904	7
1.6151e+008	214	904	5
1.6155e+008	167	904	4
1.616e+008	164	904	4
1.6164e+008	301	904	7
1.6169e+008	175	904	4
1.6173e+008	135	904	3
1.6178e+008	249	904	6
1.6182e+008	174	904	4
1.6187e+008	127	904	3
1.6191e+008	175	904	4
1.6196e+008	141	904	3
1.62e+008	135	904	3
1.6205e+008	111	904	3
1.6209e+008	184	904	4
1.6214e+008	161	904	4
1.6218e+008	83	904	2
1.6223e+008	175	904	4
1.6227e+008	37	904	1
1.6232e+008	74	904	2
1.6236e+008	37	904	1
1.6241e+008	43	904	1
1.6245e+008	37	904	1
1.625e+008	34	904	1
1.6254e+008	83	904	2
1.6259e+008	28	904	1
1.6263e+008	34	904	1
1.6268e+008	83	904	2
1.6272e+008	73	904	2
1.6277e+008	28	904	1
1.6281e+008	126	904	3
1.6286e+008	34	904	1
1.629e+008	83	904	2
1.6295e+008	28	904	1
1.6299e+008	80	904	2
1.6304e+008	28	904	1
1.6308e+008	80	904	2
1.6313e+008	34	904	1
1.6317e+008	71	904	2
