50000	418	904	7
1e+005	379	904	7
1.5e+005	450	904	9
2e+005	282	904	6
2.5e+005	334	904	6
3e+005	320	904	7
3.5e+005	323	904	8
4e+005	361	904	7
4.5e+005	432	904	9
5e+005	347	904	8
5.5e+005	212	904	5
6e+005	314	904	7
6.5e+005	377	904	9
7e+005	271	904	7
7.5e+005	409	904	8
8e+005	356	904	8
8.5e+005	329	904	8
9e+005	292	904	7
9.5e+005	432	904	10
1e+006	346	904	8
1.05e+006	327	904	8
1.1e+006	261	904	6
1.15e+006	340	904	8
1.2e+006	350	904	8
1.25e+006	473	904	9
1.3e+006	389	904	9
1.35e+006	270	904	6
1.4e+006	383	904	9
1.45e+006	369	904	9
1.5e+006	254	904	6
1.55e+006	309	904	7
1.6e+006	473	904	11
1.65e+006	316	904	7
1.7e+006	326	904	8
1.75e+006	430	904	10
1.8e+006	300	904	7
1.85e+006	335	904	8
1.9e+006	429	904	10
1.95e+006	370	904	9
2e+006	384	904	9
2.05e+006	413	904	9
2.1e+006	247	904	6
2.15e+006	344	904	8
2.2e+006	426	904	9
2.25e+006	320	904	7
2.3e+006	447	904	10
2.35e+006	302	904	7
2.4e+006	307	904	7
2.45e+006	362	904	8
2.5e+006	414	904	10
2.55e+006	324	904	8
2.6e+006	434	904	10
2.65e+006	304	904	7
2.7e+006	383	904	9
2.75e+006	329	904	8
2.8e+006	353	904	8
2.85e+006	362	904	8
2.9e+006	269	904	6
2.95e+006	355	904	8
3e+006	362	904	8
3.05e+006	305	904	7
3.1e+006	254	904	6
3.15e+006	359	904	8
3.2e+006	436	904	10
3.25e+006	347	904	8
3.3e+006	348	904	8
3.35e+006	356	904	8
3.4e+006	309	904	7
3.45e+006	274	904	7
3.5e+006	386	904	9
3.55e+006	274	904	7
3.6e+006	377	904	9
3.65e+006	210	904	5
3.7e+006	272	904	6
3.75e+006	381	904	9
3.8e+006	243	904	6
3.85e+006	390	904	10
3.9e+006	346	904	8
3.95e+006	295	904	7
4e+006	287	904	7
4.05e+006	245	904	6
4.1e+006	387	904	9
4.15e+006	370	904	9
4.2e+006	467	904	10
4.25e+006	403	904	8
4.3e+006	301	904	7
4.35e+006	344	904	8
4.4e+006	397	904	8
4.45e+006	277	904	7
4.5e+006	329	904	8
4.55e+006	280	904	7
4.6e+006	283	904	7
4.65e+006	439	904	10
4.7e+006	302	904	7
4.75e+006	255	904	6
4.8e+006	429	904	10
4.85e+006	214	904	5
4.9e+006	394	904	9
4.95e+006	327	904	8
5e+006	442	904	10
5.05e+006	237	904	6
5.1e+006	407	904	10
5.15e+006	341	904	8
5.2e+006	354	904	8
5.25e+006	326	904	8
5.3e+006	378	904	9
5.35e+006	255	904	6
5.4e+006	243	904	6
5.45e+006	304	904	7
5.5e+006	261	904	6
5.55e+006	281	904	7
5.6e+006	376	904	9
5.65e+006	289	904	7
5.7e+006	359	904	9
5.75e+006	328	904	8
5.8e+006	244	904	6
5.85e+006	393	904	10
5.9e+006	377	904	9
5.95e+006	258	904	6
6e+006	294	904	7
6.05e+006	319	904	7
6.1e+006	446	904	11
6.15e+006	270	904	6
6.2e+006	298	904	7
6.25e+006	307	904	7
6.3e+006	347	904	8
6.35e+006	301	904	7
6.4e+006	340	904	8
6.45e+006	255	904	6
6.5e+006	326	904	8
6.55e+006	347	904	8
6.6e+006	234	904	6
6.65e+006	296	904	7
6.7e+006	219	904	5
6.75e+006	421	904	10
6.8e+006	258	904	6
6.85e+006	301	904	7
6.9e+006	298	904	7
6.95e+006	312	904	7
7e+006	270	904	6
7.05e+006	391	904	9
7.1e+006	305	904	8
7.15e+006	317	904	8
7.2e+006	393	904	9
7.25e+006	291	904	7
7.3e+006	310	904	7
7.35e+006	362	904	9
7.4e+006	310	904	7
7.45e+006	391	904	9
7.5e+006	335	904	8
7.55e+006	294	904	7
7.6e+006	277	904	6
7.65e+006	292	904	7
7.7e+006	334	904	8
7.75e+006	430	904	10
7.8e+006	319	904	7
7.85e+006	204	904	5
7.9e+006	293	904	7
7.95e+006	356	904	8
8e+006	354	904	8
8.05e+006	367	904	8
8.1e+006	403	904	9
8.15e+006	297	904	7
8.2e+006	388	904	9
8.25e+006	335	904	8
8.3e+006	288	904	7
8.35e+006	468	904	10
8.4e+006	301	904	7
8.45e+006	462	904	9
8.5e+006	259	904	6
8.55e+006	363	904	9
8.6e+006	347	904	8
8.65e+006	303	904	7
8.7e+006	370	904	8
8.75e+006	388	904	9
8.8e+006	295	904	7
8.85e+006	348	904	8
8.9e+006	258	904	6
8.95e+006	420	904	10
9e+006	300	904	7
9.05e+006	295	904	7
9.1e+006	200	904	5
9.15e+006	382	904	9
9.2e+006	416	904	10
9.25e+006	377	904	9
9.3e+006	332	904	8
9.35e+006	369	904	9
9.4e+006	254	904	6
9.45e+006	285	904	7
9.5e+006	349	904	8
9.55e+006	327	904	8
9.6e+006	297	904	7
9.65e+006	341	904	8
9.7e+006	264	904	7
9.75e+006	378	904	9
9.8e+006	421	904	10
9.85e+006	251	904	6
9.9e+006	355	904	8
9.95e+006	264	904	6
1e+007	415	904	10
1.005e+007	295	904	7
1.01e+007	366	904	9
1.015e+007	290	904	7
1.02e+007	260	904	6
1.025e+007	382	904	9
1.03e+007	353	904	8
1.035e+007	304	904	7
1.04e+007	361	904	8
1.045e+007	346	904	8
1.05e+007	288	904	7
1.055e+007	350	904	8
1.06e+007	318	904	7
1.065e+007	378	904	9
1.07e+007	360	904	8
1.075e+007	280	904	7
1.08e+007	289	904	7
1.085e+007	298	904	7
1.09e+007	386	904	9
1.095e+007	277	904	7
1.1e+007	298	904	7
1.105e+007	304	904	7
1.11e+007	340	904	8
1.115e+007	382	904	9
1.12e+007	361	904	8
1.125e+007	337	904	8
1.13e+007	256	904	6
1.135e+007	291	904	7
1.14e+007	339	904	8
1.145e+007	308	904	7
1.15e+007	350	904	8
1.155e+007	304	904	7
1.16e+007	246	904	6
1.165e+007	360	904	9
1.17e+007	248	904	6
1.175e+007	417	904	10
1.18e+007	384	904	9
1.185e+007	324	904	7
1.19e+007	318	904	8
1.195e+007	197	904	5
1.2e+007	463	904	10
1.205e+007	289	904	7
1.21e+007	239	904	6
1.215e+007	485	904	11
1.22e+007	330	904	8
1.225e+007	220	904	5
1.23e+007	418	904	10
1.235e+007	271	904	7
1.24e+007	314	904	7
1.245e+007	301	904	7
1.25e+007	374	904	9
1.255e+007	478	904	11
1.26e+007	387	904	9
1.265e+007	317	904	8
1.27e+007	347	904	8
1.275e+007	351	904	8
1.28e+007	261	904	6
1.285e+007	430	904	10
1.29e+007	401	904	9
1.295e+007	345	904	8
1.3e+007	280	904	7
1.305e+007	251	904	6
1.31e+007	292	904	7
1.315e+007	357	904	8
1.32e+007	360	904	8
1.325e+007	268	904	6
1.33e+007	252	904	6
1.335e+007	446	904	10
1.34e+007	212	904	5
1.345e+007	359	904	8
1.35e+007	495	904	11
1.355e+007	319	904	7
1.36e+007	257	904	6
1.365e+007	381	904	9
1.37e+007	344	904	8
1.375e+007	376	904	8
1.38e+007	398	904	9
1.385e+007	305	904	7
1.39e+007	389	904	10
1.395e+007	304	904	7
1.4e+007	313	904	7
1.405e+007	342	904	8
1.41e+007	336	904	8
1.415e+007	257	904	6
1.42e+007	377	904	9
1.425e+007	310	904	7
1.43e+007	341	904	8
1.435e+007	319	904	8
1.44e+007	267	904	6
1.445e+007	295	904	7
1.45e+007	344	904	8
1.455e+007	351	904	8
1.46e+007	297	904	7
1.465e+007	384	904	9
1.47e+007	427	904	10
1.475e+007	366	904	8
1.48e+007	370	904	9
1.485e+007	378	904	9
1.49e+007	344	904	8
1.495e+007	318	904	7
1.5e+007	366	904	9
1.505e+007	257	904	6
1.51e+007	326	904	8
1.515e+007	416	904	9
1.52e+007	291	904	7
1.525e+007	394	904	9
1.53e+007	253	904	6
1.535e+007	261	904	6
1.54e+007	347	904	8
1.545e+007	335	904	8
1.55e+007	302	904	7
1.555e+007	270	904	6
1.56e+007	410	904	9
1.565e+007	321	904	7
1.57e+007	252	904	6
1.575e+007	335	904	8
1.58e+007	293	904	7
1.585e+007	338	904	8
1.59e+007	292	904	7
1.595e+007	329	904	8
1.6e+007	264	904	6
1.605e+007	338	904	8
1.61e+007	326	904	8
1.615e+007	428	904	10
1.62e+007	447	904	10
1.625e+007	194	904	5
1.63e+007	252	904	6
1.635e+007	337	904	8
1.64e+007	252	904	6
1.645e+007	387	904	9
1.65e+007	327	904	8
1.655e+007	240	904	6
1.66e+007	295	904	7
1.665e+007	299	904	7
1.67e+007	353	904	8
1.675e+007	318	904	7
1.68e+007	257	904	6
1.685e+007	337	904	8
1.69e+007	391	904	9
1.695e+007	240	904	6
1.7e+007	425	904	10
1.705e+007	246	904	6
1.71e+007	351	904	8
1.715e+007	289	904	7
1.72e+007	403	904	9
1.725e+007	267	904	6
1.73e+007	285	904	7
1.735e+007	302	904	7
1.74e+007	281	904	7
1.745e+007	300	904	7
1.75e+007	301	904	7
1.755e+007	368	904	9
1.76e+007	396	904	9
1.765e+007	293	904	7
1.77e+007	388	904	9
1.775e+007	356	904	8
1.78e+007	249	904	6
1.785e+007	475	904	11
1.79e+007	202	904	5
1.795e+007	356	904	8
1.8e+007	331	904	8
1.805e+007	285	904	7
1.81e+007	439	904	10
1.815e+007	325	904	7
1.82e+007	334	904	8
1.825e+007	442	904	10
1.83e+007	211	904	5
1.835e+007	366	904	9
1.84e+007	304	904	7
1.845e+007	269	904	6
1.85e+007	410	904	8
1.855e+007	312	904	7
1.86e+007	206	904	5
1.865e+007	420	904	10
1.87e+007	285	904	7
1.875e+007	387	904	9
1.88e+007	242	904	5
1.885e+007	334	904	8
1.89e+007	280	904	7
1.895e+007	312	904	7
1.9e+007	385	904	9
1.905e+007	277	904	7
1.91e+007	324	904	8
1.915e+007	315	904	7
1.92e+007	259	904	6
1.925e+007	327	904	8
1.93e+007	302	904	7
1.935e+007	250	904	6
1.94e+007	289	904	7
1.945e+007	289	904	7
1.95e+007	354	904	8
1.955e+007	347	904	8
1.96e+007	393	904	9
1.965e+007	301	904	7
1.97e+007	347	904	8
1.975e+007	293	904	7
1.98e+007	376	904	9
1.985e+007	286	904	7
1.99e+007	338	904	8
1.995e+007	334	904	8
2e+007	259	904	6
2.005e+007	271	904	7
2.01e+007	332	904	8
2.015e+007	438	904	10
2.02e+007	255	904	6
2.025e+007	307	904	7
2.03e+007	280	904	7
2.035e+007	357	904	9
2.04e+007	199	904	5
2.045e+007	282	904	7
2.05e+007	344	904	8
2.055e+007	233	904	6
2.06e+007	347	904	8
2.065e+007	403	904	9
2.07e+007	344	904	8
2.075e+007	240	904	6
2.08e+007	317	904	8
2.085e+007	387	904	9
2.09e+007	390	904	9
2.095e+007	371	904	9
2.1e+007	252	904	6
2.105e+007	300	904	8
2.11e+007	306	904	7
2.115e+007	307	904	7
2.12e+007	413	904	10
2.125e+007	292	904	7
2.13e+007	328	904	8
2.135e+007	225	904	5
2.14e+007	429	904	10
2.145e+007	301	904	7
2.15e+007	290	904	7
2.155e+007	397	904	9
2.16e+007	360	904	9
2.165e+007	251	904	6
2.17e+007	375	904	9
2.175e+007	350	904	8
2.18e+007	252	904	6
2.185e+007	239	904	6
2.19e+007	352	904	8
2.195e+007	319	904	8
2.2e+007	310	904	7
2.205e+007	334	904	8
2.21e+007	376	904	9
2.215e+007	246	904	6
2.22e+007	335	904	8
2.225e+007	331	904	8
2.23e+007	245	904	6
2.235e+007	328	904	8
2.24e+007	266	904	6
2.245e+007	325	904	8
2.25e+007	336	904	8
2.255e+007	261	904	6
2.26e+007	326	904	8
2.265e+007	478	904	11
2.27e+007	276	904	7
2.275e+007	302	904	7
2.28e+007	290	904	7
2.285e+007	289	904	7
2.29e+007	264	904	6
2.295e+007	324	904	8
2.3e+007	212	904	5
2.305e+007	371	904	9
2.31e+007	313	904	7
2.315e+007	358	904	8
2.32e+007	301	904	7
2.325e+007	298	904	7
2.33e+007	363	904	8
2.335e+007	273	904	7
2.34e+007	364	904	8
2.345e+007	310	904	7
2.35e+007	321	904	7
2.355e+007	397	904	9
2.36e+007	284	904	7
2.365e+007	356	904	8
2.37e+007	370	904	9
2.375e+007	385	904	8
2.38e+007	306	904	7
2.385e+007	371	904	8
2.39e+007	323	904	7
2.395e+007	353	904	8
2.4e+007	325	904	8
2.405e+007	313	904	7
2.41e+007	307	904	7
2.415e+007	340	904	8
2.42e+007	206	904	5
2.425e+007	457	904	11
2.43e+007	344	904	8
2.435e+007	264	904	6
2.44e+007	354	904	8
2.445e+007	409	904	9
2.45e+007	338	904	8
2.455e+007	316	904	7
2.46e+007	385	904	9
2.465e+007	256	904	6
2.47e+007	346	904	8
2.475e+007	265	904	6
2.48e+007	390	904	9
2.485e+007	401	904	9
2.49e+007	389	904	9
2.495e+007	384	904	9
2.5e+007	301	904	7
2.505e+007	295	904	7
2.51e+007	359	904	8
2.515e+007	209	904	5
2.52e+007	357	904	8
2.525e+007	305	904	7
2.53e+007	255	904	6
2.535e+007	339	904	8
2.54e+007	257	904	6
2.545e+007	415	904	10
2.55e+007	292	904	7
2.555e+007	359	904	8
2.56e+007	306	904	7
2.565e+007	338	904	8
2.57e+007	248	904	6
2.575e+007	336	904	8
2.58e+007	321	904	8
2.585e+007	301	904	7
2.59e+007	273	904	7
2.595e+007	380	904	9
2.6e+007	337	904	8
2.605e+007	296	904	7
2.61e+007	291	904	7
2.615e+007	315	904	8
2.62e+007	338	904	8
2.625e+007	353	904	8
2.63e+007	364	904	8
2.635e+007	287	904	7
2.64e+007	313	904	8
2.645e+007	336	904	8
2.65e+007	299	904	7
2.655e+007	292	904	7
2.66e+007	427	904	10
2.665e+007	344	904	8
2.67e+007	242	904	6
2.675e+007	479	904	11
2.68e+007	338	904	8
2.685e+007	270	904	6
2.69e+007	279	904	7
2.695e+007	345	904	8
2.7e+007	291	904	7
2.705e+007	415	904	10
2.71e+007	301	904	7
2.715e+007	310	904	7
2.72e+007	276	904	6
2.725e+007	448	904	10
2.73e+007	305	904	7
2.735e+007	353	904	8
2.74e+007	200	904	5
2.745e+007	443	904	10
2.75e+007	332	904	8
2.755e+007	410	904	9
2.76e+007	337	904	8
2.765e+007	277	904	7
2.77e+007	376	904	9
2.775e+007	344	904	8
2.78e+007	353	904	8
2.785e+007	267	904	6
2.79e+007	254	904	6
2.795e+007	343	904	8
2.8e+007	399	904	9
2.805e+007	292	904	7
2.81e+007	353	904	8
2.815e+007	307	904	7
2.82e+007	428	904	10
2.825e+007	313	904	7
2.83e+007	278	904	7
2.835e+007	411	904	9
2.84e+007	334	904	7
2.845e+007	319	904	7
2.85e+007	354	904	8
2.855e+007	354	904	7
2.86e+007	252	904	6
2.865e+007	336	904	8
2.87e+007	301	904	7
2.875e+007	425	904	10
2.88e+007	242	904	5
2.885e+007	453	904	10
2.89e+007	391	904	9
2.895e+007	344	904	8
2.9e+007	240	904	6
2.905e+007	397	904	9
2.91e+007	279	904	7
2.915e+007	377	904	9
2.92e+007	354	904	8
2.925e+007	277	904	6
2.93e+007	387	904	9
2.935e+007	318	904	7
2.94e+007	315	904	8
2.945e+007	431	904	10
2.95e+007	304	904	7
2.955e+007	203	904	5
2.96e+007	325	904	8
2.965e+007	308	904	7
2.97e+007	397	904	9
2.975e+007	378	904	9
2.98e+007	252	904	6
2.985e+007	387	904	9
2.99e+007	338	904	8
2.995e+007	301	904	7
3e+007	405	904	9
3.005e+007	289	904	7
3.01e+007	324	904	8
3.015e+007	400	904	9
3.02e+007	357	904	8
3.025e+007	329	904	8
3.03e+007	406	904	10
3.035e+007	212	904	5
3.04e+007	261	904	6
3.045e+007	355	904	8
3.05e+007	349	904	8
3.055e+007	479	904	11
3.06e+007	258	904	6
3.065e+007	365	904	9
3.07e+007	243	904	6
3.075e+007	402	904	9
3.08e+007	435	904	10
3.085e+007	260	904	6
3.09e+007	221	904	6
3.095e+007	338	904	8
3.1e+007	282	904	7
3.105e+007	200	904	5
3.11e+007	473	904	11
3.115e+007	322	904	8
3.12e+007	257	904	6
3.125e+007	237	904	6
3.13e+007	267	904	6
3.135e+007	427	904	10
3.14e+007	346	904	8
3.145e+007	323	904	8
3.15e+007	460	904	11
3.155e+007	426	904	10
3.16e+007	298	904	7
3.165e+007	295	904	7
3.17e+007	260	904	6
3.175e+007	436	904	10
3.18e+007	265	904	6
3.185e+007	297	904	7
3.19e+007	384	904	9
3.195e+007	299	904	7
3.2e+007	248	904	6
3.205e+007	547	904	12
3.21e+007	298	904	7
3.215e+007	346	904	8
3.22e+007	280	904	7
3.225e+007	307	904	7
3.23e+007	354	904	9
3.235e+007	292	904	7
3.24e+007	319	904	7
3.245e+007	467	904	11
3.25e+007	284	904	7
3.255e+007	340	904	8
3.26e+007	294	904	7
3.265e+007	245	904	6
3.27e+007	410	904	9
3.275e+007	344	904	8
3.28e+007	380	904	9
3.285e+007	261	904	6
3.29e+007	262	904	6
3.295e+007	403	904	10
3.3e+007	347	904	8
3.305e+007	285	904	7
3.31e+007	368	904	9
3.315e+007	270	904	6
3.32e+007	440	904	10
3.325e+007	253	904	6
3.33e+007	325	904	8
3.335e+007	366	904	9
3.34e+007	363	904	8
3.345e+007	273	904	6
3.35e+007	396	904	9
3.355e+007	463	904	10
3.36e+007	283	904	7
3.365e+007	330	904	8
3.37e+007	332	904	8
3.375e+007	313	904	7
3.38e+007	413	904	9
3.385e+007	375	904	8
3.39e+007	325	904	8
3.395e+007	271	904	6
3.4e+007	378	904	9
3.405e+007	376	904	9
3.41e+007	299	904	7
3.415e+007	348	904	8
3.42e+007	297	904	7
3.425e+007	382	904	9
3.43e+007	421	904	10
3.435e+007	270	904	6
3.44e+007	335	904	8
3.445e+007	374	904	9
3.45e+007	319	904	7
3.455e+007	348	904	8
3.46e+007	261	904	6
3.465e+007	263	904	6
3.47e+007	258	904	6
3.475e+007	298	904	7
3.48e+007	369	904	9
3.485e+007	246	904	6
3.49e+007	360	904	8
3.495e+007	239	904	6
3.5e+007	457	904	10
3.505e+007	246	904	6
3.51e+007	342	904	8
3.515e+007	320	904	7
3.52e+007	261	904	6
3.525e+007	476	904	11
3.53e+007	356	904	8
3.535e+007	354	904	8
3.54e+007	261	904	6
3.545e+007	308	904	7
3.55e+007	388	904	9
3.555e+007	286	904	7
3.56e+007	294	904	7
3.565e+007	334	904	8
3.57e+007	292	904	7
3.575e+007	342	904	8
3.58e+007	295	904	7
3.585e+007	353	904	8
3.59e+007	256	904	6
3.595e+007	342	904	8
3.6e+007	396	904	10
3.605e+007	256	904	6
3.61e+007	392	904	9
3.615e+007	261	904	6
3.62e+007	338	904	8
3.625e+007	302	904	7
3.63e+007	350	904	8
3.635e+007	436	904	10
3.64e+007	316	904	7
3.645e+007	348	904	8
3.65e+007	352	904	8
3.655e+007	336	904	8
3.66e+007	334	904	8
3.665e+007	302	904	7
3.67e+007	333	904	8
3.675e+007	392	904	9
3.68e+007	240	904	6
3.685e+007	327	904	8
3.69e+007	292	904	7
3.695e+007	340	904	8
3.7e+007	255	904	6
3.705e+007	417	904	10
3.71e+007	246	904	6
3.715e+007	324	904	7
3.72e+007	237	904	6
3.725e+007	454	904	10
3.73e+007	209	904	5
3.735e+007	431	904	10
3.74e+007	245	904	6
3.745e+007	381	904	9
3.75e+007	371	904	9
3.755e+007	352	904	8
3.76e+007	216	904	5
3.765e+007	357	904	8
3.77e+007	304	904	7
3.775e+007	355	904	9
3.78e+007	467	904	11
3.785e+007	255	904	6
3.79e+007	347	904	8
3.795e+007	257	904	6
3.8e+007	445	904	10
3.805e+007	322	904	7
3.81e+007	341	904	8
3.815e+007	329	904	8
3.82e+007	359	904	8
3.825e+007	251	904	6
3.83e+007	279	904	7
3.835e+007	346	904	8
3.84e+007	374	904	8
3.845e+007	338	904	8
3.85e+007	381	904	9
3.855e+007	386	904	8
3.86e+007	333	904	7
3.865e+007	322	904	7
3.87e+007	330	904	8
3.875e+007	298	904	7
3.88e+007	309	904	7
3.885e+007	373	904	8
3.89e+007	344	904	8
3.895e+007	436	904	10
3.9e+007	296	904	7
3.905e+007	267	904	6
3.91e+007	278	904	7
3.915e+007	478	904	11
3.92e+007	378	904	9
3.925e+007	259	904	6
3.93e+007	281	904	7
3.935e+007	386	904	9
3.94e+007	279	904	7
3.945e+007	340	904	8
3.95e+007	330	904	8
3.955e+007	299	904	7
3.96e+007	339	904	8
3.965e+007	375	904	9
3.97e+007	209	904	5
3.975e+007	381	904	9
3.98e+007	283	904	7
3.985e+007	322	904	7
3.99e+007	307	904	7
3.995e+007	352	904	8
4e+007	323	904	8
4.005e+007	270	904	6
4.01e+007	288	904	7
4.015e+007	454	904	11
4.02e+007	316	904	7
4.025e+007	359	904	9
4.03e+007	244	904	6
4.035e+007	434	904	10
4.04e+007	402	904	9
4.045e+007	258	904	6
4.05e+007	384	904	9
4.055e+007	258	904	6
4.06e+007	326	904	8
4.065e+007	372	904	8
4.07e+007	326	904	8
4.075e+007	356	904	8
4.08e+007	300	904	7
4.085e+007	343	904	8
4.09e+007	305	904	7
4.095e+007	259	904	6
4.1e+007	396	904	9
4.105e+007	283	904	7
4.11e+007	342	904	8
4.115e+007	310	904	7
4.12e+007	351	904	8
4.125e+007	369	904	9
4.13e+007	219	904	5
4.135e+007	431	904	10
4.14e+007	270	904	6
4.145e+007	488	904	11
4.15e+007	320	904	8
4.155e+007	316	904	7
4.16e+007	393	904	9
4.165e+007	300	904	7
4.17e+007	276	904	6
4.175e+007	335	904	8
4.18e+007	301	904	7
4.185e+007	366	904	8
4.19e+007	263	904	6
4.195e+007	354	904	8
4.2e+007	368	904	8
4.205e+007	371	904	8
4.21e+007	328	904	8
4.215e+007	240	904	6
4.22e+007	365	904	8
4.225e+007	347	904	8
4.23e+007	332	904	8
4.235e+007	315	904	7
4.24e+007	369	904	9
4.245e+007	301	904	7
4.25e+007	287	904	7
4.255e+007	438	904	10
4.26e+007	305	904	7
4.265e+007	356	904	8
4.27e+007	276	904	6
4.275e+007	386	904	9
4.28e+007	377	904	9
4.285e+007	300	904	7
4.29e+007	322	904	8
4.295e+007	318	904	7
4.3e+007	437	904	10
4.305e+007	283	904	7
4.31e+007	301	904	7
4.315e+007	313	904	7
4.32e+007	366	904	9
4.325e+007	282	904	7
4.33e+007	399	904	9
4.335e+007	326	904	8
4.34e+007	284	904	7
4.345e+007	350	904	8
4.35e+007	298	904	7
4.355e+007	365	904	8
4.36e+007	380	904	8
4.365e+007	298	904	7
4.37e+007	386	904	9
4.375e+007	352	904	8
4.38e+007	333	904	8
4.385e+007	432	904	9
4.39e+007	242	904	6
4.395e+007	339	904	8
4.4e+007	336	904	8
4.405e+007	292	904	7
4.41e+007	345	904	8
4.415e+007	291	904	7
4.42e+007	423	904	10
4.425e+007	240	904	6
4.43e+007	346	904	8
4.435e+007	251	904	6
4.44e+007	467	904	11
4.445e+007	329	904	8
4.45e+007	338	904	8
4.455e+007	364	904	9
4.46e+007	265	904	6
4.465e+007	323	904	8
4.47e+007	387	904	9
4.475e+007	349	904	8
4.48e+007	303	904	7
4.485e+007	267	904	6
4.49e+007	341	904	8
4.495e+007	387	904	9
4.5e+007	267	904	6
4.505e+007	298	904	7
4.51e+007	491	904	11
4.515e+007	280	904	7
4.52e+007	347	904	8
4.525e+007	343	904	8
4.53e+007	318	904	7
4.535e+007	464	904	11
4.54e+007	270	904	6
4.545e+007	359	904	9
4.55e+007	244	904	6
4.555e+007	372	904	9
4.56e+007	343	904	8
4.565e+007	312	904	7
4.57e+007	259	904	6
4.575e+007	386	904	9
4.58e+007	281	904	7
4.585e+007	384	904	9
4.59e+007	292	904	7
4.595e+007	355	904	8
4.6e+007	240	904	6
4.605e+007	393	904	9
4.61e+007	252	904	6
4.615e+007	427	904	10
4.62e+007	293	904	7
4.625e+007	387	904	9
4.63e+007	268	904	6
4.635e+007	338	904	8
4.64e+007	246	904	6
4.645e+007	328	904	8
4.65e+007	448	904	10
4.655e+007	309	904	7
4.66e+007	295	904	7
4.665e+007	307	904	7
4.67e+007	355	904	8
4.675e+007	381	904	9
4.68e+007	221	904	5
4.685e+007	357	904	8
4.69e+007	350	904	8
4.695e+007	311	904	7
4.7e+007	356	904	8
4.705e+007	304	904	7
4.71e+007	350	904	8
4.715e+007	353	904	8
4.72e+007	304	904	7
4.725e+007	378	904	9
4.73e+007	325	904	8
4.735e+007	355	904	8
4.74e+007	241	904	6
4.745e+007	349	904	8
4.75e+007	253	904	6
4.755e+007	351	904	8
4.76e+007	333	904	8
4.765e+007	295	904	7
4.77e+007	350	904	8
4.775e+007	252	904	6
4.78e+007	344	904	8
4.785e+007	292	904	7
4.79e+007	384	904	9
4.795e+007	197	904	5
4.8e+007	255	904	6
4.805e+007	477	904	11
4.81e+007	356	904	8
4.815e+007	301	904	7
4.82e+007	296	904	7
4.825e+007	277	904	7
4.83e+007	342	904	8
4.835e+007	421	904	10
4.84e+007	341	904	8
4.845e+007	313	904	7
4.85e+007	292	904	7
4.855e+007	249	904	6
4.86e+007	333	904	7
4.865e+007	369	904	8
4.87e+007	321	904	8
4.875e+007	404	904	9
4.88e+007	341	904	8
4.885e+007	244	904	6
4.89e+007	404	904	8
4.895e+007	248	904	6
4.9e+007	374	904	9
4.905e+007	280	904	7
4.91e+007	353	904	8
4.915e+007	302	904	7
4.92e+007	295	904	7
4.925e+007	459	904	11
4.93e+007	234	904	6
4.935e+007	353	904	8
4.94e+007	337	904	8
4.945e+007	422	904	10
4.95e+007	292	904	7
4.955e+007	378	904	9
4.96e+007	297	904	7
4.965e+007	397	904	9
4.97e+007	454	904	10
4.975e+007	310	904	7
4.98e+007	261	904	6
4.985e+007	415	904	10
4.99e+007	185	904	5
4.995e+007	359	904	8
5e+007	343	904	8
5.005e+007	263	904	6
5.01e+007	344	904	8
5.015e+007	296	904	7
5.02e+007	353	904	8
5.025e+007	331	904	8
5.03e+007	335	904	8
5.035e+007	247	904	6
5.04e+007	425	904	10
5.045e+007	326	904	8
5.05e+007	305	904	7
5.055e+007	347	904	8
5.06e+007	255	904	6
5.065e+007	450	904	11
5.07e+007	352	904	8
5.075e+007	334	904	8
5.08e+007	240	904	6
5.085e+007	344	904	8
5.09e+007	264	904	6
5.095e+007	294	904	7
5.1e+007	326	904	8
5.105e+007	309	904	7
5.11e+007	317	904	7
5.115e+007	278	904	7
5.12e+007	386	904	9
5.125e+007	344	904	8
5.13e+007	243	904	6
5.135e+007	280	904	7
5.14e+007	305	904	7
5.145e+007	363	904	9
5.15e+007	323	904	8
5.155e+007	401	904	9
5.16e+007	286	904	7
5.165e+007	297	904	7
5.17e+007	365	904	8
5.175e+007	276	904	7
5.18e+007	335	904	8
5.185e+007	299	904	7
5.19e+007	339	904	8
5.195e+007	289	904	7
5.2e+007	290	904	7
5.205e+007	261	904	6
5.21e+007	320	904	7
5.215e+007	393	904	9
5.22e+007	371	904	9
5.225e+007	349	904	8
5.23e+007	337	904	8
5.235e+007	284	904	7
5.24e+007	375	904	9
5.245e+007	297	904	7
5.25e+007	322	904	8
5.255e+007	412	904	10
5.26e+007	297	904	7
5.265e+007	310	904	7
5.27e+007	388	904	9
5.275e+007	304	904	7
5.28e+007	217	904	5
5.285e+007	385	904	9
5.29e+007	361	904	8
5.295e+007	334	904	8
5.3e+007	338	904	8
5.305e+007	292	904	7
5.31e+007	329	904	8
5.315e+007	298	904	7
5.32e+007	343	904	8
5.325e+007	255	904	6
5.33e+007	553	904	13
5.335e+007	305	904	7
5.34e+007	326	904	8
5.345e+007	369	904	8
5.35e+007	280	904	7
5.355e+007	334	904	8
5.36e+007	337	904	7
5.365e+007	292	904	6
5.37e+007	289	904	7
5.375e+007	257	904	6
5.38e+007	325	904	8
5.385e+007	304	904	7
5.39e+007	347	904	7
5.395e+007	360	904	9
5.4e+007	299	904	7
5.405e+007	255	904	6
5.41e+007	369	904	8
5.415e+007	350	904	8
5.42e+007	354	904	8
5.425e+007	438	904	10
5.43e+007	393	904	9
5.435e+007	219	904	5
5.44e+007	258	904	6
5.445e+007	292	904	7
5.45e+007	381	904	9
5.455e+007	280	904	7
5.46e+007	297	904	7
5.465e+007	388	904	9
5.47e+007	222	904	5
5.475e+007	357	904	9
5.48e+007	287	904	7
5.485e+007	305	904	7
5.49e+007	288	904	7
5.495e+007	270	904	6
5.5e+007	504	904	12
5.505e+007	310	904	7
5.51e+007	292	904	7
5.515e+007	301	904	7
5.52e+007	414	904	9
5.525e+007	283	904	7
5.53e+007	356	904	8
5.535e+007	364	904	9
5.54e+007	320	904	8
5.545e+007	298	904	7
5.55e+007	375	904	9
5.555e+007	245	904	6
5.56e+007	384	904	9
5.565e+007	295	904	7
5.57e+007	379	904	9
5.575e+007	335	904	8
5.58e+007	344	904	8
5.585e+007	295	904	7
5.59e+007	257	904	6
5.595e+007	442	904	10
5.6e+007	348	904	8
5.605e+007	301	904	7
5.61e+007	295	904	7
5.615e+007	295	904	7
5.62e+007	313	904	7
5.625e+007	335	904	8
5.63e+007	393	904	9
5.635e+007	304	904	7
5.64e+007	326	904	8
5.645e+007	348	904	8
5.65e+007	263	904	6
5.655e+007	402	904	9
5.66e+007	218	904	5
5.665e+007	354	904	8
5.67e+007	384	904	9
5.675e+007	404	904	9
5.68e+007	313	904	7
5.685e+007	393	904	9
5.69e+007	314	904	7
5.695e+007	309	904	7
5.7e+007	396	904	9
5.705e+007	303	904	7
5.71e+007	344	904	8
5.715e+007	434	904	10
5.72e+007	255	904	6
5.725e+007	339	904	8
5.73e+007	428	904	10
5.735e+007	289	904	7
5.74e+007	338	904	8
5.745e+007	238	904	6
5.75e+007	302	904	7
5.755e+007	430	904	10
5.76e+007	259	904	6
5.765e+007	304	904	7
5.77e+007	421	904	10
5.775e+007	311	904	7
5.78e+007	392	904	9
5.785e+007	324	904	8
5.79e+007	309	904	7
5.795e+007	306	904	7
5.8e+007	449	904	10
5.805e+007	387	904	9
5.81e+007	275	904	6
5.815e+007	249	904	6
5.82e+007	338	904	8
5.825e+007	311	904	7
5.83e+007	295	904	7
5.835e+007	276	904	6
5.84e+007	353	904	8
5.845e+007	356	904	8
5.85e+007	371	904	8
5.855e+007	352	904	8
5.86e+007	444	904	10
5.865e+007	239	904	5
5.87e+007	279	904	7
5.875e+007	305	904	7
5.88e+007	355	904	8
5.885e+007	354	904	9
5.89e+007	407	904	8
5.895e+007	252	904	6
5.9e+007	454	904	11
5.905e+007	304	904	7
5.91e+007	401	904	9
5.915e+007	315	904	7
5.92e+007	361	904	8
5.925e+007	330	904	8
5.93e+007	264	904	6
5.935e+007	260	904	6
5.94e+007	392	904	9
5.945e+007	338	904	8
5.95e+007	384	904	9
5.955e+007	447	904	11
5.96e+007	234	904	6
5.965e+007	392	904	9
5.97e+007	360	904	8
5.975e+007	341	904	8
5.98e+007	301	904	7
5.985e+007	246	904	6
5.99e+007	431	904	10
5.995e+007	307	904	7
6e+007	385	904	9
6.005e+007	252	904	6
6.01e+007	380	904	8
6.015e+007	317	904	8
6.02e+007	399	904	9
6.025e+007	258	904	6
6.03e+007	255	904	6
6.035e+007	387	904	9
6.04e+007	341	904	8
6.045e+007	389	904	9
6.05e+007	318	904	7
6.055e+007	294	904	7
6.06e+007	312	904	7
6.065e+007	431	904	10
6.07e+007	395	904	9
6.075e+007	255	904	6
6.08e+007	398	904	9
6.085e+007	246	904	6
6.09e+007	249	904	6
6.095e+007	343	904	8
6.1e+007	372	904	9
6.105e+007	295	904	7
6.11e+007	234	904	6
6.115e+007	358	904	8
6.12e+007	298	904	7
6.125e+007	363	904	9
6.13e+007	363	904	9
6.135e+007	242	904	6
6.14e+007	365	904	9
6.145e+007	249	904	6
6.15e+007	305	904	7
6.155e+007	375	904	9
6.16e+007	370	904	9
6.165e+007	255	904	6
6.17e+007	377	904	9
6.175e+007	258	904	6
6.18e+007	343	904	8
6.185e+007	341	904	8
6.19e+007	298	904	7
6.195e+007	368	904	8
6.2e+007	248	904	6
6.205e+007	347	904	8
6.21e+007	297	904	7
6.215e+007	305	904	7
6.22e+007	328	904	8
6.225e+007	271	904	6
6.23e+007	390	904	9
6.235e+007	243	904	6
6.24e+007	359	904	8
6.245e+007	392	904	9
6.25e+007	274	904	7
6.255e+007	300	904	7
6.26e+007	352	904	8
6.265e+007	339	904	8
6.27e+007	359	904	8
6.275e+007	390	904	9
6.28e+007	267	904	6
6.285e+007	421	904	10
6.29e+007	299	904	7
6.295e+007	247	904	6
6.3e+007	298	904	7
6.305e+007	255	904	6
6.31e+007	616	904	14
6.315e+007	290	904	7
6.32e+007	249	904	6
6.325e+007	299	904	7
6.33e+007	322	904	8
6.335e+007	354	904	8
6.34e+007	359	904	8
6.345e+007	389	904	9
6.35e+007	319	904	7
6.355e+007	356	904	8
6.36e+007	274	904	6
6.365e+007	246	904	6
6.37e+007	359	904	8
6.375e+007	348	904	8
6.38e+007	359	904	8
6.385e+007	297	904	7
6.39e+007	383	904	9
6.395e+007	398	904	8
6.4e+007	390	904	9
6.405e+007	272	904	6
6.41e+007	341	904	8
6.415e+007	337	904	8
6.42e+007	240	904	6
6.425e+007	358	904	8
6.43e+007	344	904	8
6.435e+007	338	904	8
6.44e+007	313	904	7
6.445e+007	418	904	10
6.45e+007	342	904	8
6.455e+007	240	904	6
6.46e+007	482	904	11
6.465e+007	250	904	6
6.47e+007	395	904	9
6.475e+007	245	904	6
6.48e+007	349	904	8
6.485e+007	322	904	7
6.49e+007	339	904	8
6.495e+007	396	904	10
6.5e+007	362	904	9
6.505e+007	319	904	7
6.51e+007	334	904	8
6.515e+007	446	904	10
6.52e+007	294	904	7
6.525e+007	296	904	7
6.53e+007	369	904	9
6.535e+007	379	904	9
6.54e+007	311	904	7
6.545e+007	347	904	8
6.55e+007	360	904	8
6.555e+007	377	904	9
6.56e+007	426	904	10
6.565e+007	294	904	7
6.57e+007	249	904	6
6.575e+007	382	904	10
6.58e+007	317	904	7
6.585e+007	326	904	8
6.59e+007	334	904	8
6.595e+007	364	904	8
6.6e+007	304	904	7
6.605e+007	403	904	9
6.61e+007	223	904	5
6.615e+007	274	904	7
6.62e+007	344	904	8
6.625e+007	310	904	7
6.63e+007	316	904	8
6.635e+007	343	904	8
6.64e+007	272	904	6
6.645e+007	472	904	11
6.65e+007	229	904	5
6.655e+007	262	904	6
6.66e+007	374	904	9
6.665e+007	264	904	6
6.67e+007	362	904	8
6.675e+007	280	904	7
6.68e+007	294	904	7
6.685e+007	501	904	11
6.69e+007	255	904	6
6.695e+007	356	904	8
6.7e+007	343	904	8
6.705e+007	290	904	7
6.71e+007	258	904	6
6.715e+007	340	904	8
6.72e+007	301	904	7
6.725e+007	305	904	8
6.73e+007	252	904	6
6.735e+007	415	904	10
6.74e+007	256	904	6
6.745e+007	323	904	8
6.75e+007	395	904	9
6.755e+007	258	904	6
6.76e+007	473	904	11
6.765e+007	411	904	10
6.77e+007	299	904	7
6.775e+007	295	904	7
6.78e+007	332	904	8
6.785e+007	445	904	10
6.79e+007	255	904	6
6.795e+007	243	904	6
6.8e+007	355	904	8
6.805e+007	387	904	9
6.81e+007	344	904	8
6.815e+007	345	904	8
6.82e+007	215	904	5
6.825e+007	407	904	9
6.83e+007	247	904	6
6.835e+007	363	904	8
6.84e+007	291	904	7
6.845e+007	252	904	6
6.85e+007	356	904	8
6.855e+007	412	904	10
6.86e+007	398	904	9
6.865e+007	388	904	9
6.87e+007	325	904	7
6.875e+007	397	904	9
6.88e+007	378	904	9
6.885e+007	246	904	6
6.89e+007	392	904	9
6.895e+007	300	904	6
6.9e+007	301	904	7
6.905e+007	399	904	9
6.91e+007	323	904	8
6.915e+007	338	904	8
6.92e+007	308	904	7
6.925e+007	352	904	8
6.93e+007	200	904	5
6.935e+007	283	904	7
6.94e+007	310	904	7
6.945e+007	362	904	8
6.95e+007	350	904	8
6.955e+007	339	904	8
6.96e+007	436	904	10
6.965e+007	324	904	8
6.97e+007	286	904	7
6.975e+007	361	904	8
6.98e+007	505	904	12
6.985e+007	249	904	6
6.99e+007	289	904	7
6.995e+007	395	904	10
7e+007	350	904	8
7.005e+007	330	904	8
7.01e+007	258	904	6
7.015e+007	356	904	8
7.02e+007	429	904	10
7.025e+007	234	904	6
7.03e+007	393	904	9
7.035e+007	326	904	8
7.04e+007	322	904	8
7.045e+007	253	904	6
7.05e+007	436	904	10
7.055e+007	307	904	7
7.06e+007	303	904	7
7.065e+007	336	904	8
7.07e+007	340	904	8
7.075e+007	289	904	7
7.08e+007	346	904	8
7.085e+007	309	904	7
7.09e+007	332	904	7
7.095e+007	339	904	8
7.1e+007	332	904	8
7.105e+007	400	904	9
7.11e+007	350	904	8
7.115e+007	249	904	6
7.12e+007	255	904	6
7.125e+007	402	904	9
7.13e+007	313	904	7
7.135e+007	213	904	5
7.14e+007	429	904	10
7.145e+007	307	904	7
7.15e+007	268	904	7
7.155e+007	351	904	8
7.16e+007	261	904	6
7.165e+007	351	904	8
7.17e+007	344	904	8
7.175e+007	307	904	7
7.18e+007	259	904	6
7.185e+007	456	904	11
7.19e+007	279	904	7
7.195e+007	395	904	9
7.2e+007	194	904	5
7.205e+007	361	904	8
7.21e+007	341	904	8
7.215e+007	391	904	9
7.22e+007	371	904	8
7.225e+007	324	904	8
7.23e+007	286	904	7
7.235e+007	338	904	8
7.24e+007	394	904	9
7.245e+007	297	904	7
7.25e+007	301	904	7
7.255e+007	360	904	8
7.26e+007	329	904	8
7.265e+007	282	904	7
7.27e+007	340	904	8
7.275e+007	286	904	7
7.28e+007	218	904	5
7.285e+007	379	904	9
7.29e+007	440	904	10
7.295e+007	264	904	6
7.3e+007	317	904	8
7.305e+007	350	904	8
7.31e+007	434	904	10
7.315e+007	322	904	8
7.32e+007	350	904	8
7.325e+007	255	904	6
7.33e+007	327	904	8
7.335e+007	340	904	8
7.34e+007	313	904	8
7.345e+007	380	904	9
7.35e+007	326	904	8
7.355e+007	279	904	6
7.36e+007	384	904	9
7.365e+007	332	904	8
7.37e+007	358	904	8
7.375e+007	385	904	10
7.38e+007	215	904	5
7.385e+007	345	904	8
7.39e+007	324	904	8
7.395e+007	276	904	6
7.4e+007	331	904	7
7.405e+007	407	904	9
7.41e+007	300	904	7
7.415e+007	297	904	7
7.42e+007	365	904	8
7.425e+007	396	904	9
7.43e+007	244	904	6
7.435e+007	296	904	8
7.44e+007	341	904	8
7.445e+007	326	904	8
7.45e+007	258	904	6
7.455e+007	398	904	9
7.46e+007	249	904	6
7.465e+007	282	904	7
7.47e+007	430	904	10
7.475e+007	254	904	6
7.48e+007	385	904	9
7.485e+007	200	904	5
7.49e+007	298	904	7
7.495e+007	341	904	8
7.5e+007	372	904	9
7.505e+007	307	904	7
7.51e+007	294	904	7
7.515e+007	359	904	8
7.52e+007	289	904	7
7.525e+007	439	904	11
7.53e+007	228	904	6
7.535e+007	297	904	7
7.54e+007	454	904	11
7.545e+007	285	904	7
7.55e+007	307	904	7
7.555e+007	330	904	8
7.56e+007	359	904	8
7.565e+007	314	904	7
7.57e+007	300	904	7
7.575e+007	329	904	8
7.58e+007	216	904	5
7.585e+007	430	904	10
7.59e+007	268	904	6
7.595e+007	332	904	8
7.6e+007	414	904	10
7.605e+007	264	904	6
7.61e+007	353	904	8
7.615e+007	326	904	8
7.62e+007	296	904	7
7.625e+007	288	904	7
7.63e+007	454	904	11
7.635e+007	292	904	7
7.64e+007	203	904	5
7.645e+007	361	904	8
7.65e+007	262	904	6
7.655e+007	347	904	8
7.66e+007	295	904	7
7.665e+007	385	904	9
7.67e+007	280	904	7
7.675e+007	285	904	7
7.68e+007	341	904	8
7.685e+007	254	904	6
7.69e+007	330	904	8
7.695e+007	323	904	8
7.7e+007	353	904	8
7.705e+007	341	904	8
7.71e+007	256	904	6
7.715e+007	343	904	8
7.72e+007	255	904	6
7.725e+007	277	904	7
7.73e+007	439	904	10
7.735e+007	309	904	7
7.74e+007	396	904	9
7.745e+007	295	904	7
7.75e+007	313	904	7
7.755e+007	300	904	7
7.76e+007	258	904	6
7.765e+007	298	904	7
7.77e+007	373	904	9
7.775e+007	309	904	7
7.78e+007	338	904	8
7.785e+007	341	904	8
7.79e+007	394	904	9
7.795e+007	310	904	7
7.8e+007	245	904	6
7.805e+007	402	904	9
7.81e+007	372	904	9
7.815e+007	306	904	7
7.82e+007	361	904	8
7.825e+007	297	904	7
7.83e+007	310	904	7
7.835e+007	402	904	9
7.84e+007	308	904	7
7.845e+007	268	904	6
7.85e+007	335	904	8
7.855e+007	378	904	8
7.86e+007	323	904	8
7.865e+007	328	904	7
7.87e+007	412	904	9
7.875e+007	301	904	7
7.88e+007	312	904	8
7.885e+007	294	904	7
7.89e+007	383	904	9
7.895e+007	408	904	9
7.9e+007	355	904	7
7.905e+007	270	904	6
7.91e+007	351	904	8
7.915e+007	325	904	8
7.92e+007	323	904	8
7.925e+007	311	904	7
7.93e+007	399	904	9
7.935e+007	395	904	9
7.94e+007	380	904	9
7.945e+007	310	904	7
7.95e+007	437	904	10
7.955e+007	336	904	8
7.96e+007	319	904	7
7.965e+007	340	904	8
7.97e+007	470	904	11
7.975e+007	243	904	6
7.98e+007	309	904	7
7.985e+007	341	904	8
7.99e+007	258	904	6
7.995e+007	368	904	9
8e+007	356	904	8
8.005e+007	341	904	8
8.01e+007	274	904	7
8.015e+007	400	904	9
8.02e+007	305	904	7
8.025e+007	252	904	6
8.03e+007	379	904	8
8.035e+007	473	904	11
8.04e+007	272	904	7
8.045e+007	395	904	9
8.05e+007	295	904	7
8.055e+007	314	904	8
8.06e+007	288	904	7
8.065e+007	314	904	7
8.07e+007	384	904	9
8.075e+007	300	904	7
8.08e+007	310	904	7
8.085e+007	295	904	7
8.09e+007	266	904	6
8.095e+007	292	904	7
8.1e+007	477	904	11
8.105e+007	236	904	5
8.11e+007	307	904	7
8.115e+007	377	904	9
8.12e+007	338	904	8
8.125e+007	263	904	6
8.13e+007	381	904	9
8.135e+007	292	904	7
8.14e+007	251	904	6
8.145e+007	355	904	8
8.15e+007	418	904	10
8.155e+007	442	904	10
8.16e+007	416	904	10
8.165e+007	475	904	11
8.17e+007	381	904	9
8.175e+007	417	904	10
8.18e+007	267	904	6
8.185e+007	285	904	7
8.19e+007	227	904	6
8.195e+007	514	904	12
8.2e+007	310	904	7
8.205e+007	312	904	8
8.21e+007	215	904	5
8.215e+007	408	904	10
8.22e+007	303	904	7
8.225e+007	243	904	6
8.23e+007	327	904	8
8.235e+007	247	904	6
8.24e+007	347	904	8
8.245e+007	303	904	7
8.25e+007	260	904	6
8.255e+007	333	904	8
8.26e+007	402	904	9
8.265e+007	408	904	9
8.27e+007	264	904	6
8.275e+007	344	904	8
8.28e+007	260	904	6
8.285e+007	322	904	7
8.29e+007	354	904	8
8.295e+007	309	904	7
8.3e+007	298	904	7
8.305e+007	376	904	9
8.31e+007	295	904	7
8.315e+007	267	904	7
8.32e+007	280	904	7
8.325e+007	358	904	8
8.33e+007	318	904	8
8.335e+007	327	904	8
8.34e+007	276	904	7
8.345e+007	304	904	7
8.35e+007	305	904	7
8.355e+007	314	904	7
8.36e+007	413	904	9
8.365e+007	276	904	6
8.37e+007	430	904	10
8.375e+007	465	904	10
8.38e+007	332	904	8
8.385e+007	393	904	9
8.39e+007	319	904	7
8.395e+007	396	904	9
8.4e+007	476	904	10
8.405e+007	271	904	6
8.41e+007	340	904	8
8.415e+007	343	904	8
8.42e+007	296	904	7
8.425e+007	511	904	12
8.43e+007	252	904	6
8.435e+007	295	904	7
8.44e+007	479	904	11
8.445e+007	258	904	6
8.45e+007	291	904	7
8.455e+007	423	904	10
8.46e+007	245	904	6
8.465e+007	261	904	6
8.47e+007	529	904	12
8.475e+007	261	904	6
8.48e+007	307	904	7
8.485e+007	460	904	11
8.49e+007	313	904	7
8.495e+007	386	904	9
8.5e+007	281	904	6
8.505e+007	382	904	9
8.51e+007	313	904	7
8.515e+007	326	904	8
8.52e+007	385	904	9
8.525e+007	438	904	10
8.53e+007	382	904	9
8.535e+007	262	904	6
8.54e+007	307	904	7
8.545e+007	276	904	7
8.55e+007	329	904	8
8.555e+007	359	904	8
8.56e+007	303	904	7
8.565e+007	388	904	9
8.57e+007	223	904	5
8.575e+007	329	904	8
8.58e+007	258	904	6
8.585e+007	384	904	9
8.59e+007	310	904	7
8.595e+007	335	904	8
8.6e+007	304	904	7
8.605e+007	298	904	7
8.61e+007	313	904	7
8.615e+007	347	904	8
8.62e+007	298	904	7
8.625e+007	261	904	6
8.63e+007	295	904	7
8.635e+007	446	904	11
8.64e+007	255	904	6
8.645e+007	417	904	10
8.65e+007	206	904	5
8.655e+007	284	904	7
8.66e+007	380	904	9
8.665e+007	292	904	7
8.67e+007	247	904	6
8.675e+007	369	904	9
8.68e+007	347	904	8
8.685e+007	340	904	8
8.69e+007	283	904	7
8.695e+007	247	904	6
8.7e+007	388	904	9
8.705e+007	352	904	8
8.71e+007	334	904	8
8.715e+007	255	904	6
8.72e+007	379	904	9
8.725e+007	298	904	7
8.73e+007	417	904	10
8.735e+007	235	904	6
8.74e+007	351	904	8
8.745e+007	441	904	10
8.75e+007	203	904	5
8.755e+007	427	904	10
8.76e+007	280	904	7
8.765e+007	210	904	5
8.77e+007	263	904	6
8.775e+007	381	904	9
8.78e+007	329	904	8
8.785e+007	424	904	10
8.79e+007	264	904	6
8.795e+007	369	904	8
8.8e+007	258	904	6
8.805e+007	325	904	8
8.81e+007	596	904	13
8.815e+007	249	904	6
8.82e+007	388	904	9
8.825e+007	298	904	7
8.83e+007	367	904	9
8.835e+007	375	904	9
8.84e+007	357	904	8
8.845e+007	272	904	6
8.85e+007	357	904	8
8.855e+007	321	904	8
8.86e+007	276	904	6
8.865e+007	401	904	9
8.87e+007	300	904	7
8.875e+007	264	904	6
8.88e+007	343	904	8
8.885e+007	381	904	9
8.89e+007	302	904	7
8.895e+007	431	904	10
8.9e+007	365	904	8
8.905e+007	322	904	7
8.91e+007	310	904	8
8.915e+007	341	904	8
8.92e+007	335	904	8
8.925e+007	246	904	6
8.93e+007	347	904	8
8.935e+007	290	904	7
8.94e+007	374	904	9
8.945e+007	307	904	7
8.95e+007	388	904	9
8.955e+007	194	904	5
8.96e+007	349	904	8
8.965e+007	350	904	8
8.97e+007	340	904	8
8.975e+007	295	904	7
8.98e+007	292	904	7
8.985e+007	384	904	9
8.99e+007	407	904	9
8.995e+007	436	904	10
9e+007	366	904	9
9.005e+007	307	904	7
9.01e+007	329	904	8
9.015e+007	446	904	10
9.02e+007	254	904	6
9.025e+007	430	904	10
9.03e+007	295	904	7
9.035e+007	380	904	9
9.04e+007	279	904	7
9.045e+007	386	904	9
9.05e+007	272	904	6
9.055e+007	334	904	8
9.06e+007	388	904	9
9.065e+007	364	904	8
9.07e+007	384	904	9
9.075e+007	291	904	7
9.08e+007	298	904	7
9.085e+007	239	904	6
9.09e+007	475	904	11
9.095e+007	206	904	5
9.1e+007	385	904	9
9.105e+007	327	904	8
9.11e+007	285	904	7
9.115e+007	335	904	8
9.12e+007	264	904	6
9.125e+007	426	904	10
9.13e+007	286	904	7
9.135e+007	347	904	8
9.14e+007	324	904	8
9.145e+007	429	904	10
9.15e+007	341	904	8
9.155e+007	389	904	9
9.16e+007	280	904	7
9.165e+007	347	904	8
9.17e+007	419	904	10
9.175e+007	303	904	7
9.18e+007	372	904	9
9.185e+007	337	904	8
9.19e+007	299	904	7
9.195e+007	303	904	7
9.2e+007	356	904	8
9.205e+007	362	904	8
9.21e+007	307	904	7
9.215e+007	345	904	8
9.22e+007	438	904	10
9.225e+007	296	904	7
9.23e+007	354	904	8
9.235e+007	291	904	7
9.24e+007	310	904	7
9.245e+007	332	904	8
9.25e+007	365	904	8
9.255e+007	294	904	7
9.26e+007	521	904	12
9.265e+007	209	904	5
9.27e+007	296	904	7
9.275e+007	339	904	8
9.28e+007	216	904	5
9.285e+007	292	904	7
9.29e+007	284	904	7
9.295e+007	411	904	9
9.3e+007	261	904	6
9.305e+007	221	904	5
9.31e+007	313	904	7
9.315e+007	343	904	8
9.32e+007	343	904	8
9.325e+007	302	904	7
9.33e+007	337	904	8
9.335e+007	384	904	9
9.34e+007	301	904	7
9.345e+007	246	904	6
9.35e+007	283	904	7
9.355e+007	322	904	7
9.36e+007	365	904	8
9.365e+007	274	904	7
9.37e+007	368	904	8
9.375e+007	292	904	7
9.38e+007	398	904	9
9.385e+007	325	904	8
9.39e+007	390	904	9
9.395e+007	328	904	8
9.4e+007	347	904	7
9.405e+007	374	904	8
9.41e+007	270	904	6
9.415e+007	326	904	8
9.42e+007	286	904	7
9.425e+007	307	904	7
9.43e+007	451	904	10
9.435e+007	257	904	6
9.44e+007	286	904	7
9.445e+007	377	904	9
9.45e+007	295	904	7
9.455e+007	300	904	7
9.46e+007	447	904	10
9.465e+007	251	904	6
9.47e+007	502	904	12
9.475e+007	262	904	6
9.48e+007	455	904	11
9.485e+007	261	904	6
9.49e+007	427	904	10
9.495e+007	350	904	8
9.5e+007	273	904	6
9.505e+007	397	904	9
9.51e+007	338	904	8
9.515e+007	381	904	9
9.52e+007	326	904	8
9.525e+007	313	904	7
9.53e+007	262	904	6
9.535e+007	343	904	8
9.54e+007	307	904	7
9.545e+007	383	904	9
9.55e+007	314	904	7
9.555e+007	329	904	8
9.56e+007	317	904	8
9.565e+007	282	904	7
9.57e+007	332	904	8
9.575e+007	404	904	9
9.58e+007	301	904	7
9.585e+007	277	904	7
9.59e+007	302	904	7
9.595e+007	291	904	7
9.6e+007	347	904	8
9.605e+007	350	904	8
9.61e+007	298	904	7
9.615e+007	310	904	7
9.62e+007	426	904	10
9.625e+007	393	904	9
9.63e+007	328	904	8
9.635e+007	404	904	9
9.64e+007	308	904	7
9.645e+007	304	904	7
9.65e+007	293	904	7
9.655e+007	280	904	7
9.66e+007	360	904	8
9.665e+007	342	904	8
9.67e+007	264	904	6
9.675e+007	395	904	9
9.68e+007	295	904	7
9.685e+007	389	904	9
9.69e+007	224	904	5
9.695e+007	426	904	10
9.7e+007	304	904	7
9.705e+007	308	904	7
9.71e+007	319	904	8
9.715e+007	347	904	8
9.72e+007	249	904	6
9.725e+007	341	904	8
9.73e+007	293	904	7
9.735e+007	289	904	7
9.74e+007	368	904	9
9.745e+007	260	904	6
9.75e+007	351	904	8
9.755e+007	356	904	8
9.76e+007	215	904	5
9.765e+007	405	904	10
9.77e+007	244	904	6
9.775e+007	203	904	5
9.78e+007	271	904	7
9.785e+007	337	904	8
9.79e+007	391	904	9
9.795e+007	423	904	10
9.8e+007	270	904	6
9.805e+007	330	904	8
9.81e+007	293	904	7
9.815e+007	426	904	10
9.82e+007	364	904	8
9.825e+007	331	904	8
9.83e+007	287	904	7
9.835e+007	301	904	7
9.84e+007	261	904	6
9.845e+007	455	904	11
9.85e+007	243	904	6
9.855e+007	266	904	6
9.86e+007	299	904	7
9.865e+007	419	904	9
9.87e+007	338	904	8
9.875e+007	271	904	6
9.88e+007	341	904	7
9.885e+007	289	904	7
9.89e+007	286	904	7
9.895e+007	310	904	7
9.9e+007	472	904	11
9.905e+007	306	904	7
9.91e+007	403	904	9
9.915e+007	264	904	6
9.92e+007	344	904	8
9.925e+007	339	904	8
9.93e+007	255	904	6
9.935e+007	327	904	8
9.94e+007	393	904	9
9.945e+007	350	904	8
9.95e+007	263	904	6
9.955e+007	439	904	10
9.96e+007	257	904	6
9.965e+007	350	904	8
9.97e+007	290	904	7
9.975e+007	262	904	6
9.98e+007	434	904	10
9.985e+007	271	904	6
9.99e+007	385	904	9
9.995e+007	381	904	9
1e+008	341	904	8
1.0005e+008	445	904	10
1.001e+008	298	904	7
1.0015e+008	228	904	6
1.002e+008	424	904	10
1.0025e+008	391	904	9
1.003e+008	272	904	6
1.0035e+008	380	904	9
1.004e+008	329	904	8
1.0045e+008	250	904	6
1.005e+008	252	904	6
1.0055e+008	416	904	10
1.006e+008	259	904	6
1.0065e+008	317	904	8
1.007e+008	346	904	8
1.0075e+008	363	904	8
1.008e+008	321	904	7
1.0085e+008	350	904	8
1.009e+008	211	904	5
1.0095e+008	341	904	8
1.01e+008	329	904	8
1.0105e+008	335	904	8
1.011e+008	234	904	6
1.0115e+008	337	904	8
1.012e+008	261	904	6
1.0125e+008	379	904	9
1.013e+008	279	904	6
1.0135e+008	345	904	8
1.014e+008	309	904	7
1.0145e+008	343	904	8
1.015e+008	310	904	7
1.0155e+008	280	904	7
1.016e+008	313	904	7
1.0165e+008	283	904	7
1.017e+008	435	904	10
1.0175e+008	293	904	7
1.018e+008	401	904	9
1.0185e+008	304	904	7
1.019e+008	432	904	10
1.0195e+008	205	904	5
1.02e+008	516	904	12
1.0205e+008	287	904	7
1.021e+008	377	904	9
1.0215e+008	427	904	10
1.022e+008	329	904	8
1.0225e+008	256	904	6
1.023e+008	401	904	9
1.0235e+008	310	904	7
1.024e+008	372	904	9
1.0245e+008	291	904	7
1.025e+008	478	904	11
1.0255e+008	334	904	8
1.026e+008	391	904	9
1.0265e+008	243	904	6
1.027e+008	320	904	8
1.0275e+008	432	904	10
1.028e+008	219	904	5
1.0285e+008	295	904	7
1.029e+008	316	904	8
1.0295e+008	203	904	5
1.03e+008	335	904	8
1.0305e+008	369	904	9
1.031e+008	390	904	9
1.0315e+008	292	904	7
1.032e+008	338	904	8
1.0325e+008	299	904	7
1.033e+008	293	904	7
1.0335e+008	396	904	9
1.034e+008	234	904	6
1.0345e+008	346	904	8
1.035e+008	340	904	8
1.0355e+008	306	904	7
1.036e+008	433	904	10
1.0365e+008	316	904	7
1.037e+008	448	904	10
1.0375e+008	401	904	9
1.038e+008	391	904	9
1.0385e+008	246	904	6
1.039e+008	394	904	9
1.0395e+008	301	904	7
1.04e+008	341	904	8
1.0405e+008	398	904	9
1.041e+008	327	904	7
1.0415e+008	244	904	6
1.042e+008	391	904	9
1.0425e+008	309	904	7
1.043e+008	253	904	6
1.0435e+008	269	904	6
1.044e+008	310	904	8
1.0445e+008	315	904	8
1.045e+008	293	904	7
1.0455e+008	312	904	7
1.046e+008	335	904	8
1.0465e+008	440	904	10
1.047e+008	297	904	7
1.0475e+008	323	904	8
1.048e+008	368	904	9
1.0485e+008	356	904	8
1.049e+008	325	904	8
1.0495e+008	318	904	7
1.05e+008	254	904	6
1.0505e+008	376	904	9
1.051e+008	245	904	6
1.0515e+008	353	904	8
1.052e+008	215	904	5
1.0525e+008	348	904	9
1.053e+008	353	904	8
1.0535e+008	326	904	8
1.054e+008	291	904	7
1.0545e+008	269	904	6
1.055e+008	294	904	7
1.0555e+008	295	904	7
1.056e+008	322	904	7
1.0565e+008	337	904	8
1.057e+008	292	904	7
1.0575e+008	300	904	7
1.058e+008	435	904	10
1.0585e+008	218	904	5
1.059e+008	343	904	8
1.0595e+008	435	904	10
1.06e+008	301	904	7
1.0605e+008	348	904	8
1.061e+008	401	904	9
1.0615e+008	300	904	7
1.062e+008	380	904	9
1.0625e+008	293	904	7
1.063e+008	388	904	9
1.0635e+008	252	904	6
1.064e+008	255	904	6
1.0645e+008	339	904	8
1.065e+008	331	904	8
1.0655e+008	283	904	7
1.066e+008	288	904	7
1.0665e+008	389	904	9
1.067e+008	310	904	7
1.0675e+008	552	904	13
1.068e+008	240	904	6
1.0685e+008	392	904	9
1.069e+008	258	904	6
1.0695e+008	410	904	9
1.07e+008	301	904	7
1.0705e+008	341	904	8
1.071e+008	335	904	8
1.0715e+008	383	904	9
1.072e+008	301	904	7
1.0725e+008	326	904	8
1.073e+008	360	904	9
1.0735e+008	362	904	9
1.074e+008	317	904	8
1.0745e+008	301	904	7
1.075e+008	320	904	8
1.0755e+008	317	904	7
1.076e+008	354	904	8
1.0765e+008	350	904	8
1.077e+008	310	904	7
1.0775e+008	348	904	8
1.078e+008	408	904	9
1.0785e+008	262	904	6
1.079e+008	336	904	8
1.0795e+008	351	904	9
1.08e+008	215	904	5
1.0805e+008	327	904	8
1.081e+008	288	904	7
1.0815e+008	391	904	9
1.082e+008	392	904	9
1.0825e+008	307	904	7
1.083e+008	335	904	8
1.0835e+008	255	904	6
1.084e+008	457	904	10
1.0845e+008	246	904	6
1.085e+008	357	904	9
1.0855e+008	304	904	7
1.086e+008	307	904	7
1.0865e+008	262	904	6
1.087e+008	400	904	9
1.0875e+008	352	904	8
1.088e+008	280	904	7
1.0885e+008	334	904	7
1.089e+008	351	904	8
1.0895e+008	282	904	7
1.09e+008	271	904	6
1.0905e+008	463	904	10
1.091e+008	344	904	7
1.0915e+008	314	904	7
1.092e+008	254	904	6
1.0925e+008	256	904	6
1.093e+008	375	904	9
1.0935e+008	342	904	8
1.094e+008	318	904	7
1.0945e+008	244	904	6
1.095e+008	368	904	9
1.0955e+008	206	904	5
1.096e+008	340	904	8
1.0965e+008	296	904	7
1.097e+008	316	904	8
1.0975e+008	382	904	9
1.098e+008	381	904	9
1.0985e+008	399	904	9
1.099e+008	264	904	6
1.0995e+008	357	904	9
1.1e+008	352	904	8
1.1005e+008	342	904	8
1.101e+008	355	904	8
1.1015e+008	407	904	10
1.102e+008	348	904	8
1.1025e+008	310	904	7
1.103e+008	340	904	8
1.1035e+008	377	904	8
1.104e+008	494	904	11
1.1045e+008	393	904	9
1.105e+008	380	904	9
1.1055e+008	195	904	5
1.106e+008	408	904	9
1.1065e+008	292	904	7
1.107e+008	346	904	8
1.1075e+008	342	904	8
1.108e+008	307	904	7
1.1085e+008	335	904	8
1.109e+008	292	904	7
1.1095e+008	294	904	7
1.11e+008	378	904	9
1.1105e+008	257	904	6
1.111e+008	292	904	7
1.1115e+008	375	904	9
1.112e+008	308	904	7
1.1125e+008	341	904	8
1.113e+008	316	904	7
1.1135e+008	298	904	7
1.114e+008	340	904	8
1.1145e+008	474	904	11
1.115e+008	397	904	9
1.1155e+008	291	904	7
1.116e+008	267	904	6
1.1165e+008	395	904	9
1.117e+008	354	904	8
1.1175e+008	237	904	6
1.118e+008	376	904	9
1.1185e+008	298	904	7
1.119e+008	338	904	8
1.1195e+008	242	904	6
1.12e+008	358	904	8
1.1205e+008	338	904	8
1.121e+008	240	904	6
1.1215e+008	387	904	9
1.122e+008	426	904	10
1.1225e+008	301	904	7
1.123e+008	341	904	8
1.1235e+008	429	904	10
1.124e+008	270	904	6
1.1245e+008	350	904	8
1.125e+008	373	904	9
1.1255e+008	322	904	8
1.126e+008	339	904	8
1.1265e+008	257	904	6
1.127e+008	302	904	7
1.1275e+008	353	904	8
1.128e+008	482	904	11
1.1285e+008	466	904	11
1.129e+008	261	904	6
1.1295e+008	203	904	5
1.13e+008	394	904	9
1.1305e+008	345	904	8
1.131e+008	336	904	8
1.1315e+008	428	904	10
1.132e+008	301	904	7
1.1325e+008	425	904	10
1.133e+008	383	904	9
1.1335e+008	292	904	7
1.134e+008	365	904	9
1.1345e+008	342	904	8
1.135e+008	339	904	8
1.1355e+008	254	904	6
1.136e+008	336	904	8
1.1365e+008	327	904	8
1.137e+008	413	904	9
1.1375e+008	413	904	9
1.138e+008	335	904	8
1.1385e+008	480	904	10
1.139e+008	226	904	5
1.1395e+008	346	904	8
1.14e+008	249	904	6
1.1405e+008	304	904	7
1.141e+008	285	904	6
1.1415e+008	290	904	6
1.142e+008	372	904	9
1.1425e+008	252	904	6
1.143e+008	446	904	10
1.1435e+008	337	904	8
1.144e+008	329	904	8
1.1445e+008	359	904	9
1.145e+008	292	904	7
1.1455e+008	306	904	7
1.146e+008	325	904	8
1.1465e+008	362	904	8
1.147e+008	247	904	6
1.1475e+008	362	904	8
1.148e+008	293	904	7
1.1485e+008	243	904	6
1.149e+008	304	904	7
1.1495e+008	329	904	8
1.15e+008	335	904	8
1.1505e+008	387	904	9
1.151e+008	294	904	7
1.1515e+008	392	904	9
1.152e+008	256	904	6
1.1525e+008	314	904	7
1.153e+008	346	904	8
1.1535e+008	339	904	8
1.154e+008	363	904	9
1.1545e+008	255	904	6
1.155e+008	299	904	7
1.1555e+008	307	904	7
1.156e+008	524	904	12
1.1565e+008	313	904	7
1.157e+008	311	904	7
1.1575e+008	293	904	7
1.158e+008	283	904	7
1.1585e+008	328	904	8
1.159e+008	254	904	6
1.1595e+008	287	904	7
1.16e+008	419	904	10
1.1605e+008	360	904	9
1.161e+008	319	904	7
1.1615e+008	289	904	7
1.162e+008	253	904	6
1.1625e+008	518	904	12
1.163e+008	266	904	6
1.1635e+008	339	904	8
1.164e+008	492	904	11
1.1645e+008	208	904	5
1.165e+008	458	904	11
1.1655e+008	249	904	6
1.166e+008	255	904	6
1.1665e+008	391	904	9
1.167e+008	341	904	8
1.1675e+008	366	904	9
1.168e+008	299	904	7
1.1685e+008	373	904	9
1.169e+008	335	904	8
1.1695e+008	297	904	7
1.17e+008	375	904	9
1.1705e+008	386	904	9
1.171e+008	304	904	7
1.1715e+008	289	904	7
1.172e+008	382	904	9
1.1725e+008	322	904	7
1.173e+008	295	904	7
1.1735e+008	340	904	8
1.174e+008	333	904	8
1.1745e+008	319	904	7
1.175e+008	298	904	7
1.1755e+008	438	904	10
1.176e+008	245	904	6
1.1765e+008	310	904	7
1.177e+008	300	904	7
1.1775e+008	301	904	7
1.178e+008	396	904	9
1.1785e+008	280	904	7
1.179e+008	309	904	7
1.1795e+008	227	904	5
1.18e+008	373	904	9
1.1805e+008	314	904	8
1.181e+008	218	904	5
1.1815e+008	426	904	10
1.182e+008	330	904	8
1.1825e+008	326	904	8
1.183e+008	362	904	8
1.1835e+008	399	904	9
1.184e+008	257	904	6
1.1845e+008	298	904	7
1.185e+008	303	904	7
1.1855e+008	355	904	8
1.186e+008	328	904	8
1.1865e+008	305	904	7
1.187e+008	423	904	9
1.1875e+008	367	904	8
1.188e+008	345	904	8
1.1885e+008	305	904	7
1.189e+008	258	904	6
1.1895e+008	383	904	9
1.19e+008	223	904	5
1.1905e+008	473	904	11
1.191e+008	327	904	7
1.1915e+008	355	904	8
1.192e+008	313	904	7
1.1925e+008	273	904	6
1.193e+008	384	904	9
1.1935e+008	389	904	9
1.194e+008	361	904	8
1.1945e+008	348	904	8
1.195e+008	349	904	8
1.1955e+008	301	904	7
1.196e+008	308	904	7
1.1965e+008	427	904	10
1.197e+008	337	904	8
1.1975e+008	264	904	6
1.198e+008	391	904	9
1.1985e+008	248	904	6
1.199e+008	507	904	12
1.1995e+008	382	904	9
1.2e+008	224	904	5
1.2005e+008	396	904	9
1.201e+008	286	904	7
1.2015e+008	410	904	9
1.202e+008	203	904	5
1.2025e+008	347	904	8
1.203e+008	509	904	12
1.2035e+008	208	904	5
1.204e+008	407	904	10
1.2045e+008	254	904	6
1.205e+008	387	904	9
1.2055e+008	352	904	8
1.206e+008	296	904	7
1.2065e+008	355	904	8
1.207e+008	336	904	8
1.2075e+008	401	904	9
1.208e+008	304	904	7
1.2085e+008	355	904	8
1.209e+008	332	904	8
1.2095e+008	319	904	7
1.21e+008	348	904	8
1.2105e+008	363	904	8
1.211e+008	370	904	9
1.2115e+008	258	904	6
1.212e+008	244	904	6
1.2125e+008	254	904	6
1.213e+008	338	904	8
1.2135e+008	349	904	8
1.214e+008	292	904	7
1.2145e+008	320	904	8
1.215e+008	363	904	9
1.2155e+008	242	904	6
1.216e+008	286	904	7
1.2165e+008	356	904	9
1.217e+008	313	904	7
1.2175e+008	249	904	6
1.218e+008	388	904	9
1.2185e+008	284	904	7
1.219e+008	287	904	7
1.2195e+008	408	904	9
1.22e+008	273	904	7
1.2205e+008	342	904	8
1.221e+008	322	904	7
1.2215e+008	415	904	10
1.222e+008	253	904	6
1.2225e+008	269	904	6
1.223e+008	405	904	9
1.2235e+008	353	904	8
1.224e+008	408	904	9
1.2245e+008	299	904	7
1.225e+008	342	904	8
1.2255e+008	283	904	7
1.226e+008	253	904	6
1.2265e+008	311	904	8
1.227e+008	361	904	8
1.2275e+008	342	904	8
1.228e+008	387	904	9
1.2285e+008	244	904	6
1.229e+008	249	904	6
1.2295e+008	295	904	7
1.23e+008	327	904	8
1.2305e+008	235	904	6
1.231e+008	352	904	8
1.2315e+008	315	904	8
1.232e+008	375	904	9
1.2325e+008	289	904	7
1.233e+008	347	904	8
1.2335e+008	378	904	9
1.234e+008	264	904	6
1.2345e+008	337	904	8
1.235e+008	301	904	7
1.2355e+008	356	904	8
1.236e+008	290	904	7
1.2365e+008	369	904	9
1.237e+008	356	904	8
1.2375e+008	264	904	6
1.238e+008	381	904	8
1.2385e+008	284	904	7
1.239e+008	315	904	7
1.2395e+008	386	904	9
1.24e+008	301	904	7
1.2405e+008	316	904	7
1.241e+008	313	904	7
1.2415e+008	320	904	7
1.242e+008	324	904	7
1.2425e+008	287	904	7
1.243e+008	286	904	7
1.2435e+008	339	904	8
1.244e+008	433	904	10
1.2445e+008	350	904	8
1.245e+008	383	904	9
1.2455e+008	335	904	8
1.246e+008	273	904	6
1.2465e+008	299	904	7
1.247e+008	474	904	11
1.2475e+008	344	904	8
1.248e+008	267	904	6
1.2485e+008	258	904	6
1.249e+008	384	904	9
1.2495e+008	344	904	8
1.25e+008	341	904	8
1.2505e+008	239	904	5
1.251e+008	350	904	8
1.2515e+008	381	904	9
1.252e+008	252	904	6
1.2525e+008	292	904	7
1.253e+008	391	904	9
1.2535e+008	298	904	7
1.254e+008	464	904	11
1.2545e+008	256	904	6
1.255e+008	340	904	8
1.2555e+008	293	904	7
1.256e+008	243	904	6
1.2565e+008	442	904	10
1.257e+008	338	904	8
1.2575e+008	283	904	7
1.258e+008	335	904	8
1.2585e+008	394	904	9
1.259e+008	261	904	6
1.2595e+008	481	904	11
1.26e+008	278	904	7
1.2605e+008	322	904	7
1.261e+008	294	904	7
1.2615e+008	260	904	6
1.262e+008	381	904	9
1.2625e+008	212	904	5
1.263e+008	334	904	8
1.2635e+008	415	904	9
1.264e+008	326	904	8
1.2645e+008	405	904	9
1.265e+008	360	904	9
1.2655e+008	353	904	8
1.266e+008	329	904	8
1.2665e+008	313	904	7
1.267e+008	299	904	7
1.2675e+008	304	904	7
1.268e+008	353	904	8
1.2685e+008	325	904	8
1.269e+008	252	904	6
1.2695e+008	315	904	7
1.27e+008	295	904	7
1.2705e+008	305	904	7
1.271e+008	309	904	7
1.2715e+008	427	904	10
1.272e+008	264	904	6
1.2725e+008	465	904	11
1.273e+008	248	904	6
1.2735e+008	391	904	9
1.274e+008	293	904	7
1.2745e+008	295	904	7
1.275e+008	295	904	7
1.2755e+008	342	904	8
1.276e+008	368	904	9
1.2765e+008	243	904	6
1.277e+008	255	904	6
1.2775e+008	389	904	9
1.278e+008	209	904	5
1.2785e+008	356	904	9
1.279e+008	346	904	8
1.2795e+008	351	904	8
1.28e+008	362	904	8
1.2805e+008	278	904	7
1.281e+008	300	904	7
1.2815e+008	263	904	6
1.282e+008	280	904	7
1.2825e+008	336	904	8
1.283e+008	286	904	7
1.2835e+008	403	904	9
1.284e+008	316	904	7
1.2845e+008	332	904	8
1.285e+008	249	904	6
1.2855e+008	295	904	7
1.286e+008	429	904	10
1.2865e+008	258	904	6
1.287e+008	333	904	8
1.2875e+008	407	904	9
1.288e+008	381	904	8
1.2885e+008	345	904	8
1.289e+008	312	904	7
1.2895e+008	269	904	6
1.29e+008	355	904	8
1.2905e+008	384	904	9
1.291e+008	314	904	7
1.2915e+008	420	904	9
1.292e+008	377	904	8
1.2925e+008	442	904	10
1.293e+008	228	904	6
1.2935e+008	393	904	9
1.294e+008	407	904	9
1.2945e+008	227	904	6
1.295e+008	419	904	10
1.2955e+008	390	904	9
1.296e+008	231	904	6
1.2965e+008	305	904	8
1.297e+008	244	904	6
1.2975e+008	334	904	8
1.298e+008	350	904	8
1.2985e+008	312	904	7
1.299e+008	349	904	8
1.2995e+008	310	904	7
1.3e+008	329	904	8
1.3005e+008	344	904	8
1.301e+008	258	904	6
1.3015e+008	356	904	9
1.302e+008	371	904	9
1.3025e+008	352	904	8
1.303e+008	308	904	7
1.3035e+008	259	904	6
1.304e+008	311	904	7
1.3045e+008	303	904	7
1.305e+008	390	904	9
1.3055e+008	317	904	7
1.306e+008	285	904	7
1.3065e+008	250	904	6
1.307e+008	287	904	7
1.3075e+008	388	904	9
1.308e+008	298	904	7
1.3085e+008	316	904	8
1.309e+008	298	904	7
1.3095e+008	258	904	6
1.31e+008	405	904	9
1.3105e+008	368	904	8
1.311e+008	321	904	8
1.3115e+008	246	904	6
1.312e+008	372	904	9
1.3125e+008	262	904	6
1.313e+008	261	904	6
1.3135e+008	305	904	8
1.314e+008	439	904	10
1.3145e+008	181	904	5
1.315e+008	396	904	9
1.3155e+008	295	904	7
1.316e+008	288	904	7
1.3165e+008	375	904	9
1.317e+008	274	904	7
1.3175e+008	342	904	8
1.318e+008	317	904	8
1.3185e+008	516	904	12
1.319e+008	225	904	6
1.3195e+008	304	904	7
1.32e+008	283	904	7
1.3205e+008	291	904	7
1.321e+008	353	904	8
1.3215e+008	350	904	8
1.322e+008	357	904	9
1.3225e+008	351	904	9
1.323e+008	342	904	8
1.3235e+008	413	904	9
1.324e+008	351	904	8
1.3245e+008	397	904	9
1.325e+008	251	904	6
1.3255e+008	274	904	7
1.326e+008	462	904	11
1.3265e+008	216	904	5
1.327e+008	362	904	8
1.3275e+008	264	904	6
1.328e+008	344	904	8
1.3285e+008	289	904	7
1.329e+008	242	904	6
1.3295e+008	351	904	8
1.33e+008	341	904	8
1.3305e+008	276	904	6
1.331e+008	410	904	9
1.3315e+008	212	904	5
1.332e+008	455	904	11
1.3325e+008	335	904	8
1.333e+008	290	904	7
1.3335e+008	326	904	8
1.334e+008	263	904	6
1.3345e+008	329	904	8
1.335e+008	313	904	7
1.3355e+008	309	904	7
1.336e+008	433	904	10
1.3365e+008	357	904	8
1.337e+008	404	904	10
1.3375e+008	312	904	7
1.338e+008	313	904	7
1.3385e+008	430	904	10
1.339e+008	396	904	9
1.3395e+008	445	904	9
1.34e+008	271	904	7
1.3405e+008	250	904	6
1.341e+008	369	904	9
1.3415e+008	412	904	9
1.342e+008	492	904	11
1.3425e+008	371	904	8
1.343e+008	206	904	5
1.3435e+008	390	904	9
1.344e+008	351	904	8
1.3445e+008	346	904	8
1.345e+008	475	904	11
1.3455e+008	292	904	7
1.346e+008	385	904	9
1.3465e+008	292	904	7
1.347e+008	292	904	7
1.3475e+008	421	904	10
1.348e+008	296	904	7
1.3485e+008	303	904	7
1.349e+008	273	904	6
1.3495e+008	341	904	8
1.35e+008	373	904	9
1.3505e+008	215	904	5
1.351e+008	463	904	11
1.3515e+008	427	904	10
1.352e+008	339	904	8
1.3525e+008	356	904	8
1.353e+008	365	904	8
1.3535e+008	395	904	9
1.354e+008	332	904	8
1.3545e+008	373	904	9
1.355e+008	305	904	7
1.3555e+008	312	904	7
1.356e+008	337	904	8
1.3565e+008	348	904	8
1.357e+008	307	904	7
1.3575e+008	382	904	9
1.358e+008	202	904	5
1.3585e+008	323	904	8
1.359e+008	396	904	9
1.3595e+008	373	904	9
1.36e+008	306	904	7
1.3605e+008	339	904	8
1.361e+008	362	904	8
1.3615e+008	292	904	7
1.362e+008	380	904	9
1.3625e+008	200	904	5
1.363e+008	301	904	7
1.3635e+008	291	904	7
1.364e+008	312	904	7
1.3645e+008	364	904	8
1.365e+008	312	904	7
1.3655e+008	299	904	7
1.366e+008	346	904	8
1.3665e+008	365	904	8
1.367e+008	256	904	6
1.3675e+008	249	904	6
1.368e+008	424	904	10
1.3685e+008	255	904	6
1.369e+008	413	904	9
1.3695e+008	235	904	6
1.37e+008	479	904	11
1.3705e+008	206	904	5
1.371e+008	308	904	7
1.3715e+008	258	904	6
1.372e+008	442	904	10
1.3725e+008	331	904	8
1.373e+008	305	904	7
1.3735e+008	259	904	6
1.374e+008	328	904	8
1.3745e+008	400	904	9
1.375e+008	285	904	7
1.3755e+008	339	904	8
1.376e+008	297	904	7
1.3765e+008	303	904	7
1.377e+008	307	904	7
1.3775e+008	467	904	11
1.378e+008	362	904	8
1.3785e+008	205	904	5
1.379e+008	388	904	9
1.3795e+008	272	904	6
1.38e+008	300	904	7
1.3805e+008	421	904	10
1.381e+008	321	904	7
1.3815e+008	373	904	9
1.382e+008	407	904	9
1.3825e+008	349	904	8
1.383e+008	360	904	9
1.3835e+008	286	904	7
1.384e+008	295	904	7
1.3845e+008	341	904	8
1.385e+008	298	904	7
1.3855e+008	422	904	10
1.386e+008	286	904	7
1.3865e+008	310	904	7
1.387e+008	271	904	7
1.3875e+008	285	904	6
1.388e+008	362	904	8
1.3885e+008	248	904	6
1.389e+008	252	904	6
1.3895e+008	393	904	9
1.39e+008	379	904	9
1.3905e+008	347	904	8
1.391e+008	306	904	7
1.3915e+008	393	904	9
1.392e+008	273	904	7
1.3925e+008	247	904	6
1.393e+008	396	904	9
1.3935e+008	252	904	6
1.394e+008	378	904	9
1.3945e+008	243	904	6
1.395e+008	368	904	8
1.3955e+008	379	904	9
1.396e+008	327	904	8
1.3965e+008	298	904	7
1.397e+008	288	904	7
1.3975e+008	288	904	7
1.398e+008	244	904	6
1.3985e+008	285	904	7
1.399e+008	345	904	8
1.3995e+008	292	904	7
1.4e+008	350	904	8
1.4005e+008	327	904	8
1.401e+008	306	904	7
1.4015e+008	424	904	10
1.402e+008	384	904	9
1.4025e+008	255	904	6
1.403e+008	412	904	9
1.4035e+008	420	904	9
1.404e+008	320	904	8
1.4045e+008	332	904	8
1.405e+008	295	904	7
1.4055e+008	356	904	8
1.406e+008	403	904	10
1.4065e+008	271	904	6
1.407e+008	250	904	6
1.4075e+008	368	904	8
1.408e+008	243	904	6
1.4085e+008	339	904	8
1.409e+008	387	904	9
1.4095e+008	353	904	8
1.41e+008	417	904	10
1.4105e+008	329	904	8
1.411e+008	266	904	6
1.4115e+008	335	904	8
1.412e+008	252	904	6
1.4125e+008	330	904	8
1.413e+008	305	904	7
1.4135e+008	377	904	8
1.414e+008	365	904	8
1.4145e+008	389	904	9
1.415e+008	380	904	9
1.4155e+008	356	904	9
1.416e+008	212	904	5
1.4165e+008	387	904	9
1.417e+008	391	904	9
1.4175e+008	375	904	9
1.418e+008	261	904	6
1.4185e+008	338	904	8
1.419e+008	464	904	11
1.4195e+008	265	904	6
1.42e+008	372	904	9
1.4205e+008	366	904	8
1.421e+008	313	904	7
1.4215e+008	243	904	6
1.422e+008	477	904	11
1.4225e+008	295	904	7
1.423e+008	299	904	7
1.4235e+008	401	904	9
1.424e+008	294	904	7
1.4245e+008	346	904	8
1.425e+008	290	904	7
1.4255e+008	245	904	6
1.426e+008	292	904	7
1.4265e+008	286	904	7
1.427e+008	295	904	7
1.4275e+008	296	904	7
1.428e+008	349	904	9
1.4285e+008	243	904	6
1.429e+008	303	904	7
1.4295e+008	304	904	7
1.43e+008	299	904	7
1.4305e+008	397	904	9
1.431e+008	338	904	8
1.4315e+008	328	904	8
1.432e+008	357	904	8
1.4325e+008	318	904	7
1.433e+008	248	904	6
1.4335e+008	279	904	7
1.434e+008	360	904	9
1.4345e+008	405	904	9
1.435e+008	362	904	9
1.4355e+008	377	904	9
1.436e+008	257	904	6
1.4365e+008	303	904	7
1.437e+008	243	904	6
1.4375e+008	410	904	9
1.438e+008	387	904	9
1.4385e+008	313	904	7
1.439e+008	325	904	8
1.4395e+008	314	904	8
1.44e+008	224	904	5
1.4405e+008	421	904	10
1.441e+008	337	904	8
1.4415e+008	370	904	8
1.442e+008	255	904	6
1.4425e+008	387	904	9
1.443e+008	309	904	7
1.4435e+008	335	904	8
1.444e+008	244	904	6
1.4445e+008	418	904	10
1.445e+008	316	904	7
1.4455e+008	336	904	8
1.446e+008	331	904	8
1.4465e+008	277	904	7
1.447e+008	322	904	8
1.4475e+008	317	904	8
1.448e+008	385	904	9
1.4485e+008	332	904	8
1.449e+008	408	904	9
1.4495e+008	249	904	6
1.45e+008	320	904	7
1.4505e+008	393	904	9
1.451e+008	326	904	8
1.4515e+008	437	904	10
1.452e+008	521	904	12
1.4525e+008	320	904	8
1.453e+008	301	904	7
1.4535e+008	318	904	7
1.454e+008	298	904	7
1.4545e+008	334	904	8
1.455e+008	376	904	8
1.4555e+008	340	904	8
1.456e+008	296	904	7
1.4565e+008	391	904	9
1.457e+008	345	904	8
1.4575e+008	227	904	5
1.458e+008	362	904	8
1.4585e+008	376	904	9
1.459e+008	395	904	9
1.4595e+008	243	904	6
1.46e+008	304	904	7
1.4605e+008	423	904	10
1.461e+008	292	904	7
1.4615e+008	334	904	8
1.462e+008	341	904	8
1.4625e+008	286	904	7
1.463e+008	340	904	8
1.4635e+008	240	904	6
1.464e+008	342	904	8
1.4645e+008	298	904	7
1.465e+008	421	904	10
1.4655e+008	248	904	6
1.466e+008	382	904	9
1.4665e+008	341	904	8
1.467e+008	341	904	8
1.4675e+008	304	904	7
1.468e+008	304	904	7
1.4685e+008	374	904	9
1.469e+008	334	904	8
1.4695e+008	338	904	8
1.47e+008	336	904	8
1.4705e+008	276	904	6
1.471e+008	374	904	9
1.4715e+008	351	904	8
1.472e+008	301	904	7
1.4725e+008	374	904	9
1.473e+008	325	904	8
1.4735e+008	251	904	6
1.474e+008	343	904	8
1.4745e+008	389	904	9
1.475e+008	200	904	5
1.4755e+008	406	904	10
1.476e+008	313	904	7
1.4765e+008	451	904	11
1.477e+008	203	904	5
1.4775e+008	303	904	7
1.478e+008	331	904	8
1.4785e+008	453	904	10
1.479e+008	356	904	8
1.4795e+008	297	904	7
1.48e+008	238	904	6
1.4805e+008	301	904	7
1.481e+008	383	904	9
1.4815e+008	298	904	7
1.482e+008	306	904	7
1.4825e+008	287	904	7
1.483e+008	391	904	9
1.4835e+008	344	904	8
1.484e+008	214	904	5
1.4845e+008	276	904	7
1.485e+008	249	904	6
1.4855e+008	443	904	10
1.486e+008	252	904	6
1.4865e+008	307	904	7
1.487e+008	294	904	7
1.4875e+008	340	904	8
1.488e+008	405	904	9
1.4885e+008	327	904	8
1.489e+008	278	904	6
1.4895e+008	375	904	9
1.49e+008	380	904	9
1.4905e+008	420	904	10
1.491e+008	441	904	10
1.4915e+008	388	904	9
1.492e+008	298	904	7
1.4925e+008	364	904	9
1.493e+008	338	904	8
1.4935e+008	288	904	6
1.494e+008	245	904	6
1.4945e+008	427	904	10
1.495e+008	357	904	8
1.4955e+008	343	904	8
1.496e+008	242	904	6
1.4965e+008	387	904	9
1.497e+008	248	904	6
1.4975e+008	336	904	8
1.498e+008	282	904	7
1.4985e+008	302	904	7
1.499e+008	422	904	10
1.4995e+008	236	904	6
1.5e+008	334	904	8
1.5005e+008	380	904	9
1.501e+008	356	904	8
1.5015e+008	276	904	7
1.502e+008	368	904	8
1.5025e+008	336	904	8
1.503e+008	312	904	7
1.5035e+008	318	904	8
1.504e+008	266	904	6
1.5045e+008	243	904	6
1.505e+008	255	904	6
1.5055e+008	402	904	9
1.506e+008	332	904	8
1.5065e+008	332	904	8
1.507e+008	361	904	9
1.5075e+008	395	904	9
1.508e+008	386	904	8
1.5085e+008	388	904	9
1.509e+008	391	904	9
1.5095e+008	206	904	5
1.51e+008	411	904	10
1.5105e+008	381	904	9
1.511e+008	266	904	6
1.5115e+008	383	904	9
1.512e+008	234	904	6
1.5125e+008	362	904	9
1.513e+008	354	904	8
1.5135e+008	306	904	7
1.514e+008	356	904	8
1.5145e+008	385	904	9
1.515e+008	261	904	6
1.5155e+008	424	904	10
1.516e+008	291	904	7
1.5165e+008	246	904	6
1.517e+008	391	904	9
1.5175e+008	304	904	7
1.518e+008	326	904	8
1.5185e+008	337	904	8
1.519e+008	325	904	8
1.5195e+008	258	904	6
1.52e+008	370	904	9
1.5205e+008	243	904	6
1.521e+008	308	904	7
1.5215e+008	350	904	8
1.522e+008	291	904	7
1.5225e+008	308	904	7
1.523e+008	303	904	7
1.5235e+008	210	904	5
1.524e+008	228	904	6
1.5245e+008	381	904	9
1.525e+008	310	904	7
1.5255e+008	280	904	7
1.526e+008	349	904	8
1.5265e+008	481	904	11
1.527e+008	263	904	6
1.5275e+008	367	904	9
1.528e+008	275	904	6
1.5285e+008	357	904	8
1.529e+008	305	904	7
1.5295e+008	346	904	8
1.53e+008	406	904	9
1.5305e+008	326	904	8
1.531e+008	307	904	7
1.5315e+008	329	904	8
1.532e+008	353	904	8
1.5325e+008	368	904	9
1.533e+008	307	904	7
1.5335e+008	360	904	8
1.534e+008	301	904	7
1.5345e+008	347	904	8
1.535e+008	355	904	8
1.5355e+008	215	904	5
1.536e+008	304	904	7
1.5365e+008	303	904	7
1.537e+008	291	904	7
1.5375e+008	381	904	9
1.538e+008	285	904	6
1.5385e+008	435	904	10
1.539e+008	304	904	7
1.5395e+008	375	904	9
1.54e+008	334	904	7
1.5405e+008	420	904	10
1.541e+008	332	904	8
1.5415e+008	334	904	8
1.542e+008	311	904	7
1.5425e+008	264	904	6
1.543e+008	409	904	10
1.5435e+008	468	904	10
1.544e+008	251	904	6
1.5445e+008	423	904	10
1.545e+008	302	904	7
1.5455e+008	422	904	10
1.546e+008	209	904	5
1.5465e+008	384	904	9
1.547e+008	226	904	5
1.5475e+008	401	904	9
1.548e+008	315	904	7
1.5485e+008	255	904	6
1.549e+008	418	904	10
1.5495e+008	310	904	7
1.55e+008	267	904	7
1.5505e+008	403	904	9
1.551e+008	206	904	5
1.5515e+008	400	904	9
1.552e+008	308	904	8
1.5525e+008	393	904	9
1.553e+008	248	904	6
1.5535e+008	278	904	7
1.554e+008	392	904	9
1.5545e+008	386	904	9
1.555e+008	303	904	7
1.5555e+008	344	904	8
1.556e+008	285	904	7
1.5565e+008	322	904	8
1.557e+008	298	904	7
1.5575e+008	311	904	7
1.558e+008	476	904	11
1.5585e+008	294	904	7
1.559e+008	312	904	7
1.5595e+008	249	904	6
1.56e+008	426	904	10
1.5605e+008	329	904	8
1.561e+008	339	904	8
1.5615e+008	401	904	9
1.562e+008	293	904	7
1.5625e+008	347	904	8
1.563e+008	400	904	9
1.5635e+008	316	904	7
1.564e+008	372	904	9
1.5645e+008	332	904	8
1.565e+008	349	904	8
1.5655e+008	343	904	8
1.566e+008	452	904	10
1.5665e+008	209	904	5
1.567e+008	422	904	10
1.5675e+008	308	904	7
1.568e+008	308	904	7
1.5685e+008	295	904	7
1.569e+008	412	904	10
1.5695e+008	261	904	6
1.57e+008	313	904	7
1.5705e+008	320	904	8
1.571e+008	364	904	8
1.5715e+008	377	904	9
1.572e+008	294	904	7
1.5725e+008	387	904	9
1.573e+008	290	904	7
1.5735e+008	311	904	7
1.574e+008	472	904	11
1.5745e+008	255	904	6
1.575e+008	246	904	6
1.5755e+008	293	904	7
1.576e+008	352	904	8
1.5765e+008	345	904	8
1.577e+008	381	904	9
1.5775e+008	344	904	8
1.578e+008	365	904	9
1.5785e+008	386	904	9
1.579e+008	385	904	9
1.5795e+008	346	904	8
1.58e+008	376	904	9
1.5805e+008	353	904	8
1.581e+008	316	904	7
1.5815e+008	500	904	11
1.582e+008	265	904	6
1.5825e+008	357	904	9
1.583e+008	288	904	7
1.5835e+008	402	904	9
1.584e+008	264	904	6
1.5845e+008	366	904	9
1.585e+008	258	904	6
1.5855e+008	351	904	8
1.586e+008	352	904	8
1.5865e+008	391	904	9
1.587e+008	355	904	8
1.5875e+008	353	904	8
1.588e+008	442	904	10
1.5885e+008	253	904	6
1.589e+008	319	904	7
1.5895e+008	317	904	7
1.59e+008	366	904	8
1.5905e+008	380	904	9
1.591e+008	271	904	6
1.5915e+008	430	904	10
1.592e+008	336	904	8
1.5925e+008	414	904	9
1.593e+008	246	904	6
1.5935e+008	349	904	7
1.594e+008	304	904	7
1.5945e+008	389	904	9
1.595e+008	248	904	6
1.5955e+008	390	904	9
1.596e+008	304	904	7
1.5965e+008	331	904	8
1.597e+008	309	904	7
1.5975e+008	349	904	8
1.598e+008	218	904	5
1.5985e+008	331	904	8
1.599e+008	295	904	7
1.5995e+008	246	904	6
1.6e+008	369	904	9
1.6005e+008	283	904	7
1.601e+008	344	904	8
1.6015e+008	282	904	7
1.602e+008	307	904	7
1.6025e+008	311	904	7
1.603e+008	332	904	8
1.6035e+008	320	904	8
1.604e+008	268	904	7
1.6045e+008	392	904	9
1.605e+008	434	904	10
1.6055e+008	224	904	5
1.606e+008	330	904	8
1.6065e+008	348	904	8
1.607e+008	362	904	9
1.6075e+008	351	904	8
1.608e+008	236	904	5
1.6085e+008	355	904	8
1.609e+008	287	904	7
1.6095e+008	272	904	6
1.61e+008	338	904	8
1.6105e+008	326	904	8
1.611e+008	243	904	6
1.6115e+008	385	904	9
1.612e+008	268	904	6
1.6125e+008	215	904	5
1.613e+008	331	904	8
1.6135e+008	221	904	5
1.614e+008	289	904	7
1.6145e+008	335	904	8
1.615e+008	214	904	5
1.6155e+008	167	904	4
1.616e+008	256	904	6
1.6165e+008	249	904	6
1.617e+008	184	904	4
1.6175e+008	206	904	5
1.618e+008	213	904	5
1.6185e+008	174	904	4
1.619e+008	178	904	4
1.6195e+008	184	904	4
1.62e+008	135	904	3
1.6205e+008	111	904	3
1.621e+008	184	904	4
1.6215e+008	204	904	5
1.622e+008	123	904	3
1.6225e+008	132	904	3
1.623e+008	28	904	1
1.6235e+008	80	904	2
1.624e+008	43	904	1
1.6245e+008	37	904	1
1.625e+008	80	904	2
1.6255e+008	43	904	1
1.626e+008	80	904	2
1.6265e+008	83	904	2
1.627e+008	36	904	1
1.6275e+008	79	904	2
1.628e+008	77	904	2
1.6285e+008	95	904	2
1.629e+008	83	904	2
1.6295e+008	65	904	2
1.63e+008	34	904	1
1.6305e+008	28	904	1
1.631e+008	124	904	3
1.6315e+008	28	904	1
1.632e+008	40	904	1
