418
379
450
282
334
320
323
361
432
347
212
314
377
271
409
356
329
292
432
346
327
261
340
350
473
389
270
383
369
254
309
473
316
326
430
300
335
429
370
384
413
247
344
426
320
447
302
307
362
414
324
434
304
383
329
353
362
269
355
362
305
254
359
436
347
348
356
309
274
386
274
377
210
272
381
243
390
346
295
287
245
387
370
467
403
301
344
397
277
329
280
283
439
302
255
429
214
394
327
442
237
407
341
354
326
378
255
243
304
261
281
376
289
359
328
244
393
377
258
294
319
446
270
298
307
347
301
340
255
326
347
234
296
219
421
258
301
298
312
270
391
305
317
393
291
310
362
310
391
335
294
277
292
334
430
319
204
293
356
354
367
403
297
388
335
288
468
301
462
259
363
347
303
370
388
295
348
258
420
300
295
200
382
416
377
332
369
254
285
349
327
297
341
264
378
421
251
355
264
415
295
366
290
260
382
353
304
361
346
288
350
318
378
360
280
289
298
386
277
298
304
340
382
361
337
256
291
339
308
350
304
246
360
248
417
384
324
318
197
463
289
239
485
330
220
418
271
314
301
374
478
387
317
347
351
261
430
401
345
280
251
292
357
360
268
252
446
212
359
495
319
257
381
344
376
398
305
389
304
313
342
336
257
377
310
341
319
267
295
344
351
297
384
427
366
370
378
344
318
366
257
326
416
291
394
253
261
347
335
302
270
410
321
252
335
293
338
292
329
264
338
326
428
447
194
252
337
252
387
327
240
295
299
353
318
257
337
391
240
425
246
351
289
403
267
285
302
281
300
301
368
396
293
388
356
249
475
202
356
331
285
439
325
334
442
211
366
304
269
410
312
206
420
285
387
242
334
280
312
385
277
324
315
259
327
302
250
289
289
354
347
393
301
347
293
376
286
338
334
259
271
332
438
255
307
280
357
199
282
344
233
347
403
344
240
317
387
390
371
252
300
306
307
413
292
328
225
429
301
290
397
360
251
375
350
252
239
352
319
310
334
376
246
335
331
245
328
266
325
336
261
326
478
276
302
290
289
264
324
212
371
313
358
301
298
363
273
364
310
321
397
284
356
370
385
306
371
323
353
325
313
307
340
206
457
344
264
354
409
338
316
385
256
346
265
390
401
389
384
301
295
359
209
357
305
255
339
257
415
292
359
306
338
248
336
321
301
273
380
337
296
291
315
338
353
364
287
313
336
299
292
427
344
242
479
338
270
279
345
291
415
301
310
276
448
305
353
200
443
332
410
337
277
376
344
353
267
254
343
399
292
353
307
428
313
278
411
334
319
354
354
252
336
301
425
242
453
391
344
240
397
279
377
354
277
387
318
315
431
304
203
325
308
397
378
252
387
338
301
405
289
324
400
357
329
406
212
261
355
349
479
258
365
243
402
435
260
221
338
282
200
473
322
257
237
267
427
346
323
460
426
298
295
260
436
265
297
384
299
248
547
298
346
280
307
354
292
319
467
284
340
294
245
410
344
380
261
262
403
347
285
368
270
440
253
325
366
363
273
396
463
283
330
332
313
413
375
325
271
378
376
299
348
297
382
421
270
335
374
319
348
261
263
258
298
369
246
360
239
457
246
342
320
261
476
356
354
261
308
388
286
294
334
292
342
295
353
256
342
396
256
392
261
338
302
350
436
316
348
352
336
334
302
333
392
240
327
292
340
255
417
246
324
237
454
209
431
245
381
371
352
216
357
304
355
467
255
347
257
445
322
341
329
359
251
279
346
374
338
381
386
333
322
330
298
309
373
344
436
296
267
278
478
378
259
281
386
279
340
330
299
339
375
209
381
283
322
307
352
323
270
288
454
316
359
244
434
402
258
384
258
326
372
326
356
300
343
305
259
396
283
342
310
351
369
219
431
270
488
320
316
393
300
276
335
301
366
263
354
368
371
328
240
365
347
332
315
369
301
287
438
305
356
276
386
377
300
322
318
437
283
301
313
366
282
399
326
284
350
298
365
380
298
386
352
333
432
242
339
336
292
345
291
423
240
346
251
467
329
338
364
265
323
387
349
303
267
341
387
267
298
491
280
347
343
318
464
270
359
244
372
343
312
259
386
281
384
292
355
240
393
252
427
293
387
268
338
246
328
448
309
295
307
355
381
221
357
350
311
356
304
350
353
304
378
325
355
241
349
253
351
333
295
350
252
344
292
384
197
255
477
356
301
296
277
342
421
341
313
292
249
333
369
321
404
341
244
404
248
374
280
353
302
295
459
234
353
337
422
292
378
297
397
454
310
261
415
185
359
343
263
344
296
353
331
335
247
425
326
305
347
255
450
352
334
240
344
264
294
326
309
317
278
386
344
243
280
305
363
323
401
286
297
365
276
335
299
339
289
290
261
320
393
371
349
337
284
375
297
322
412
297
310
388
304
217
385
361
334
338
292
329
298
343
255
553
305
326
369
280
334
337
292
289
257
325
304
347
360
299
255
369
350
354
438
393
219
258
292
381
280
297
388
222
357
287
305
288
270
504
310
292
301
414
283
356
364
320
298
375
245
384
295
379
335
344
295
257
442
348
301
295
295
313
335
393
304
326
348
263
402
218
354
384
404
313
393
314
309
396
303
344
434
255
339
428
289
338
238
302
430
259
304
421
311
392
324
309
306
449
387
275
249
338
311
295
276
353
356
371
352
444
239
279
305
355
354
407
252
454
304
401
315
361
330
264
260
392
338
384
447
234
392
360
341
301
246
431
307
385
252
380
317
399
258
255
387
341
389
318
294
312
431
395
255
398
246
249
343
372
295
234
358
298
363
363
242
365
249
305
375
370
255
377
258
343
341
298
368
248
347
297
305
328
271
390
243
359
392
274
300
352
339
359
390
267
421
299
247
298
255
616
290
249
299
322
354
359
389
319
356
274
246
359
348
359
297
383
398
390
272
341
337
240
358
344
338
313
418
342
240
482
250
395
245
349
322
339
396
362
319
334
446
294
296
369
379
311
347
360
377
426
294
249
382
317
326
334
364
304
403
223
274
344
310
316
343
272
472
229
262
374
264
362
280
294
501
255
356
343
290
258
340
301
305
252
415
256
323
395
258
473
411
299
295
332
445
255
243
355
387
344
345
215
407
247
363
291
252
356
412
398
388
325
397
378
246
392
300
301
399
323
338
308
352
200
283
310
362
350
339
436
324
286
361
505
249
289
395
350
330
258
356
429
234
393
326
322
253
436
307
303
336
340
289
346
309
332
339
332
400
350
249
255
402
313
213
429
307
268
351
261
351
344
307
259
456
279
395
194
361
341
391
371
324
286
338
394
297
301
360
329
282
340
286
218
379
440
264
317
350
434
322
350
255
327
340
313
380
326
279
384
332
358
385
215
345
324
276
331
407
300
297
365
396
244
296
341
326
258
398
249
282
430
254
385
200
298
341
372
307
294
359
289
439
228
297
454
285
307
330
359
314
300
329
216
430
268
332
414
264
353
326
296
288
454
292
203
361
262
347
295
385
280
285
341
254
330
323
353
341
256
343
255
277
439
309
396
295
313
300
258
298
373
309
338
341
394
310
245
402
372
306
361
297
310
402
308
268
335
378
323
328
412
301
312
294
383
408
355
270
351
325
323
311
399
395
380
310
437
336
319
340
470
243
309
341
258
368
356
341
274
400
305
252
379
473
272
395
295
314
288
314
384
300
310
295
266
292
477
236
307
377
338
263
381
292
251
355
418
442
416
475
381
417
267
285
227
514
310
312
215
408
303
243
327
247
347
303
260
333
402
408
264
344
260
322
354
309
298
376
295
267
280
358
318
327
276
304
305
314
413
276
430
465
332
393
319
396
476
271
340
343
296
511
252
295
479
258
291
423
245
261
529
261
307
460
313
386
281
382
313
326
385
438
382
262
307
276
329
359
303
388
223
329
258
384
310
335
304
298
313
347
298
261
295
446
255
417
206
284
380
292
247
369
347
340
283
247
388
352
334
255
379
298
417
235
351
441
203
427
280
210
263
381
329
424
264
369
258
325
596
249
388
298
367
375
357
272
357
321
276
401
300
264
343
381
302
431
365
322
310
341
335
246
347
290
374
307
388
194
349
350
340
295
292
384
407
436
366
307
329
446
254
430
295
380
279
386
272
334
388
364
384
291
298
239
475
206
385
327
285
335
264
426
286
347
324
429
341
389
280
347
419
303
372
337
299
303
356
362
307
345
438
296
354
291
310
332
365
294
521
209
296
339
216
292
284
411
261
221
313
343
343
302
337
384
301
246
283
322
365
274
368
292
398
325
390
328
347
374
270
326
286
307
451
257
286
377
295
300
447
251
502
262
455
261
427
350
273
397
338
381
326
313
262
343
307
383
314
329
317
282
332
404
301
277
302
291
347
350
298
310
426
393
328
404
308
304
293
280
360
342
264
395
295
389
224
426
304
308
319
347
249
341
293
289
368
260
351
356
215
405
244
203
271
337
391
423
270
330
293
426
364
331
287
301
261
455
243
266
299
419
338
271
341
289
286
310
472
306
403
264
344
339
255
327
393
350
263
439
257
350
290
262
434
271
385
381
341
445
298
228
424
391
272
380
329
250
252
416
259
317
346
363
321
350
211
341
329
335
234
337
261
379
279
345
309
343
310
280
313
283
435
293
401
304
432
205
516
287
377
427
329
256
401
310
372
291
478
334
391
243
320
432
219
295
316
203
335
369
390
292
338
299
293
396
234
346
340
306
433
316
448
401
391
246
394
301
341
398
327
244
391
309
253
269
310
315
293
312
335
440
297
323
368
356
325
318
254
376
245
353
215
348
353
326
291
269
294
295
322
337
292
300
435
218
343
435
301
348
401
300
380
293
388
252
255
339
331
283
288
389
310
552
240
392
258
410
301
341
335
383
301
326
360
362
317
301
320
317
354
350
310
348
408
262
336
351
215
327
288
391
392
307
335
255
457
246
357
304
307
262
400
352
280
334
351
282
271
463
344
314
254
256
375
342
318
244
368
206
340
296
316
382
381
399
264
357
352
342
355
407
348
310
340
377
494
393
380
195
408
292
346
342
307
335
292
294
378
257
292
375
308
341
316
298
340
474
397
291
267
395
354
237
376
298
338
242
358
338
240
387
426
301
341
429
270
350
373
322
339
257
302
353
482
466
261
203
394
345
336
428
301
425
383
292
365
342
339
254
336
327
413
413
335
480
226
346
249
304
285
290
372
252
446
337
329
359
292
306
325
362
247
362
293
243
304
329
335
387
294
392
256
314
346
339
363
255
299
307
524
313
311
293
283
328
254
287
419
360
319
289
253
518
266
339
492
208
458
249
255
391
341
366
299
373
335
297
375
386
304
289
382
322
295
340
333
319
298
438
245
310
300
301
396
280
309
227
373
314
218
426
330
326
362
399
257
298
303
355
328
305
423
367
345
305
258
383
223
473
327
355
313
273
384
389
361
348
349
301
308
427
337
264
391
248
507
382
224
396
286
410
203
347
509
208
407
254
387
352
296
355
336
401
304
355
332
319
348
363
370
258
244
254
338
349
292
320
363
242
286
356
313
249
388
284
287
408
273
342
322
415
253
269
405
353
408
299
342
283
253
311
361
342
387
244
249
295
327
235
352
315
375
289
347
378
264
337
301
356
290
369
356
264
381
284
315
386
301
316
313
320
324
287
286
339
433
350
383
335
273
299
474
344
267
258
384
344
341
239
350
381
252
292
391
298
464
256
340
293
243
442
338
283
335
394
261
481
278
322
294
260
381
212
334
415
326
405
360
353
329
313
299
304
353
325
252
315
295
305
309
427
264
465
248
391
293
295
295
342
368
243
255
389
209
356
346
351
362
278
300
263
280
336
286
403
316
332
249
295
429
258
333
407
381
345
312
269
355
384
314
420
377
442
228
393
407
227
419
390
231
305
244
334
350
312
349
310
329
344
258
356
371
352
308
259
311
303
390
317
285
250
287
388
298
316
298
258
405
368
321
246
372
262
261
305
439
181
396
295
288
375
274
342
317
516
225
304
283
291
353
350
357
351
342
413
351
397
251
274
462
216
362
264
344
289
242
351
341
276
410
212
455
335
290
326
263
329
313
309
433
357
404
312
313
430
396
445
271
250
369
412
492
371
206
390
351
346
475
292
385
292
292
421
296
303
273
341
373
215
463
427
339
356
365
395
332
373
305
312
337
348
307
382
202
323
396
373
306
339
362
292
380
200
301
291
312
364
312
299
346
365
256
249
424
255
413
235
479
206
308
258
442
331
305
259
328
400
285
339
297
303
307
467
362
205
388
272
300
421
321
373
407
349
360
286
295
341
298
422
286
310
271
285
362
248
252
393
379
347
306
393
273
247
396
252
378
243
368
379
327
298
288
288
244
285
345
292
350
327
306
424
384
255
412
420
320
332
295
356
403
271
250
368
243
339
387
353
417
329
266
335
252
330
305
377
365
389
380
356
212
387
391
375
261
338
464
265
372
366
313
243
477
295
299
401
294
346
290
245
292
286
295
296
349
243
303
304
299
397
338
328
357
318
248
279
360
405
362
377
257
303
243
410
387
313
325
314
224
421
337
370
255
387
309
335
244
418
316
336
331
277
322
317
385
332
408
249
320
393
326
437
521
320
301
318
298
334
376
340
296
391
345
227
362
376
395
243
304
423
292
334
341
286
340
240
342
298
421
248
382
341
341
304
304
374
334
338
336
276
374
351
301
374
325
251
343
389
200
406
313
451
203
303
331
453
356
297
238
301
383
298
306
287
391
344
214
276
249
443
252
307
294
340
405
327
278
375
380
420
441
388
298
364
338
288
245
427
357
343
242
387
248
336
282
302
422
236
334
380
356
276
368
336
312
318
266
243
255
402
332
332
361
395
386
388
391
206
411
381
266
383
234
362
354
306
356
385
261
424
291
246
391
304
326
337
325
258
370
243
308
350
291
308
303
210
228
381
310
280
349
481
263
367
275
357
305
346
406
326
307
329
353
368
307
360
301
347
355
215
304
303
291
381
285
435
304
375
334
420
332
334
311
264
409
468
251
423
302
422
209
384
226
401
315
255
418
310
267
403
206
400
308
393
248
278
392
386
303
344
285
322
298
311
476
294
312
249
426
329
339
401
293
347
400
316
372
332
349
343
452
209
422
308
308
295
412
261
313
320
364
377
294
387
290
311
472
255
246
293
352
345
381
344
365
386
385
346
376
353
316
500
265
357
288
402
264
366
258
351
352
391
355
353
442
253
319
317
366
380
271
430
336
414
246
349
304
389
248
390
304
331
309
349
218
331
295
246
369
283
344
282
307
311
332
320
268
392
434
224
330
348
362
351
236
355
287
272
338
326
243
385
268
215
331
221
289
335
214
167
256
249
184
206
213
174
178
184
135
111
184
204
123
132
28
80
43
37
80
43
80
83
36
79
77
95
83
65
34
28
124
28
40
