140
229
40
199
177
95
193
156
175
104
116
172
187
80
90
132
65
169
220
89
151
155
166
80
218
212
40
231
37
150
150
71
271
149
174
169
43
227
129
123
111
120
129
216
81
221
122
129
126
116
79
215
28
218
40
171
178
83
235
195
166
143
114
178
43
221
40
168
111
255
208
34
263
34
212
95
160
129
138
123
138
105
206
38
179
128
169
37
246
88
177
207
201
126
123
157
138
135
177
137
37
162
126
151
101
175
208
126
87
236
36
269
28
166
139
135
120
239
34
194
126
171
123
82
113
163
268
126
135
249
171
80
117
169
132
175
175
95
171
43
135
177
126
181
92
132
77
183
36
208
40
219
95
168
123
181
87
168
175
90
166
135
169
141
132
79
80
111
119
178
163
132
99
120
80
211
167
89
89
131
160
132
83
163
77
236
34
200
251
249
40
127
157
80
128
209
37
169
199
122
257
122
128
85
232
80
252
34
215
34
245
36
171
163
34
169
28
197
28
160
77
123
157
175
163
144
160
90
166
86
160
82
181
89
122
85
125
178
34
247
166
83
221
77
117
120
80
241
80
209
92
225
80
200
83
163
80
169
86
86
117
123
77
166
221
126
37
118
126
114
127
163
132
154
75
163
115
168
80
114
161
34
151
73
212
128
197
92
120
83
171
77
184
88
121
148
215
92
129
89
127
122
83
175
34
175
169
172
86
125
117
132
169
40
212
40
123
126
172
34
114
117
86
124
80
128
88
167
125
169
123
86
160
43
175
83
132
43
278
187
80
165
131
129
120
142
120
120
166
111
184
85
123
126
128
130
151
168
86
212
38
210
135
89
197
86
128
80
129
144
81
169
34
206
115
90
208
40
271
40
181
204
36
198
40
169
86
182
43
227
141
183
126
175
136
80
130
127
213
126
117
169
123
86
119
183
202
168
124
83
175
162
119
121
135
159
115
132
126
169
172
86
198
83
125
117
185
80
163
129
134
119
89
172
83
213
120
163
89
126
84
174
40
154
34
203
85
212
80
209
34
343
37
154
126
164
162
77
132
79
145
43
233
79
129
126
198
79
77
135
169
77
163
107
80
92
243
40
261
157
74
174
80
134
135
138
123
145
43
221
71
181
163
114
123
130
71
132
119
89
180
114
125
86
221
128
85
226
88
129
177
166
79
122
81
224
34
171
86
141
261
37
123
178
130
117
71
175
80
117
80
130
128
252
85
115
79
154
138
80
127
132
127
120
129
167
123
86
224
134
79
135
117
133
120
162
86
164
28
166
133
126
92
169
129
40
215
28
206
37
206
151
165
80
165
160
135
169
163
141
131
89
148
124
123
71
138
89
230
71
169
83
157
43
277
163
125
198
40
125
92
175
40
206
71
83
203
36
176
77
175
125
116
173
224
134
154
218
126
126
120
114
123
172
130
218
43
172
40
218
123
169
134
178
88
163
134
108
123
43
128
86
252
43
182
80
175
34
225
37
126
90
203
40
218
98
124
172
43
279
77
80
213
196
92
132
89
174
80
177
127
105
270
36
152
221
34
178
168
77
139
204
71
194
129
92
169
92
126
167
172
36
164
123
168
40
216
81
120
95
163
92
123
169
71
122
120
175
89
123
129
86
163
129
213
86
86
169
85
139
151
174
129
209
175
95
178
157
122
152
125
184
123
129
80
235
65
200
95
81
124
172
77
120
226
92
218
79
83
178
124
132
81
123
172
43
89
175
126
114
86
218
84
126
175
92
183
40
175
180
43
178
83
80
169
71
129
87
163
132
157
126
86
120
126
124
119
169
37
129
166
114
209
36
238
138
242
86
162
43
154
209
37
122
89
120
160
89
261
199
43
211
77
117
86
200
43
132
124
132
126
129
86
180
86
129
85
119
129
209
83
179
154
83
80
177
162
126
117
80
176
89
120
117
144
43
256
43
221
34
159
89
133
77
126
159
79
183
80
105
129
95
114
217
206
89
129
124
166
126
84
172
77
141
132
154
92
178
127
198
79
86
126
178
88
211
75
169
36
217
43
252
43
276
121
126
81
234
122
80
128
80
161
156
92
141
111
135
85
132
107
211
83
131
135
163
206
36
263
65
125
181
129
117
150
40
208
34
160
77
117
174
135
115
86
178
40
209
77
160
115
92
86
131
170
86
173
77
156
89
125
71
90
123
74
172
126
73
182
90
163
215
129
172
34
175
40
221
126
126
129
113
88
120
173
166
71
117
172
92
163
113
83
132
127
129
117
117
80
154
126
132
171
169
77
135
166
40
181
80
105
119
123
153
75
77
160
119
83
132
123
73
157
80
184
77
215
136
120
135
132
80
80
185
206
154
181
135
126
172
122
123
120
160
89
139
38
214
82
131
181
80
216
28
203
95
151
122
71
172
89
133
80
169
174
86
212
37
118
135
132
75
184
77
280
77
171
114
28
209
43
169
181
126
80
171
65
126
40
183
122
71
169
175
83
135
154
125
83
204
34
200
40
160
132
117
129
79
163
79
117
159
37
126
137
117
81
121
125
208
77
181
34
167
114
254
89
169
105
128
90
209
71
132
81
126
160
138
34
83
160
34
117
212
208
77
169
43
178
128
86
187
77
172
120
126
90
181
135
80
114
116
79
239
129
89
170
77
157
143
177
163
114
75
135
126
251
43
168
132
250
34
125
138
146
178
87
136
138
221
80
126
74
168
37
264
89
129
83
128
89
117
166
40
172
206
119
166
129
86
129
86
216
92
176
92
184
129
157
38
218
141
83
204
28
164
89
128
169
95
167
120
138
126
190
36
248
251
37
132
120
169
86
169
83
166
129
95
172
77
80
129
83
188
134
92
73
163
89
164
132
80
214
197
215
120
169
141
80
132
184
119
166
89
77
161
84
251
82
28
189
80
160
95
114
79
117
132
202
120
135
119
40
216
125
123
83
121
157
74
166
126
135
83
178
177
135
124
160
77
117
113
205
34
175
84
123
126
163
83
163
175
86
169
117
126
79
306
81
206
218
43
86
138
151
125
92
128
202
28
166
123
111
249
95
129
123
135
89
144
86
216
138
170
37
181
80
270
200
262
43
252
209
43
324
132
79
166
120
111
200
216
71
178
135
130
174
34
221
43
174
43
168
123
141
172
129
36
208
128
172
89
132
89
212
296
43
227
83
154
75
178
132
95
168
163
184
92
178
87
123
117
119
152
95
114
159
85
169
83
132
130
207
82
159
80
285
40
214
169
124
135
166
71
206
168
133
176
119
71
120
118
176
95
213
92
138
167
95
163
86
180
80
119
159
92
253
126
80
175
37
169
87
151
81
126
136
126
179
129
84
159
129
128
121
215
80
175
129
117
120
129
187
89
172
80
166
81
169
108
171
135
214
40
187
123
114
172
71
246
212
43
181
43
211
92
179
43
176
203
181
89
224
34
159
80
120
166
74
276
37
207
87
221
88
169
28
147
28
117
178
77
120
119
77
120
40
203
227
71
121
158
92
128
83
111
80
138
83
175
83
205
138
163
111
169
114
211
169
132
214
120
172
77
123
123
77
177
43
215
83
176
83
135
215
211
34
203
40
206
28
153
92
219
141
224
215
37
125
175
117
83
117
181
123
74
123
151
89
117
80
233
83
162
144
197
79
160
129
166
121
80
129
125
117
184
36
174
80
261
43
174
157
43
221
43
169
34
197
38
243
126
132
80
120
201
34
206
43
224
83
179
172
124
80
168
43
157
71
170
203
40
236
43
224
137
123
130
95
227
135
154
126
204
123
34
166
114
175
86
217
80
159
181
114
74
165
157
180
88
43
264
71
219
28
194
40
179
34
257
95
153
92
255
82
156
123
178
83
184
80
178
71
175
71
122
184
132
87
129
126
37
212
92
75
136
163
37
80
166
92
203
117
120
80
138
134
125
77
159
83
141
227
117
80
170
135
77
95
182
77
172
40
252
43
224
136
174
129
88
177
86
126
136
86
160
89
216
77
166
79
169
80
168
117
83
129
120
79
86
205
131
127
132
172
83
176
34
215
84
123
117
190
74
130
86
132
217
34
129
123
206
89
130
123
83
264
37
222
88
160
187
86
166
90
162
129
144
161
80
215
40
162
43
215
124
124
123
177
129
120
154
38
234
38
130
77
123
141
120
113
166
34
163
205
86
80
120
95
177
86
157
43
224
43
181
169
38
167
126
132
86
156
155
174
37
243
125
40
175
131
80
133
184
136
114
132
86
189
86
169
120
249
37
166
37
212
132
79
129
138
163
184
141
92
132
160
129
120
166
123
181
89
126
37
120
154
82
129
85
215
169
113
129
206
37
166
166
137
36
243
199
88
184
86
92
166
115
135
71
135
95
162
71
241
184
83
129
175
171
179
87
111
89
80
132
195
36
257
123
224
246
40
210
83
155
40
214
129
37
162
114
126
123
85
207
120
124
172
79
125
129
83
209
77
129
77
160
86
169
126
114
83
144
132
175
86
181
82
117
123
163
79
144
81
174
71
160
242
141
135
83
163
111
125
154
40
207
89
218
141
172
120
34
164
123
180
83
129
120
83
160
182
43
184
200
77
178
132
80
184
73
129
162
40
184
118
86
170
135
138
117
71
120
135
77
213
43
184
132
216
83
105
169
89
175
40
180
117
128
175
92
221
38
296
28
212
92
181
129
83
215
87
164
92
135
89
157
80
168
90
132
144
121
144
129
82
180
79
184
95
175
193
126
80
119
172
71
120
40
227
135
132
172
129
154
83
134
178
34
163
169
123
92
114
73
177
169
175
88
265
34
172
92
135
80
144
83
251
120
123
177
177
34
197
81
121
43
187
223
302
86
160
115
128
86
184
77
92
218
99
77
160
38
218
178
132
157
105
127
80
141
157
92
120
129
123
166
116
77
254
80
215
34
117
217
127
124
215
34
170
123
86
266
77
113
123
126
254
166
80
169
121
81
177
168
120
82
181
154
38
155
125
128
129
135
79
221
71
203
81
157
125
132
163
74
173
111
181
81
163
123
200
123
92
172
85
168
28
178
144
120
80
170
85
127
92
162
89
175
169
34
304
80
184
71
132
71
212
132
77
172
137
220
34
169
163
126
172
95
80
154
159
126
75
166
87
162
172
119
132
137
86
170
37
175
80
168
90
145
169
166
77
132
123
180
34
166
154
37
132
212
43
166
83
123
258
120
88
122
175
86
169
34
170
122
167
77
132
77
162
119
228
128
130
171
89
133
82
120
126
178
141
86
122
86
206
83
129
89
134
177
89
169
129
132
132
130
129
135
34
215
77
169
138
126
86
263
37
133
117
218
83
156
120
134
95
160
71
127
138
125
123
89
118
77
178
170
128
122
43
255
80
129
135
129
80
77
123
178
172
34
172
163
123
77
117
83
169
219
221
80
138
166
83
138
120
159
88
151
80
86
117
176
214
120
130
123
166
144
86
160
34
166
89
79
181
126
98
139
178
176
65
123
177
138
159
90
172
74
121
144
113
187
80
119
85
218
111
157
80
166
43
184
90
129
126
163
80
151
139
163
117
114
166
89
181
119
126
181
195
80
132
117
165
210
37
172
88
121
181
135
135
270
95
212
40
130
79
166
77
166
111
71
268
36
167
34
181
88
95
163
132
120
121
172
80
135
132
175
36
162
92
191
163
38
132
161
170
154
83
83
262
40
172
43
175
85
124
206
117
164
171
135
126
114
134
120
71
163
34
181
92
120
117
86
193
135
80
133
81
135
135
133
122
153
80
130
170
160
89
123
89
117
114
163
77
179
34
228
34
166
123
117
86
224
162
80
126
131
163
43
187
126
122
151
34
166
126
129
84
120
127
169
92
108
125
90
155
34
212
225
92
127
126
208
128
166
79
267
202
132
123
73
213
84
157
128
132
188
28
116
173
125
148
129
125
92
175
166
132
124
43
178
77
175
40
171
128
129
180
129
169
162
126
80
126
123
126
123
129
111
120
175
36
168
126
80
172
117
178
252
84
135
80
169
154
121
83
199
77
160
120
171
199
83
89
156
219
71
129
129
79
120
116
129
83
169
128
151
111
163
117
120
127
123
126
83
181
95
130
181
40
175
80
222
120
171
230
304
175
84
166
34
208
268
80
111
80
197
213
81
115
135
132
124
95
197
80
117
121
120
170
89
74
205
40
129
89
219
43
297
86
126
175
37
166
135
74
178
144
175
34
206
117
226
40
169
149
154
77
126
83
126
172
43
246
40
169
191
89
132
86
166
123
130
160
122
130
166
86
166
75
125
89
117
137
212
89
184
204
92
133
36
162
77
175
80
172
135
125
87
123
126
163
172
135
124
177
71
123
126
129
132
81
138
122
89
221
86
138
77
83
222
132
163
129
85
233
80
34
264
77
180
179
84
178
131
135
160
43
233
129
85
169
169
86
244
40
184
123
83
170
86
219
71
212
120
77
135
154
132
73
162
89
126
81
213
128
123
34
179
218
37
209
89
160
86
178
167
178
85
75
212
43
138
168
218
40
132
176
181
178
80
163
43
186
77
129
129
34
200
126
92
133
111
135
135
138
126
129
92
175
178
43
254
65
129
220
85
194
159
37
150
89
151
82
123
130
95
257
34
160
111
166
144
171
126
43
212
117
202
132
86
218
86
174
79
190
129
181
88
130
111
126
132
86
184
28
200
85
135
255
28
154
83
175
160
204
77
234
214
86
135
221
87
178
77
160
92
126
123
80
157
144
164
173
36
181
40
258
43
206
282
95
117
123
111
138
218
120
95
123
126
38
207
43
221
175
77
83
169
177
88
181
43
217
89
172
88
178
163
166
89
221
37
172
162
34
227
36
162
28
215
40
218
88
191
40
172
74
169
28
145
86
88
221
34
172
123
85
154
198
165
115
242
36
202
120
117
34
169
37
172
79
293
111
124
129
135
117
122
169
80
135
86
153
132
86
126
172
120
126
86
134
141
163
83
86
132
172
81
86
164
121
95
157
40
212
40
222
166
89
129
77
80
172
178
86
123
180
83
148
123
128
129
37
172
177
126
117
139
178
129
121
226
83
132
86
167
162
86
171
125
83
121
111
86
135
123
129
174
151
285
74
83
167
77
129
210
34
169
65
122
129
86
228
80
181
89
79
215
162
154
71
233
80
126
111
120
123
108
165
80
128
126
183
215
34
212
37
177
123
120
196
40
179
160
183
88
135
166
43
178
79
130
122
240
229
37
160
129
138
126
209
89
126
92
200
215
83
121
132
111
126
166
43
273
117
86
218
43
175
43
203
123
86
134
86
233
117
86
130
199
77
196
126
151
43
227
125
160
86
180
174
126
254
132
118
169
74
163
200
38
231
38
173
34
255
138
43
219
163
89
242
122
178
125
166
37
175
28
145
114
117
136
178
114
127
113
175
122
132
185
84
212
37
179
86
175
37
131
117
114
123
37
218
267
80
116
157
173
77
179
89
88
220
86
160
138
88
85
132
174
34
199
92
129
40
229
130
77
200
211
80
221
139
175
126
86
263
38
163
92
126
77
210
92
129
43
162
86
126
129
129
111
115
107
138
77
169
200
37
133
120
206
71
129
186
117
141
114
184
126
157
164
113
128
86
210
129
77
83
240
89
175
135
178
37
166
34
163
86
217
86
166
132
83
253
88
86
167
86
166
37
219
38
223
160
136
135
86
114
174
80
80
215
34
181
153
167
154
177
150
126
170
129
236
34
257
88
132
123
166
28
206
272
117
80
131
123
122
136
92
132
169
129
191
74
261
228
77
117
85
144
126
71
166
28
212
37
129
135
175
34
166
181
123
167
126
135
215
158
37
178
123
111
129
85
221
121
301
129
77
105
132
86
191
117
210
89
129
149
178
258
215
92
202
40
224
151
80
126
86
175
117
138
65
149
170
86
164
178
37
212
92
172
83
172
82
81
169
80
168
169
71
132
165
86
172
309
283
43
166
34
166
163
126
227
88
128
80
218
249
73
137
43
184
83
129
86
224
213
79
166
178
95
80
175
99
117
123
130
141
163
34
175
28
212
80
178
133
129
88
210
114
219
117
199
77
122
227
40
154
43
95
174
132
200
92
130
169
126
190
138
114
167
117
117
86
175
74
169
121
184
86
79
166
126
132
86
129
213
255
80
157
165
43
180
28
160
77
169
38
232
95
228
89
166
126
135
71
126
114
80
184
166
259
86
172
73
207
79
132
129
83
111
121
129
172
77
159
197
28
206
38
201
34
212
43
132
126
248
84
144
185
40
226
89
185
80
114
83
129
126
81
178
121
154
40
202
98
172
89
127
141
133
135
162
156
95
172
95
135
166
86
138
128
113
105
139
40
214
124
123
111
126
86
129
214
92
86
122
124
126
113
178
166
120
128
80
179
28
197
43
160
37
218
38
251
38
195
43
169
40
169
86
122
169
224
43
221
80
77
154
120
159
71
154
88
120
151
266
117
77
131
160
86
129
130
77
166
181
126
129
90
138
128
120
128
84
157
128
43
212
86
172
127
92
160
129
126
74
248
129
86
175
138
80
117
166
81
132
117
123
119
148
208
135
132
117
80
120
40
136
129
134
135
80
129
175
129
77
123
124
138
194
34
157
105
79
190
86
157
43
211
34
256
36
201
36
211
132
80
172
166
28
167
38
170
40
225
40
126
86
114
154
132
221
88
175
34
218
175
77
86
126
224
86
126
171
28
163
37
129
166
43
162
168
40
227
37
255
80
215
83
126
84
218
83
224
34
169
34
264
135
89
71
206
86
86
204
138
144
120
128
89
77
184
177
173
86
135
130
34
135
176
77
160
164
119
129
148
132
123
202
40
223
152
80
218
28
204
65
168
83
161
89
167
95
230
150
34
236
40
187
80
169
139
77
196
95
111
160
38
170
169
181
135
173
126
133
80
254
89
172
132
135
210
166
121
92
87
180
169
80
175
82
295
209
169
37
129
166
92
117
126
89
202
120
131
138
124
123
166
92
194
34
175
139
126
87
169
126
83
184
92
137
209
129
129
117
152
126
266
206
86
120
151
77
153
92
43
136
255
28
206
81
216
40
181
86
77
138
74
89
174
71
218
132
86
253
190
92
169
86
205
74
178
37
206
82
135
89
127
202
126
86
114
162
43
219
38
167
132
206
132
209
175
182
151
156
89
258
135
209
117
202
92
135
129
73
169
111
119
34
212
155
141
123
184
81
185
40
172
37
157
199
86
220
28
157
34
165
79
117
65
89
175
90
166
86
129
122
122
95
124
157
190
77
178
132
89
181
126
135
206
227
168
135
92
224
83
133
168
89
126
80
135
122
202
89
114
135
119
71
105
123
120
141
125
168
79
154
120
164
105
28
159
95
166
80
123
136
95
132
151
134
206
77
89
202
126
203
238
132
123
129
166
132
129
224
126
92
222
83
163
242
153
130
138
80
166
88
177
123
126
86
118
207
114
184
169
80
120
129
132
77
307
40
126
158
169
34
242
220
117
83
221
172
141
250
89
169
119
90
92
197
125
178
135
129
126
174
129
183
34
173
83
120
135
175
163
77
209
34
214
171
166
178
168
128
89
130
86
172
83
151
82
117
129
117
89
132
181
89
162
40
290
34
174
34
114
163
95
129
77
169
126
172
83
135
80
132
252
83
83
80
166
144
95
117
132
34
169
123
172
89
129
120
83
126
240
163
43
172
80
159
117
135
117
86
167
114
117
129
128
86
203
247
237
206
138
129
165
80
89
120
160
80
124
181
80
161
171
89
120
173
124
86
126
207
37
166
80
166
187
122
151
37
157
124
126
129
168
40
230
169
34
206
43
174
123
154
170
126
85
86
120
172
165
81
163
163
83
172
80
181
136
92
135
212
43
160
122
216
126
288
129
77
123
132
167
77
178
153
77
171
184
111
116
88
224
92
135
82
132
179
160
36
170
71
156
120
163
112
216
81
135
126
83
257
163
85
216
123
87
179
175
71
236
126
141
80
252
153
95
203
117
80
172
43
197
28
258
38
118
123
205
126
83
95
169
126
82
214
71
77
80
137
169
123
175
95
117
171
120
138
120
123
77
218
163
86
178
137
178
166
135
120
194
34
209
88
121
163
185
175
80
123
128
264
117
120
129
86
249
34
205
160
128
175
126
128
92
128
37
163
259
126
138
135
171
83
212
163
208
34
166
34
163
43
264
208
206
79
171
129
116
117
134
155
81
126
120
117
135
92
163
121
185
117
117
86
160
179
80
157
172
114
226
77
172
126
168
129
43
200
89
255
86
124
203
89
171
77
161
168
157
43
137
173
123
128
123
183
124
92
132
138
120
175
95
129
131
177
168
169
80
170
89
137
165
34
242
86
126
92
123
128
124
227
86
136
121
71
216
262
169
34
222
71
120
130
83
127
86
197
174
113
86
141
120
144
131
127
129
89
95
132
80
171
83
174
88
161
28
166
131
212
80
175
126
126
80
169
86
111
92
160
71
132
144
181
77
144
71
200
34
196
129
117
34
178
151
198
154
128
77
212
135
122
123
126
89
206
80
196
141
138
80
175
105
114
83
126
126
132
172
144
175
43
170
80
157
86
162
86
163
175
77
132
122
130
132
222
122
126
129
154
213
133
126
157
34
252
43
215
129
151
141
134
173
83
135
89
264
38
217
79
129
132
123
240
77
126
92
184
80
120
90
168
126
83
138
126
156
34
175
124
187
123
160
86
142
126
160
119
34
160
126
84
233
81
212
86
200
74
77
89
130
73
126
120
135
175
83
222
73
220
43
92
215
95
113
212
138
252
36
165
111
231
90
212
89
81
132
169
36
130
120
120
117
129
92
173
135
87
160
135
80
211
132
89
175
74
141
128
114
178
34
218
79
123
174
127
88
171
86
157
116
86
212
34
209
43
175
80
126
129
115
83
160
86
122
197
34
168
87
138
166
135
218
172
28
206
196
77
164
34
163
28
151
77
163
89
123
252
92
252
40
126
221
34
151
132
87
167
77
264
28
206
92
176
154
86
85
169
115
123
135
77
187
40
197
126
126
120
120
86
128
95
80
167
193
125
144
197
89
89
135
87
182
110
172
80
114
83
117
86
132
120
236
199
84
152
40
176
224
86
135
132
83
163
80
213
132
123
36
205
119
123
129
135
89
178
172
82
83
178
129
168
83
129
86
141
117
148
139
43
213
34
166
216
83
141
115
172
136
124
220
117
80
172
92
307
34
135
160
105
120
123
90
205
135
210
36
183
86
166
88
188
92
166
36
208
157
92
208
77
171
130
80
111
157
132
122
132
184
136
128
132
95
129
89
126
83
125
169
120
92
159
121
120
123
126
111
80
113
178
89
163
38
165
128
80
135
141
129
173
120
88
135
217
40
181
77
132
80
111
132
178
83
169
71
215
71
183
87
203
131
89
175
38
214
84
128
258
43
162
129
132
249
194
213
36
205
166
123
172
89
197
84
129
86
214
135
84
137
172
114
166
132
122
119
126
261
123
77
177
128
211
121
119
120
71
123
170
179
77
139
77
74
132
163
43
196
123
34
129
154
86
160
166
123
123
178
80
129
200
86
126
75
135
83
133
157
34
261
83
157
74
210
40
178
79
169
175
85
187
111
172
154
159
166
141
135
281
77
123
117
185
86
108
139
120
178
89
163
83
221
77
189
43
258
34
193
161
80
129
126
130
136
130
34
126
124
141
125
73
145
86
155
34
197
34
170
37
230
86
77
206
228
83
123
214
80
157
89
191
124
121
83
132
221
36
199
95
138
119
134
77
163
87
120
199
37
175
43
126
126
86
160
151
157
135
89
157
83
120
79
169
131
89
77
168
89
77
123
138
86
184
202
89
117
129
83
126
88
168
129
215
218
28
159
132
126
306
90
128
77
221
38
207
82
190
129
125
148
43
229
115
126
80
178
173
83
132
77
169
43
160
88
134
116
163
126
71
202
37
120
205
135
132
132
86
177
151
218
123
114
172
128
86
224
43
223
144
80
178
77
126
123
224
83
111
77
217
123
138
120
160
37
114
202
155
123
154
168
80
145
40
178
169
145
83
134
180
40
175
132
135
123
135
138
120
126
136
124
132
229
40
213
206
127
148
132
65
175
43
122
159
120
168
28
203
87
180
170
134
175
129
111
138
80
172
80
187
86
178
82
161
74
120
157
132
169
36
227
34
169
90
179
89
126
81
268
38
87
148
123
162
86
180
125
80
153
89
179
40
215
116
126
181
160
137
132
88
85
117
120
133
80
126
163
131
119
177
37
178
130
71
162
80
160
43
166
77
162
95
126
123
109
123
122
164
80
221
77
212
92
175
126
215
28
206
114
73
178
129
180
79
252
43
138
206
84
160
126
170
129
178
40
172
125
89
144
138
184
307
172
184
28
157
220
195
141
178
83
122
121
174
89
123
128
129
128
82
173
129
123
123
122
121
131
77
129
120
206
83
122
135
163
37
123
135
197
34
179
163
83
138
79
185
126
86
114
166
137
129
302
86
134
211
248
43
169
95
123
187
128
172
130
117
74
117
86
210
92
126
165
38
213
37
202
92
92
168
126
169
80
157
43
209
95
163
160
177
88
164
86
126
169
74
184
165
86
181
217
90
163
38
207
123
114
153
134
128
40
208
36
173
86
218
132
181
215
80
169
122
169
135
123
80
120
86
129
173
157
40
184
121
169
139
240
129
129
83
164
258
80
182
115
117
172
34
249
73
127
95
160
113
177
34
168
178
77
121
164
246
138
186
160
155
132
160
132
177
187
110
135
88
126
131
83
172
74
126
86
193
43
129
195
40
135
114
163
123
86
170
218
92
221
36
196
82
127
151
125
77
160
129
132
83
134
162
111
86
132
178
124
80
227
218
207
80
120
86
166
86
154
126
230
71
74
181
163
129
119
80
83
257
95
121
83
83
182
85
215
86
207
80
120
114
172
37
169
43
208
88
172
132
132
208
178
34
267
225
83
157
89
115
83
123
135
147
89
113
89
111
173
121
166
126
74
200
80
221
95
178
65
86
167
43
218
80
214
134
129
120
121
136
233
212
92
113
89
163
200
80
166
215
37
258
87
126
92
160
95
194
114
173
80
161
77
215
34
209
168
86
166
129
114
132
175
107
178
89
160
34
200
176
80
89
132
181
34
166
135
162
36
213
117
95
221
34
209
38
171
37
215
71
171
86
86
181
127
121
120
129
135
80
224
83
154
86
83
174
43
187
202
168
105
117
86
129
86
172
129
119
124
203
83
200
40
221
138
175
172
90
129
81
117
92
175
88
120
129
223
77
127
118
83
133
178
129
196
126
86
192
126
173
124
129
104
160
43
220
120
80
180
307
40
205
153
89
160
126
112
166
95
178
92
212
34
123
173
169
81
230
88
121
126
177
135
129
135
123
163
136
34
199
176
88
126
166
132
129
126
128
131
34
208
80
163
258
89
81
206
181
34
166
95
218
80
114
180
138
86
114
86
173
86
168
77
343
40
165
36
193
165
83
119
43
243
141
169
88
135
207
38
165
138
144
148
87
221
86
137
170
82
137
123
135
71
212
132
95
135
160
136
225
86
166
34
208
224
36
195
34
126
125
126
80
126
179
37
167
34
209
83
145
126
148
172
83
114
113
43
163
196
74
123
132
135
163
40
204
37
184
117
90
185
133
43
180
139
160
80
113
175
120
136
132
92
126
166
163
167
38
128
89
193
135
120
132
83
230
43
276
117
88
132
172
123
86
160
38
204
37
157
105
128
187
86
118
126
136
129
211
83
118
79
120
84
119
87
172
71
164
79
113
169
40
176
75
197
129
163
117
81
121
81
174
170
28
209
169
83
132
132
88
145
178
86
181
83
170
89
114
175
117
120
120
184
132
89
147
135
133
114
167
217
95
172
88
120
129
169
86
141
132
178
83
148
40
163
195
92
80
155
126
111
92
207
40
215
40
261
120
132
132
162
178
135
71
172
224
84
129
80
215
256
123
129
86
218
37
175
34
172
71
175
120
129
129
40
261
95
141
40
175
126
89
157
212
28
120
169
77
138
132
158
80
175
126
169
203
34
210
40
177
120
90
80
151
129
77
221
95
213
34
196
83
117
111
169
129
184
125
128
172
40
261
128
126
153
82
184
175
88
163
36
211
86
129
160
92
117
170
40
117
242
81
253
73
83
218
138
200
77
123
135
86
166
92
194
129
89
129
119
137
132
169
43
229
87
169
28
157
132
71
95
132
122
123
129
81
178
82
227
28
212
123
86
184
77
215
120
164
43
166
131
86
208
82
168
117
135
81
82
166
80
213
163
83
162
34
105
95
132
120
168
34
169
86
120
168
71
197
126
131
141
80
256
86
141
83
152
80
128
126
126
43
172
80
117
126
167
43
212
71
175
179
43
181
132
136
119
151
34
126
80
212
126
131
166
74
135
129
120
124
143
132
175
37
283
37
256
135
132
79
141
85
126
175
88
178
74
210
43
184
107
172
261
34
202
221
86
129
80
145
126
215
92
181
177
28
107
160
172
161
144
175
65
157
71
111
117
71
116
125
153
178
86
135
123
92
217
258
88
178
40
206
83
120
163
129
28
166
89
197
80
193
122
126
135
172
123
40
178
129
127
90
129
86
132
168
34
166
172
43
184
136
114
122
37
164
164
84
77
132
155
129
135
126
151
82
163
40
163
86
169
126
184
89
135
86
175
81
203
105
138
43
212
117
123
90
86
175
28
148
154
126
86
221
71
107
169
40
175
80
166
28
197
88
160
166
117
77
120
82
86
168
185
129
160
215
175
111
71
83
138
117
163
77
165
37
249
86
89
176
34
163
199
121
139
80
212
86
167
128
141
224
130
132
167
34
181
217
34
198
73
132
123
201
182
126
169
95
135
126
138
71
129
126
77
120
111
88
124
132
133
126
168
43
184
132
130
185
43
172
163
123
163
127
82
154
34
212
65
184
71
177
83
120
157
129
141
86
128
134
130
219
122
36
308
277
124
95
123
180
148
34
215
169
89
347
230
43
228
28
148
34
170
163
74
166
171
103
261
83
277
191
217
37
120
175
178
80
213
86
181
122
86
163
260
43
175
178
129
155
65
181
138
71
120
166
169
129
65
179
79
132
86
184
86
178
126
157
34
204
80
132
122
135
200
175
86
200
81
215
83
270
37
224
89
168
43
184
212
117
166
121
173
34
166
134
135
71
83
217
129
129
84
175
129
124
43
209
82
117
145
175
86
80
224
115
132
209
86
128
83
160
179
89
181
169
86
156
34
212
34
126
132
80
123
82
166
129
86
131
141
125
177
43
181
128
77
134
163
134
123
95
181
38
167
117
129
86
117
215
34
209
38
229
132
117
81
194
80
233
34
172
86
126
90
218
174
170
132
160
77
137
127
126
81
126
129
113
129
135
218
117
80
126
80
210
83
169
85
133
124
218
43
89
200
166
95
177
182
81
121
164
89
129
137
92
169
92
73
200
129
135
181
88
247
83
171
92
178
125
172
154
80
169
86
151
127
123
85
126
163
86
129
126
167
212
83
151
86
178
37
169
71
117
86
156
86
77
233
86
119
77
126
83
202
81
197
86
197
172
86
172
168
43
169
181
71
79
157
28
169
173
34
218
83
77
175
86
200
40
117
215
144
83
130
157
86
157
167
77
178
71
122
129
82
123
120
77
121
79
203
258
84
129
80
166
80
178
28
204
80
211
92
283
218
83
218
34
160
83
184
185
43
276
92
200
117
170
159
77
181
34
132
177
129
157
155
187
121
132
75
34
175
141
126
114
82
125
252
261
92
184
155
120
210
36
206
71
224
40
123
135
120
157
34
168
34
212
36
166
184
43
193
132
181
162
126
221
174
77
65
193
138
166
225
119
135
122
168
83
289
169
89
123
163
28
237
224
92
83
247
83
123
175
139
135
37
178
65
175
213
43
212
28
212
86
120
127
132
168
135
86
165
170
124
80
132
121
86
156
40
123
123
86
114
120
80
172
167
86
111
80
192
34
166
37
217
83
135
77
173
126
83
174
125
132
80
215
160
165
92
164
95
88
80
144
128
117
151
82
163
157
77
126
141
172
160
159
208
77
86
135
119
86
170
75
129
77
169
174
150
129
166
28
196
160
80
162
28
148
178
132
34
212
117
129
206
85
129
123
198
127
43
219
214
128
129
114
89
170
157
40
117
163
178
141
126
154
135
213
28
119
114
71
215
113
77
157
117
129
119
171
34
178
206
40
273
71
126
138
136
89
172
83
172
166
117
173
218
132
108
318
123
154
128
77
130
144
131
83
120
129
159
126
141
136
139
123
174
83
114
133
216
80
169
141
121
141
83
86
184
86
130
132
200
80
220
34
160
37
123
178
221
165
77
172
71
171
71
126
141
157
83
160
71
174
129
34
117
205
80
131
135
117
178
34
249
34
168
175
111
130
126
128
195
89
135
86
172
123
126
92
209
79
123
158
130
178
89
158
80
160
95
178
186
77
105
73
193
79
178
120
162
175
111
83
159
74
86
131
117
177
163
138
82
160
40
203
120
120
177
90
149
136
160
80
120
168
43
175
125
120
138
168
181
90
223
34
217
36
164
71
178
28
218
80
162
90
28
159
172
131
204
80
117
90
178
37
215
83
168
28
113
126
34
206
38
176
175
86
123
126
172
132
86
125
77
120
126
128
126
236
166
158
40
195
37
166
77
200
34
236
160
208
228
80
176
170
86
172
89
160
164
117
172
43
203
34
175
168
74
34
157
135
218
43
225
34
297
34
77
120
123
120
138
88
157
127
77
126
166
113
169
86
121
180
159
43
154
80
202
86
126
168
80
267
86
196
34
224
43
135
135
156
134
132
82
139
84
138
128
86
120
120
34
166
43
175
181
74
175
120
162
167
28
151
165
165
135
138
190
144
120
221
168
83
178
71
132
73
159
173
117
132
126
34
224
202
37
178
71
114
89
196
111
138
173
178
82
135
129
129
116
266
178
80
164
113
190
160
79
111
132
119
184
82
181
37
116
113
168
95
190
88
154
126
123
83
126
83
204
43
120
80
268
34
120
135
169
83
125
92
173
132
43
166
43
130
86
105
77
218
28
169
141
117
157
120
85
135
123
126
306
38
130
130
160
160
87
88
138
141
167
133
138
74
88
215
179
171
90
166
289
86
86
157
83
178
86
169
153
90
165
89
169
139
130
134
86
163
135
83
169
86
220
215
160
141
86
126
85
215
73
115
172
168
43
156
172
131
126
215
86
212
117
135
110
126
221
162
37
197
132
83
214
34
194
114
169
92
194
37
172
135
199
128
120
128
181
77
199
218
36
202
217
80
126
175
83
160
144
43
170
87
180
43
227
43
126
175
135
191
135
123
162
108
36
180
79
181
28
117
164
184
86
151
114
184
157
86
116
89
118
80
169
202
92
176
133
160
132
79
175
28
203
74
125
151
125
86
174
75
188
120
129
181
160
81
170
120
43
180
120
126
178
34
211
40
209
120
161
132
132
224
34
165
125
144
166
80
182
166
38
224
120
166
129
28
156
258
175
34
171
37
169
172
228
120
86
167
114
135
34
221
90
127
129
111
181
28
154
206
89
169
89
40
181
126
123
163
171
92
161
131
119
122
129
135
123
169
121
120
138
130
119
132
255
83
129
80
163
37
170
71
137
132
126
219
123
117
77
181
80
175
166
153
126
120
132
206
141
163
181
73
171
111
177
83
175
89
132
181
282
175
77
132
90
175
105
105
165
86
175
92
129
132
129
209
77
108
141
80
138
130
126
168
132
178
164
181
83
131
132
218
129
71
236
120
170
153
123
87
184
122
159
122
89
248
83
127
95
204
79
215
86
173
184
37
178
117
126
135
211
40
169
86
177
169
71
214
200
43
184
92
169
80
159
129
175
88
163
36
174
178
92
196
77
129
123
37
206
89
117
157
40
209
107
179
86
160
28
156
95
126
127
132
95
120
160
105
80
171
114
109
177
86
221
89
244
80
141
80
131
113
126
173
163
34
200
95
161
89
141
92
92
122
178
34
200
92
177
71
126
135
83
206
80
154
37
169
124
86
129
136
126
34
162
77
126
37
172
71
89
123
34
111
172
37
174
167
82
79
89
86
120
43
135
34
86
117
89
81
38
90
81
40
83
37
43
40
92
43
92
71
40
89
40
40
161
83
80
92
37
28
43
37
43
37
34
40
43
28
34
40
28
36
34
28
77
43
34
83
28
43
34
28
43
38
34
28
40
