15000	336	905	6
30000	329	905	7
45000	307	905	7
60000	263	905	6
75000	369	905	8
90000	184	905	5
1.05e+005	295	905	8
1.2e+005	317	905	6
1.35e+005	221	905	6
1.5e+005	314	905	8
1.65e+005	219	905	6
1.8e+005	261	905	7
1.95e+005	217	905	6
2.1e+005	245	905	7
2.25e+005	355	905	7
2.4e+005	255	905	7
2.55e+005	197	905	5
2.7e+005	290	905	8
2.85e+005	263	905	7
3e+005	188	905	5
3.15e+005	268	905	7
3.3e+005	295	905	8
3.45e+005	228	905	6
3.6e+005	269	905	7
3.75e+005	228	905	6
3.9e+005	228	905	6
4.05e+005	433	905	9
4.2e+005	192	905	5
4.35e+005	229	905	6
4.5e+005	371	905	9
4.65e+005	193	905	5
4.8e+005	229	905	6
4.95e+005	305	905	8
5.1e+005	226	905	6
5.25e+005	264	905	7
5.4e+005	265	905	7
5.55e+005	223	905	6
5.7e+005	229	905	6
5.85e+005	265	905	7
6e+005	260	905	7
6.15e+005	261	905	7
6.3e+005	225	905	6
6.45e+005	263	905	7
6.6e+005	261	905	7
6.75e+005	257	905	7
6.9e+005	178	905	5
7.05e+005	295	905	8
7.2e+005	251	905	7
7.35e+005	212	905	6
7.5e+005	222	905	6
7.65e+005	303	905	8
7.8e+005	327	905	7
7.95e+005	218	905	6
8.1e+005	211	905	6
8.25e+005	260	905	7
8.4e+005	258	905	7
8.55e+005	211	905	5
8.7e+005	304	905	8
8.85e+005	230	905	6
9e+005	268	905	7
9.15e+005	302	905	8
9.3e+005	194	905	5
9.45e+005	263	905	7
9.6e+005	262	905	7
9.75e+005	178	905	5
9.9e+005	263	905	7
1.005e+006	264	905	7
1.02e+006	251	905	7
1.035e+006	225	905	6
1.05e+006	271	905	7
1.065e+006	273	905	7
1.08e+006	241	905	6
1.095e+006	229	905	6
1.11e+006	297	905	8
1.125e+006	218	905	6
1.14e+006	225	905	6
1.155e+006	265	905	7
1.17e+006	263	905	7
1.185e+006	268	905	7
1.2e+006	222	905	6
1.215e+006	264	905	7
1.23e+006	266	905	7
1.245e+006	193	905	5
1.26e+006	303	905	8
1.275e+006	259	905	7
1.29e+006	270	905	7
1.305e+006	229	905	6
1.32e+006	262	905	7
1.335e+006	297	905	8
1.35e+006	237	905	6
1.365e+006	219	905	6
1.38e+006	253	905	7
1.395e+006	263	905	7
1.41e+006	219	905	6
1.425e+006	259	905	7
1.44e+006	262	905	7
1.455e+006	260	905	7
1.47e+006	183	905	5
1.485e+006	344	905	8
1.5e+006	229	905	6
1.515e+006	232	905	6
1.53e+006	183	905	5
1.545e+006	205	905	6
1.56e+006	191	905	5
1.575e+006	184	905	5
1.59e+006	214	905	6
1.605e+006	145	905	4
1.62e+006	285	905	7
1.635e+006	186	905	5
1.65e+006	179	905	5
1.665e+006	219	905	6
1.68e+006	183	905	5
1.695e+006	212	905	6
1.71e+006	205	905	6
1.725e+006	177	905	5
1.74e+006	305	905	8
1.755e+006	255	905	7
1.77e+006	182	905	5
1.785e+006	333	905	9
1.8e+006	213	905	6
1.815e+006	261	905	7
1.83e+006	259	905	7
1.845e+006	218	905	6
1.86e+006	313	905	8
1.875e+006	257	905	7
1.89e+006	188	905	5
1.905e+006	306	905	8
1.92e+006	251	905	7
1.935e+006	194	905	5
1.95e+006	357	905	9
1.965e+006	219	905	6
1.98e+006	261	905	7
1.995e+006	262	905	7
2.01e+006	232	905	6
2.025e+006	301	905	8
2.04e+006	261	905	7
2.055e+006	182	905	5
2.07e+006	299	905	8
2.085e+006	263	905	7
2.1e+006	186	905	5
2.115e+006	339	905	9
2.13e+006	224	905	6
2.145e+006	281	905	7
2.16e+006	258	905	7
2.175e+006	214	905	6
2.19e+006	309	905	8
2.205e+006	253	905	7
2.22e+006	196	905	5
2.235e+006	293	905	8
2.25e+006	259	905	7
2.265e+006	191	905	5
2.28e+006	334	905	9
2.295e+006	216	905	6
2.31e+006	224	905	6
2.325e+006	287	905	8
2.34e+006	212	905	6
2.355e+006	251	905	7
2.37e+006	286	905	8
2.385e+006	183	905	5
2.4e+006	292	905	8
2.415e+006	245	905	7
2.43e+006	188	905	5
2.445e+006	334	905	9
2.46e+006	220	905	6
2.475e+006	182	905	5
2.49e+006	325	905	9
2.505e+006	217	905	6
2.52e+006	258	905	7
2.535e+006	296	905	8
2.55e+006	188	905	5
2.565e+006	254	905	7
2.58e+006	293	905	8
2.595e+006	188	905	5
2.61e+006	305	905	8
2.625e+006	260	905	7
2.64e+006	194	905	5
2.655e+006	334	905	9
2.67e+006	221	905	6
2.685e+006	226	905	6
2.7e+006	332	905	9
2.715e+006	180	905	5
2.73e+006	208	905	6
2.745e+006	341	905	9
2.76e+006	193	905	5
2.775e+006	258	905	7
2.79e+006	304	905	8
2.805e+006	191	905	5
2.82e+006	289	905	8
2.835e+006	261	905	7
2.85e+006	185	905	5
2.865e+006	323	905	9
2.88e+006	224	905	6
2.895e+006	219	905	6
2.91e+006	382	905	9
2.925e+006	186	905	5
2.94e+006	314	905	8
2.955e+006	255	905	7
2.97e+006	186	905	5
2.985e+006	253	905	7
3e+006	288	905	8
3.015e+006	181	905	5
3.03e+006	284	905	8
3.045e+006	270	905	7
3.06e+006	210	905	6
3.075e+006	288	905	8
3.09e+006	215	905	6
3.105e+006	261	905	7
3.12e+006	257	905	7
3.135e+006	251	905	6
3.15e+006	267	905	7
3.165e+006	301	905	8
3.18e+006	182	905	5
3.195e+006	300	905	8
3.21e+006	218	905	6
3.225e+006	257	905	7
3.24e+006	256	905	7
3.255e+006	216	905	6
3.27e+006	259	905	7
3.285e+006	259	905	7
3.3e+006	233	905	6
3.315e+006	270	905	7
3.33e+006	309	905	8
3.345e+006	192	905	5
3.36e+006	306	905	8
3.375e+006	223	905	6
3.39e+006	258	905	7
3.405e+006	268	905	7
3.42e+006	226	905	6
3.435e+006	232	905	6
3.45e+006	304	905	8
3.465e+006	223	905	6
3.48e+006	260	905	7
3.495e+006	256	905	7
3.51e+006	229	905	6
3.525e+006	297	905	8
3.54e+006	252	905	7
3.555e+006	218	905	6
3.57e+006	271	905	7
3.585e+006	186	905	5
3.6e+006	300	905	8
3.615e+006	268	905	7
3.63e+006	221	905	6
3.645e+006	265	905	7
3.66e+006	269	905	7
3.675e+006	188	905	5
3.69e+006	324	905	9
3.705e+006	224	905	6
3.72e+006	228	905	6
3.735e+006	335	905	9
3.75e+006	186	905	5
3.765e+006	266	905	7
3.78e+006	269	905	7
3.795e+006	220	905	6
3.81e+006	266	905	7
3.825e+006	257	905	7
3.84e+006	228	905	6
3.855e+006	293	905	8
3.87e+006	180	905	5
3.885e+006	333	905	9
3.9e+006	222	905	6
3.915e+006	214	905	6
3.93e+006	258	905	7
3.945e+006	259	905	7
3.96e+006	214	905	6
3.975e+006	227	905	6
3.99e+006	253	905	7
4.005e+006	237	905	7
4.02e+006	292	905	8
4.035e+006	177	905	5
4.05e+006	203	905	6
4.065e+006	326	905	9
4.08e+006	181	905	5
4.095e+006	224	905	6
4.11e+006	296	905	8
4.125e+006	223	905	6
4.14e+006	268	905	7
4.155e+006	294	905	8
4.17e+006	177	905	5
4.185e+006	335	905	9
4.2e+006	177	905	5
4.215e+006	217	905	6
4.23e+006	300	905	8
4.245e+006	258	905	7
4.26e+006	184	905	5
4.275e+006	331	905	9
4.29e+006	180	905	5
4.305e+006	257	905	7
4.32e+006	292	905	8
4.335e+006	229	905	6
4.35e+006	273	905	7
4.365e+006	258	905	7
4.38e+006	181	905	5
4.395e+006	294	905	8
4.41e+006	256	905	7
4.425e+006	174	905	5
4.44e+006	330	905	9
4.455e+006	217	905	6
4.47e+006	214	905	6
4.485e+006	296	905	8
4.5e+006	218	905	6
4.515e+006	252	905	7
4.53e+006	208	905	6
4.545e+006	236	905	7
4.56e+006	243	905	7
4.575e+006	206	905	6
4.59e+006	237	905	7
4.605e+006	275	905	8
4.62e+006	205	905	6
4.635e+006	209	905	6
4.65e+006	297	905	8
4.665e+006	215	905	6
4.68e+006	251	905	7
4.695e+006	272	905	7
4.71e+006	214	905	6
4.725e+006	254	905	7
4.74e+006	216	905	6
4.755e+006	261	905	7
4.77e+006	295	905	8
4.785e+006	186	905	5
4.8e+006	259	905	7
4.815e+006	303	905	8
4.83e+006	228	905	6
4.845e+006	257	905	7
4.86e+006	263	905	7
4.875e+006	216	905	6
4.89e+006	265	905	7
4.905e+006	230	905	6
4.92e+006	268	905	7
4.935e+006	298	905	8
4.95e+006	189	905	5
4.965e+006	290	905	8
4.98e+006	251	905	7
4.995e+006	179	905	5
5.01e+006	291	905	8
5.025e+006	250	905	7
5.04e+006	242	905	7
5.055e+006	249	905	7
5.07e+006	217	905	6
5.085e+006	246	905	7
5.1e+006	293	905	8
5.115e+006	185	905	5
5.13e+006	309	905	8
5.145e+006	265	905	7
5.16e+006	190	905	5
5.175e+006	273	905	7
5.19e+006	303	905	8
5.205e+006	231	905	6
5.22e+006	262	905	7
5.235e+006	269	905	7
5.25e+006	224	905	6
5.265e+006	344	905	9
5.28e+006	182	905	5
5.295e+006	227	905	6
5.31e+006	335	905	9
5.325e+006	195	905	5
5.34e+006	224	905	6
5.355e+006	342	905	9
5.37e+006	190	905	5
5.385e+006	261	905	7
5.4e+006	302	905	8
5.415e+006	222	905	6
5.43e+006	344	905	9
5.445e+006	191	905	5
5.46e+006	221	905	6
5.475e+006	347	905	9
5.49e+006	185	905	5
5.505e+006	226	905	6
5.52e+006	347	905	9
5.535e+006	187	905	5
5.55e+006	300	905	8
5.565e+006	263	905	7
5.58e+006	228	905	6
5.595e+006	346	905	9
5.61e+006	186	905	5
5.625e+006	229	905	6
5.64e+006	335	905	9
5.655e+006	185	905	5
5.67e+006	234	905	6
5.685e+006	334	905	9
5.7e+006	185	905	5
5.715e+006	297	905	8
5.73e+006	255	905	7
5.745e+006	243	905	6
5.76e+006	376	905	9
5.775e+006	189	905	5
5.79e+006	232	905	6
5.805e+006	341	905	9
5.82e+006	187	905	5
5.835e+006	231	905	6
5.85e+006	306	905	8
5.865e+006	145	905	4
5.88e+006	179	905	5
5.895e+006	300	905	8
5.91e+006	237	905	6
5.925e+006	285	905	8
5.94e+006	220	905	6
5.955e+006	202	905	6
5.97e+006	259	905	7
5.985e+006	260	905	7
6e+006	253	905	7
6.015e+006	256	905	7
6.03e+006	243	905	6
6.045e+006	213	905	6
6.06e+006	331	905	9
6.075e+006	181	905	5
6.09e+006	271	905	7
6.105e+006	296	905	8
6.12e+006	180	905	5
6.135e+006	263	905	7
6.15e+006	280	905	8
6.165e+006	208	905	6
6.18e+006	242	905	7
6.195e+006	235	905	7
6.21e+006	208	905	6
6.225e+006	278	905	8
6.24e+006	175	905	5
6.255e+006	258	905	7
6.27e+006	295	905	8
6.285e+006	187	905	5
6.3e+006	297	905	8
6.315e+006	256	905	7
6.33e+006	191	905	5
6.345e+006	291	905	8
6.36e+006	239	905	6
6.375e+006	264	905	7
6.39e+006	261	905	7
6.405e+006	226	905	6
6.42e+006	308	905	8
6.435e+006	229	905	6
6.45e+006	226	905	6
6.465e+006	275	905	7
6.48e+006	290	905	8
6.495e+006	185	905	5
6.51e+006	307	905	8
6.525e+006	209	905	6
6.54e+006	264	905	7
6.555e+006	258	905	7
6.57e+006	209	905	6
6.585e+006	225	905	6
6.6e+006	249	905	7
6.615e+006	250	905	7
6.63e+006	226	905	6
6.645e+006	253	905	7
6.66e+006	211	905	6
6.675e+006	333	905	9
6.69e+006	212	905	6
6.705e+006	177	905	5
6.72e+006	248	905	7
6.735e+006	292	905	8
6.75e+006	190	905	5
6.765e+006	306	905	8
6.78e+006	221	905	6
6.795e+006	219	905	6
6.81e+006	291	905	8
6.825e+006	211	905	6
6.84e+006	221	905	6
6.855e+006	247	905	7
6.87e+006	252	905	7
6.885e+006	263	905	7
6.9e+006	257	905	7
6.915e+006	184	905	5
6.93e+006	287	905	8
6.945e+006	248	905	7
6.96e+006	183	905	5
6.975e+006	212	905	6
6.99e+006	333	905	9
7.005e+006	219	905	6
7.02e+006	247	905	7
7.035e+006	219	905	6
7.05e+006	216	905	6
7.065e+006	298	905	8
7.08e+006	222	905	6
7.095e+006	222	905	6
7.11e+006	328	905	9
7.125e+006	233	905	6
7.14e+006	189	905	5
7.155e+006	299	905	8
7.17e+006	266	905	7
7.185e+006	260	905	7
7.2e+006	214	905	6
7.215e+006	259	905	7
7.23e+006	246	905	7
7.245e+006	211	905	6
7.26e+006	216	905	6
7.275e+006	316	905	9
7.29e+006	173	905	5
7.305e+006	259	905	7
7.32e+006	292	905	8
7.335e+006	189	905	5
7.35e+006	286	905	8
7.365e+006	244	905	7
7.38e+006	222	905	6
7.395e+006	252	905	7
7.41e+006	254	905	7
7.425e+006	227	905	6
7.44e+006	322	905	9
7.455e+006	178	905	5
7.47e+006	224	905	6
7.485e+006	317	905	9
7.5e+006	188	905	5
7.515e+006	290	905	8
7.53e+006	204	905	6
7.545e+006	210	905	6
7.56e+006	276	905	8
7.575e+006	254	905	7
7.59e+006	185	905	5
7.605e+006	292	905	8
7.62e+006	253	905	7
7.635e+006	222	905	6
7.65e+006	259	905	7
7.665e+006	251	905	7
7.68e+006	260	905	7
7.695e+006	216	905	6
7.71e+006	248	905	7
7.725e+006	303	905	8
7.74e+006	229	905	6
7.755e+006	183	905	5
7.77e+006	330	905	9
7.785e+006	217	905	6
7.8e+006	216	905	6
7.815e+006	300	905	8
7.83e+006	221	905	6
7.845e+006	308	905	8
7.86e+006	217	905	6
7.875e+006	228	905	6
7.89e+006	343	905	9
7.905e+006	190	905	5
7.92e+006	231	905	6
7.935e+006	339	905	9
7.95e+006	184	905	5
7.965e+006	225	905	6
7.98e+006	331	905	9
7.995e+006	227	905	6
8.01e+006	231	905	6
8.025e+006	262	905	7
8.04e+006	271	905	7
8.055e+006	304	905	8
8.07e+006	192	905	5
8.085e+006	223	905	6
8.1e+006	350	905	9
8.115e+006	190	905	5
8.13e+006	267	905	7
8.145e+006	321	905	8
8.16e+006	222	905	6
8.175e+006	273	905	7
8.19e+006	264	905	7
8.205e+006	230	905	6
8.22e+006	345	905	9
8.235e+006	185	905	5
8.25e+006	224	905	6
8.265e+006	346	905	9
8.28e+006	185	905	5
8.295e+006	266	905	7
8.31e+006	309	905	8
8.325e+006	221	905	6
8.34e+006	271	905	7
8.355e+006	267	905	7
8.37e+006	222	905	6
8.385e+006	297	905	8
8.4e+006	176	905	5
8.415e+006	295	905	8
8.43e+006	263	905	7
8.445e+006	191	905	5
8.46e+006	305	905	8
8.475e+006	263	905	7
8.49e+006	231	905	6
8.505e+006	302	905	8
8.52e+006	229	905	6
8.535e+006	218	905	6
8.55e+006	334	905	9
8.565e+006	186	905	5
8.58e+006	259	905	7
8.595e+006	292	905	7
8.61e+006	223	905	6
8.625e+006	271	905	7
8.64e+006	274	905	7
8.655e+006	251	905	6
8.67e+006	298	905	8
8.685e+006	249	905	6
8.7e+006	213	905	6
8.715e+006	322	905	9
8.73e+006	183	905	5
8.745e+006	256	905	7
8.76e+006	254	905	7
8.775e+006	245	905	6
8.79e+006	251	905	7
8.805e+006	250	905	7
8.82e+006	251	905	7
8.835e+006	210	905	6
8.85e+006	251	905	7
8.865e+006	278	905	7
8.88e+006	297	905	8
8.895e+006	180	905	5
8.91e+006	286	905	8
8.925e+006	265	905	7
8.94e+006	180	905	5
8.955e+006	256	905	7
8.97e+006	264	905	7
8.985e+006	222	905	6
9e+006	287	905	8
9.015e+006	223	905	6
9.03e+006	221	905	6
9.045e+006	337	905	9
9.06e+006	194	905	5
9.075e+006	255	905	7
9.09e+006	300	905	8
9.105e+006	187	905	5
9.12e+006	268	905	7
9.135e+006	274	905	7
9.15e+006	255	905	7
9.165e+006	268	905	7
9.18e+006	234	905	6
9.195e+006	260	905	7
9.21e+006	264	905	7
9.225e+006	234	905	6
9.24e+006	304	905	8
9.255e+006	274	905	7
9.27e+006	180	905	5
9.285e+006	302	905	8
9.3e+006	228	905	6
9.315e+006	254	905	7
9.33e+006	248	905	7
9.345e+006	255	905	7
9.36e+006	222	905	6
9.375e+006	294	905	8
9.39e+006	234	905	6
9.405e+006	298	905	8
9.42e+006	230	905	6
9.435e+006	231	905	6
9.45e+006	306	905	8
9.465e+006	215	905	6
9.48e+006	267	905	7
9.495e+006	266	905	7
9.51e+006	274	905	7
9.525e+006	236	905	6
9.54e+006	312	905	8
9.555e+006	203	905	5
9.57e+006	355	905	9
9.585e+006	223	905	6
9.6e+006	240	905	6
9.615e+006	317	905	8
9.63e+006	240	905	6
9.645e+006	196	905	5
9.66e+006	357	905	9
9.675e+006	230	905	6
9.69e+006	310	905	8
9.705e+006	230	905	6
9.72e+006	229	905	6
9.735e+006	307	905	8
9.75e+006	223	905	6
9.765e+006	232	905	6
9.78e+006	303	905	8
9.795e+006	225	905	6
9.81e+006	229	905	6
9.825e+006	301	905	8
9.84e+006	219	905	6
9.855e+006	268	905	7
9.87e+006	308	905	8
9.885e+006	196	905	5
9.9e+006	301	905	8
9.915e+006	252	905	7
9.93e+006	190	905	5
9.945e+006	296	905	8
9.96e+006	260	905	7
9.975e+006	190	905	5
9.99e+006	295	905	8
1.0005e+007	257	905	7
1.002e+007	220	905	6
1.0035e+007	328	905	9
1.005e+007	190	905	5
1.0065e+007	224	905	6
1.008e+007	331	905	9
1.0095e+007	174	905	5
1.011e+007	253	905	7
1.0125e+007	292	905	8
1.014e+007	178	905	5
1.0155e+007	256	905	7
1.017e+007	293	905	8
1.0185e+007	175	905	5
1.02e+007	284	905	8
1.0215e+007	247	905	7
1.023e+007	220	905	6
1.0245e+007	318	905	9
1.026e+007	143	905	4
1.0275e+007	258	905	7
1.029e+007	255	905	7
1.0305e+007	263	905	7
1.032e+007	220	905	6
1.0335e+007	295	905	8
1.035e+007	221	905	6
1.0365e+007	251	905	7
1.038e+007	261	905	7
1.0395e+007	258	905	7
1.041e+007	260	905	7
1.0425e+007	224	905	6
1.044e+007	262	905	7
1.0455e+007	217	905	6
1.047e+007	258	905	7
1.0485e+007	253	905	7
1.05e+007	239	905	7
1.0515e+007	267	905	7
1.053e+007	248	905	7
1.0545e+007	252	905	7
1.056e+007	259	905	7
1.0575e+007	216	905	6
1.059e+007	252	905	7
1.0605e+007	261	905	7
1.062e+007	207	905	6
1.0635e+007	250	905	7
1.065e+007	250	905	7
1.0665e+007	246	905	7
1.068e+007	261	905	7
1.0695e+007	254	905	7
1.071e+007	250	905	7
1.0725e+007	218	905	6
1.074e+007	252	905	7
1.0755e+007	251	905	7
1.077e+007	253	905	7
1.0785e+007	214	905	6
1.08e+007	250	905	7
1.0815e+007	260	905	7
1.083e+007	294	905	8
1.0845e+007	218	905	6
1.086e+007	220	905	6
1.0875e+007	289	905	8
1.089e+007	220	905	6
1.0905e+007	250	905	7
1.092e+007	252	905	7
1.0935e+007	219	905	6
1.095e+007	257	905	7
1.0965e+007	252	905	7
1.098e+007	253	905	7
1.0995e+007	291	905	8
1.101e+007	210	905	6
1.1025e+007	220	905	6
1.104e+007	285	905	8
1.1055e+007	224	905	6
1.107e+007	231	905	6
1.1085e+007	290	905	8
1.11e+007	218	905	6
1.1115e+007	254	905	7
1.113e+007	253	905	7
1.1145e+007	221	905	6
1.116e+007	328	905	9
1.1175e+007	224	905	6
1.119e+007	183	905	5
1.1205e+007	333	905	9
1.122e+007	226	905	6
1.1235e+007	191	905	5
1.125e+007	330	905	9
1.1265e+007	226	905	6
1.128e+007	213	905	6
1.1295e+007	296	905	8
1.131e+007	214	905	6
1.1325e+007	289	905	8
1.134e+007	222	905	6
1.1355e+007	221	905	6
1.137e+007	332	905	9
1.1385e+007	217	905	6
1.14e+007	179	905	5
1.1415e+007	320	905	9
1.143e+007	214	905	6
1.1445e+007	191	905	5
1.146e+007	358	905	9
1.1475e+007	220	905	6
1.149e+007	323	905	8
1.1505e+007	222	905	6
1.152e+007	249	905	6
1.1535e+007	337	905	9
1.155e+007	226	905	6
1.1565e+007	182	905	5
1.158e+007	341	905	9
1.1595e+007	220	905	6
1.161e+007	191	905	5
1.1625e+007	364	905	9
1.164e+007	229	905	6
1.1655e+007	291	905	8
1.167e+007	231	905	6
1.1685e+007	228	905	6
1.17e+007	366	905	9
1.1715e+007	228	905	6
1.173e+007	180	905	5
1.1745e+007	335	905	9
1.176e+007	222	905	6
1.1775e+007	184	905	5
1.179e+007	329	905	9
1.1805e+007	231	905	6
1.182e+007	303	905	8
1.1835e+007	217	905	6
1.185e+007	231	905	6
1.1865e+007	336	905	9
1.188e+007	231	905	6
1.1895e+007	181	905	5
1.191e+007	334	905	9
1.1925e+007	223	905	6
1.194e+007	257	905	7
1.1955e+007	259	905	7
1.197e+007	217	905	6
1.1985e+007	259	905	7
1.2e+007	251	905	7
1.2015e+007	222	905	6
1.203e+007	259	905	7
1.2045e+007	290	905	8
1.206e+007	183	905	5
1.2075e+007	249	905	7
1.209e+007	289	905	8
1.2105e+007	177	905	5
1.212e+007	295	905	8
1.2135e+007	267	905	7
1.215e+007	185	905	5
1.2165e+007	306	905	8
1.218e+007	270	905	7
1.2195e+007	269	905	7
1.221e+007	293	905	8
1.2225e+007	182	905	5
1.224e+007	276	905	7
1.2255e+007	297	905	8
1.227e+007	192	905	5
1.2285e+007	305	905	8
1.23e+007	254	905	7
1.2315e+007	229	905	6
1.233e+007	267	905	7
1.2345e+007	255	905	7
1.236e+007	266	905	7
1.2375e+007	265	905	7
1.239e+007	226	905	6
1.2405e+007	266	905	7
1.242e+007	263	905	7
1.2435e+007	223	905	6
1.245e+007	322	905	8
1.2465e+007	261	905	7
1.248e+007	228	905	6
1.2495e+007	259	905	7
1.251e+007	271	905	7
1.2525e+007	267	905	7
1.254e+007	277	905	7
1.2555e+007	198	905	5
1.257e+007	314	905	8
1.2585e+007	262	905	7
1.26e+007	190	905	5
1.2615e+007	305	905	8
1.263e+007	258	905	7
1.2645e+007	228	905	6
1.266e+007	263	905	7
1.2675e+007	230	905	6
1.269e+007	272	905	7
1.2705e+007	312	905	8
1.272e+007	192	905	5
1.2735e+007	316	905	8
1.275e+007	268	905	7
1.2765e+007	189	905	5
1.278e+007	361	905	9
1.2795e+007	231	905	6
1.281e+007	232	905	6
1.2825e+007	311	905	8
1.284e+007	232	905	6
1.2855e+007	225	905	6
1.287e+007	338	905	9
1.2885e+007	192	905	5
1.29e+007	261	905	7
1.2915e+007	306	905	8
1.293e+007	196	905	5
1.2945e+007	262	905	7
1.296e+007	303	905	8
1.2975e+007	194	905	5
1.299e+007	305	905	8
1.3005e+007	267	905	7
1.302e+007	221	905	6
1.3035e+007	341	905	9
1.305e+007	194	905	5
1.3065e+007	256	905	7
1.308e+007	301	905	8
1.3095e+007	185	905	5
1.311e+007	251	905	7
1.3125e+007	299	905	8
1.314e+007	173	905	5
1.3155e+007	296	905	8
1.317e+007	251	905	7
1.3185e+007	221	905	6
1.32e+007	294	905	8
1.3215e+007	228	905	6
1.323e+007	270	905	7
1.3245e+007	258	905	7
1.326e+007	223	905	6
1.3275e+007	256	905	7
1.329e+007	293	905	8
1.3305e+007	194	905	5
1.332e+007	292	905	8
1.3335e+007	249	905	7
1.335e+007	219	905	6
1.3365e+007	299	905	8
1.338e+007	220	905	6
1.3395e+007	217	905	6
1.341e+007	299	905	8
1.3425e+007	188	905	5
1.344e+007	338	905	9
1.3455e+007	220	905	6
1.347e+007	185	905	5
1.3485e+007	337	905	9
1.35e+007	221	905	6
1.3515e+007	224	905	6
1.353e+007	311	905	8
1.3545e+007	225	905	6
1.356e+007	265	905	7
1.3575e+007	292	905	8
1.359e+007	185	905	5
1.3605e+007	338	905	9
1.362e+007	219	905	6
1.3635e+007	181	905	5
1.365e+007	329	905	9
1.3665e+007	217	905	6
1.368e+007	184	905	5
1.3695e+007	376	905	10
1.371e+007	183	905	5
1.3725e+007	260	905	7
1.374e+007	299	905	8
1.3755e+007	190	905	5
1.377e+007	341	905	9
1.3785e+007	223	905	6
1.38e+007	186	905	5
1.3815e+007	304	905	8
1.383e+007	258	905	7
1.3845e+007	233	905	6
1.386e+007	305	905	8
1.3875e+007	183	905	5
1.389e+007	229	905	6
1.3905e+007	303	905	8
1.392e+007	192	905	5
1.3935e+007	339	905	9
1.395e+007	220	905	6
1.3965e+007	198	905	5
1.398e+007	304	905	8
1.3995e+007	222	905	6
1.401e+007	232	905	6
1.4025e+007	294	905	8
1.404e+007	220	905	6
1.4055e+007	224	905	6
1.407e+007	331	905	9
1.4085e+007	182	905	5
1.41e+007	260	905	7
1.4115e+007	255	905	7
1.413e+007	181	905	5
1.4145e+007	339	905	9
1.416e+007	227	905	6
1.4175e+007	214	905	6
1.419e+007	290	905	8
1.4205e+007	212	905	6
1.422e+007	221	905	6
1.4235e+007	291	905	8
1.425e+007	215	905	6
1.4265e+007	219	905	6
1.428e+007	320	905	8
1.4295e+007	213	905	6
1.431e+007	263	905	7
1.4325e+007	263	905	7
1.434e+007	282	905	7
1.4355e+007	222	905	6
1.437e+007	287	905	7
1.4385e+007	264	905	7
1.44e+007	273	905	7
1.4415e+007	237	905	6
1.443e+007	235	905	6
1.4445e+007	358	905	9
1.446e+007	218	905	5
1.4475e+007	271	905	7
1.449e+007	276	905	7
1.4505e+007	225	905	6
1.452e+007	232	905	6
1.4535e+007	310	905	8
1.455e+007	218	905	6
1.4565e+007	285	905	7
1.458e+007	262	905	7
1.4595e+007	227	905	6
1.461e+007	341	905	9
1.4625e+007	175	905	5
1.464e+007	255	905	7
1.4655e+007	291	905	8
1.467e+007	220	905	6
1.4685e+007	218	905	6
1.47e+007	285	905	8
1.4715e+007	213	905	6
1.473e+007	207	905	6
1.4745e+007	288	905	8
1.476e+007	219	905	6
1.4775e+007	331	905	9
1.479e+007	187	905	5
1.4805e+007	261	905	7
1.482e+007	304	905	8
1.4835e+007	221	905	6
1.485e+007	227	905	6
1.4865e+007	310	905	8
1.488e+007	223	905	6
1.4895e+007	224	905	6
1.491e+007	309	905	8
1.4925e+007	227	905	6
1.494e+007	334	905	9
1.4955e+007	188	905	5
1.497e+007	262	905	7
1.4985e+007	299	905	8
1.5e+007	194	905	5
1.5015e+007	260	905	7
1.503e+007	304	905	8
1.5045e+007	221	905	6
1.506e+007	227	905	6
1.5075e+007	310	905	8
1.509e+007	223	905	6
1.5105e+007	299	905	8
1.512e+007	227	905	6
1.5135e+007	250	905	7
1.515e+007	301	905	8
1.5165e+007	221	905	6
1.518e+007	228	905	6
1.5195e+007	304	905	8
1.521e+007	216	905	6
1.5225e+007	231	905	6
1.524e+007	290	905	8
1.5255e+007	225	905	6
1.527e+007	334	905	9
1.5285e+007	185	905	5
1.53e+007	256	905	7
1.5315e+007	305	905	8
1.533e+007	190	905	5
1.5345e+007	265	905	7
1.536e+007	307	905	8
1.5375e+007	226	905	6
1.539e+007	223	905	6
1.5405e+007	294	905	8
1.542e+007	222	905	6
1.5435e+007	344	905	9
1.545e+007	199	905	5
1.5465e+007	255	905	7
1.548e+007	312	905	8
1.5495e+007	191	905	5
1.551e+007	266	905	7
1.5525e+007	318	905	8
1.554e+007	183	905	5
1.5555e+007	304	905	8
1.557e+007	280	905	7
1.5585e+007	224	905	6
1.56e+007	342	905	9
1.5615e+007	187	905	5
1.563e+007	260	905	7
1.5645e+007	304	905	8
1.566e+007	188	905	5
1.5675e+007	255	905	7
1.569e+007	304	905	8
1.5705e+007	186	905	5
1.572e+007	293	905	8
1.5735e+007	260	905	7
1.575e+007	181	905	5
1.5765e+007	334	905	9
1.578e+007	229	905	6
1.5795e+007	222	905	6
1.581e+007	340	905	9
1.5825e+007	186	905	5
1.584e+007	256	905	7
1.5855e+007	298	905	8
1.587e+007	179	905	5
1.5885e+007	290	905	8
1.59e+007	270	905	7
1.5915e+007	186	905	5
1.593e+007	333	905	9
1.5945e+007	225	905	6
1.596e+007	187	905	5
1.5975e+007	371	905	10
1.599e+007	184	905	5
1.6005e+007	258	905	7
1.602e+007	308	905	8
1.6035e+007	191	905	5
1.605e+007	293	905	8
1.6065e+007	275	905	7
1.608e+007	189	905	5
1.6095e+007	288	905	8
1.611e+007	268	905	7
1.6125e+007	214	905	6
1.614e+007	254	905	7
1.6155e+007	225	905	6
1.617e+007	258	905	7
1.6185e+007	265	905	7
1.62e+007	225	905	6
1.6215e+007	264	905	7
1.623e+007	261	905	7
1.6245e+007	187	905	5
1.626e+007	295	905	8
1.6275e+007	221	905	6
1.629e+007	220	905	6
1.6305e+007	293	905	8
1.632e+007	224	905	6
1.6335e+007	265	905	7
1.635e+007	287	905	8
1.6365e+007	176	905	5
1.638e+007	244	905	7
1.6395e+007	252	905	7
1.641e+007	213	905	6
1.6425e+007	299	905	8
1.644e+007	235	905	6
1.6455e+007	228	905	6
1.647e+007	260	905	7
1.6485e+007	231	905	6
1.65e+007	258	905	7
1.6515e+007	302	905	8
1.653e+007	186	905	5
1.6545e+007	266	905	7
1.656e+007	272	905	7
1.6575e+007	226	905	6
1.659e+007	261	905	7
1.6605e+007	268	905	7
1.662e+007	256	905	7
1.6635e+007	268	905	7
1.665e+007	225	905	6
1.6665e+007	258	905	7
1.668e+007	265	905	7
1.6695e+007	269	905	7
1.671e+007	259	905	7
1.6725e+007	269	905	7
1.674e+007	187	905	5
1.6755e+007	287	905	8
1.677e+007	263	905	7
1.6785e+007	217	905	6
1.68e+007	254	905	7
1.6815e+007	281	905	7
1.683e+007	266	905	7
1.6845e+007	269	905	7
1.686e+007	226	905	6
1.6875e+007	223	905	6
1.689e+007	304	905	8
1.6905e+007	222	905	6
1.692e+007	292	905	8
1.6935e+007	225	905	6
1.695e+007	221	905	6
1.6965e+007	265	905	7
1.698e+007	300	905	8
1.6995e+007	225	905	6
1.701e+007	266	905	7
1.7025e+007	264	905	7
1.704e+007	186	905	5
1.7055e+007	260	905	7
1.707e+007	255	905	7
1.7085e+007	269	905	7
1.71e+007	267	905	7
1.7115e+007	249	905	6
1.713e+007	225	905	6
1.7145e+007	264	905	7
1.716e+007	230	905	6
1.7175e+007	289	905	7
1.719e+007	215	905	6
1.7205e+007	273	905	7
1.722e+007	271	905	7
1.7235e+007	260	905	7
1.725e+007	262	905	7
1.7265e+007	255	905	7
1.728e+007	264	905	7
1.7295e+007	258	905	6
1.731e+007	238	905	6
1.7325e+007	310	905	8
1.734e+007	230	905	6
1.7355e+007	266	905	7
1.737e+007	234	905	6
1.7385e+007	270	905	7
1.74e+007	287	905	7
1.7415e+007	312	905	8
1.743e+007	234	905	6
1.7445e+007	277	905	7
1.746e+007	266	905	7
1.7475e+007	221	905	6
1.749e+007	276	905	7
1.7505e+007	262	905	7
1.752e+007	192	905	5
1.7535e+007	293	905	8
1.755e+007	269	905	7
1.7565e+007	185	905	5
1.758e+007	386	905	10
1.7595e+007	200	905	5
1.761e+007	263	905	7
1.7625e+007	307	905	8
1.764e+007	188	905	5
1.7655e+007	270	905	7
1.767e+007	295	905	8
1.7685e+007	184	905	5
1.77e+007	303	905	8
1.7715e+007	258	905	7
1.773e+007	195	905	5
1.7745e+007	382	905	10
1.776e+007	185	905	5
1.7775e+007	263	905	7
1.779e+007	298	905	8
1.7805e+007	190	905	5
1.782e+007	269	905	7
1.7835e+007	299	905	8
1.785e+007	188	905	5
1.7865e+007	306	905	8
1.788e+007	262	905	7
1.7895e+007	188	905	5
1.791e+007	382	905	10
1.7925e+007	192	905	5
1.794e+007	230	905	6
1.7955e+007	345	905	9
1.797e+007	194	905	5
1.7985e+007	269	905	7
1.8e+007	309	905	8
1.8015e+007	185	905	5
1.803e+007	265	905	7
1.8045e+007	292	905	8
1.806e+007	183	905	5
1.8075e+007	377	905	10
1.809e+007	189	905	5
1.8105e+007	230	905	6
1.812e+007	343	905	9
1.8135e+007	186	905	5
1.815e+007	271	905	7
1.8165e+007	300	905	8
1.818e+007	182	905	5
1.8195e+007	267	905	7
1.821e+007	289	905	8
1.8225e+007	188	905	5
1.824e+007	375	905	10
1.8255e+007	185	905	5
1.827e+007	191	905	5
1.8285e+007	364	905	10
1.83e+007	184	905	5
1.8315e+007	274	905	7
1.833e+007	302	905	8
1.8345e+007	193	905	5
1.836e+007	273	905	7
1.8375e+007	296	905	8
1.839e+007	192	905	5
1.8405e+007	385	905	10
1.842e+007	189	905	5
1.8435e+007	230	905	6
1.845e+007	339	905	9
1.8465e+007	183	905	5
1.848e+007	270	905	7
1.8495e+007	289	905	8
1.851e+007	186	905	5
1.8525e+007	262	905	7
1.854e+007	297	905	8
1.8555e+007	182	905	5
1.857e+007	363	905	10
1.8585e+007	186	905	5
1.86e+007	218	905	6
1.8615e+007	325	905	9
1.863e+007	179	905	5
1.8645e+007	266	905	7
1.866e+007	293	905	8
1.8675e+007	188	905	5
1.869e+007	335	905	9
1.8705e+007	229	905	6
1.872e+007	186	905	5
1.8735e+007	377	905	10
1.875e+007	183	905	5
1.8765e+007	189	905	5
1.878e+007	390	905	10
1.8795e+007	185	905	5
1.881e+007	270	905	7
1.8825e+007	298	905	8
1.884e+007	197	905	5
1.8855e+007	349	905	9
1.887e+007	233	905	6
1.8885e+007	197	905	5
1.89e+007	382	905	10
1.8915e+007	189	905	5
1.893e+007	194	905	5
1.8945e+007	335	905	9
1.896e+007	232	905	6
1.8975e+007	265	905	7
1.899e+007	295	905	8
1.9005e+007	192	905	5
1.902e+007	301	905	8
1.9035e+007	267	905	7
1.905e+007	187	905	5
1.9065e+007	341	905	9
1.908e+007	228	905	6
1.9095e+007	192	905	5
1.911e+007	338	905	9
1.9125e+007	223	905	6
1.914e+007	259	905	7
1.9155e+007	297	905	8
1.917e+007	180	905	5
1.9185e+007	300	905	8
1.92e+007	264	905	7
1.9215e+007	190	905	5
1.923e+007	332	905	9
1.9245e+007	218	905	6
1.926e+007	193	905	5
1.9275e+007	334	905	9
1.929e+007	223	905	6
1.9305e+007	221	905	6
1.932e+007	337	905	9
1.9335e+007	181	905	5
1.935e+007	298	905	8
1.9365e+007	266	905	7
1.938e+007	198	905	5
1.9395e+007	349	905	9
1.941e+007	225	905	6
1.9425e+007	192	905	5
1.944e+007	383	905	10
1.9455e+007	199	905	5
1.947e+007	179	905	5
1.9485e+007	385	905	10
1.95e+007	185	905	5
1.9515e+007	266	905	7
1.953e+007	311	905	8
1.9545e+007	187	905	5
1.956e+007	306	905	8
1.9575e+007	252	905	7
1.959e+007	192	905	5
1.9605e+007	336	905	9
1.962e+007	222	905	6
1.9635e+007	195	905	5
1.965e+007	377	905	10
1.9665e+007	190	905	5
1.968e+007	262	905	7
1.9695e+007	304	905	8
1.971e+007	192	905	5
1.9725e+007	266	905	7
1.974e+007	303	905	8
1.9755e+007	194	905	5
1.977e+007	341	905	9
1.9785e+007	229	905	6
1.98e+007	193	905	5
1.9815e+007	340	905	9
1.983e+007	220	905	6
1.9845e+007	260	905	7
1.986e+007	261	905	7
1.9875e+007	219	905	6
1.989e+007	224	905	6
1.9905e+007	304	905	8
1.992e+007	226	905	6
1.9935e+007	298	905	8
1.995e+007	286	905	7
1.9965e+007	199	905	5
1.998e+007	326	905	9
1.9995e+007	218	905	6
2.001e+007	242	905	6
2.0025e+007	288	905	8
2.004e+007	223	905	6
2.0055e+007	217	905	6
2.007e+007	304	905	8
2.0085e+007	230	905	6
2.01e+007	295	905	8
2.0115e+007	267	905	7
2.013e+007	207	905	5
2.0145e+007	360	905	9
2.016e+007	215	905	6
2.0175e+007	224	905	6
2.019e+007	301	905	8
2.0205e+007	226	905	6
2.022e+007	215	905	6
2.0235e+007	316	905	8
2.025e+007	226	905	6
2.0265e+007	248	905	7
2.028e+007	257	905	7
2.0295e+007	229	905	6
2.031e+007	296	905	8
2.0325e+007	225	905	6
2.034e+007	260	905	7
2.0355e+007	290	905	8
2.037e+007	179	905	5
2.0385e+007	262	905	7
2.04e+007	309	905	8
2.0415e+007	188	905	5
2.043e+007	350	905	9
2.0445e+007	234	905	6
2.046e+007	194	905	5
2.0475e+007	356	905	9
2.049e+007	233	905	6
2.0505e+007	242	905	6
2.052e+007	357	905	9
2.0535e+007	195	905	5
2.055e+007	242	905	6
2.0565e+007	363	905	9
2.058e+007	191	905	5
2.0595e+007	270	905	7
2.061e+007	319	905	8
2.0625e+007	182	905	5
2.064e+007	303	905	8
2.0655e+007	254	905	7
2.067e+007	222	905	6
2.0685e+007	306	905	8
2.07e+007	224	905	6
2.0715e+007	233	905	6
2.073e+007	309	905	8
2.0745e+007	223	905	6
2.076e+007	259	905	7
2.0775e+007	260	905	7
2.079e+007	185	905	5
2.0805e+007	296	905	8
2.082e+007	267	905	7
2.0835e+007	227	905	6
2.085e+007	288	905	8
2.0865e+007	221	905	6
2.088e+007	254	905	7
2.0895e+007	253	905	7
2.091e+007	219	905	6
2.0925e+007	260	905	7
2.094e+007	257	905	7
2.0955e+007	179	905	5
2.097e+007	292	905	8
2.0985e+007	272	905	7
2.1e+007	250	905	7
2.1015e+007	257	905	7
2.103e+007	181	905	5
2.1045e+007	306	905	8
2.106e+007	267	905	7
2.1075e+007	188	905	5
2.109e+007	265	905	7
2.1105e+007	307	905	8
2.112e+007	178	905	5
2.1135e+007	292	905	8
2.115e+007	265	905	7
2.1165e+007	253	905	7
2.118e+007	260	905	7
2.1195e+007	185	905	5
2.121e+007	304	905	8
2.1225e+007	269	905	7
2.124e+007	184	905	5
2.1255e+007	267	905	7
2.127e+007	304	905	8
2.1285e+007	184	905	5
2.13e+007	297	905	8
2.1315e+007	265	905	7
2.133e+007	226	905	6
2.1345e+007	301	905	8
2.136e+007	248	905	6
2.1375e+007	267	905	7
2.139e+007	304	905	8
2.1405e+007	193	905	5
2.142e+007	275	905	7
2.1435e+007	309	905	8
2.145e+007	185	905	5
2.1465e+007	310	905	8
2.148e+007	237	905	6
2.1495e+007	272	905	7
2.151e+007	316	905	8
2.1525e+007	242	905	6
2.154e+007	277	905	7
2.1555e+007	271	905	7
2.157e+007	228	905	6
2.1585e+007	271	905	7
2.16e+007	271	905	7
2.1615e+007	231	905	6
2.163e+007	298	905	8
2.1645e+007	264	905	7
2.166e+007	223	905	6
2.1675e+007	302	905	8
2.169e+007	236	905	6
2.1705e+007	222	905	6
2.172e+007	309	905	8
2.1735e+007	236	905	6
2.175e+007	232	905	6
2.1765e+007	312	905	8
2.178e+007	232	905	6
2.1795e+007	304	905	8
2.181e+007	275	905	7
2.1825e+007	231	905	6
2.184e+007	316	905	8
2.1855e+007	237	905	6
2.187e+007	236	905	6
2.1885e+007	313	905	8
2.19e+007	241	905	6
2.1915e+007	276	905	7
2.193e+007	270	905	7
2.1945e+007	239	905	6
2.196e+007	312	905	8
2.1975e+007	275	905	7
2.199e+007	194	905	5
2.2005e+007	340	905	9
2.202e+007	237	905	6
2.2035e+007	185	905	5
2.205e+007	335	905	9
2.2065e+007	228	905	6
2.208e+007	228	905	6
2.2095e+007	306	905	8
2.211e+007	233	905	6
2.2125e+007	303	905	8
2.214e+007	229	905	6
2.2155e+007	234	905	6
2.217e+007	310	905	8
2.2185e+007	273	905	7
2.22e+007	197	905	5
2.2215e+007	311	905	8
2.223e+007	275	905	7
2.2245e+007	228	905	6
2.226e+007	303	905	8
2.2275e+007	234	905	6
2.229e+007	256	905	7
2.2305e+007	231	905	6
2.232e+007	268	905	7
2.2335e+007	262	905	7
2.235e+007	274	905	7
2.2365e+007	236	905	6
2.238e+007	302	905	8
2.2395e+007	231	905	6
2.241e+007	267	905	7
2.2425e+007	267	905	7
2.244e+007	279	905	7
2.2455e+007	263	905	7
2.247e+007	220	905	6
2.2485e+007	264	905	7
2.25e+007	289	905	8
2.2515e+007	223	905	6
2.253e+007	223	905	6
2.2545e+007	302	905	8
2.256e+007	226	905	6
2.2575e+007	254	905	7
2.259e+007	269	905	7
2.2605e+007	266	905	7
2.262e+007	274	905	7
2.2635e+007	227	905	6
2.265e+007	266	905	7
2.2665e+007	308	905	8
2.268e+007	227	905	6
2.2695e+007	234	905	6
2.271e+007	303	905	8
2.2725e+007	221	905	6
2.274e+007	235	905	6
2.2755e+007	291	905	8
2.277e+007	262	905	7
2.2785e+007	291	905	7
2.28e+007	224	905	6
2.2815e+007	275	905	7
2.283e+007	324	905	8
2.2845e+007	234	905	6
2.286e+007	230	905	6
2.2875e+007	308	905	8
2.289e+007	229	905	6
2.2905e+007	231	905	6
2.292e+007	307	905	8
2.2935e+007	262	905	7
2.295e+007	249	905	6
2.2965e+007	264	905	7
2.298e+007	268	905	7
2.2995e+007	271	905	7
2.301e+007	259	905	7
2.3025e+007	246	905	6
2.304e+007	208	905	6
2.3055e+007	292	905	8
2.307e+007	240	905	6
2.3085e+007	255	905	7
2.31e+007	255	905	7
2.3115e+007	222	905	6
2.313e+007	295	905	8
2.3145e+007	228	905	6
2.316e+007	270	905	7
2.3175e+007	262	905	7
2.319e+007	255	905	7
2.3205e+007	255	905	7
2.322e+007	258	905	7
2.3235e+007	181	905	5
2.325e+007	293	905	8
2.3265e+007	224	905	6
2.328e+007	261	905	7
2.3295e+007	255	905	7
2.331e+007	213	905	6
2.3325e+007	271	905	7
2.334e+007	292	905	8
2.3355e+007	184	905	5
2.337e+007	278	905	7
2.3385e+007	310	905	8
2.34e+007	191	905	5
2.3415e+007	320	905	8
2.343e+007	259	905	7
2.3445e+007	185	905	5
2.346e+007	337	905	9
2.3475e+007	219	905	6
2.349e+007	190	905	5
2.3505e+007	332	905	9
2.352e+007	213	905	6
2.3535e+007	264	905	7
2.355e+007	268	905	7
2.3565e+007	228	905	6
2.358e+007	280	905	7
2.3595e+007	273	905	7
2.361e+007	228	905	6
2.3625e+007	301	905	8
2.364e+007	272	905	7
2.3655e+007	185	905	5
2.367e+007	335	905	9
2.3685e+007	228	905	6
2.37e+007	258	905	7
2.3715e+007	273	905	7
2.373e+007	219	905	6
2.3745e+007	268	905	7
2.376e+007	267	905	7
2.3775e+007	218	905	6
2.379e+007	293	905	8
2.3805e+007	260	905	7
2.382e+007	195	905	5
2.3835e+007	342	905	9
2.385e+007	224	905	6
2.3865e+007	237	905	6
2.388e+007	305	905	8
2.3895e+007	227	905	6
2.391e+007	267	905	7
2.3925e+007	267	905	7
2.394e+007	221	905	6
2.3955e+007	257	905	7
2.397e+007	307	905	8
2.3985e+007	190	905	5
2.4e+007	259	905	7
2.4015e+007	321	905	8
2.403e+007	225	905	6
2.4045e+007	226	905	6
2.406e+007	304	905	8
2.4075e+007	222	905	6
2.409e+007	260	905	7
2.4105e+007	268	905	7
2.412e+007	262	905	7
2.4135e+007	269	905	7
2.415e+007	230	905	6
2.4165e+007	256	905	7
2.418e+007	252	905	7
2.4195e+007	259	905	7
2.421e+007	225	905	6
2.4225e+007	271	905	7
2.424e+007	285	905	7
2.4255e+007	264	905	7
2.427e+007	231	905	6
2.4285e+007	305	905	8
2.43e+007	279	905	7
2.4315e+007	190	905	5
2.433e+007	262	905	7
2.4345e+007	312	905	8
2.436e+007	230	905	6
2.4375e+007	220	905	6
2.439e+007	304	905	8
2.4405e+007	224	905	6
2.442e+007	264	905	7
2.4435e+007	260	905	7
2.445e+007	258	905	7
2.4465e+007	265	905	7
2.448e+007	179	905	5
2.4495e+007	305	905	8
2.451e+007	267	905	7
2.4525e+007	228	905	6
2.454e+007	273	905	7
2.4555e+007	274	905	7
2.457e+007	223	905	6
2.4585e+007	293	905	8
2.46e+007	234	905	6
2.4615e+007	261	905	7
2.463e+007	303	905	8
2.4645e+007	182	905	5
2.466e+007	298	905	8
2.4675e+007	273	905	7
2.469e+007	226	905	6
2.4705e+007	223	905	6
2.472e+007	312	905	8
2.4735e+007	223	905	6
2.475e+007	343	905	9
2.4765e+007	187	905	5
2.478e+007	251	905	7
2.4795e+007	310	905	8
2.481e+007	189	905	5
2.4825e+007	261	905	7
2.484e+007	310	905	8
2.4855e+007	219	905	6
2.487e+007	234	905	6
2.4885e+007	313	905	8
2.49e+007	216	905	6
2.4915e+007	271	905	7
2.493e+007	269	905	7
2.4945e+007	264	905	7
2.496e+007	224	905	6
2.4975e+007	227	905	6
2.499e+007	256	905	7
2.5005e+007	232	905	6
2.502e+007	306	905	8
2.5035e+007	220	905	6
2.505e+007	235	905	6
2.5065e+007	260	905	7
2.508e+007	224	905	6
2.5095e+007	305	905	8
2.511e+007	251	905	7
2.5125e+007	184	905	5
2.514e+007	266	905	7
2.5155e+007	303	905	8
2.517e+007	183	905	5
2.5185e+007	302	905	8
2.52e+007	226	905	6
2.5215e+007	262	905	7
2.523e+007	271	905	7
2.5245e+007	235	905	6
2.526e+007	241	905	6
2.5275e+007	273	905	7
2.529e+007	229	905	6
2.5305e+007	311	905	8
2.532e+007	261	905	7
2.5335e+007	195	905	5
2.535e+007	315	905	8
2.5365e+007	271	905	7
2.538e+007	236	905	6
2.5395e+007	230	905	6
2.541e+007	266	905	7
2.5425e+007	276	905	7
2.544e+007	262	905	7
2.5455e+007	232	905	6
2.547e+007	272	905	7
2.5485e+007	264	905	7
2.55e+007	225	905	6
2.5515e+007	307	905	8
2.553e+007	275	905	7
2.5545e+007	226	905	6
2.556e+007	233	905	6
2.5575e+007	308	905	8
2.559e+007	228	905	6
2.5605e+007	264	905	7
2.562e+007	272	905	7
2.5635e+007	234	905	6
2.565e+007	317	905	8
2.5665e+007	250	905	6
2.568e+007	230	905	6
2.5695e+007	358	905	9
2.571e+007	221	905	6
2.5725e+007	185	905	5
2.574e+007	334	905	9
2.5755e+007	229	905	6
2.577e+007	234	905	6
2.5785e+007	315	905	8
2.58e+007	252	905	6
2.5815e+007	269	905	7
2.583e+007	272	905	7
2.5845e+007	232	905	6
2.586e+007	322	905	8
2.5875e+007	264	905	7
2.589e+007	203	905	5
2.5905e+007	281	905	7
2.592e+007	317	905	8
2.5935e+007	302	905	7
2.595e+007	265	905	7
2.5965e+007	192	905	5
2.598e+007	301	905	8
2.5995e+007	225	905	6
2.601e+007	270	905	7
2.6025e+007	278	905	7
2.604e+007	269	905	7
2.6055e+007	227	905	6
2.607e+007	261	905	7
2.6085e+007	262	905	7
2.61e+007	306	905	8
2.6115e+007	224	905	6
2.613e+007	225	905	6
2.6145e+007	294	905	8
2.616e+007	224	905	6
2.6175e+007	246	905	7
2.619e+007	263	905	7
2.6205e+007	212	905	6
2.622e+007	216	905	6
2.6235e+007	297	905	8
2.625e+007	180	905	5
2.6265e+007	293	905	8
2.628e+007	251	905	7
2.6295e+007	214	905	6
2.631e+007	293	905	8
2.6325e+007	177	905	5
2.634e+007	284	905	8
2.6355e+007	251	905	7
2.637e+007	181	905	5
2.6385e+007	293	905	8
2.64e+007	257	905	7
2.6415e+007	181	905	5
2.643e+007	288	905	8
2.6445e+007	255	905	7
2.646e+007	216	905	6
2.6475e+007	300	905	8
2.649e+007	227	905	6
2.6505e+007	246	905	7
2.652e+007	290	905	8
2.6535e+007	184	905	5
2.655e+007	243	905	7
2.6565e+007	252	905	7
2.658e+007	215	905	6
2.6595e+007	285	905	8
2.661e+007	229	905	6
2.6625e+007	291	905	8
2.664e+007	219	905	6
2.6655e+007	215	905	6
2.667e+007	252	905	7
2.6685e+007	287	905	8
2.67e+007	176	905	5
2.6715e+007	287	905	8
2.673e+007	254	905	7
2.6745e+007	184	905	5
2.676e+007	339	905	9
2.6775e+007	235	905	6
2.679e+007	260	905	7
2.6805e+007	265	905	7
2.682e+007	236	905	6
2.6835e+007	269	905	7
2.685e+007	296	905	8
2.6865e+007	188	905	5
2.688e+007	269	905	7
2.6895e+007	303	905	8
2.691e+007	183	905	5
2.6925e+007	330	905	9
2.694e+007	220	905	6
2.6955e+007	223	905	6
2.697e+007	305	905	8
2.6985e+007	221	905	6
2.7e+007	263	905	7
2.7015e+007	297	905	8
2.703e+007	186	905	5
2.7045e+007	262	905	7
2.706e+007	297	905	8
2.7075e+007	189	905	5
2.709e+007	351	905	9
2.7105e+007	227	905	6
2.712e+007	233	905	6
2.7135e+007	292	905	8
2.715e+007	229	905	6
2.7165e+007	267	905	7
2.718e+007	296	905	8
2.7195e+007	199	905	5
2.721e+007	264	905	7
2.7225e+007	313	905	8
2.724e+007	196	905	5
2.7255e+007	341	905	9
2.727e+007	232	905	6
2.7285e+007	237	905	6
2.73e+007	303	905	8
2.7315e+007	232	905	6
2.733e+007	271	905	7
2.7345e+007	312	905	8
2.736e+007	196	905	5
2.7375e+007	273	905	7
2.739e+007	303	905	8
2.7405e+007	188	905	5
2.742e+007	345	905	9
2.7435e+007	231	905	6
2.745e+007	227	905	6
2.7465e+007	299	905	8
2.748e+007	227	905	6
2.7495e+007	258	905	7
2.751e+007	299	905	8
2.7525e+007	200	905	5
2.754e+007	268	905	7
2.7555e+007	307	905	8
2.757e+007	189	905	5
2.7585e+007	349	905	9
2.76e+007	222	905	6
2.7615e+007	228	905	6
2.763e+007	309	905	8
2.7645e+007	228	905	6
2.766e+007	260	905	7
2.7675e+007	311	905	8
2.769e+007	191	905	5
2.7705e+007	270	905	7
2.772e+007	310	905	8
2.7735e+007	195	905	5
2.775e+007	349	905	9
2.7765e+007	228	905	6
2.778e+007	183	905	5
2.7795e+007	302	905	8
2.781e+007	266	905	7
2.7825e+007	188	905	5
2.784e+007	337	905	9
2.7855e+007	214	905	6
2.787e+007	220	905	6
2.7885e+007	259	905	7
2.79e+007	259	905	7
2.7915e+007	221	905	6
2.793e+007	262	905	7
2.7945e+007	180	905	5
2.796e+007	292	905	8
2.7975e+007	258	905	7
2.799e+007	193	905	5
2.8005e+007	346	905	9
2.802e+007	226	905	6
2.8035e+007	193	905	5
2.805e+007	274	905	7
2.8065e+007	311	905	8
2.808e+007	236	905	6
2.8095e+007	266	905	7
2.811e+007	234	905	6
2.8125e+007	264	905	7
2.814e+007	276	905	7
2.8155e+007	238	905	6
2.817e+007	269	905	7
2.8185e+007	311	905	8
2.82e+007	188	905	5
2.8215e+007	273	905	7
2.823e+007	319	905	8
2.8245e+007	239	905	6
2.826e+007	277	905	7
2.8275e+007	232	905	6
2.829e+007	319	905	8
2.8305e+007	240	905	6
2.832e+007	242	905	6
2.8335e+007	276	905	7
2.835e+007	276	905	7
2.8365e+007	240	905	6
2.838e+007	225	905	6
2.8395e+007	264	905	7
2.841e+007	231	905	6
2.8425e+007	260	905	7
2.844e+007	229	905	6
2.8455e+007	265	905	7
2.847e+007	264	905	7
2.8485e+007	189	905	5
2.85e+007	301	905	8
2.8515e+007	235	905	6
2.853e+007	185	905	5
2.8545e+007	322	905	8
2.856e+007	224	905	6
2.8575e+007	260	905	6
2.859e+007	299	905	8
2.8605e+007	222	905	6
2.862e+007	254	905	6
2.8635e+007	307	905	8
2.865e+007	190	905	5
2.8665e+007	236	905	6
2.868e+007	334	905	9
2.8695e+007	197	905	5
2.871e+007	261	905	7
2.8725e+007	262	905	7
2.874e+007	188	905	5
2.8755e+007	353	905	8
2.877e+007	231	905	6
2.8785e+007	225	905	6
2.88e+007	267	905	7
2.8815e+007	269	905	7
2.883e+007	220	905	6
2.8845e+007	267	905	7
2.886e+007	237	905	6
2.8875e+007	264	905	7
2.889e+007	304	905	8
2.8905e+007	189	905	5
2.892e+007	259	905	7
2.8935e+007	263	905	7
2.895e+007	225	905	6
2.8965e+007	228	905	6
2.898e+007	305	905	8
2.8995e+007	232	905	6
2.901e+007	218	905	6
2.9025e+007	278	905	7
2.904e+007	224	905	6
2.9055e+007	278	905	7
2.907e+007	277	905	7
2.9085e+007	272	905	7
2.91e+007	268	905	7
2.9115e+007	265	905	7
2.913e+007	236	905	6
2.9145e+007	268	905	7
2.916e+007	268	905	7
2.9175e+007	234	905	6
2.919e+007	266	905	7
2.9205e+007	223	905	6
2.922e+007	311	905	8
2.9235e+007	236	905	6
2.925e+007	268	905	7
2.9265e+007	234	905	6
2.928e+007	322	905	8
2.9295e+007	233	905	6
2.931e+007	264	905	7
2.9325e+007	278	905	7
2.934e+007	222	905	6
2.9355e+007	266	905	7
2.937e+007	266	905	7
2.9385e+007	218	905	6
2.94e+007	284	905	7
2.9415e+007	312	905	8
2.943e+007	194	905	5
2.9445e+007	352	905	9
2.946e+007	228	905	6
2.9505e+007	764	905	20
2.952e+007	271	905	7
2.9535e+007	267	905	7
2.955e+007	232	905	6
2.9565e+007	310	905	8
2.958e+007	270	905	7
2.9595e+007	200	905	5
2.961e+007	314	905	8
2.9625e+007	283	905	7
2.964e+007	241	905	6
2.9655e+007	283	905	7
2.967e+007	277	905	7
2.9685e+007	231	905	6
2.97e+007	265	905	7
2.9715e+007	234	905	6
2.973e+007	312	905	8
2.9745e+007	277	905	7
2.976e+007	191	905	5
2.9775e+007	323	905	8
2.979e+007	235	905	6
2.9805e+007	272	905	7
2.982e+007	268	905	7
2.9835e+007	226	905	6
2.985e+007	185	905	5
2.9865e+007	276	905	7
2.988e+007	229	905	6
2.9895e+007	359	905	9
2.991e+007	193	905	5
2.9925e+007	236	905	6
2.994e+007	314	905	8
2.9955e+007	191	905	5
2.997e+007	244	905	6
2.9985e+007	276	905	7
3e+007	237	905	6
3.0015e+007	234	905	6
3.003e+007	285	905	7
3.0045e+007	280	905	7
3.006e+007	257	905	7
3.0075e+007	205	905	5
3.009e+007	231	905	6
3.0105e+007	357	905	9
3.012e+007	202	905	5
3.0135e+007	233	905	6
3.015e+007	268	905	7
3.0165e+007	230	905	6
3.018e+007	189	905	5
3.0195e+007	345	905	9
3.021e+007	239	905	6
3.0225e+007	270	905	7
3.024e+007	232	905	6
3.0255e+007	228	905	6
3.027e+007	311	905	8
3.0285e+007	231	905	6
3.03e+007	199	905	5
3.0315e+007	311	905	8
3.033e+007	259	905	7
3.0345e+007	201	905	5
3.036e+007	303	905	8
3.0375e+007	189	905	5
3.039e+007	351	905	9
3.0405e+007	185	905	5
3.042e+007	233	905	6
3.0435e+007	308	905	8
3.045e+007	229	905	6
3.0465e+007	263	905	7
3.048e+007	270	905	7
3.0495e+007	186	905	5
3.051e+007	263	905	7
3.0525e+007	299	905	8
3.054e+007	186	905	5
3.0555e+007	335	905	9
3.057e+007	185	905	5
3.0585e+007	222	905	6
3.06e+007	340	905	9
3.0615e+007	180	905	5
3.063e+007	244	905	6
3.0645e+007	346	905	9
3.066e+007	181	905	5
3.0675e+007	271	905	7
3.069e+007	269	905	7
3.0705e+007	220	905	6
3.072e+007	300	905	8
3.0735e+007	229	905	6
3.075e+007	194	905	5
3.0765e+007	339	905	9
3.078e+007	185	905	5
3.0795e+007	237	905	6
3.081e+007	296	905	8
3.0825e+007	218	905	6
3.084e+007	216	905	6
3.0855e+007	287	905	8
3.087e+007	174	905	5
3.0885e+007	330	905	9
3.09e+007	222	905	6
3.0915e+007	185	905	5
3.093e+007	297	905	8
3.0945e+007	224	905	6
3.096e+007	225	905	6
3.0975e+007	298	905	8
3.099e+007	186	905	5
3.1005e+007	270	905	7
3.102e+007	325	905	8
3.1035e+007	191	905	5
3.105e+007	304	905	8
3.1065e+007	233	905	6
3.108e+007	230	905	6
3.1095e+007	336	905	9
3.111e+007	220	905	6
3.1125e+007	185	905	5
3.114e+007	301	905	8
3.1155e+007	254	905	7
3.117e+007	220	905	6
3.1185e+007	269	905	7
3.12e+007	231	905	6
3.1215e+007	296	905	8
3.123e+007	229	905	6
3.1245e+007	220	905	6
3.126e+007	344	905	9
3.1275e+007	234	905	6
3.129e+007	184	905	5
3.1305e+007	294	905	8
3.132e+007	268	905	7
3.1335e+007	229	905	6
3.135e+007	267	905	7
3.1365e+007	256	905	7
3.138e+007	289	905	7
3.1395e+007	222	905	6
3.141e+007	226	905	6
3.1425e+007	359	905	9
3.144e+007	187	905	5
3.1455e+007	237	905	6
3.147e+007	323	905	9
3.1485e+007	213	905	6
3.15e+007	259	905	7
3.1515e+007	256	905	7
3.153e+007	212	905	6
3.1545e+007	213	905	6
3.156e+007	284	905	8
3.1575e+007	208	905	6
3.159e+007	286	905	8
3.1605e+007	213	905	6
3.162e+007	208	905	6
3.1635e+007	308	905	8
3.165e+007	245	905	7
3.1665e+007	226	905	6
3.168e+007	256	905	7
3.1695e+007	255	905	7
3.171e+007	183	905	5
3.1725e+007	297	905	8
3.174e+007	234	905	6
3.1755e+007	321	905	8
3.177e+007	219	905	6
3.1785e+007	248	905	7
3.18e+007	294	905	8
3.1815e+007	186	905	5
3.183e+007	213	905	6
3.1845e+007	336	905	9
3.186e+007	226	905	6
3.1875e+007	248	905	7
3.189e+007	258	905	7
3.1905e+007	216	905	6
3.192e+007	300	905	8
3.1935e+007	219	905	6
3.195e+007	208	905	6
3.1965e+007	267	905	7
3.198e+007	251	905	7
3.1995e+007	214	905	6
3.201e+007	300	905	8
3.2025e+007	217	905	6
3.204e+007	258	905	7
3.2055e+007	263	905	7
3.207e+007	248	905	7
3.2085e+007	235	905	6
3.21e+007	262	905	7
3.2115e+007	247	905	7
3.213e+007	295	905	8
3.2145e+007	190	905	5
3.216e+007	252	905	7
3.2175e+007	297	905	8
3.219e+007	186	905	5
3.2205e+007	247	905	7
3.222e+007	281	905	8
3.2235e+007	207	905	6
3.225e+007	169	905	5
3.2265e+007	311	905	9
3.228e+007	206	905	6
3.2295e+007	276	905	8
3.231e+007	205	905	6
3.2325e+007	201	905	6
3.234e+007	279	905	8
3.2355e+007	213	905	6
3.237e+007	209	905	6
3.2385e+007	294	905	8
3.24e+007	213	905	6
3.2415e+007	248	905	7
3.243e+007	252	905	7
3.2445e+007	216	905	6
3.246e+007	331	905	9
3.2475e+007	173	905	5
3.249e+007	248	905	7
3.2505e+007	304	905	8
3.252e+007	208	905	6
3.2535e+007	211	905	6
3.255e+007	305	905	8
3.2565e+007	227	905	6
3.258e+007	251	905	7
3.2595e+007	251	905	7
3.261e+007	227	905	6
3.2625e+007	282	905	8
3.264e+007	220	905	6
3.2655e+007	224	905	6
3.267e+007	258	905	7
3.2685e+007	259	905	7
3.27e+007	174	905	5
3.2715e+007	327	905	9
3.273e+007	212	905	6
3.2745e+007	179	905	5
3.276e+007	298	905	8
3.2775e+007	212	905	6
3.279e+007	244	905	7
3.2805e+007	263	905	7
3.282e+007	183	905	5
3.2835e+007	321	905	9
3.285e+007	216	905	6
3.2865e+007	185	905	5
3.288e+007	252	905	7
3.2895e+007	276	905	8
3.291e+007	173	905	5
3.2925e+007	264	905	7
3.294e+007	296	905	8
3.2955e+007	219	905	6
3.297e+007	263	905	7
3.2985e+007	190	905	5
3.3e+007	264	905	7
3.3015e+007	278	905	7
3.303e+007	227	905	6
3.3045e+007	232	905	6
3.306e+007	323	905	8
3.3075e+007	197	905	5
3.309e+007	227	905	6
3.3105e+007	298	905	8
3.312e+007	243	905	6
3.3135e+007	265	905	7
3.315e+007	255	905	7
3.3165e+007	262	905	7
3.318e+007	265	905	7
3.3195e+007	225	905	6
3.321e+007	264	905	7
3.3225e+007	267	905	7
3.324e+007	233	905	6
3.3255e+007	262	905	7
3.327e+007	328	905	8
3.3285e+007	198	905	5
3.33e+007	236	905	6
3.3315e+007	327	905	8
3.333e+007	281	905	7
3.3345e+007	278	905	7
3.336e+007	242	905	6
3.3375e+007	264	905	7
3.339e+007	283	905	7
3.3405e+007	236	905	6
3.342e+007	271	905	7
3.3435e+007	261	905	7
3.345e+007	231	905	6
3.3465e+007	265	905	7
3.348e+007	309	905	8
3.3495e+007	235	905	6
3.351e+007	266	905	7
3.3525e+007	263	905	7
3.354e+007	261	905	7
3.3555e+007	224	905	6
3.357e+007	267	905	7
3.3585e+007	260	905	7
3.36e+007	225	905	6
3.3615e+007	258	905	7
3.363e+007	255	905	7
3.3645e+007	261	905	7
3.366e+007	256	905	7
3.3675e+007	262	905	7
3.369e+007	229	905	6
3.3705e+007	299	905	8
3.372e+007	227	905	6
3.3735e+007	264	905	7
3.375e+007	237	905	6
3.3765e+007	283	905	7
3.378e+007	267	905	7
3.3795e+007	236	905	6
3.381e+007	269	905	7
3.3825e+007	269	905	7
3.384e+007	269	905	7
3.3855e+007	227	905	6
3.387e+007	305	905	8
3.3885e+007	230	905	6
3.39e+007	235	905	6
3.3915e+007	305	905	8
3.393e+007	232	905	6
3.3945e+007	274	905	7
3.396e+007	268	905	7
3.3975e+007	228	905	6
3.399e+007	234	905	6
3.4005e+007	307	905	8
3.402e+007	231	905	6
3.4035e+007	270	905	7
3.405e+007	257	905	7
3.4065e+007	261	905	7
3.408e+007	256	905	7
3.4095e+007	217	905	6
3.411e+007	225	905	6
3.4125e+007	334	905	9
3.414e+007	187	905	5
3.4155e+007	225	905	6
3.417e+007	342	905	9
3.4185e+007	181	905	5
3.42e+007	219	905	6
3.4215e+007	352	905	9
3.423e+007	218	905	6
3.4245e+007	212	905	6
3.426e+007	292	905	8
3.4275e+007	247	905	6
3.429e+007	324	905	8
3.4305e+007	228	905	6
3.432e+007	223	905	6
3.4335e+007	293	905	8
3.435e+007	215	905	6
3.4365e+007	226	905	6
3.438e+007	288	905	8
3.4395e+007	221	905	6
3.441e+007	225	905	6
3.4425e+007	296	905	8
3.444e+007	219	905	6
3.4455e+007	308	905	8
3.447e+007	224	905	6
3.4485e+007	227	905	6
3.45e+007	303	905	8
3.4515e+007	222	905	6
3.453e+007	227	905	6
3.4545e+007	304	905	8
3.456e+007	257	905	7
3.4575e+007	192	905	5
3.459e+007	335	905	9
3.4605e+007	222	905	6
3.462e+007	253	905	7
3.4635e+007	259	905	7
3.465e+007	249	905	6
3.4665e+007	275	905	7
3.468e+007	265	905	7
3.4695e+007	231	905	6
3.471e+007	312	905	8
3.4725e+007	234	905	6
3.474e+007	246	905	6
3.4755e+007	318	905	8
3.477e+007	243	905	6
3.4785e+007	322	905	8
3.48e+007	228	905	6
3.4815e+007	233	905	6
3.483e+007	302	905	8
3.4845e+007	272	905	7
3.486e+007	190	905	5
3.4875e+007	314	905	8
3.489e+007	270	905	7
3.4905e+007	194	905	5
3.492e+007	314	905	8
3.4935e+007	225	905	6
3.495e+007	275	905	7
3.4965e+007	264	905	7
3.498e+007	224	905	6
3.4995e+007	273	905	7
3.501e+007	259	905	7
3.5025e+007	235	905	6
3.504e+007	304	905	8
3.5055e+007	219	905	6
3.507e+007	230	905	6
3.5085e+007	306	905	8
3.51e+007	223	905	6
3.5115e+007	262	905	7
3.513e+007	262	905	7
3.5145e+007	182	905	5
3.516e+007	301	905	8
3.5175e+007	264	905	7
3.519e+007	193	905	5
3.5205e+007	343	905	9
3.522e+007	227	905	6
3.5235e+007	230	905	6
3.525e+007	347	905	9
3.5265e+007	185	905	5
3.528e+007	267	905	7
3.5295e+007	311	905	8
3.531e+007	191	905	5
3.5325e+007	305	905	8
3.534e+007	265	905	7
3.5355e+007	187	905	5
3.537e+007	304	905	8
3.5385e+007	278	905	7
3.54e+007	180	905	5
3.5415e+007	388	905	10
3.543e+007	189	905	5
3.5445e+007	221	905	6
3.546e+007	316	905	8
3.5475e+007	234	905	6
3.549e+007	273	905	7
3.5505e+007	286	905	7
3.552e+007	232	905	6
3.5535e+007	318	905	8
3.555e+007	247	905	6
3.5565e+007	197	905	5
3.558e+007	325	905	8
3.5595e+007	286	905	7
3.561e+007	201	905	5
3.5625e+007	366	905	9
3.564e+007	208	905	5
3.5655e+007	288	905	7
3.567e+007	319	905	8
3.5685e+007	204	905	5
3.57e+007	296	905	8
3.5715e+007	269	905	7
3.573e+007	186	905	5
3.5745e+007	274	905	7
3.576e+007	322	905	8
3.5775e+007	193	905	5
3.579e+007	311	905	8
3.5805e+007	228	905	6
3.582e+007	268	905	7
3.5835e+007	267	905	7
3.585e+007	226	905	6
3.5865e+007	309	905	8
3.588e+007	239	905	6
3.5895e+007	233	905	6
3.591e+007	270	905	7
3.5925e+007	238	905	6
3.594e+007	276	905	7
3.5955e+007	266	905	7
3.597e+007	228	905	6
3.5985e+007	225	905	6
3.6e+007	304	905	8
3.6015e+007	238	905	6
3.603e+007	188	905	5
3.6045e+007	352	905	9
3.606e+007	233	905	6
3.6075e+007	235	905	6
3.609e+007	264	905	7
3.6105e+007	189	905	5
3.612e+007	313	905	8
3.6135e+007	241	905	6
3.615e+007	229	905	6
3.6165e+007	356	905	9
3.618e+007	194	905	5
3.6195e+007	263	905	7
3.621e+007	263	905	7
3.6225e+007	224	905	6
3.624e+007	270	905	7
3.6255e+007	264	905	7
3.627e+007	227	905	6
3.6285e+007	290	905	8
3.63e+007	258	905	7
3.6315e+007	192	905	5
3.633e+007	338	905	9
3.6345e+007	234	905	6
3.636e+007	186	905	5
3.6375e+007	351	905	9
3.639e+007	227	905	6
3.6405e+007	220	905	6
3.642e+007	303	905	8
3.6435e+007	227	905	6
3.645e+007	298	905	8
3.6465e+007	262	905	7
3.648e+007	194	905	5
3.6495e+007	352	905	9
3.651e+007	233	905	6
3.6525e+007	193	905	5
3.654e+007	347	905	9
3.6555e+007	232	905	6
3.657e+007	233	905	6
3.6585e+007	320	905	8
3.66e+007	232	905	6
3.6615e+007	305	905	8
3.663e+007	275	905	7
3.6645e+007	195	905	5
3.666e+007	344	905	9
3.6675e+007	226	905	6
3.669e+007	192	905	5
3.6705e+007	336	905	9
3.672e+007	217	905	6
3.6735e+007	218	905	6
3.675e+007	301	905	8
3.6765e+007	228	905	6
3.678e+007	304	905	8
3.6795e+007	267	905	7
3.681e+007	201	905	5
3.6825e+007	349	905	9
3.684e+007	234	905	6
3.6855e+007	195	905	5
3.687e+007	346	905	9
3.6885e+007	240	905	6
3.69e+007	226	905	6
3.6915e+007	318	905	8
3.693e+007	225	905	6
3.6945e+007	302	905	8
3.696e+007	262	905	7
3.6975e+007	184	905	5
3.699e+007	336	905	9
3.7005e+007	230	905	6
3.702e+007	194	905	5
3.7035e+007	348	905	9
3.705e+007	241	905	6
3.7065e+007	261	905	7
3.708e+007	275	905	7
3.7095e+007	224	905	6
3.711e+007	332	905	8
3.7125e+007	288	905	7
3.714e+007	199	905	5
3.7155e+007	308	905	8
3.717e+007	270	905	7
3.7185e+007	199	905	5
3.72e+007	347	905	9
3.7215e+007	236	905	6
3.723e+007	262	905	7
3.7245e+007	264	905	7
3.726e+007	235	905	6
3.7275e+007	265	905	7
3.729e+007	305	905	8
3.7305e+007	187	905	5
3.732e+007	302	905	8
3.7335e+007	272	905	7
3.735e+007	187	905	5
3.7365e+007	308	905	8
3.738e+007	274	905	7
3.7395e+007	260	905	7
3.741e+007	240	905	6
3.7425e+007	276	905	7
3.744e+007	267	905	7
3.7455e+007	285	905	7
3.747e+007	229	905	6
3.7485e+007	315	905	8
3.75e+007	251	905	6
3.7515e+007	231	905	6
3.753e+007	314	905	8
3.7545e+007	229	905	6
3.756e+007	311	905	8
3.7575e+007	259	905	6
3.759e+007	222	905	6
3.7605e+007	294	905	8
3.762e+007	226	905	6
3.7635e+007	221	905	6
3.765e+007	340	905	9
3.7665e+007	230	905	6
3.768e+007	186	905	5
3.7695e+007	326	905	9
3.771e+007	222	905	6
3.7725e+007	226	905	6
3.774e+007	257	905	7
3.7755e+007	256	905	7
3.777e+007	223	905	6
3.7785e+007	259	905	7
3.78e+007	258	905	7
3.7815e+007	312	905	8
3.783e+007	183	905	5
3.7845e+007	257	905	7
3.786e+007	297	905	8
3.7875e+007	225	905	6
3.789e+007	226	905	6
3.7905e+007	295	905	8
3.792e+007	230	905	6
3.7935e+007	222	905	6
3.795e+007	293	905	8
3.7965e+007	224	905	6
3.798e+007	182	905	5
3.7995e+007	315	905	9
3.801e+007	224	905	6
3.8025e+007	219	905	6
3.804e+007	253	905	7
3.8055e+007	246	905	7
3.807e+007	259	905	7
3.8085e+007	255	905	7
3.81e+007	218	905	6
3.8115e+007	263	905	7
3.813e+007	254	905	7
3.8145e+007	190	905	5
3.816e+007	304	905	8
3.8175e+007	257	905	7
3.819e+007	276	905	7
3.8205e+007	226	905	6
3.822e+007	279	905	7
3.8235e+007	273	905	7
3.825e+007	185	905	5
3.8265e+007	299	905	8
3.828e+007	262	905	7
3.8295e+007	226	905	6
3.831e+007	257	905	7
3.8325e+007	259	905	7
3.834e+007	222	905	6
3.8355e+007	257	905	7
3.837e+007	222	905	6
3.8385e+007	253	905	7
3.84e+007	298	905	8
3.8415e+007	186	905	5
3.843e+007	281	905	8
3.8445e+007	255	905	7
3.846e+007	223	905	6
3.8475e+007	226	905	6
3.849e+007	299	905	8
3.8505e+007	231	905	6
3.852e+007	265	905	7
3.8535e+007	276	905	7
3.855e+007	224	905	6
3.8565e+007	303	905	8
3.858e+007	185	905	5
3.8595e+007	259	905	7
3.861e+007	314	905	8
3.8625e+007	235	905	6
3.864e+007	231	905	6
3.8655e+007	317	905	8
3.867e+007	235	905	6
3.8685e+007	270	905	7
3.87e+007	282	905	7
3.8715e+007	234	905	6
3.873e+007	301	905	8
3.8745e+007	189	905	5
3.876e+007	231	905	6
3.8775e+007	344	905	9
3.879e+007	190	905	5
3.8805e+007	232	905	6
3.882e+007	301	905	8
3.8835e+007	258	905	7
3.885e+007	222	905	6
3.8865e+007	265	905	7
3.888e+007	267	905	7
3.8895e+007	266	905	7
3.891e+007	188	905	5
3.8925e+007	299	905	8
3.894e+007	279	905	7
3.8955e+007	192	905	5
3.897e+007	272	905	7
3.8985e+007	283	905	7
3.9e+007	287	905	7
3.9015e+007	233	905	6
3.903e+007	286	905	7
3.9045e+007	230	905	6
3.906e+007	273	905	7
3.9075e+007	277	905	7
3.909e+007	218	905	6
3.9105e+007	294	905	8
3.912e+007	227	905	6
3.9135e+007	232	905	6
3.915e+007	345	905	9
3.9165e+007	230	905	6
3.918e+007	229	905	6
3.9195e+007	312	905	8
3.921e+007	241	905	6
3.9225e+007	221	905	6
3.924e+007	303	905	8
3.9255e+007	233	905	6
3.927e+007	250	905	7
3.9285e+007	221	905	6
3.93e+007	262	905	7
3.9315e+007	247	905	7
3.933e+007	290	905	8
3.9345e+007	213	905	6
3.936e+007	209	905	6
3.9375e+007	258	905	7
3.939e+007	214	905	6
3.9405e+007	259	905	7
3.942e+007	259	905	7
3.9435e+007	249	905	7
3.945e+007	218	905	6
3.9465e+007	222	905	6
3.948e+007	290	905	8
3.9495e+007	263	905	7
3.951e+007	178	905	5
3.9525e+007	241	905	7
3.954e+007	257	905	7
3.9555e+007	210	905	6
3.957e+007	248	905	7
3.9585e+007	261	905	7
3.96e+007	249	905	7
3.9615e+007	181	905	5
3.963e+007	268	905	7
3.9645e+007	293	905	8
3.966e+007	274	905	7
3.9675e+007	179	905	5
3.969e+007	259	905	7
3.9705e+007	240	905	6
3.972e+007	259	905	7
3.9735e+007	221	905	6
3.975e+007	268	905	7
3.9765e+007	287	905	8
3.978e+007	192	905	5
3.9795e+007	268	905	7
3.981e+007	260	905	7
3.9825e+007	233	905	6
3.984e+007	227	905	6
3.9855e+007	294	905	8
3.987e+007	231	905	6
3.9885e+007	262	905	7
3.99e+007	214	905	6
3.9915e+007	268	905	7
3.993e+007	289	905	8
3.9945e+007	207	905	5
3.996e+007	233	905	6
3.9975e+007	322	905	8
3.999e+007	198	905	5
4.0005e+007	267	905	7
4.002e+007	306	905	8
4.0035e+007	213	905	5
4.005e+007	229	905	6
4.0065e+007	265	905	7
4.008e+007	235	905	6
4.0095e+007	307	905	8
4.011e+007	235	905	6
4.0125e+007	189	905	5
4.014e+007	336	905	9
4.0155e+007	171	905	5
4.017e+007	214	905	6
4.0185e+007	291	905	8
4.02e+007	187	905	5
4.0215e+007	259	905	7
4.023e+007	258	905	7
4.0245e+007	229	905	6
4.026e+007	211	905	6
4.0275e+007	273	905	7
4.029e+007	225	905	6
4.0305e+007	298	905	8
4.032e+007	184	905	5
4.0335e+007	183	905	5
4.035e+007	377	905	10
4.0365e+007	218	905	5
4.038e+007	236	905	6
4.0395e+007	262	905	7
4.041e+007	242	905	6
4.0425e+007	266	905	7
4.044e+007	227	905	6
4.0455e+007	231	905	6
4.047e+007	324	905	8
4.0485e+007	189	905	5
4.05e+007	229	905	6
4.0515e+007	296	905	8
4.053e+007	230	905	6
4.0545e+007	223	905	6
4.056e+007	250	905	7
4.0575e+007	270	905	7
4.059e+007	258	905	7
4.0605e+007	227	905	6
4.062e+007	194	905	5
4.0635e+007	379	905	10
4.065e+007	187	905	5
4.0665e+007	188	905	5
4.068e+007	293	905	8
4.0695e+007	228	905	6
4.071e+007	271	905	7
4.0725e+007	265	905	7
4.074e+007	196	905	5
4.0755e+007	304	905	8
4.077e+007	270	905	7
4.0785e+007	191	905	5
4.08e+007	346	905	9
4.0815e+007	184	905	5
4.083e+007	225	905	6
4.0845e+007	291	905	8
4.086e+007	187	905	5
4.0875e+007	223	905	6
4.089e+007	291	905	8
4.0905e+007	236	905	6
4.092e+007	263	905	7
4.0935e+007	223	905	6
4.095e+007	225	905	6
4.0965e+007	306	905	8
4.098e+007	217	905	6
4.0995e+007	194	905	5
4.101e+007	310	905	8
4.1025e+007	263	905	7
4.104e+007	194	905	5
4.1055e+007	281	905	7
4.107e+007	259	905	7
4.1085e+007	265	905	7
4.11e+007	262	905	7
4.1115e+007	191	905	5
4.113e+007	261	905	7
4.1145e+007	253	905	7
4.116e+007	220	905	6
4.1175e+007	256	905	7
4.119e+007	258	905	7
4.1205e+007	192	905	5
4.122e+007	261	905	7
4.1235e+007	222	905	6
4.125e+007	237	905	6
4.1265e+007	300	905	8
4.128e+007	231	905	6
4.1295e+007	232	905	6
4.131e+007	259	905	7
4.1325e+007	271	905	7
4.134e+007	236	905	6
4.1355e+007	261	905	7
4.137e+007	229	905	6
4.1385e+007	315	905	8
4.14e+007	252	905	7
4.1415e+007	226	905	6
4.143e+007	296	905	8
4.1445e+007	218	905	6
4.146e+007	237	905	6
4.1475e+007	251	905	7
4.149e+007	277	905	7
4.1505e+007	233	905	6
4.152e+007	262	905	7
4.1535e+007	270	905	7
4.155e+007	266	905	7
4.1565e+007	223	905	6
4.158e+007	267	905	7
4.1595e+007	303	905	8
4.161e+007	195	905	5
4.1625e+007	279	905	7
4.164e+007	323	905	8
4.1655e+007	203	905	5
4.167e+007	247	905	6
4.1685e+007	315	905	8
4.17e+007	243	905	6
4.1715e+007	277	905	7
4.173e+007	271	905	7
4.1745e+007	193	905	5
4.176e+007	351	905	9
4.1775e+007	233	905	6
4.179e+007	265	905	7
4.1805e+007	264	905	7
4.182e+007	231	905	6
4.1835e+007	276	905	7
4.185e+007	264	905	7
4.1865e+007	237	905	6
4.188e+007	275	905	7
4.1895e+007	233	905	6
4.191e+007	241	905	6
4.1925e+007	357	905	9
4.194e+007	232	905	6
4.1955e+007	191	905	5
4.197e+007	225	905	6
4.1985e+007	296	905	8
4.2e+007	187	905	5
4.2015e+007	263	905	7
4.203e+007	277	905	7
4.2045e+007	232	905	6
4.206e+007	243	905	6
4.2075e+007	241	905	6
4.209e+007	330	905	8
4.2105e+007	235	905	6
4.212e+007	238	905	6
4.2135e+007	245	905	6
4.215e+007	280	905	7
4.2165e+007	251	905	6
4.218e+007	243	905	6
4.2195e+007	284	905	7
4.221e+007	273	905	7
4.2225e+007	264	905	7
4.224e+007	228	905	6
4.2255e+007	234	905	6
4.227e+007	263	905	7
4.2285e+007	238	905	6
4.23e+007	233	905	6
4.2315e+007	368	905	9
4.233e+007	205	905	5
4.2345e+007	236	905	6
4.236e+007	359	905	9
4.2375e+007	233	905	6
4.239e+007	244	905	6
4.2405e+007	279	905	7
4.242e+007	284	905	7
4.2435e+007	229	905	6
4.245e+007	274	905	7
4.2465e+007	285	905	7
4.248e+007	268	905	7
4.2495e+007	238	905	6
4.251e+007	274	905	7
4.2525e+007	277	905	7
4.254e+007	271	905	7
4.2555e+007	230	905	6
4.257e+007	277	905	7
4.2585e+007	283	905	7
4.26e+007	243	905	6
4.2615e+007	249	905	6
4.263e+007	320	905	8
4.2645e+007	279	905	7
4.266e+007	194	905	5
4.2675e+007	284	905	7
4.269e+007	283	905	7
4.2705e+007	237	905	6
4.272e+007	323	905	8
4.2735e+007	233	905	6
4.275e+007	279	905	7
4.2765e+007	272	905	7
4.278e+007	255	905	6
4.2795e+007	275	905	7
4.281e+007	281	905	7
4.2825e+007	191	905	5
4.284e+007	315	905	8
4.2855e+007	272	905	7
4.287e+007	247	905	6
4.2885e+007	265	905	7
4.29e+007	263	905	7
4.2915e+007	189	905	5
4.293e+007	343	905	9
4.2945e+007	231	905	6
4.296e+007	227	905	6
4.2975e+007	332	905	8
4.299e+007	236	905	6
4.3005e+007	225	905	6
4.302e+007	315	905	8
4.3035e+007	232	905	6
4.305e+007	231	905	6
4.3065e+007	351	905	9
4.308e+007	192	905	5
4.3095e+007	276	905	7
4.311e+007	313	905	8
4.3125e+007	219	905	6
4.314e+007	314	905	8
4.3155e+007	233	905	6
4.317e+007	238	905	6
4.3185e+007	318	905	8
4.32e+007	235	905	6
4.3215e+007	233	905	6
4.323e+007	363	905	9
4.3245e+007	193	905	5
4.326e+007	271	905	7
4.3275e+007	299	905	8
4.329e+007	223	905	6
4.3305e+007	265	905	7
4.332e+007	267	905	7
4.3335e+007	234	905	6
4.335e+007	256	905	6
4.3365e+007	264	905	7
4.338e+007	256	905	7
4.3395e+007	298	905	8
4.341e+007	180	905	5
4.3425e+007	293	905	7
4.344e+007	298	905	8
4.3455e+007	226	905	6
4.347e+007	269	905	7
4.3485e+007	269	905	7
4.35e+007	235	905	6
4.3515e+007	267	905	7
4.353e+007	271	905	7
4.3545e+007	271	905	7
4.356e+007	319	905	8
4.3575e+007	194	905	5
4.359e+007	235	905	6
4.3605e+007	328	905	8
4.362e+007	241	905	6
4.3635e+007	237	905	6
4.365e+007	316	905	8
4.3665e+007	237	905	6
4.368e+007	234	905	6
4.3695e+007	277	905	7
4.371e+007	276	905	7
4.3725e+007	285	905	7
4.374e+007	274	905	7
4.3755e+007	237	905	6
4.377e+007	317	905	8
4.3785e+007	267	905	7
4.38e+007	222	905	6
4.3815e+007	268	905	7
4.383e+007	272	905	7
4.3845e+007	227	905	6
4.386e+007	277	905	7
4.3875e+007	276	905	7
4.389e+007	278	905	7
4.3905e+007	275	905	7
4.392e+007	240	905	6
4.3935e+007	324	905	8
4.395e+007	274	905	7
4.3965e+007	198	905	5
4.398e+007	312	905	8
4.3995e+007	282	905	7
4.401e+007	189	905	5
4.4025e+007	278	905	7
4.404e+007	287	905	7
4.4055e+007	270	905	7
4.407e+007	286	905	7
4.4085e+007	192	905	5
4.41e+007	282	905	7
4.4115e+007	280	905	7
4.413e+007	232	905	6
4.4145e+007	300	905	8
4.416e+007	226	905	6
4.4175e+007	223	905	6
4.419e+007	296	905	8
4.4205e+007	222	905	6
4.422e+007	268	905	7
4.4235e+007	257	905	7
4.425e+007	183	905	5
4.4265e+007	305	905	8
4.428e+007	225	905	6
4.4295e+007	260	905	7
4.431e+007	295	905	8
4.4325e+007	226	905	6
4.434e+007	218	905	6
4.4355e+007	294	905	8
4.437e+007	235	905	6
4.4385e+007	268	905	7
4.44e+007	267	905	7
4.4415e+007	271	905	7
4.443e+007	256	905	7
4.4445e+007	228	905	6
4.446e+007	221	905	6
4.4475e+007	300	905	8
4.449e+007	257	905	7
4.4505e+007	182	905	5
4.452e+007	305	905	8
4.4535e+007	269	905	7
4.455e+007	261	905	7
4.4565e+007	267	905	7
4.458e+007	239	905	6
4.4595e+007	228	905	6
4.461e+007	312	905	8
4.4625e+007	243	905	6
4.464e+007	271	905	7
4.4655e+007	309	905	8
4.467e+007	195	905	5
4.4685e+007	237	905	6
4.47e+007	346	905	9
4.4715e+007	220	905	6
4.473e+007	261	905	7
4.4745e+007	273	905	7
4.476e+007	224	905	6
4.4775e+007	254	905	7
4.479e+007	269	905	7
4.4805e+007	223	905	6
4.482e+007	304	905	8
4.4835e+007	221	905	6
4.485e+007	222	905	6
4.4865e+007	300	905	8
4.488e+007	222	905	6
4.4895e+007	299	905	8
4.491e+007	224	905	6
4.4925e+007	222	905	6
4.494e+007	261	905	7
4.4955e+007	228	905	6
4.497e+007	259	905	7
4.4985e+007	314	905	8
4.5e+007	205	905	5
4.5015e+007	226	905	6
4.503e+007	350	905	9
4.5045e+007	186	905	5
4.506e+007	260	905	7
4.5075e+007	316	905	8
4.509e+007	229	905	6
4.5105e+007	230	905	6
4.512e+007	309	905	8
4.5135e+007	225	905	6
4.515e+007	269	905	7
4.5165e+007	263	905	7
4.518e+007	225	905	6
4.5195e+007	270	905	7
4.521e+007	267	905	7
4.5225e+007	269	905	7
4.524e+007	276	905	7
4.5255e+007	263	905	7
4.527e+007	234	905	6
4.5285e+007	322	905	8
4.53e+007	234	905	6
4.5315e+007	230	905	6
4.533e+007	321	905	8
4.5345e+007	229	905	6
4.536e+007	277	905	7
4.5375e+007	268	905	7
4.539e+007	262	905	7
4.5405e+007	270	905	7
4.542e+007	260	905	7
4.5435e+007	221	905	6
4.545e+007	306	905	8
4.5465e+007	229	905	6
4.548e+007	223	905	6
4.5495e+007	310	905	8
4.551e+007	222	905	6
4.5525e+007	275	905	7
4.554e+007	268	905	7
4.5555e+007	263	905	7
4.557e+007	190	905	5
4.5585e+007	354	905	9
