4142
1463
3584
1586
1473
3513
553
3895
1298
3164
1834
485
3708
2679
3473
386
450
4715
1610
3964
1122
306
3741
1567
4997
457
1210
2744
2312
4009
457
2341
1381
2545
4014
515
4651
604
3428
1678
1292
3740
2722
798
3044
620
3549
4225
290
2062
585
3574
4513
891
1215
1377
3968
3292
2062
8
1415
3758
3491
3044
8
441
3727
4490
2100
443
790
2926
4512
2061
1431
884
2838
3529
2061
1429
3198
514
3531
3038
465
3720
1402
5362
294
128
3549
2459
4003
102
1421
3856
2478
2879
1078
450
3869
3568
2751
128
421
3771
4302
2133
89
455
4708
4470
1018
93
3375
1786
5494
10
1074
1418
2741
6463
119
1315
99
2753
6459
797
1420
1039
1998
5567
1112
1310
1722
1027
5493
2492
1773
1355
7
6076
1541
1501
1409
1337
4952
2517
540
2221
1779
3701
2499
1519
1281
2656
2818
2473
1520
1241
3548
2906
1525
1688
1075
6013
438
2556
1074
1627
5491
1775
2377
640
454
6470
1602
965
1705
99
6360
2572
226
1418
1044
5488
3486
153
1621
612
4879
3495
1228
532
899
5569
2506
1785
154
637
5662
2503
2516
233
748
4728
3482
1523
1841
903
3006
3592
2369
1265
2220
2267
2674
2307
1245
4344
168
4670
736
1900
3447
790
3669
1531
1417
3329
2616
1842
1508
1246
4510
2543
938
2433
334
4482
3828
632
646
2131
3518
4451
460
1115
1164
3530
4474
1412
97
1234
4514
3480
1508
1088
3502
1159
4462
566
2266
1884
1572
4467
1505
2961
224
2566
3882
1092
3203
991
1739
3348
1497
4143
1403
178
4470
659
4034
1573
1071
3406
1781
2907
2549
855
2641
1511
3192
2548
1958
2509
532
4169
1576
4464
244
362
4115
1550
4468
1521
1045
2136
2571
3486
1494
1919
1285
2556
4457
531
3260
920
1564
4459
1530
3172
1029
548
4461
1529
3183
2105
2905
1027
1514
4161
2120
1407
2540
1205
3464
3330
203
2515
1507
3207
4497
1529
159
1352
3247
4457
1546
1518
991
3164
3519
2519
537
1976
2286
3469
2464
1515
2494
694
4499
1538
1510
3198
657
3853
1526
1520
4159
535
3000
2509
528
4169
2101
3942
10
3574
1124
3741
2290
453
3018
1227
6465
180
420
2441
2294
5406
568
1584
1857
1398
5896
416
2305
758
1248
6019
558
3042
951
156
6510
496
2601
2101
247
5247
640
3368
1240
1286
5179
9
3031
1234
4388
1655
434
3038
2219
4688
788
699
2344
2373
5330
632
4525
290
376
5536
346
4030
521
2370
3408
414
4029
1287
2552
2880
560
3460
1236
4315
1182
568
4410
278
6039
410
599
3415
282
6041
412
1976
2047
1246
5478
703
2931
1403
223
5478
707
4313
288
444
5647
309
4631
1773
1209
3130
565
4703
845
4234
393
564
4737
1652
4356
415
197
4079
1697
4348
416
1854
2430
1696
4757
570
3206
1491
734
4752
553
4649
47
1698
4370
401
4737
975
292
4477
258
5266
718
1605
3160
556
4702
950
4550
186
354
4702
2612
3475
377
2160
2360
1667
4145
405
3966
1306
721
4897
408
4750
294
1367
3789
543
4711
1185
513
4344
413
5030
417
524
4771
1946
3315
187
540
4739
1981
3288
194
1539
3751
1544
3722
1156
522
4774
586
3695
1272
456
4737
1526
3747
248
976
4261
1561
3685
183
1502
4789
542
3751
1140
528
4774
555
4707
177
535
4784
1509
3730
209
557
4739
1500
3914
1502
1171
3622
524
4900
533
1469
3321
530
4891
516
3089
1697
1531
4014
421
4691
96
1517
4885
532
4620
156
548
4882
1807
3500
567
134
4725
1519
3791
1534
758
3154
2482
2823
1542
1241
3627
1508
3800
551
1747
3137
1534
3773
1669
3783
1489
3802
333
1218
3895
2510
2623
1142
1051
4404
1497
2213
1572
562
4898
1495
3187
2133
3917
1529
3325
1974
3928
2466
2413
1943
4876
1499
2284
2066
4890
1545
3158
2220
3825
1497
3220
2143
3878
2603
4231
992
3892
1576
4289
3083
1803
1508
6457
1958
825
2478
5380
2141
1743
1514
5277
1812
2100
1554
6253
1780
1162
1708
6142
1738
1150
2478
5327
1777
2143
1718
5114
1755
2149
1724
6083
1792
1148
1619
6182
1797
1141
2476
5335
1765
2144
1532
5297
1772
2138
1528
6067
233
1749
1193
1479
6212
94
1768
1168
2596
5210
413
1357
2158
1504
5332
1001
1732
1167
1514
6294
302
1459
1179
1660
6147
1230
532
1164
2468
5328
1352
413
2146
1503
5331
1519
1228
1160
1504
6316
511
1259
1158
2594
5529
135
1322
2138
1495
5349
1354
421
2148
1478
6304
382
1382
1172
1516
6303
384
1388
1158
2473
5351
1422
333
2147
1511
5310
1363
402
2231
1414
6313
382
1431
1117
1492
6333
539
1372
997
2477
5338
1370
413
2131
1505
5307
1380
400
2146
1490
6311
400
1375
1184
1477
6311
393
1384
1160
2473
5322
1382
427
2121
1501
5312
1384
1748
802
1501
6332
350
1516
1033
2470
5330
394
1390
2198
1429
5350
1356
621
1922
1498
6303
434
1367
1145
1501
6323
368
1384
1169
2493
5323
1351
418
2142
1494
5330
1364
410
2138
1497
6316
371
1381
1312
1369
6317
360
1517
1038
2508
5296
1361
544
2138
1363
5346
1364
421
2202
1411
6310
394
1375
1172
1490
6361
351
1366
1182
2476
5315
1369
392
2168
1498
5331
1376
381
2166
1489
6360
332
1379
1186
1511
6387
279
1361
1187
2477
5313
1367
554
2001
1495
5340
1358
1379
1357
1304
6305
399
1378
1279
2359
5330
393
1387
2140
1518
5335
1357
406
2132
1489
6310
392
1367
1181
1496
6475
227
1363
1179
2468
5433
1269
397
2154
1488
5627
1078
394
2152
1590
6604
1373
854
336
1490
6687
1380
183
1117
2373
6668
400
186
1967
1493
6787
315
199
1954
1492
6707
1370
176
996
1517
6674
1375
275
899
2529
6634
422
189
1938
1501
6683
588
796
1173
1493
6690
1389
185
986
1495
6694
1383
190
981
2519
6644
414
177
1986
1558
6612
1384
175
1027
1471
6698
1371
179
1000
2466
5724
1378
531
1616
1498
6688
399
1181
970
1502
6694
1373
735
463
1467
6702
1373
1164
423
2068
6710
402
1324
804
1638
6542
409
1162
1003
1545
6617
1400
1161
9
1499
8077
262
890
9
2477
7091
593
710
863
1493
7077
578
718
866
1487
7674
409
1178
8
1606
7539
409
1156
32
2450
7106
567
593
987
1487
7668
566
1015
8
1639
7507
418
1154
29
1700
7442
413
1154
1001
1496
7104
562
598
996
1493
7673
396
1175
9
1502
7659
391
1173
10
2469
7092
570
602
1229
1236
7106
563
592
1009
1481
7665
408
1155
8
1505
7657
405
1170
7
2480
7102
564
590
1003
1496
7089
560
590
1013
1483
7695
380
1164
10
1499
8083
1149
8
1114
1355
7112
1150
1010
360
1114
7096
1153
993
374
1131
8056
1163
8
390
1121
8060
1194
9
343
2112
7094
1267
886
552
936
8311
916
7
580
953
8102
1107
10
492
2110
6976
1152
1002
366
1126
7085
1161
996
829
664
8091
1140
30
1512
1524
6514
1163
8
2414
78
7079
1157
1003
1496
819
6269
1172
999
1480
816
7400
1014
10
1523
827
7345
1045
9
2348
161
7158
1064
1104
1381
847
6251
1163
1038
1448
834
7226
1163
7
1508
906
7158
1170
8
2335
157
7073
1168
1000
1481
828
7237
205
980
1500
817
7256
1151
30
1480
822
7269
1152
10
2501
820
6354
1055
2488
827
933
6310
1154
1551
796
617
6614
1178
2326
160
455
6629
1156
2497
821
608
5655
1155
2498
805
661
6592
1169
1515
823
620
6620
1164
2489
458
741
5893
1166
2501
1519
284
5259
1173
2503
1469
317
6268
1159
1531
1423
364
6276
1200
2447
483
342
6263
1158
2496
1432
373
5281
1170
2494
1424
358
6272
1214
1460
1448
377
6253
1193
2463
1436
360
5307
1150
2483
1570
1252
5252
1160
1524
1648
1120
5282
1155
1513
1504
1265
5304
1158
2494
1426
1351
4322
1153
2501
1422
1343
5288
1277
1395
1449
1333
5287
1289
2367
1803
1343
3940
1209
2456
2764
1452
2864
1165
2495
2779
2386
2898
1166
1524
2760
3466
1828
1156
2645
1649
4793
502
1282
2481
2666
4325
230
2622
787
2767
5292
389
1973
322
2775
5278
2023
128
1498
2793
4300
2143
1122
388
2779
4313
2144
1555
464
2254
5358
2089
526
1928
856
5278
2143
1518
1889
933
4268
2172
1622
2557
130
5249
2128
665
3489
806
3647
2132
1518
2780
577
3727
2154
1505
3736
374
2975
2140
1512
3756
1932
2396
2129
540
4026
2672
1372
2181
1477
2967
3732
401
2128
1505
3747
3374
847
1248
1513
3753
4357
926
1715
402
3353
4313
2093
594
961
2777
4316
2139
676
837
4568
2591
2067
1508
127
3656
4286
2148
534
1509
2262
4303
2149
1519
1714
2129
3314
2068
1496
2071
2190
2832
3117
538
2897
916
4251
2414
505
3544
359
3917
2449
1209
3678
69
3333
3651
833
2909
528
3832
2638
1417
2334
1134
3181
3649
437
4107
491
2059
3659
430
5184
245
1228
3646
440
5369
398
1865
2690
1403
4846
42
1761
3661
428
5277
1114
270
3645
432
5319
1328
379
3329
387
5281
2253
241
2537
1409
4294
2441
95
3476
1707
4013
1403
455
3181
1407
4521
1265
547
3018
2394
5641
338
60
2296
2375
5668
280
1488
1891
1420
5670
1185
1464
1003
1414
6657
519
1021
1142
2408
5853
966
364
1137
2393
6547
46
1608
1136
1404
5798
1097
1327
1113
3915
4155
227
1542
909
4337
3862
188
1881
1447
3360
3727
1203
1987
496
3332
3717
1296
2364
3109
255
4696
211
2470
3622
712
3931
138
3317
2955
404
3724
1193
2464
3362
425
3446
1035
2466
4378
7
3694
216
2450
4454
9
3824
8
3423
4205
1673
1204
1217
2444
5292
8
1791
1190
2481
6299
1352
397
333
2343
6411
1866
209
3267
332
5087
1634
1195
2457
1155
4209
2707
728
1947
1896
4409
1778
191
2475
2146
4145
1986
1974
1483
1813
3482
3446
283
1702
2929
3357
3738
710
973
2383
4727
1938
1181
519
4155
2136
2747
1745
431
4711
1147
2707
1711
448
6816
406
2504
583
463
6783
473
2363
1117
578
6345
2634
344
1398
426
5811
2754
999
703
456
6808
2752
8
709
484
6792
2609
235
1096
505
6323
2712
636
1068
464
7390
2161
746
461
921
6860
1764
717
463
2504
5361
1850
1713
431
2250
4417
1875
1701
533
2293
5327
1766
785
443
2549
5189
1775
1188
514
1816
5449
1991
1482
481
2291
4490
2339
1136
468
2466
5464
1628
772
414
3763
4121
1667
1209
496
3892
4489
660
1704
475
4308
3473
949
1541
471
4503
4236
813
1352
1405
3224
3956
801
1253
2409
2845
3425
799
2198
1471
2824
3448
804
2181
1470
2799
5275
1185
1486
30
3499
4529
1197
1966
499
4154
2942
2164
1262
219
5467
2613
1184
1490
442
5172
2449
1191
2479
859
3887
2324
2221
1436
764
5023
1298
2177
1470
441
5280
2340
1193
1497
1400
4312
2384
1149
2465
448
5245
1396
2178
1474
439
5267
1381
2166
1489
477
6908
981
893
1518
1392
6361
278
1202
2526
387
6626
566
1605
1506
2138
4921
840
1337
1484
2392
5670
308
908
1487
2363
5676
1193
109
2356
1405
5681
1706
457
1532
1360
6665
1203
811
674
2361
5689
1199
1523
118
2824
5106
1177
2599
1150
889
4916
2179
1591
2153
51
5842
1096
1545
2303
1366
4333
1188
2458
3710
312
3064
2170
1524
3523
1188
2333
2165
1501
3348
1572
3139
1199
1587
4245
1047
2668
1202
2481
3471
1324
2264
2172
1477
3611
2912
572
2168
1496
4422
2659
977
1202
1579
4238
2840
1063
1012
2458
3354
3734
574
1582
1490
3453
3648
1209
958
1475
5207
2857
1035
163
1511
5109
2924
1187
828
1639
3971
3116
2180
877
607
4086
3966
1215
1342
130
4475
3586
1251
1440
1671
3061
3330
2161
1508
2087
1733
3242
2177
1538
2837
1215
3970
1171
1495
3746
680
3632
1197
2471
3673
294
3283
2014
1491
4822
1280
987
2154
1475
6208
76
1783
1196
1507
6569
1038
436
1202
2446
5307
1775
1802
379
1481
5302
1775
2185
1099
378
6336
1792
1145
1468
221
6070
1776
1204
2440
255
5078
2251
1683
1489
851
4476
1763
2181
1476
973
5788
1296
1207
1484
998
5288
1800
1171
2474
799
4486
1782
2189
1464
1887
3416
2752
1196
1488
3713
2608
1921
1018
2455
3926
1397
1887
2179
1376
4703
600
2020
1988
1399
5129
1194
1748
1199
1485
5186
1099
1770
1215
2448
4276
1047
1762
2170
1496
4794
509
1767
3669
1045
3787
2500
708
2717
459
5051
1736
1004
2943
500
5277
1017
924
3533
466
5845
187
704
3546
474
6170
736
686
2671
463
6009
794
799
3152
506
5689
588
804
3650
486
5209
599
1790
2665
460
5225
1622
748
2683
475
5570
1217
784
3671
478
5269
539
799
3660
468
6802
39
758
2683
472
6794
785
212
2937
510
6311
818
1211
2423
521
5762
795
1371
2275
480
6803
786
590
2087
474
6801
784
659
2510
486
6291
790
1566
2090
474
5827
777
2488
1185
469
6830
767
2195
486
475
6781
793
3163
8
519
6256
796
3663
470
218
5593
813
3654
486
732
6069
767
2678
475
587
6218
774
3233
434
874
5423
782
3667
477
385
5423
1770
2696
459
341
7249
2266
407
486
579
7000
2149
1655
466
277
6205
2133
1578
468
301
7241
2137
542
472
347
7235
2134
1032
333
165
7082
2137
1527
517
305
6246
2147
1518
472
341
7239
2141
548
491
319
7252
2134
1024
341
160
7091
2130
1521
472
351
6266
2130
1667
488
197
7231
2146
642
449
266
7246
2144
1011
413
82
7084
2139
1514
495
331
6257
2166
1502
484
330
7247
2131
544
476
340
7245
2134
1540
487
320
6262
2156
1511
463
348
7246
2131
541
479
351
7260
2127
1132
223
177
7064
2142
1520
475
342
6256
2172
1486
479
352
7230
2139
556
469
345
7235
2147
1015
331
168
7081
2178
1479
478
348
6262
2143
1516
473
337
7241
2146
540
479
338
7263
2141
998
341
164
7164
2059
1546
457
333
6508
1900
1516
508
304
7254
2131
544
484
383
7408
2018
929
508
1367
5708
2152
1507
486
331
6477
2895
564
461
343
7240
2150
532
481
354
7241
2190
1468
471
342
6276
2135
1519
473
334
7693
1686
562
475
323
7383
1994
1021
340
171
7078
2141
1515
526
296
6437
1961
1524
477
337
7252
2156
519
480
487
7090
2147
1020
336
161
7089
2144
1528
516
281
6265
2132
1633
373
343
7255
2118
592
432
467
7267
1990
1025
337
155
7247
1988
1506
476
351
6529
1858
1537
476
346
7235
2271
405
483
348
7247
2193
950
343
163
7090
2146
1499
480
959
6840
1928
1024
335
851
8534
1026
341
2111
7280
1974
471
2084
6191
1992
421
2998
6293
1034
452
3332
240
5684
1029
361
3319
892
5280
1879
332
2542
1148
4810
1915
328
3574
1097
4706
1037
356
3316
1847
4187
1033
483
3197
2671
3354
2014
456
2296
2914
3072
2499
2014
1159
2865
3178
1448
1527
1717
3660
2379
1395
1600
1702
4174
1883
2334
1616
750
4384
1787
2241
1590
1713
4151
1913
1336
1619
1725
4942
1093
2345
1629
759
6014
801
1532
1621
747
7016
1272
537
1179
1731
6018
1539
324
1166
1687
6022
2350
334
1283
753
6037
2351
914
700
1089
6667
1380
1430
169
1723
6047
1366
1606
505
1238
6023
2332
1621
357
394
6042
2358
1586
790
933
6035
1374
1608
1658
52
6051
1513
1468
1775
696
5285
2353
1619
734
1478
4561
2400
1557
1723
1561
4493
1381
1603
1722
2458
3572
1366
2591
749
3129
2908
2377
1585
746
3950
3053
1373
1610
1719
4206
1863
1331
1627
1715
4766
1267
2352
1612
758
5985
46
2349
1604
742
7078
1314
299
1328
1726
6991
165
448
1400
1725
7015
1067
307
1609
732
7027
1365
125
1487
1716
7051
372
993
620
1704
7052
365
1407
208
1710
7026
1363
1621
226
511
7022
1368
1622
1713
504
6508
396
1607
1719
2495
4537
381
1618
1734
3297
3728
1372
1600
730
4328
2844
1946
888
1937
6115
796
271
1613
1714
6594
520
317
2571
737
7031
577
800
1594
769
7977
240
146
1613
1942
6798
385
441
1188
3697
5040
1359
1227
432
1690
6039
1360
1623
1660
36
7045
382
2418
1576
307
6068
360
1629
2670
247
5949
1227
1636
1825
2667
3355
1256
1627
2676
2445
3622
368
1631
2679
3418
2647
379
1625
2672
3854
2192
1372
1748
1573
6056
9
1346
1698
2606
6060
380
1116
512
2680
6418
10
1628
698
1988
6065
1351
1620
534
1166
7030
2010
807
369
1513
6090
1963
329
2376
1420
4625
2976
327
1388
2044
4005
2977
335
1377
3694
3333
2133
203
2351
4315
1736
2096
243
4484
3914
493
2490
330
3331
4121
1014
1943
333
4415
5445
558
290
28
4348
5911
117
34
342
4308
6049
1044
8
2784
864
6051
1030
2282
112
2247
6046
37
2347
1280
1023
6053
183
3136
1383
131
5901
1086
2243
1365
2269
4836
50
2215
3825
2031
2597
93
2192
3330
3651
1490
8
3239
2371
3983
1085
1034
2267
2359
4610
1433
55
2470
3201
4280
738
55
2456
3167
5073
1028
1573
705
2371
5055
1062
2255
174
3164
5120
666
1633
2218
1105
5080
1499
830
3331
1635
3608
1848
1300
2382
2530
2619
1912
1310
3333
2840
2226
1028
1303
3328
3663
1407
1030
1464
3176
4607
459
2018
1325
2345
5055
216
1798
3783
856
5073
1033
1068
2194
1378
5067
1039
2787
1445
409
5061
4654
619
408
75
5969
3983
304
1338
37
5078
3967
331
2135
431
3887
4935
412
1298
60
4030
4938
339
1841
500
4097
3984
319
2333
518
3623
3925
339
2348
1025
3077
4960
304
1374
4102
1205
3729
349
2418
4015
2047
1919
334
2385
4090
2474
1461
321
2357
4106
3494
1435
490
1233
4219
3477
1322
451
2237
4091
3051
921
358
2321
4127
3472
1437
328
1378
4372
4053
607
331
1395
4115
4915
38
302
2586
3859
3957
365
2448
1162
2811
4919
389
1358
3244
841
4903
330
1383
3755
1318
3962
495
2189
3348
792
3922
469
2222
3666
412
5010
277
1379
3932
160
4946
329
2347
3366
752
3944
333
2353
3751
339
3974
309
2488
3993
1290
3623
322
1515
3973
4930
136
193
2357
5691
2358
263
61
2362
5070
2993
481
376
1827
5121
3606
436
204
1377
5070
3703
287
303
2354
5067
2538
455
343
2329
5086
3485
477
336
1363
5090
3479
473
335
1552
6051
2801
227
116
2342
5191
2868
332
989
1362
5125
3926
311
1375
260
4825
3962
336
1125
266
6019
3123
202
1148
1203
5091
3027
274
2128
226
5076
3968
330
1155
222
5062
3963
320
1163
1197
5077
2980
340
1139
1212
7488
564
333
2111
249
7009
2014
341
1404
298
6816
1893
328
1513
843
7053
1007
322
2368
1157
5859
1168
1166
1415
888
6105
2008
328
1398
724
7274
1024
317
2131
231
7038
1025
314
2375
745
6263
2066
271
2123
2035
4322
1938
326
2139
2165
5139
974
327
2996
1309
5117
990
325
3100
1206
5077
2036
323
2100
1218
5065
2012
361
4273
90
4979
1045
329
4077
257
5033
1043
331
4474
580
4318
2013
334
3495
625
4269
2024
338
4065
2594
2703
1041
332
5113
2034
2230
1033
338
5109
1741
4542
105
221
4075
1706
4647
313
582
3557
2142
4164
292
582
4487
1198
5054
67
334
4971
313
5056
65
337
4329
1940
4150
329
567
3568
2134
4135
327
582
4587
1815
4371
35
380
4255
4606
1443
58
336
4207
5011
1199
325
585
3607
4999
1232
305
594
4492
4113
2138
61
357
4051
4191
2084
57
330
6286
2901
1230
322
591
6415
2251
1168
318
610
6403
2240
2076
78
320
6010
2688
1714
325
611
5425
3148
1231
331
586
6445
3385
420
145
342
6426
3643
671
80
432
5920
4127
272
378
517
5461
4293
78
325
581
6434
3154
1151
67
349
6000
3198
1246
8
260
6685
3480
275
308
597
5447
4390
315
56
535
6417
3804
520
49
631
5750
4308
554
699
921
4252
4850
437
187
1599
3693
4784
481
113
1658
4684
4635
49
648
715
4666
4316
392
650
1689
3696
4711
608
33
3093
3341
3696
559
61
4200
2175
4309
394
649
5369
104
4594
598
64
5377
2623
2102
579
231
6238
2563
1296
411
1086
5335
3147
1170
400
677
5345
3199
1518
657
65
5308
3156
1566
646
78
6417
2267
1906
399
778
5327
2101
2151
380
651
5388
3152
1545
595
63
5383
3148
1555
593
77
6337
2532
1792
401
651
5391
2329
1980
383
689
5337
3522
1196
584
87
5359
3262
1443
666
51
6511
1979
2251
266
678
5539
2008
2251
273
654
5473
3074
1543
585
57
6381
2154
1549
595
77
6339
2179
2144
386
663
5385
3149
1557
650
481
4908
3155
1539
585
74
6346
2203
2135
408
636
5378
2194
2252
250
668
5384
3146
1551
592
50
5501
3046
1541
597
64
6347
2190
2148
374
659
5390
2170
2140
406
1823
4189
3165
1567
580
2447
2980
3196
1526
585
3023
3405
2181
2131
384
3586
2448
2190
2133
382
4391
1640
3240
1472
597
4113
2313
2169
1546
598
4948
1480
2181
2137
382
5795
263
2161
2138
385
6042
373
2781
1550
589
6471
52
2094
1537
590
6416
628
1569
2135
378
6026
1481
1712
1521
596
5453
2381
777
1546
599
6407
2192
604
1532
529
5884
2187
1226
911
387
6058
3130
1056
487
596
5454
3149
1549
263
324
6433
2174
2133
403
375
5638
2197
2143
500
622
5295
3160
1553
588
526
4917
3158
1547
599
1371
5040
2181
2133
395
1760
4273
2176
2144
380
2178
3874
3145
1546
602
1725
4687
2211
1527
589
3420
3036
2146
2137
380
3676
2377
2170
2517
599
5438
125
3032
1621
531
6415
715
1532
1530
544
6423
1457
745
2139
477
5943
2102
1038
1548
591
5434
2980
190
1546
590
6421
2179
241
1894
407
6034
2176
992
1139
394
6040
3269
1221
207
610
5423
3171
1534
596
175
6243
2181
2133
543
655
5237
2171
2137
1887
186
4362
3170
2109
416
1681
3370
3147
2129
416
2556
3467
2182
2128
1361
2023
3042
2183
2125
1376
2488
2599
3141
2124
391
3190
2850
2214
2101
384
4112
1942
2169
2124
1370
4250
813
3301
1984
396
4638
447
3259
1998
401
5793
248
2222
2091
1356
5068
556
1623
2137
1351
5076
1395
1760
2215
315
5056
2212
942
2167
367
6087
1847
274
2138
1368
5060
2185
313
1814
1369
5083
3135
639
1514
368
5061
3163
1731
527
269
6034
2305
2012
321
1047
5805
1483
2094
1366
1625
3431
3159
2279
1017
4987
270
2194
2244
264
6226
546
1448
2215
1290
5138
1215
886
2136
1366
5070
1882
1261
2131
403
6027
1828
352
2146
407
6010
2189
946
1194
1366
5054
3159
462
1679
378
5068
3166
1070
1054
389
6020
2192
2135
141
1354
4931
2180
2249
893
1544
4025
3024
2148
707
627
4212
3030
2145
1355
106
4966
2203
2158
2400
32
3937
2181
2144
2519
1164
2738
3156
2146
1481
2453
1507
3158
2139
1484
3563
1382
2255
2055
2342
3593
492
2167
2150
2342
4083
1042
2113
2135
1365
5062
753
1422
2159
2278
4136
1458
828
2027
2329
4095
1463
718
3124
1347
4111
1498
1647
2130
1553
4881
488
1693
2134
2378
4056
1488
680
2147
2422
4094
1364
1693
3328
185
4061
1473
1677
3238
272
5066
489
1688
3128
1344
4091
1466
717
3133
1349
4088
1459
1698
3135
1982
2465
1455
1701
3126
1405
4023
1465
714
3152
2305
3101
1486
702
3115
2327
3118
1470
1687
3133
1328
3116
1479
1683
3152
1328
4083
1477
798
3011
2348
3110
1472
710
3104
2362
3100
1465
1689
3130
1372
4063
485
1692
3119
3998
1446
1601
575
3129
3397
2038
1484
1668
3114
2537
1936
1475
1736
3053
2355
3095
502
1686
3104
3332
2137
1456
856
2961
3323
2134
1471
1702
3213
2228
2137
1471
1697
3121
2315
3120
493
1686
3109
3486
1954
1483
888
2945
3481
1977
1458
1682
3102
2484
2064
1394
1689
3144
4584
831
1470
710
3107
5265
191
1464
718
3144
5248
178
1470
1686
3287
4147
141
1482
1681
3269
5109
181
1585
666
3082
5210
199
1492
690
4081
4316
167
1532
1621
3106
4289
1161
513
1685
3095
5297
159
1468
783
3026
6934
426
597
1029
2736
5455
494
345
1430
3022
5951
317
420
960
3249
6440
450
204
543
3115
6396
498
238
1321
3104
5520
479
257
4468
78
5889
320
162
4131
183
6418
504
424
3208
2651
4007
447
304
4307
2143
3507
487
367
4255
2141
4471
480
768
2880
2130
4467
496
304
3333
3123
3490
494
317
4296
2148
4140
166
160
4126
2158
4455
499
306
3323
2161
4454
501
334
4412
2004
3500
489
307
4398
2039
4007
294
171
4157
4287
2304
491
330
3308
4084
2525
494
316
4299
4088
2038
661
1848
2106
4087
2039
1466
1801
1349
4086
3024
480
1772
1382
4091
3020
473
1876
2258
4094
2037
482
1797
2465
4067
2031
1364
1766
1494
3977
3015
487
1756
1437
5013
2064
477
1784
2340
6123
480
981
949
2206
6181
938
475
1781
1384
6279
1308
2984
264
878
6049
558
2457
298
1366
6062
1555
1454
291
1383
6042
1553
2442
306
540
6034
1414
2500
256
1481
5986
526
2453
298
1377
6037
1545
1479
384
1291
7591
646
1805
297
410
7581
1397
1096
283
1357
6626
1379
1070
278
1403
7876
337
1824
613
92
7581
420
2304
52
373
7589
1419
1217
114
1378
6612
1383
1365
161
1229
7580
416
2041
278
1785
6222
404
2343
233
1321
6441
1385
1360
319
2049
6857
1522
752
294
1313
6706
2265
389
679
708
6632
2332
1257
306
1407
5418
3324
98
302
1379
6610
2357
92
313
1368
6628
2346
1069
316
391
6621
3325
96
464
1217
5643
3329
81
438
1248
6613
2353
1066
447
257
6742
2237
1061
298
416
6713
3317
312
1383
3992
1664
3391
301
1377
3551
3064
3428
698
2032
1089
3569
3361
702
1543
1557
3509
3423
1679
569
2709
2372
3422
1705
533
2672
3385
3482
643
1552
1610
3470
3416
1670
577
2527
2681
3268
1686
566
2534
3508
2451
1678
573
2532
3522
3443
673
1553
3501
1563
3420
1828
422
3513
1559
3423
1758
486
3524
2522
2449
1683
1627
2456
2528
3559
700
1418
2551
2513
3529
1802
352
3509
1559
3420
1684
567
3560
2482
3427
2247
821
1762
2486
3424
2249
449
2087
2542
3433
3742
110
2981
473
3432
2246
1393
3095
1557
3424
2388
262
3132
1528
3436
2325
1315
3124
561
3563
2113
1375
3115
1572
2523
2125
1410
3234
1409
3426
2243
418
3121
1533
3442
2241
1384
3121
558
3433
2236
1400
3117
1541
2450
2257
1376
3101
1550
3426
2261
395
4660
214
3208
2405
1222
3695
395
3037
2372
1265
4092
562
2588
3075
418
4069
589
3423
2241
415
4087
569
3427
2247
1387
3687
386
3036
2245
1412
4086
547
3426
2243
415
4092
580
3422
2234
1898
3183
392
3027
2251
1401
3682
441
2971
2396
1239
4657
480
2949
2238
425
4646
412
3021
2241
1456
3614
1386
2040
2267
1377
4691
388
2057
2220
1396
4651
404
3039
2219
408
4666
414
3008
2239
1688
3389
1377
2045
2238
1478
4576
411
2043
3220
415
4659
483
2941
2242
437
4646
393
3025
2260
1534
3539
2166
1302
2191
1403
4649
636
2789
2259
412
4639
404
3025
2232
493
4582
1380
2054
2245
1699
3365
1380
2050
2226
1566
4506
403
3025
2235
574
4496
402
3027
2245
411
4661
1379
2052
2259
1367
3682
1383
2045
2246
1385
4674
420
2997
2245
407
4678
2148
1267
2244
1383
3696
2333
1081
2243
1385
4763
1294
1062
2239
1386
4686
1537
1870
2241
568
4502
1576
4290
213
973
3708
2369
2988
321
1374
4659
1379
4010
273
420
4672
1359
4012
284
407
4661
2348
3033
286
1385
3691
2345
3037
279
1391
4807
2608
2682
242
404
4785
2228
3036
405
293
4690
3300
2053
299
1388
3684
3341
2032
294
1384
4669
2347
3028
298
394
4671
2353
3020
283
1388
3703
3318
2054
273
1397
4663
2355
2126
211
1380
4674
2351
3027
282
411
4660
3944
1438
292
1390
3811
4269
990
283
1615
4435
3346
1061
283
1396
4659
3376
2005
293
410
4651
4315
1068
293
1385
3689
4313
1081
271
1617
4433
3328
2056
286
409
4675
3364
2135
164
409
4659
4309
1075
285
1385
3685
4465
922
291
1378
4696
4967
401
273
413
4672
4315
1064
279
413
4675
5371
280
1396
1960
1717
5387
277
1402
1181
3474
5393
335
349
1159
3521
5369
298
1368
1164
2524
5385
289
1382
1165
3517
4400
275
1394
1163
3508
5385
274
418
1161
3505
5378
275
1456
1083
2607
5312
284
1387
1164
3505
4409
1252
416
1167
3488
5390
437
277
1162
3483
5382
372
1296
1197
2499
5381
324
1345
1170
3492
5386
285
425
1154
3493
5392
298
391
1146
3520
5378
285
1386
1153
2538
5384
305
1373
1155
3501
5392
285
405
1153
3500
5390
292
405
1154
3519
5386
424
1251
1147
2531
5382
417
1255
1169
3499
5393
279
397
1172
3504
5391
279
1390
1146
2551
5365
295
1417
1109
3519
4395
426
1242
1152
3516
5379
296
531
1027
3511
5383
281
1518
1091
2474
5377
289
1376
1168
3528
5509
140
396
1286
3392
5491
174
419
1150
3519
5387
275
1379
1159
2539
5372
288
1372
1165
3517
5535
129
416
1152
3492
5389
285
413
1163
3498
5387
285
1507
1038
2527
5380
286
1473
1077
3498
5388
287
408
1174
3495
5506
170
1364
228
3468
5485
200
1381
1146
2537
5429
257
1360
1170
3502
5379
281
416
1166
3491
5387
295
1387
1185
2492
5384
284
1380
1182
3535
4378
274
1514
1037
3507
5401
264
510
1052
3508
5391
286
1367
1155
2539
5523
151
1370
1178
3494
5385
290
408
1148
3516
5381
287
414
1143
3515
5385
297
1369
1184
2500
5392
291
1370
1178
3602
5281
279
401
1160
3592
5312
302
532
1010
3521
5383
280
1381
1154
2535
5394
270
1389
1164
3502
5382
282
414
1222
3442
5383
285
1374
1314
2379
5390
674
986
1234
3448
4403
274
1384
1175
3493
5394
285
399
1163
3617
5267
320
1349
1155
2626
5290
354
1329
1145
3521
4396
321
1348
1190
3477
5387
318
402
1124
3512
5671
1370
1310
1299
1084
6207
862
1300
927
2422
5711
382
1309
1910
1449
5684
385
1168
2054
1457
7049
1161
1016
66
1553
6931
1157
957
130
2423
6077
1187
1354
673
1445
6083
1155
1362
694
1506
7050
1120
393
681
1443
7046
1172
631
454
2432
6072
1403
1142
666
1450
7062
1162
384
694
1453
7038
1167
380
696
2430
6066
1161
2058
820
653
6066
1155
2044
671
778
7057
1166
1071
1475
357
6684
1168
1057
2052
377
6288
946
2063
1284
173
6077
1154
2058
1397
35
7064
1161
1091
1253
193
7042
1162
1083
1251
1173
6119
1116
2061
1311
136
6074
1163
2058
1252
202
7054
1147
1086
1445
2291
4763
1160
1132
2380
1765
4303
1182
2076
1420
1762
4314
2388
830
1466
1749
5308
1132
1098
1433
1783
5270
1158
1086
2428
1788
4276
1160
2061
1441
1939
5117
1167
1076
1461
1929
5117
1155
1087
2415
926
5154
1157
2189
1323
3068
3006
1166
2142
1361
2761
4309
1158
1069
1449
2733
4329
1151
1146
2370
1749
4309
1207
2020
1433
2831
3254
1159
2060
1444
2737
4357
1118
1100
1429
2737
4321
1156
1095
2408
2737
3338
1163
2068
1439
2748
3329
1161
2192
1311
2733
4447
1032
1185
1355
2738
4347
1120
1100
2405
3181
2898
1191
2030
1443
2737
4315
1158
1095
1435
2748
4305
1168
1092
2416
1772
4418
1034
2080
1440
2740
3328
1149
2069
1446
2751
4564
889
1113
1442
2732
4468
997
1226
2293
1768
4448
1009
2075
1449
2743
3375
1134
2029
1439
5861
1192
1162
1088
1445
6630
424
1151
1090
2411
6085
1152
470
1600
1443
6073
1154
2019
42
1462
7054
1150
1098
1434
125
6936
1151
1096
2073
437
6120
1018
2066
1439
1238
4999
1003
2060
1439
2657
4397
1169
1081
1439
3280
3813
1120
1087
2421
5759
314
1162
2062
1446
6302
746
1241
1019
1442
6451
588
1171
1082
2411
5526
615
1105
2123
1505
5567
387
1157
2064
1541
5578
1385
1145
1437
1101
6132
932
1143
1098
2407
5683
511
1048
2063
1440
5739
356
1157
2053
1537
5575
1384
1303
942
1472
7020
1284
391
604
2407
6216
1040
1332
699
1434
6097
1154
1376
698
1553
6921
1166
391
693
1687
6808
1149
543
556
2415
7228
383
1043
652
1440
7222
802
614
657
1462
8015
183
382
704
1448
8050
326
210
715
2438
7027
297
1283
672
1441
8016
189
1088
1433
774
7257
192
1095
1768
637
7128
148
2145
1177
166
7040
175
2065
1253
192
8022
207
1086
1245
186
8044
260
994
1245
1169
7051
212
2056
1225
213
7034
185
2596
741
190
8004
194
1092
1240
206
8010
201
1091
1232
1184
7036
191
2064
1435
532
6537
169
2081
1242
186
8115
96
1105
1315
117
8032
176
1105
1274
1130
7231
9
2062
1241
202
7223
798
1296
1223
232
7986
199
1121
1215
197
8012
189
2066
1246
205
7038
184
2117
1229
185
8009
183
1090
1447
2207
5955
40
1110
2401
826
6308
92
2356
1178
1749
5337
143
2067
1432
1786
6233
188
1093
1434
1755
6276
184
1103
2405
802
6241
196
2063
1442
1783
5252
195
2099
1408
2003
6021
190
1101
1429
2054
5966
192
1088
2442
966
6196
34
2213
1316
2379
4767
72
2200
1325
1918
6103
186
1091
1439
1785
6241
188
1086
2433
1729
5299
199
2080
1427
1791
6239
366
906
1447
1799
6223
179
1102
2407
768
6282
182
2076
1436
1746
5303
1521
726
1435
1765
6283
1143
258
1296
1786
6242
1160
246
2289
2104
4941
1269
988
1469
2760
4260
1164
1088
1460
2727
5282
1272
35
1408
2727
5293
1254
32
2448
1791
5226
1274
989
1434
2734
4314
1159
1474
1057
2731
5288
1151
679
885
7266
786
1132
971
1597
6656
365
1161
1094
1431
6637
1398
187
1376
1142
8030
324
835
121
1472
7652
354
1261
59
2369
7031
578
736
950
1433
7665
379
1136
124
1437
7657
380
1163
104
2558
6920
558
609
1080
1571
6918
564
612
1079
1483
7798
365
990
104
1456
7801
209
1186
92
2425
7053
573
582
1090
2385
6094
607
692
961
1552
7518
393
1160
113
1438
7620
416
1191
105
2378
7058
564
600
1097
1439
7644
560
990
112
1564
7521
1453
72
133
1506
7540
1394
182
117
2436
7594
413
176
1098
1433
7653
1419
120
119
1432
7606
1398
191
110
1456
7623
1359
212
94
2425
7602
407
193
1098
1422
7640
1497
51
135
1427
8148
992
42
148
2386
7624
472
115
1104
1436
7656
551
9
1085
1439
7613
1384
217
89
1432
7632
1383
180
118
2408
7654
372
193
1093
1445
7638
564
8
1085
1440
7597
1397
195
122
1719
7349
1523
9
133
2425
7612
529
45
1117
1434
7624
583
791
309
1438
7615
1473
80
146
1419
7671
1515
125
2402
1788
5829
598
1098
1432
2978
4661
1549
127
1429
4465
3189
1661
9
2406
5171
1460
1573
1113
1540
7505
205
376
1100
1433
7624
1559
132
1066
358
7687
1506
119
2428
297
7296
602
1103
1463
2471
5204
490
1113
1414
7282
389
1520
135
1425
7666
1530
118
476
1939
7606
593
2115
416
549
7113
549
2079
458
1583
6079
1521
1125
439
4167
3497
1515
1287
2522
4318
2019
595
2078
1435
6631
447
159
2071
1449
6659
851
676
1105
1430
6760
1485
1079
1420
1023
6608
584
2087
930
493
6719
1499
1100
1424
205
6498
1500
1115
1863
680
5521
1565
2085
1567
60
6441
587
2081
1880
698
5505
1557
1105
2400
248
5417
1590
1085
3395
58
5703
483
2076
2432
981
4793
463
2085
2401
5305
377
1607
1044
2420
5674
158
1549
942
3385
5662
588
8
2078
2408
5659
588
1166
919
2399
5665
1569
1111
619
1785
5660
1569
1123
532
2842
5812
465
1876
182
2437
5770
1427
1126
690
1700
5721
1632
988
1387
1982
4683
1670
2002
1226
1188
5653
618
2041
2409
1549
4123
2673
138
2252
2365
3351
2631
2277
1091
2141
3530
2673
845
1552
2658
3021
2688
845
1533
3165
2675
2530
1916
458
3654
2344
2353
1840
1539
3258
2401
2684
835
1562
3603
2051
2679
847
1553
4139
1525
2686
1816
703
4280
1261
2696
1801
1558
3956
1693
2686
845
1586
4702
940
2673
2407
693
4593
365
2705
2384
436
5127
254
2575
2745
600
5641
451
2236
1805
591
5661
2121
608
2368
379
5273
2670
1989
818
602
4655
3649
1841
575
404
5246
2694
1806
580
2572
3128
2640
2411
392
4455
816
2709
2802
547
5398
269
2674
1820
608
5629
1812
864
1826
586
5655
2690
642
1765
388
5254
2679
2513
295
568
5679
2675
1824
588
10
5764
2556
2402
360
49
5263
2660
2408
210
195
5257
2662
2647
156
620
5626
2759
1588
159
574
5669
2672
2414
334
79
5232
2681
2628
173
581
4696
3366
1901
201
608
5628
2678
1628
212
565
5664
2699
2387
393
7
5270
2665
2616
181
712
4557
3654
1648
172
671
5572
2793
1515
191
582
5652
2778
2316
378
1154
4119
2699
2779
612
187
5441
2704
1793
625
177
5445
2678
1822
586
1189
4466
2680
2421
371
793
4476
2685
2794
598
200
5447
2673
1821
738
44
5466
2672
2517
303
784
4466
2792
2334
345
790
4483
2787
2678
622
180
5444
2683
1857
553
214
5450
2673
2416
384
791
4479
2683
2796
573
202
4487
3655
1810
598
198
5459
2665
1824
575
219
5455
2670
2562
243
964
4297
2679
2797
598
194
5449
2688
1811
613
186
5445
2676
1840
572
211
5473
2659
2448
456
677
4470
2678
2854
529
223
5508
2613
1831
571
208
5485
2643
1845
572
1239
4415
2668
2400
400
787
4492
2666
2799
583
208
5448
2684
1813
781
10
5453
2679
2416
376
790
4480
2682
2419
531
867
4243
2683
2974
404
213
5582
2550
1871
528
216
5504
2619
2416
402
917
4334
2672
2796
589
267
4413
3658
1822
590
222
5476
2637
1814
600
231
5407
2685
2415
415
769
4488
2661
2807
572
215
5449
2679
1989
441
176
5608
2527
1978
429
1168
4630
2528
2409
389
1123
4238
2580
2824
554
395
5265
2684
1823
577
332
5320
2693
2427
371
785
4471
2695
2406
410
995
4256
2676
2795
582
214
5450
2698
1839
550
207
5422
2696
2416
378
789
4480
2677
2406
385
799
4622
2541
2798
578
204
5444
2688
1816
600
327
5315
2685
2418
368
794
4469
2704
2775
589
212
4462
3666
1812
593
210
5442
2684
1815
586
222
5483
2635
2440
366
786
4460
2692
2795
586
209
5443
2686
1825
580
212
5443
2693
1811
581
1185
4473
2688
2398
393
804
4458
2693
2793
585
204
5452
2688
1829
611
160
5454
2691
2446
341
792
4479
2685
2392
406
972
4267
2687
2797
589
206
5447
2686
1813
607
199
5448
2669
2406
499
679
4474
2690
2791
581
276
4411
2745
2742
617
170
5443
2687
1807
596
206
5463
2675
2399
387
897
4372
2676
2793
672
144
4471
3771
1688
607
188
5441
2793
1713
593
205
7094
1056
2376
391
872
5380
1718
2821
538
429
6245
1670
1819
676
109
6432
1703
1815
613
1196
5413
1700
2400
397
785
5457
1707
2812
688
78
6430
1709
1817
715
78
6424
1840
2365
296
804
5445
1839
2303
355
795
5461
1743
2742
620
213
6481
1613
1834
572
219
6475
1652
2409
389
799
5430
1715
2791
632
150
5454
2692
1810
584
200
6430
1703
1845
684
78
6430
1707
2557
244
782
5455
1707
2793
584
214
6418
1709
1819
584
210
6568
1567
1895
513
1178
5593
1570
2399
404
773
7165
1427
1360
583
209
8136
1233
584
570
211
8139
1233
1159
409
785
7144
1234
1186
378
794
7160
1219
1579
577
221
8123
1314
505
601
189
8136
1265
1158
503
650
7166
1225
1173
514
676
7152
2198
651
530
225
8115
1226
589
579
219
8136
1244
1152
398
839
7102
1217
1574
586
234
8109
1220
592
586
211
8136
1373
447
575
210
8136
1351
1050
390
782
7178
1320
1493
561
415
7927
1216
741
447
195
8143
1222
676
508
1174
7157
1221
1174
391
935
7021
1217
1572
588
372
7970
1209
627
827
30
8045
1217
1189
397
781
7163
1378
1034
377
794
7197
1309
1444
591
200
8138
1241
572
613
177
8927
463
1145
409
764
7174
1217
1570
585
208
7156
2197
1183
349
1519
6474
1217
1199
348
1002
6977
1212
1198
1171
1161
6004
1221
2145
211
1166
6973
1221
1204
178
1187
6952
1329
1064
239
1142
6956
1237
1162
1194
1176
6033
1169
2233
263
1056
6950
1219
1182
1499
754
6084
1218
1186
2337
814
5199
1207
1191
2484
1367
4539
1159
2195
1330
2052
4942
1201
1189
1368
3468
3510
1245
2286
1350
3866
2000
1215
2154
1495
5358
512
1213
3131
423
6952
330
886
2159
384
6980
1222
1300
863
1352
6019
1195
3139
395
2512
4476
1229
2139
384
4421
2569
1214
2307
682
6333
202
1215
2276
1250
6001
1241
1171
1941
517
6957
1100
2159
525
382
6503
1174
2157
449
1692
5231
1209
2176
2203
1753
3400
1211
3130
392
4962
2019
1227
2142
390
6988
1213
868
1286
1366
6005
1221
2304
210
1006
6001
1325
3043
365
611
6385
1205
2166
377
1642
5480
1081
2160
1365
801
5276
1147
3128
383
803
5220
2184
2164
387
1218
5767
1203
2162
382
1380
5604
1212
2145
1368
803
5261
1165
3154
363
3538
3445
1222
2168
368
5158
1863
1176
2167
379
6882
100
1219
2162
1361
6152
1063
1205
1935
390
6978
2745
273
374
390
6975
2184
2153
392
544
5464
2187
1181
1364
2248
3770
2181
2201
338
4169
2820
2189
1196
382
6352
630
2175
1200
1386
5976
2327
1038
434
925
6203
2130
2069
345
1689
5288
2194
1188
396
3106
3863
2213
1158
1367
3119
2889
2180
2207
346
3855
2151
3157
1577
608
3626
2749
2186
1185
403
4682
2286
2185
1194
1361
3719
2306
2160
2170
388
3735
3248
2308
1060
403
5040
1947
2180
1203
366
5682
1304
2187
1197
1349
4721
1282
2179
2161
428
4655
2294
2177
1234
356
4684
2281
2197
1444
1104
4691
1319
2178
2556
1019
3688
1298
2185
2566
1554
3372
2045
2183
1572
1571
3607
1803
2207
2522
905
3848
1259
2196
2591
1533
4437
1623
1535
1567
1568
5420
756
1425
1567
1575
5405
1630
565
2543
709
5298
1993
194
2589
1527
4445
1746
1407
1600
3065
3906
633
1541
1583
2838
4142
1614
572
2546
1637
4396
1602
562
2557
2539
4428
642
1553
1576
2807
4603
213
1540
1569
2704
5838
55
588
2541
2362
5261
565
117
2443
2539
5078
1545
279
1788
2088
5065
1568
1489
1017
1597
6032
565
1282
1274
2559
5064
567
1336
1213
4109
3510
1545
751
828
4147
4434
578
743
1910
3255
4265
567
755
2007
3749
3668
1538
752
836
3516
4950
694
1599
3206
458
4914
572
2549
2103
589
4993
509
2795
1859
1418
4103
1562
1557
3074
435
4369
1330
1555
3046
1684
3961
451
2538
2114
1961
4139
1323
1332
2008
2382
4664
1678
1080
1892
1418
4668
1638
3064
525
839
4675
2541
2116
2389
2365
1342
2533
3097
1448
4345
301
1580
3062
1409
4683
973
1568
2163
1359
4672
2465
87
2106
2393
3701
2549
1773
1299
3522
2612
1685
2936
1173
1888
3013
2570
2089
3489
1139
1466
2568
2086
3571
3509
404
1146
3208
2631
3339
1588
3126
500
2807
2732
2526
2110
2220
1081
2781
4144
516
3171
202
3850
2385
2110
1623
804
3799
2421
2106
2527
47
3578
3445
1132
2612
2091
1399
3521
1130
2588
1867
2615
2566
2217
1738
1543
2676
4835
560
1836
909
2590
4492
250
4254
642
1104
4501
1131
3390
191
2507
3518
1136
3947
749
1562
4484
2301
1754
563
1646
4477
1843
2764
137
1447
5535
821
2745
279
2243
4654
853
3701
1553
344
4285
1992
2562
1535
1181
3621
1661
2741
2514
721
3936
816
2918
2346
922
3735
1802
2743
1558
889
3756
1818
3689
739
1028
3465
1835
2805
2450
330
4331
801
2988
2280
370
4277
1814
2736
1546
616
4037
1792
2748
1546
1323
4306
815
2737
2526
215
4427
850
2953
2296
220
4436
1804
2736
1552
240
4935
1290
2734
1553
1181
5054
215
2967
2306
200
5298
406
3279
1578
180
6289
262
2434
1554
250
7851
463
654
2507
189
7361
647
146
2385
220
8186
784
517
1028
222
8712
276
868
673
1183
8003
473
1204
856
219
7992
916
399
1207
232
8969
263
74
1207
225
8967
198
152
1326
1075
8009
169
1178
1160
213
8010
571
753
1194
214
8983
190
158
1207
213
8978
312
27
1209
1197
7996
504
816
1226
187
8008
299
1022
1201
221
8992
167
156
1217
210
8989
196
155
1196
1182
8013
197
1258
1068
201
8982
184
216
1168
187
8984
203
151
1194
213
8979
196
161
2171
221
7996
192
1135
1201
214
8981
274
61
1221
209
8983
215
123
1206
1201
7996
181
1143
1195
216
8027
175
1254
1074
224
8967
186
268
1084
226
8971
195
347
1063
1170
7970
258
1068
1195
241
7979
193
1132
1204
214
8990
320
9
1206
286
8903
292
55
1230
1166
8010
202
1121
1222
187
8010
190
1131
1198
246
8957
188
150
1203
220
8977
181
280
1097
1175
8011
186
1254
1075
242
9198
10
98
1206
205
8990
177
174
1189
229
8984
338
1034
1132
235
8010
286
2224
62
148
9179
11
1121
214
221
8973
200
1123
226
1333
7856
187
2114
374
205
7868
219
2077
305
180
8932
187
1135
228
217
8977
193
1132
227
1192
8011
171
2177
160
222
8002
356
1956
207
223
8983
179
1158
205
234
8981
162
1142
211
1190
8011
188
2117
374
211
8041
879
1233
381
204
8844
179
1135
329
173
8925
183
1134
1192
226
8082
100
2122
233
201
9161
9
1139
226
210
8976
193
1136
225
1198
8002
211
2094
222
193
8024
174
2119
210
219
9163
224
918
223
504
8816
59
1157
372
1047
8009
159
2138
205
219
8172
68
2067
217
214
9159
34
1112
231
211
8973
191
1141
212
1191
8016
182
2112
406
8
8039
169
2131
211
225
8980
186
1133
203
234
9104
61
1132
229
1189
8138
45
2236
182
140
8198
798
1343
189
221
8989
177
1148
212
215
8985
183
2118
227
230
7979
192
2099
236
217
9129
10
1156
224
226
8970
186
1130
239
1189
8007
181
2105
227
228
8153
9
2247
118
205
9161
31
1235
114
225
8955
209
1151
194
1178
8005
202
2102
373
56
8012
196
2102
247
188
9168
11
1133
228
207
8979
187
1140
228
1220
7985
166
2132
235
214
8040
118
2128
227
208
8992
523
917
101
209
8988
347
1165
36
1192
8007
173
2128
216
211
9028
150
1122
226
210
8970
205
1133
239
198
8973
203
2118
220
213
8003
458
1840
216
225
8972
198
1124
238
205
8988
173
1151
348
1097
7973
171
2154
318
73
8022
503
2049
9
178
8969
233
1093
227
231
8961
188
1143
224
1197
8001
168
2132
226
206
7992
193
2115
251
191
9002
287
1010
236
209
8982
345
977
234
1207
7971
309
2005
213
217
8194
780
1325
225
222
8975
183
1143
227
217
8972
176
1151
216
1191
8006
194
2113
217
218
9021
135
1149
220
222
8982
338
982
337
1079
8007
325
1978
208
218
8001
354
1955
217
234
8966
187
1139
213
222
8986
235
1081
217
1370
7824
193
2126
275
208
7940
191
2121
224
212
8980
171
1162
207
229
8980
194
1129
345
1067
8002
339
1969
426
319
7693
656
1657
192
233
8965
194
1141
228
246
8935
195
1140
224
1319
7859
211
2105
471
126
8012
817
1325
293
219
8887
223
1110
353
85
9039
116
1244
1096
225
7997
183
2122
223
215
8971
230
1109
214
224
8969
188
1143
1413
1288
6704
203
2109
761
1426
6252
183
2432
116
1742
7420
9
1148
583
1577
7293
146
1151
1414
751
7248
212
2097
429
1740
6257
195
2111
426
1740
7242
186
1151
434
1721
7243
199
1140
1406
897
7104
192
2120
424
1780
6216
210
2115
421
1743
7393
38
1153
758
1401
7354
69
1153
1415
1729
6340
125
2127
421
1734
7236
192
1144
424
1739
7243
193
1145
425
1735
7238
203
2140
438
1700
6264
206
2108
423
1740
7240
212
1129
421
1739
7251
179
1162
1412
749
7237
194
2246
298
2251
5856
70
2265
616
1423
7237
196
1174
418
1711
7253
186
1142
1418
744
7241
192
2128
426
1728
6269
214
2099
432
1755
7217
194
1145
422
1739
7245
192
1146
1433
725
7238
211
2119
427
1885
6116
1922
529
299
1816
7158
1233
277
251
1805
7161
1169
239
1346
1721
6266
1166
1162
423
1726
7242
1167
183
417
1739
7233
1300
31
478
1694
7242
1232
1095
425
1737
6261
1172
1139
440
1728
7242
1173
157
445
1885
7277
965
175
1421
849
7132
1170
1138
429
1736
6262
1168
1167
430
1718
7239
1173
175
424
1727
7456
951
184
1403
750
7241
1331
985
440
1723
6259
1254
1067
432
1725
8403
194
418
658
1075
8406
181
966
441
896
8286
829
299
431
1724
8411
181
432
177
1531
8429
170
505
103
1559
8398
179
620
796
1717
7436
777
369
436
1710
8419
183
417
191
1555
8404
172
615
807
733
8416
1155
9
407
1752
7422
1138
431
1628
102
8409
182
426
1732
441
7961
177
1456
690
648
7767
1155
426
1162
571
7437
1149
442
1718
408
8008
170
1528
628
405
8008
172
2173
208
399
7802
1142
1445
137
585
7416
1157
1405
748
413
7996
181
1399
751
406
8000
238
2329
184
567
7420
1156
1411
193
575
8386
186
1398
761
397
8008
191
1414
1099
30
8005
1155
1399
205
554
7437
1144
1407
204
592
8360
185
1404
746
513
7899
183
2161
219
215
7956
1159
1400
244
519
7424
1166
1426
214
512
8417
164
1415
750
1989
6484
101
2176
213
2279
5902
1162
1414
753
2163
5248
1160
1401
752
2533
5864
194
1401
747
3668
4735
196
2138
1416
2522
4468
1167
2146
230
2162
5041
1160
2155
230
3103
5075
182
2144
240
3094
5093
174
3132
218
2152
5061
1156
2155
223
3772
4532
86
2130
226
4085
4272
2113
34
1207
3110
5247
821
1337
229
3105
5338
699
1357
259
4066
4274
1769
403
215
4192
4167
1771
463
1129
3124
5348
680
1395
194
3093
5642
418
1359
247
4062
4278
1770
385
224
4089
4270
1772
387
1208
3967
4388
790
1365
230
3099
5261
791
1359
230
4084
4273
1771
391
217
4096
4281
1767
465
1249
2981
5267
772
1495
114
3086
5402
1625
461
147
4098
4333
1699
386
234
4113
4296
1718
1360
233
3100
5253
795
1357
230
4400
3970
1758
383
233
4078
4278
1768
386
1209
3096
5262
1046
1111
225
3110
5260
787
1529
175
3978
4276
1764
550
104
4046
4406
1634
484
1100
3163
5202
912
1237
228
3111
5255
789
1360
231
4081
4269
1769
390
230
4079
4286
1772
377
1202
3105
5259
792
1365
236
4122
4226
1769
402
213
5063
3295
1771
388
351
4927
3305
1768
1360
229
4304
4059
796
1356
241
4066
4284
2292
78
1589
3564
3221
2142
1208
379
3765
3260
3117
230
372
3767
4227
2153
223
371
4688
3300
2144
235
1337
6083
945
2143
1214
362
5702
2294
2153
238
359
5671
2334
2151
224
385
6624
1352
2144
232
1342
5674
1357
2145
1207
362
5731
2268
2143
229
372
5698
2303
2172
207
1337
5676
1347
2153
221
1374
5644
1348
2146
1210
375
5708
2278
2144
234
374
7989
208
1938
236
1339
7036
9
2128
229
1342
7023
573
2547
242
364
7466
529
2144
234
363
7683
347
2117
234
1350
7027
11
2122
1220
348
7393
625
2138
224
367
7670
329
2199
191
357
7996
599
1569
205
1346
7018
1031
1126
1200
370
7991
2149
238
367
63
7942
2137
333
262
360
7651
2144
220
1355
196
6840
2114
1218
373
824
7158
2286
92
467
769
7138
2377
97
1277
774
6224
2362
214
1127
926
6105
2674
677
374
775
7207
2171
211
368
802
7205
2374
9
1328
923
6108
2379
9
1324
793
6374
2978
238
356
860
7144
2370
358
43
763
7207
2373
656
685
790
6235
3360
361
791
199
7005
2383
362
856
1784
5365
2375
363
1694
1515
4792
2376
1341
1653
1835
3535
3370
347
1614
2694
3748
2324
365
1162
3829
3008
2385
355
1763
4144
2100
2410
1434
669
4806
1418
3359
360
798
5822
1382
2373
369
787
6655
557
2382
1339
797
6135
91
2386
1337
1830
5204
862
2550
295
2708
5442
327
1932
331
3154
4932
775
1505
1481
2648
4258
1052
2287
450
2756
4188
1190
2160
374
3361
4629
461
1913
366
3793
4219
494
1877
1363
2838
4175
217
3124
359
3785
4236
197
2290
235
4613
3396
194
2278
262
6299
1900
80
2120
1317
7188
86
20
3086
517
7865
185
422
1759
472
8080
715
1331
146
1333
7028
198
2169
1345
555
6481
186
3176
359
1791
6200
196
2180
373
3445
4546
199
2287
1233
3975
3053
186
2319
1205
5513
1659
53
3168
351
6786
1233
232
2133
489
7726
152
191
2179
1355
7041
174
439
2707
370
8018
212
152
1996
364
8231
10
2148
355
173
7950
97
2161
1341
788
6230
202
3152
362
1518
6615
142
2104
355
2676
5336
198
2180
366
3500
4500
197
2175
1365
2703
4315
175
3175
355
3414
4596
186
2190
361
3442
4596
147
2195
1345
3080
3947
178
2177
1347
4943
2111
172
3152
473
6261
1637
192
2182
375
7441
555
188
2288
1234
7023
201
519
1660
1343
7025
193
1597
1553
368
8004
214
1591
587
355
8007
184
2175
205
1328
6857
178
3162
353
133
7880
188
2182
371
1173
6822
198
2176
367
1663
6350
181
2181
1338
806
6292
955
2337
379
773
7221
356
2011
368
779
7226
350
2019
371
1805
6203
249
2118
1362
833
6197
167
3155
365
845
7161
196
2169
359
812
7209
195
2167
1343
783
6253
188
2180
1353
774
6251
186
3148
373
776
7228
187
2181
383
1096
6902
376
1996
1350
1144
5882
1803
583
1320
2148
4882
2153
1193
374
3107
4892
1157
1208
372
3514
4500
1138
1215
1340
3442
3611
1174
2167
357
4363
3646
1169
1325
253
3728
4249
1176
1205
362
4819
3211
1147
1200
1343
3723
3316
1189
2152
373
3716
4289
1192
1173
364
3721
4295
1148
1216
355
4705
3316
1164
1200
1335
3724
3335
1149
2170
368
3774
4250
1166
1197
386
3699
4297
1152
1208
1340
3728
3313
1167
1200
1327
3728
3314
1179
2162
359
3738
4362
1070
1214
354
3721
4309
1146
1204
1422
3640
3316
2675
675
398
3676
3320
3114
227
369
3724
4292
2131
242
350
4706
3306
2133
231
1347
3732
3303
2135
1338
227
3753
4267
2323
146
258
3734
4413
2137
134
326
4711
3411
2086
169
1468
3587
3357
2108
1195
471
3613
4295
2127
239
428
3671
4275
2252
111
1343
3859
3178
2150
218
1341
3716
3369
2076
1206
368
3743
4285
2117
373
232
3745
4267
2281
223
1188
3736
3447
2230
31
1308
3718
3479
2961
222
357
3725
4312
2127
225
461
3618
4302
2129
234
1365
3707
3335
2134
1178
364
3727
4293
2139
233
345
3797
4217
2118
253
356
4923
3100
2114
241
1371
3691
3316
2311
1034
361
3795
4217
2138
236
352
3721
4297
2133
254
343
5072
2951
2143
207
1348
3810
3231
2133
1211
378
3722
4271
2142
214
367
3903
6162
83
232
1352
3709
5266
411
1324
10
3731
5270
1383
415
326
3340
6328
336
361
435
3374
6180
391
769
575
3711
5278
411
738
613
3866
6088
408
372
391
3441
6133
440
451
319
4258
5275
407
804
543
3721
5264
1162
235
357
3721
6242
425
353
389
3346
6344
292
370
2702
1997
5387
293
1345
1506
2217
5303
1357
363
1378
2345
6251
409
353
2335
1531
6118
390
367
2351
4253
3368
400
1350
1376
3315
4298
1380
367
2341
2369
5265
411
359
2331
2381
5252
419
1335
1362
3557
4234
255
1363
2440
2236
4442
1440
161
3324
1374
5277
403
364
3325
1448
5184
416
1341
2339
2350
4307
1379
379
2330
2370
5267
396
366
3315
1380
5278
411
356
3312
2502
4156
411
1351
2335
2361
4291
1389
1794
909
2354
5267
407
1342
2339
1377
5280
414
1331
4696
245
4057
406
2424
3218
392
4314
1375
1499
3566
562
4704
433
1340
3717
550
4702
412
2312
3314
621
4082
412
2313
3323
2367
2329
1384
1341
4408
1268
3330
402
1347
4278
1394
3317
407
2314
3308
2381
2325
404
2319
3310
2364
2341
1415
1421
4191
1372
3330
411
1495
4125
2356
2346
413
2298
3328
2355
2352
1392
1328
3462
2224
3321
525
1221
4287
1381
3331
403
1333
4337
2339
2320
418
2297
3331
2360
2341
1514
1218
4279
1423
3305
439
1309
4264
1376
3325
432
1308
4318
2401
2328
375
2305
3301
2373
2338
1406
1322
4283
1388
3326
411
1340
4303
1381
3310
434
2366
3229
2367
2346
409
2311
3306
2358
2358
1587
1128
4289
2067
2646
540
1206
4284
2364
2369
462
2241
3317
2588
2108
423
2303
3395
2304
3307
404
1388
4232
1386
3340
398
1345
4332
2314
2352
403
2322
3301
2605
2106
1397
1320
3306
2362
3327
409
1336
4318
1356
3316
416
1337
4287
2360
2344
544
2183
3304
2367
2344
1393
1333
4310
1361
3338
415
1349
4262
1385
3327
414
2307
3304
2386
2338
400
2311
3314
2342
2362
1384
1346
4397
1266
3324
409
1356
4268
1382
3326
411
2305
3325
2351
2349
405
2317
3304
2382
2332
1390
1334
4290
1390
3332
402
1326
4287
2368
2347
406
2423
3208
2357
2352
408
2309
3305
2367
3327
404
1333
4449
1236
3317
419
1321
4407
2254
2336
421
2322
3376
2293
2348
1397
1323
3322
2347
3487
253
1325
4281
1418
3440
276
1328
4295
2463
2298
376
2288
3346
2372
2311
1382
1392
4234
1383
3324
399
1332
4296
1392
3315
406
2317
3617
2054
2349
406
2327
3440
2218
2350
1385
1346
4290
1369
4209
866
744
3558
1375
4716
1333
663
2654
2469
3644
1308
213
3112
2485
4573
361
1196
3090
1437
4653
365
1181
3105
4629
1463
1364
183
3103
4328
2738
357
218
3257
4160
2751
1683
794
2177
3333
2751
1762
554
2338
4314
1780
1618
1666
1371
4309
2857
482
1724
1360
4308
2816
1499
882
2216
3347
2763
1531
1738
1377
4416
1716
1491
1741
1359
4351
2727
563
1754
2333
3347
2759
1535
767
2346
3336
2758
1542
1751
1358
4416
1741
1621
2959
1018
3290
2893
1403
2863
238
3336
2912
1397
2887
214
4311
2964
364
3093
604
3718
3323
414
2695
639
3669
3739
564
2711
405
3349
3750
529
2712
394
4305
2777
563
3098
588
5923
1131
415
2687
589
5698
1775
568
2701
394
5279
1905
448
3095
6267
451
369
574
3079
6272
199
1168
424
3657
5304
202
2133
1566
1537
5480
787
1376
1403
1696
6286
275
1081
1385
1711
6269
263
1119
2484
1588
5291
207
2147
1575
1519
6465
1189
841
630
1675
6545
1059
569
1789
724
6483
1740
433
1366
1700
7262
397
133
1276
1680
7674
560
169
665
1680
7647
782
142
1429
734
8219
207
203
1369
1712
7405
209
33
1379
1716
7652
579
190
795
1531
7653
760
50
1544
730
8245
177
217
1396
1694
7479
175
582
808
1694
7644
594
791
1182
535
7657
578
1780
680
1026
7245
407
1376
1576
129
7667
669
697
1785
540
7051
559
830
1700
1790
5865
550
1811
1700
1939
5342
369
1380
1829
2138
5381
577
820
1709
2535
5104
571
1789
750
2553
5649
423
1387
1694
1564
5677
415
1372
1717
3446
4199
572
813
1710
2537
5116
573
1790
737
2538
5658
412
1387
1822
1457
5674
414
1371
1761
2512
5099
575
816
1708
2542
5101
778
1585
729
2558
5678
387
1494
1598
1582
6066
574
813
1700
2557
5098
572
808
1709
2551
5097
807
1554
1709
1575
5671
405
1386
1866
1428
6133
508
830
1859
2383
5100
571
1777
804
2486
5694
457
1309
1710
1566
5666
415
1376
1721
1571
6079
622
751
1715
2554
5105
557
1779
752
2534
5678
409
1378
1720
1563
5674
404
1379
1724
2537
5100
573
822
2135
2112
5104
577
1779
921
2371
5655
566
1226
1727
1556
5746
434
1311
1703
2523
5122
559
805
1724
2535
5113
590
1818
1678
1558
5680
389
1380
1706
1571
6201
453
815
1732
2520
5122
556
838
1689
2553
5094
877
1494
1706
1559
5687
390
1394
1712
1558
6231
420
820
1724
2519
5230
445
1797
744
2540
5674
402
1376
1721
1557
5681
1777
1716
1570
241
6408
824
1720
1781
748
5687
1779
799
1726
757
5676
1801
1711
1552
224
5450
1774
2029
1489
749
5772
742
2924
548
753
5688
1811
2469
9
772
5657
1791
3048
257
244
6402
801
3425
76
757
5671
828
3490
471
300
5654
1783
3292
226
481
4987
1756
3283
233
821
5599
809
3500
761
592
5217
671
3504
755
974
4833
1793
3172
203
1864
3590
1845
3210
235
2558
3856
837
3485
755
1939
3738
1771
2558
741
2540
3140
1793
3268
223
3255
2219
1758
3277
219
4008
2420
806
3506
755
3636
2039
1782
2534
752
4296
1517
1646
3294
228
4488
1071
1805
3383
873
4325
1225
902
3414
833
5383
210
1796
3304
202
5441
697
1082
3293
211
6379
35
815
3524
747
5671
595
206
3500
759
5767
992
727
3304
225
5403
1558
264
3248
468
6184
809
659
2846
754
5681
962
1059
2292
889
5549
1767
1001
2494
9
5454
1796
2345
991
181
6403
815
2490
1013
747
5685
1772
2159
378
760
5681
1790
3147
110
422
5258
1788
3537
157
557
5678
807
3530
645
85
5679
1814
2525
730
961
4737
1777
3273
222
1520
3931
1789
3505
748
1314
4368
809
3501
747
2361
3335
1784
3259
232
3083
2359
1779
3294
229
6154
268
809
3671
599
5679
558
234
3612
662
5684
753
1029
3267
228
5451
1005
793
3275
229
6409
188
624
3519
765
5716
42
1714
2491
755
5664
709
1080
3282
247
5424
586
1203
3286
225
6021
400
826
3492
753
5665
1793
309
2374
592
5717
2322
432
2397
110
5461
2112
391
2776
760
5666
1214
331
2790
733
5672
1558
241
2525
755
5651
1958
629
2502
226
5439
1808
833
2662
743
5673
802
742
2775
771
5647
1553
249
3274
243
5443
1790
737
2542
232
6400
818
2707
805
753
6532
189
3049
216
758
5659
1788
2682
605
247
5624
1577
2702
588
248
6415
853
2635
818
746
5675
1796
1711
812
750
5672
1796
2696
587
243
5449
1768
2715
571
226
6421
812
2687
820
754
5657
1788
1713
841
734
5661
1806
3289
222
312
5113
1796
3507
165
598
5688
775
3573
148
545
5717
1771
3282
213
319
5103
1810
3270
243
153
6247
821
3527
163
566
5668
814
3526
272
535
5597
1805
3299
209
444
4982
1794
3509
66
273
6217
677
3511
245
503
5773
705
3533
853
877
4738
1842
3412
462
657
4318
1811
3482
1174
576
4658
830
3504
1127
1740
3540
1820
2514
1108
3812
1532
1756
3505
1138
4522
201
1376
4633
2137
3143
821
935
3712
1794
3631
1642
1531
3126
1794
2632
1796
3310
3025
652
1918
1860
5217
1086
135
3340
906
6360
200
925
2362
1794
6426
273
1806
424
1790
6449
330
3148
524
310
6432
400
3082
811
1607
4852
223
3239
1797
2679
3775
146
2354
1786
4322
2136
162
3315
821
6129
320
167
3295
1812
5457
642
888
1944
1813
6435
147
2338
8
1828
6418
163
3316
471
359
6433
315
3179
1784
171
5307
1134
2345
1792
1329
5118
143
2364
1814
2615
3801
154
3323
824
3759
2674
161
3330
1783
3789
2657
154
2351
1862
4744
1627
147
2366
1800
6150
288
2716
765
1220
6043
898
1194
1380
1804
6437
1576
527
403
1788
6462
2116
1365
756
50
6452
2100
1386
804
5103
1359
2097
3178
470
4751
1204
2162
2137
160
5825
459
2098
2208
1124
5312
500
1610
3161
163
5359
1557
1628
2030
168
6376
1841
1221
1542
1809
4286
2647
373
2368
821
4481
3104
410
2060
1671
4525
3034
426
1095
1787
4364
3054
1449
143
1733
4354
3074
2361
224
647
4439
3087
2339
619
1182
4518
3059
1370
1833
2031
2567
2939
2354
832
3183
1444
2926
2350
819
3724
839
3169
2186
1806
3236
1249
3077
1382
1790
3631
862
3080
2341
973
4344
637
2465
2351
1786
3518
1012
3049
1397
1767
4490
366
2713
1381
1797
4485
767
2317
2349
816
4491
1516
1568
2352
1782
3661
3974
504
823
1784
4507
3075
854
544
1880
4377
4141
512
776
814
4506
4069
958
404
1773
4494
4063
398
576
1224
4487
4052
1180
220
842
4452
4051
1387
191
620
4574
3990
1364
195
1601
4482
4059
426
184
1584
4497
4052
1594
602
947
3551
4047
1390
800
822
3686
5428
1107
67
620
4487
4466
565
610
823
4291
5016
404
832
335
4152
5213
218
1168
628
3537
5406
562
596
634
4493
4462
559
600
631
4501
5005
410
817
364
4137
5018
413
1162
630
3549
5436
527
1234
1169
3331
4452
560
1239
349
4152
5006
402
871
1308
3147
5435
444
1685
133
4010
4449
576
1223
351
4146
5022
410
815
1354
3139
5025
407
811
1332
3173
5007
449
1768
354
4144
4448
564
1269
311
4146
5018
410
854
1340
3116
5022
404
1812
1318
2194
5415
573
1238
1319
3183
4480
1323
432
1311
3181
5023
408
2850
436
2026
5025
406
3257
481
1581
5426
570
2707
467
2540
4529
490
2554
631
2545
5019
417
3125
384
1811
5002
411
3125
672
2498
4446
574
2545
636
3342
3640
577
3176
907
4013
2641
406
2806
316
4146
3064
409
3256
489
4503
2498
558
2724
2268
2693
3068
591
2940
929
3222
3056
426
3117
1594
2549
3069
405
3155
2026
3057
2490
573
2553
2125
2992
3071
533
2997
919
3224
3077
458
3067
1614
2526
3475
574
4319
215
3142
2492
569
3524
1118
3054
3048
408
4106
113
3051
3063
415
4120
3237
899
2471
598
3495
3808
403
2462
554
4530
3152
916
2154
523
3978
3163
1388
1685
539
3969
4142
770
1827
471
3522
4153
1296
1765
415
5581
1682
1329
1733
414
5141
2137
2595
468
411
5068
3176
2366
120
583
4508
3163
3080
407
1251
3806
2185
3071
411
1447
3614
2203
3496
546
2548
1954
3176
2662
406
3156
4524
30
3032
608
3389
3425
255
3080
399
3786
3247
236
3481
618
3523
4106
210
2278
597
3513
4126
739
2330
423
2884
4362
746
2324
417
3740
4250
265
2478
574
5705
1713
290
2458
574
6883
797
834
2228
424
6878
376
799
2266
450
7186
789
227
2503
715
7070
216
237
3153
327
7263
549
186
2509
235
7258
1094
320
1655
408
7997
255
592
1903
564
7438
246
1458
1617
409
7266
858
2203
406
700
6574
872
2600
566
1119
6397
209
2448
568
1177
6504
724
2489
253
1246
6030
727
2454
343
1745
5460
772
2710
576
1432
6020
227
2481
569
1822
5857
781
2287
405
1655
5615
731
2331
420
1996
6147
83
2514
560
2505
5052
115
2511
558
5465
2228
711
2339
420
4999
2258
746
2484
243
5704
2294
380
2361
564
6157
1276
389
2924
2373
3743
1605
684
2337
1608
5621
473
708
2345
1383
5995
1020
245
3112
355
6712
332
267
3030
1485
6023
178
714
2335
1395
6291
726
1696
1620
409
7021
245
1370
1702
404
7262
728
835
1503
1391
6468
583
1375
935
1384
7018
250
1425
1642
418
7016
247
1483
1580
464
7548
419
823
1479
1515
6160
732
1612
719
1521
6899
250
1451
1600
444
7003
241
1359
1697
1388
6299
728
2336
247
1355
6101
691
2353
250
1122
7019
254
2331
744
408
7015
252
2560
495
1391
6300
721
1622
711
1380
6315
708
2336
259
1283
6881
237
2437
625
563
7114
720
2284
48
1393
6294
725
2338
288
1099
6293
722
2719
608
405
7008
279
2328
737
394
7274
728
1798
522
1381
6305
721
2336
262
1121
7022
260
2332
720
411
7027
246
2337
724
413
7258
731
2115
228
1383
6293
726
2348
243
1142
7020
251
2348
760
355
7030
1598
990
722
1382
7035
737
915
669
1387
7013
261
2074
274
1114
7020
1240
1346
728
414
7013
1235
1351
751
1366
7027
255
1382
685
1628
6799
246
2341
708
415
7021
1248
1340
722
405
8013
252
1351
725
1392
7011
284
1328
719
1398
7009
1286
1318
758
358
7040
1255
1329
720
402
7990
273
1344
733
1376
7021
295
2043
259
1128
7019
1361
1233
713
412
7018
1236
1376
704
409
8041
219
1360
712
1422
6984
268
2065
281
1106
7027
1366
1235
869
251
7020
1336
1246
799
1314
7035
253
1361
717
1375
7024
258
2077
257
1128
7026
1228
1365
714
423
7023
1233
1360
710
1380
7173
102
1377
720
1556
6913
190
2321
728
407
7014
1239
1357
854
290
8214
168
1208
893
1265
6978
352
2075
171
1122
7034
1234
1348
735
391
7045
1219
1358
727
397
8050
205
1365
748
1368
7172
79
2106
242
1239
7063
1074
1358
727
421
7123
1110
1360
748
1359
7109
178
1358
843
1276
7015
372
2119
182
1037
7021
1232
1386
704
416
7016
1232
1400
672
1384
7044
235
1358
716
1381
7040
249
2078
251
1135
7001
1243
1374
721
401
7151
1094
1369
711
1466
6956
270
1339
719
1379
7021
267
2469
582
419
6998
1241
1495
599
418
7959
270
1422
659
1407
7003
263
2078
263
1133
7003
1241
1362
736
388
7027
1262
1338
706
406
8016
244
1370
703
1519
6887
265
2096
236
1195
6947
1237
1353
728
433
6995
1233
1643
441
1374
7036
255
1593
489
1382
7019
262
2078
259
1116
7029
1237
1369
701
408
7019
1312
1282
732
1368
7026
262
1348
719
1537
6909
231
2327
727
542
6879
1235
1490
593
492
7945
229
1718
362
1375
7017
271
1372
702
1398
6998
285
2318
716
404
7057
1208
1360
702
458
8021
202
1442
636
1386
7021
260
2069
251
1142
7020
1260
1323
728
405
7018
1236
1551
526
577
7842
247
1357
727
1388
7162
106
2078
275
1323
7207
845
1361
718
405
8260
10
1346
715
1408
7316
848
694
470
1385
7283
2077
49
213
1127
8257
1535
543
415
129
8120
2073
185
1208
185
7085
2086
187
1189
883
6397
2840
225
406
1775
6483
2190
300
174
2794
5292
2083
1367
308
2583
4406
2057
1383
1272
2180
4808
2104
386
2091
2665
3494
2066
417
3683
1667
2917
2075
1379
3655
1363
2264
2106
1350
4564
1035
2663
2079
407
5410
967
1880
3454
1070
4779
745
695
3460
590
6688
9
575
3013
432
7781
445
153
1803
1541
7887
465
494
1335
574
8648
458
316
738
566
8700
1680
8
247
1093
8679
525
909
298
349
8659
1502
347
214
404
8260
1514
561
640
851
8153
532
2096
1004
1139
5967
549
2722
761
635
6084
1510
2129
385
1296
5423
1549
2475
132
2276
5285
528
3123
375
2464
4263
522
3496
171
3617
2935
1499
2701
280
4221
2049
1487
2838
264
4707
2403
853
3164
79
5719
932
1519
2535
1033
5653
654
867
2507
1842
4872
1507
92
3400
924
5800
521
517
2982
1113
5604
1514
721
1788
1565
5157
1647
1027
1350
1567
5182
1481
1787
1720
572
6124
530
2343
1152
598
6114
1511
2525
221
1397
5110
1497
2531
1176
531
5988
749
3274
981
355
5369
528
3499
2008
4181
539
1494
2549
2710
3044
926
1507
2529
3809
2012
1865
742
3287
4029
465
2271
470
3518
4819
648
1259
1555
2453
5471
190
1107
1613
2357
5467
1189
1129
1605
2343
4481
2225
54
2510
1462
5490
1228
719
3012
297
5475
1240
1353
3669
153
4331
2208
3196
830
2060
2435
2212
4028
8
5470
190
1060
4028
764
4693
1248
1859
3132
8
4492
2358
3907
487
1573
3400
1351
3914
1958
3266
1524
2865
1130
2365
3344
1990
1691
2326
2215
3446
1064
1707
2316
2810
3907
59
2618
1490
5612
977
1085
1574
1367
6115
1576
1695
9
2308
5671
1055
1704
2325
153
5855
835
2547
1327
3228
3486
146
2547
2333
6521
195
1687
42
2286
6657
59
2836
1187
902
5824
389
3625
1010
2779
2940
1365
3628
9
6181
531
547
3129
335
6748
2042
936
1030
597
6136
3300
707
605
9
7097
2326
1324
356
1984
4759
2312
1320
378
3845
2872
2323
1695
595
6125
412
2896
717
598
7096
667
1668
1687
1398
5320
2320
1551
157
1566
5281
2189
1705
1496
77
5149
3303
709
1579
2254
3869
2330
1755
533
5079
1063
2313
1702
1752
4963
1364
959
1694
1711
5014
3303
1246
449
622
6102
2322
1696
638
4118
1963
2327
1689
1581
5141
1196
1124
1719
3142
3577
3301
701
1142
1430
5150
2327
1838
1451
792
4349
3351
1415
1193
579
4181
4280
1540
146
605
5143
3298
2304
370
361
4402
3315
2657
601
737
3439
3301
2675
599
1078
3103
4275
1688
588
4333
830
3298
2282
383
4787
238
3058
2663
592
4181
1654
1709
2605
608
4160
4284
286
1990
3009
2149
3296
2312
646
1668
2818
3307
3248
1370
593
2229
3295
3262
1360
2840
469
3792
2277
2345
2824
1704
1656
2226
2331
2876
3240
3303
435
889
2822
4424
2173
1316
1513
1314
4385
2460
2046
2830
290
3073
2237
2340
2797
2542
764
3273
1340
2829
4412
429
1713
1359
3798
3302
2286
539
1794
2826
3321
3253
822
533
2820
3307
3261
1348
309
2519
4284
2282
1762
572
2830
3419
2150
2330
1905
919
3445
3117
1354
2389
441
3345
3222
1351
2364
450
4286
2282
2333
1436
1397
3310
2268
3834
149
1175
3311
3260
2330
1411
428
3308
3264
2329
1405
440
4287
2284
3310
417
1444
3277
2283
3306
1691
163
3295
3257
2341
1855
3583
683
2282
2336
2951
3173
1176
1103
3315
1933
3214
1761
985
2849
1903
3284
3058
197
2298
1849
4275
2297
1849
1637
1659
3307
2277
2121
1277
1762
3301
5053
30
518
1840
3308
4222
1050
332
1829
4279
3267
1749
581
1847
3308
3244
2339
1981
507
2666
4235
1354
1975
407
2765
4269
1328
1925
819
3385
3462
2292
1490
231
3275
3259
2495
1683
571
2758
4219
1433
1758
525
3745
3254
1382
1836
522
3758
3240
2341
1488
365
3302
3268
2321
1850
667
2634
4248
1356
1843
621
3671
3258
1348
2828
1484
1815
3280
2314
1843
1245
2061
4235
1362
1846
1557
1755
5115
614
1690
1652
2666
3234
2314
1872
658
2625
3263
2322
1852
927
2377
36947
9
3
3
3
3
3
2
3
2
3
3
2
3
2
3
1804
1853
1482
1838
4220
1352
1853
3070
220
4250
1362
1849
2556
1729
3226
2363
1839
1496
1822
4297
1264
1851
2470
836
5212
384
1845
2495
1778
4227
398
1845
2445
1837
4229
1354
1902
1453
1798
5294
305
1843
2466
834
5203
400
1837
2469
2044
4010
1354
1849
3293
558
3689
1356
1850
3306
950
4264
375
1839
3308
1115
4485
1834
36
4255
140
5437
596
1251
3330
455
5100
609
1257
3291
1364
4230
1568
288
3303
3558
2024
1569
288
4275
3524
2067
602
1250
3308
3632
1961
584
1259
3316
4395
1179
1566
284
3308
5591
1577
266
745
3525
5593
618
1235
672
2635
5583
1568
291
1773
1531
5584
1703
149
3200
1187
4512
1555
290
4748
1412
3698
599
1250
4285
1705
2901
1572
302
4252
3588
1043
1569
276
5254
4427
181
589
1264
4268
5225
1253
1496
1634
1142
6205
269
3093
1180
714
5464
290
4483
801
1997
3721
751
4239
1847
2284
1093
1250
4289
3630
1657
910
254
4271
5835
353
275
8
5250
5209
389
860
2755
1542
5193
785
471
4276
1371
4807
293
811
4434
2729
2480
294
1390
3862
5027
187
1930
3586
1036
5214
1004
101
3397
3552
2913
188
2531
2545
4731
478
1388
4130
288
4916
1188
182
4168
2465
3714
283
1772
2510
5032
1159
278
3526
1722
5220
491
757
4064
208
5201
1264
2579
1710
830
5475
151
4355
366
2013
3789
221
5259
2172
1155
1887
1249
4433
3767
1271
223
1290
4459
5755
89
51
217
5549
4828
288
694
528
5229
4016
1253
850
1830
4048
2760
1257
2728
2562
2784
2388
289
2987
4019
2174
1389
171
3471
5370
1313
423
1136
2566
6530
1347
211
81
3681
6773
423
375
221
3620
6104
1271
690
152
3187
5507
1199
1892
716
2278
5566
305
3275
899
226
6037
297
4367
194
2171
3722
1271
3548
1154
2743
2184
1113
4513
1229
3053
1962
468
4428
2338
3193
305
76
4586
3747
2033
1322
142
3478
4810
989
1272
1777
2628
5017
1024
289
2503
2494
5445
290
7
4296
1181
4986
1254
372
4399
738
4951
289
1209
5169
224
3851
284
1919
5161
985
2392
285
2813
5218
1218
1213
1258
2575
5521
1229
1223
203
3408
4866
1939
235
294
4286
4623
1543
809
456
4040
4169
1300
1274
1127
3386
3773
2132
286
2640
2923
3154
1729
284
3861
2366
2089
2161
1249
4592
1080
1652
2152
1263
5780
286
2248
2150
284
6672
824
830
2128
292
7455
860
372
1764
1290
6732
577
2045
99
1277
7229
1075
2131
294
189
8122
11
2130
286
2977
5350
520
1622
1255
3181
5131
483
1648
295
4490
3824
765
1367
294
5370
2946
1446
679
1281
5854
1479
2131
364
925
7365
929
1408
750
280
8310
867
762
507
302
8302
1545
282
321
1493
7105
2135
8
792
484
8628
1222
586
293
1347
7612
1228
283
277
2030
7269
828
317
1271
2052
6787
361
285
1269
3543
5613
308
1028
235
4183
5987
61
228
285
4984
5234
235
307
961
4855
4425
197
1268
457
5067
3641
1287
284
1276
5496
3361
319
294
2940
7194
328
254
1014
3218
5933
1112
181
283
4496
4681
1291
276
663
5229
4259
310
1307
827
6273
2338
168
1088
2271
5651
1221
1305
292
2885
6262
428
882
286
3995
6143
317
771
514
4418
4711
323
1283
940
4617
3582
1390
202
2495
6788
868
299
295
2963
7045
108
332
1458
1631
7647
9
167
1235
2306
6776
1225
305
94
2494
7679
178
296
549
3662
5962
282
1255
87
4043
5019
332
1261
521
4473
4156
1437
158
2186
4868
3079
448
163
3019
5198
1924
355
3033
3533
3027
803
1276
1541
4450
3485
307
969
1257
5228
4093
156
245
2018
4944
3335
275
1390
778
5293
2968
1216
1016
246
6005
3155
314
1283
930
6004
2206
473
2103
2056
4899
1214
463
2108
3004
4326
830
1309
1277
3808
5326
336
887
375
5223
3920
339
1515
732
3422
4747
317
2103
147
4414
3898
1157
1266
117
4287
4746
371
1223
817
3614
4715
324
2249
611
2831
4740
1293
1269
1052
3336
3787
1283
1282
1860
2534
4786
298
2241
1226
2188
4755
335
2231
2172
1243
4777
1291
1267
4477
1727
1968
1300
1266
5019
1980
2155
325
2245
4024
3175
977
330
2245
4397
3624
146
1307
1271
4391
4423
328
326
1268
4413
4734
318
552
1693
3421
4758
334
888
1346
4403
3771
1299
803
472
4392
4767
327
1253
933
3454
4758
361
2214
3427
55
4692
321
2252
3964
432
3782
1288
1273
4474
330
4367
323
1238
4962
373
3812
344
2235
4476
652
3033
1306
1268
4548
828
2804
1295
1269
4762
643
3747
320
2301
4212
127
3779
320
2248
4734
636
2816
1286
1274
5697
2295
206
1265
1279
5597
3269
291
315
2246
4449
3741
215
161
2179
5382
2783
794
508
1266
5402
3792
91
208
1256
5386
3785
310
358
2042
4225
3809
304
384
1898
5357
2782
906
393
1283
5403
3744
132
172
1286
5524
3648
289
533
1726
4555
3606
324
2247
985
4399
4084
687
587
1465
3976
4025
1284
343
1674
3370
4066
1628
632
1053
3414
5004
707
691
1122
4279
3948
669
669
1255
4033
4123
1633
611
1143
3240
4107
1646
596
1398
3960
4113
650
616
1492
3879
4102
1273
362
1689
3366
4050
2241
1086
2625
694
4100
2244
375
3946
1048
4161
1217
354
4124
891
4098
1379
1246
3611
407
4106
2249
352
3799
237
4098
2248
373
3846
1165
4082
1280
373
4250
775
5340
8
1349
3691
322
5081
1272
356
3727
329
6047
307
343
5013
1790
3284
292
1664
3732
1973
3084
1270
375
4009
2522
2561
1496
139
4047
2631
3406
294
354
5041
1828
3215
301
1351
5107
1002
2986
1278
365
4978
1583
2529
1292
354
5998
565
3514
314
347
5984
614
3491
305
1506
4829
1619
2484
1276
341
5048
4076
242
1052
1180
5151
3338
755
303
466
5868
3306
794
302
1414
4940
3573
513
1275
356
5005
4112
217
1055
355
7508
1981
600
300
369
6959
2769
370
275
1330
6001
3114
377
946
314
6942
2906
275
314
308
6957
3115
312
342
2046
4917
3136
1268
554
1468
4330
3117
1278
469
1700
5157
3126
657
1177
1061
4727
3140
1261
342
1710
4306
3100
1635
635
2002
4097
2370
1632
623
2279
4043
3137
649
646
2505
3827
3121
1269
360
2372
3616
3125
1632
701
2633
2653
3113
1817
467
5315
999
3138
1006
275
5477
869
3091
1289
358
5602
435
3082
1620
621
5187
183
4120
633
637
5548
804
3099
667
615
6061
1198
2200
1638
617
5406
92
2983
1644
743
5512
698
3123
667
731
5589
637
3115
1329
323
5270
713
3123
1618
622
5365
1630
1498
1881
368
6379
1228
1855
658
620
6341
2429
702
1270
373
5964
3139
62
1561
627
5350
3123
446
1197
619
6731
2633
102
657
625
6338
3119
438
992
242
5992
3108
1329
280
618
5379
4766
9
235
362
6346
3715
43
402
226
6355
4082
306
366
1693
4301
4077
654
629
1056
4329
4736
325
292
1097
5265
3759
319
304
1139
5224
4073
689
601
1054
5566
2865
645
617
1703
5731
2691
308
309
1508
5962
2964
312
372
1127
5933
2997
665
639
1041
5328
3359
371
619
1832
5485
3112
36
284
2715
4590
3127
310
376
2678
4246
3142
673
616
2984
3397
3061
666
617
3565
3739
2839
296
304
4351
4586
1491
313
386
4569
3408
2088
666
600
4012
3336
2788
313
295
4300
3985
1856
298
304
4937
3362
2144
297
1562
3419
3357
2111
1289
354
3845
4126
2093
310
354
4275
3662
2150
294
1468
3263
3569
2147
1288
473
3651
3222
2114
1284
397
4034
5520
479
306
346
4284
4736
1059
305
1364
3684
4259
1132
1289
361
4584
3344
1176
1274
357
4729
4182
1162
311
375
4777
4162
1124
311
1345
4587
3330
1163
1298
349
5702
2236
1169
1277
549
6397
2613
878
309
425
7135
2868
307
1347
596
6653
1834
1293
351
1301
6894
2193
391
1581
470
7219
1117
335
1271
2203
7081
799
351
318
2677
7397
192
220
321
3509
6840
9
1269
8
3179
5927
1342
303
1430
2571
6078
376
288
2340
2299
5438
361
309
3132
2105
4843
355
1285
3551
3684
1861
1334
312
4397
3401
2275
348
2627
3389
2386
1998
357
3247
3769
2227
1141
345
3263
4592
1924
618
1335
2266
5893
1631
607
1316
1286
6984
935
219
334
3366
6710
315
336
31
3371
7005
538
512
295
2321
8132
268
1028
1262
8
8106
346
1887
1186
168
7159
339
2880
367
9
8265
274
2214
253
343
7772
87
2268
1025
715
6444
2939
587
788
1029
5361
3253
419
1112
1600
5305
2487
288
1498
2102
4370
2377
346
2608
2250
4248
1649
862
3877
1900
2341
2307
320
6788
2157
160
1470
168
8306
789
1492
1074
75
8148
1087
282
1206
2655
5468
2306
176
137
4802
4298
1638
1303
381
5363
2056
2621
675
843
6626
10
2597
1630
712
6760
1446
185
1647
2206
5291
1607
1469
157
3714
3783
2587
656
3247
990
3228
2617
1650
2216
1811
3553
2958
220
2305
3010
2173
2566
663
3258
2831
1372
3292
302
3095
3216
846
3593
676
2090
4480
882
2611
729
2041
4852
532
3266
309
2733
4407
285
2997
325
2741
4393
356
3230
696
2065
5368
60
2558
659
2104
5367
401
2880
303
2727
4428
971
2624
654
2304
4192
2066
1520
1148
1713
5270
1375
1238
750
2021
5360
2047
1571
319
2396
4411
3287
303
831
1907
5383
2620
746
47
2099
5240
2612
714
729
2989
3693
3282
306
1175
3472
2507
3631
771
1320
3913
2081
2638
648
2082
4599
804
2590
667
2472
4490
504
3396
198
2579
4068
520
3582
648
2836
3180
1461
2606
818
3589
2652
1058
3480
115
3872
2781
503
3373
220
3877
3268
483
3119
668
3608
3658
193
2600
715
4306
3112
468
2834
421
4046
2982
480
3188
586
3431
3055
505
3085
660
3625
3352
529
2571
1026
3442
3659
469
3130
782
2941
3440
447
3148
1640
2045
3963
579
2493
2069
2261
3295
588
2521
2026
2261
3856
462
3116
1489
1896
3771
474
3363
1567
2465
3355
496
2742
2532
1621
3394
457
2637
2863
1388
3850
469
3118
2433
872
3875
464
3100
3112
1194
3312
510
2612
4024
270
3936
402
3088
3185
121
3958
381
3105
3309
438
3439
437
3120
4289
10
3324
503
2774
4130
442
3391
470
3134
3286
940
2914
466
3119
3302
1272
2584
460
3122
4282
752
2616
519
2587
4302
1234
2591
625
2966
3289
1446
2546
417
3031
3304
2246
2142
444
2619
4312
1475
1898
441
2617
4316
1717
2097
490
3110
3291
2415
1442
2369
1214
4336
1240
2544
2612
161
4121
1591
2273
3575
431
2872
1523
2329
3582
2040
1264
2256
1605
3582
2876
1433
1252
2571
2598
4294
896
373
2583
3592
3305
1254
129
2459
3592
3304
2382
189
1273
3703
4161
1419
1184
1254
2611
4308
1280
2036
543
3559
3298
1269
2446
142
3579
3321
2258
2030
533
2639
4254
1273
2578
85
2523
5548
730
1856
599
3016
4550
680
1920
544
3014
5540
728
1690
178
2644
5679
538
1882
483
2192
5615
549
1892
1639
1951
5254
319
1585
2533
1052
5543
722
1865
2058
553
5551
685
4659
323
502
4577
690
3974
1507
525
5021
2315
1290
1600
1115
4452
2776
1735
760
1956
3483
2828
1712
1625
1790
2800
2768
1751
1632
2858
2693
1689
2842
684
3553
2038
2605
1872
645
4323
1234
2700
1834
1630
4011
564
2807
1848
1514
4817
733
2635
1903
674
5531
227
2413
1897
655
5558
1225
1421
1883
1637
4565
1831
2718
314
1307
5571
1931
2570
81
616
5550
3367
1150
97
567
5553
4503
10
57
1598
5565
3529
52
704
886
5570
4507
53
307
308
5539
4538
49
974
609
4569
4541
42
1392
239
5522
3546
69
1513
46
5564
4538
669
37
307
5198
4525
618
826
314
4452
4531
151
1518
76
5436
4541
111
476
112
5504
4532
47
619
8
5544
4530
38
1403
205
4554
4539
43
1587
44
5504
4542
244
409
641
4906
4535
150
528
1835
3700
4528
65
1717
644
3809
4547
1742
258
841
4302
4553
703
1233
118
4136
4541
1627
414
436
3730
4535
1629
400
1428
3743
3543
1628
1399
1562
2603
4526
648
1353
3643
561
4549
1624
382
4204
1417
3105
1640
363
5185
1163
2408
1627
1364
4177
1923
2625
765
1230
4211
2278
2246
1639
1640
2941
2261
2256
1633
1354
4196
1413
3130
684
2483
3044
1241
3290
659
2485
3066
2355
2178
2123
893
3198
3672
857
1635
1376
4178
3917
625
640
2363
3188
4552
640
10
2376
3185
4519
1434
194
1344
4221
3546
1630
636
719
4198
4552
646
1184
1583
2775
4537
1623
804
738
3042
4530
1630
789
765
4007
3555
1646
879
1442
3244
4510
645
793
1550
3216
4540
1644
758
577
3229
4530
1629
785
575
4296
4436
652
793
1555
3241
4494
683
1246
1055
3228
4533
1629
804
542
3247
4532
1624
1260
444
3860
4619
552
2327
270
2980
4543
628
2323
1540
1690
4536
1624
1365
3216
371
4191
1601
1354
4345
2498
1895
646
2351
3318
2979
1450
648
2344
3395
3876
485
1624
1360
4196
3131
433
1638
2324
3218
3424
1255
525
2318
3215
4021
621
1523
1352
3237
4601
9
1552
1348
4204
3554
480
1154
2323
3224
4102
433
656
2326
3224
4538
534
1092
1360
3329
4429
1638
305
1049
4175
4578
429
197
2381
3166
4540
650
8
2327
3221
4669
1308
194
1353
3244
4637
1496
249
1132
4186
4553
623
1084
1249
3223
4539
681
2297
91
3133
4541
1624
1356
1173
2062
4544
1621
1348
2195
2009
4569
612
2342
2462
752
4547
652
2316
3236
2794
1734
1623
1353
4200
2178
1396
1988
1954
3217
2321
2878
1573
757
3215
3057
3134
316
2614
3827
1783
2186
338
1997
5297
1374
1737
1317
1994
4234
2128
1064
1316
2006
4191
3056
1193
287
2007
4217
4023
169
345
1983
5191
3233
1381
1045
984
4082
3233
1328
1031
1005
4145
4224
325
1435
569
4209
4198
371
1987
79
5195
3103
1325
1990
808
5504
1115
1313
2004
1809
4366
2354
215
1989
2909
4230
1367
250
2969
3617
2529
1283
1455
2002
5081
963
2229
456
2026
6011
1558
688
367
2040
7065
176
1100
334
2989
6131
108
1179
1311
1998
6159
1064
1171
340
2154
6019
1102
1133
347
2749
6480
960
347
1167
2004
6270
858
422
1186
2006
7131
150
1127
469
2028
7490
459
300
466
2022
7118
1039
96
1309
2012
7268
283
1187
397
1633
7196
986
523
655
1346
8104
106
525
659
1351
8105
110
1165
329
2059
7075
1086
206
320
1999
7121
1190
429
655
1389
8059
119
522
645
2337
7116
124
1162
334
2004
7116
1128
500
643
1364
7256
1474
648
885
473
8134
1245
332
462
1541
7129
1278
328
1373
693
7071
1611
643
1101
265
7118
1624
654
1363
146
7946
1279
330
1532
470
7195
1210
356
1886
97
7128
1614
657
1334
972
7139
624
648
1372
1575
6512
1286
333
2007
989
6141
1283
315
2002
3819
3304
1622
651
1373
4268
3831
617
662
1354
4393
3706
1297
330
1998
4018
3111
1607
660
1338
4588
2532
1628
635
1360
6003
2744
641
239
2090
5321
3105
255
45
2010
6276
2461
647
226
1129
7624
1134
627
509
844
8224
1169
338
426
1565
8409
336
385
1646
623
8089
342
334
1319
1450
7303
654
643
704
2012
7415
327
451
1513
2542
5859
329
520
1483
3945
4800
639
1360
625
5159
2976
625
1347
1282
6175
1959
324
2116
166
6094
2032
335
1999
295
6940
1513
761
1235
315
8449
663
127
1193
1276
8092
33
314
1984
299
8448
451
179
1369
313
8421
651
31
1321
1297
7475
610
1261
1080
2307
6110
379
1952
454
1785
6509
632
1362
1750
490
6526
872
1102
3055
199
6289
179
2000
2290
1180
5027
250
1986
2239
3939
2553
656
1359
2253
4099
2388
651
1344
3212
4151
2023
370
2113
2414
3945
1905
347
1992
2853
4374
1511
645
1352
5478
1957
1316
631
1359
5720
2746
919
345
2080
5270
3009
192
190
1982
5783
2968
649
29
1329
6157
2583
756
2495
2037
3485
2606
461
2197
3789
2470
2215
586
2399
5701
202
1856
635
2300
6410
761
1238
340
2959
5692
1744
580
212
2539
8381
341
1097
494
1288
7527
884
425
1407
512
7505
1689
605
1022
1297
6127
2303
8
1065
2272
6089
1307
1017
77
5160
3177
1313
1078
635
5154
4038
820
1002
1293
3375
3749
1316
1024
1564
3751
4056
359
993
2430
3737
3211
357
1029
5319
2838
1323
1257
965
5758
3001
627
336
1026
6433
2963
321
713
302
7494
1900
1317
1006
696
6464
1259
1315
1009
5344
3110
940
341
1009
6387
2618
392
336
1004
6519
2877
643
675
1012
6014
2393
1315
243
777
6296
3220
225
1003
2410
3854
3122
335
1022
3230
3058
3145
1285
1005
2652
2674
3094
1313
1009
2998
3295
3098
335
1015
3824
4866
692
350
999
4208
4021
1187
1297
1026
3224
4012
1235
1250
1013
3221
5018
1367
114
1020
4213
4035
1155
320
2011
3216
4506
675
1420
906
3235
5032
1126
393
961
3226
5499
660
376
998
4224
5030
124
1308
1017
3226
5173
1249
78
1015
3227
6158
341
708
452
3083
6261
251
1011
41
4145
6516
10
988
8
3223
6610
165
360
379
3235
6619
352
547
596
2623
6544
406
584
573
3639
5945
536
645
425
3184
6501
433
192
373
3249
6482
501
511
593
3342
5794
457
558
584
3614
5963
545
622
392
3384
6347
605
396
596
3058
6098
599
406
587
3629
5658
352
1111
516
3098
5965
529
632
531
3081
6521
434
786
365
2633
6501
482
533
596
3617
6184
301
633
385
3224
6339
169
627
491
3107
6525
433
581
592
2682
6449
648
357
604
3623
6132
348
632
403
3350
5966
392
635
581
3019
6501
453
750
413
2633
6507
450
665
513
3585
6256
244
620
394
3250
6478
432
574
709
2517
6512
459
560
684
3657
5374
467
586
570
3716
5995
397
627
364
3291
6451
439
565
605
2633
6526
427
568
587
3603
5978
530
629
382
3219
5973
540
627
380
3242
6501
439
560
600
2633
6541
395
577
715
3756
5722
521
765
230
3404
5801
536
680
379
3326
6356
448
554
609
2712
6420
483
527
728
3506
6032
447
630
398
3207
5965
539
637
371
3225
6510
435
573
601
2626
6505
438
572
595
3611
5971
545
741
255
3242
6500
446
550
626
2766
6350
439
561
650
3565
5525
437
1178
384
3217
6211
292
633
421
3333
6355
438
571
600
2624
6513
426
586
589
3599
5969
553
620
385
3218
5985
621
537
372
3234
6506
439
565
604
3097
6052
428
632
533
3605
6008
497
630
378
3223
5970
650
522
383
3220
6510
427
581
602
2754
6388
426
577
594
3658
6050
411
619
435
3202
5968
510
630
374
3233
6505
490
1115
1208
1467
6463
453
1147
424
3189
5975
535
616
1365
2242
6514
435
1166
392
2255
6521
432
1143
392
3226
5524
427
1169
1522
2088
6063
462
623
1473
2136
6500
445
1176
378
2241
6505
543
1072
379
3264
6211
250
626
1378
2221
6117
398
620
1814
1799
6507
425
1175
381
2258
6502
432
1174
379
3218
5978
672
490
1355
2255
5956
686
494
1528
2077
6534
411
1165
518
2112
6511
468
1139
413
3204
5954
541
629
1352
2280
6490
424
1192
384
2227
6506
426
1174
410
3197
5533
459
1300
1229
2523
5677
541
630
1356
2761
6016
556
1401
830
2015
6050
426
1561
455
2649
5573
382
2140
376
2255
5976
530
1614
364
2270
6498
436
1537
615
1645
6523
414
1730
555
2497
5967
546
1681
381
2173
6187
321
1635
330
3063
5726
766
1801
1927
1007
5224
597
1981
1353
2252
5246
283
1618
2333
1415
4848
535
1599
2331
1309
5551
380
2152
1354
1278
5527
426
2152
2333
1278
4988
544
1746
2205
1290
5500
429
2155
1345
1827
4988
430
2163
1341
2623
4185
429
2150
2501
1729
4589
345
1577
2803
1987
4365
442
2113
1388
2287
4523
400
2163
1369
3218
4123
426
1612
2336
2497
3786
520
1593
2342
2650
4152
421
2277
1232
2968
3847
439
2172
1336
3389
3822
551
1603
2336
3917
2367
518
1602
2521
4899
1753
397
2140
1557
5170
1452
456
2107
3215
4592
897
447
1607
3302
4592
699
543
2580
2329
4870
964
424
2163
2320
5309
530
422
2153
3307
4644
630
557
1595
3313
5403
430
649
1909
2365
5819
591
1056
929
2369
5802
1754
667
152
3299
5850
1212
191
193
3302
5835
1833
549
203
3470
4687
2267
113
197
3306
5853
1406
181
8
4271
4868
1428
171
421
3851
4939
2406
51
30
3313
4865
2582
8
980
2310
5857
1586
182
2034
2075
4853
1596
148
2745
1388
4878
2372
192
2084
1221
4870
2371
192
2631
2166
4361
1402
187
4284
1523
3338
2363
210
3292
1540
3333
2396
232
3262
2247
2603
2579
9
4419
1483
3226
1599
80
4303
2893
1867
2582
550
2784
3423
1405
2584
395
2923
4195
653
2577
397
3884
4017
846
1598
203
4116
4582
242
2370
217
3288
4867
2268
102
193
3868
5299
1374
30
181
4283
4852
1441
162
294
4166
4700
2041
321
203
3429
4729
2403
181
1221
2190
5851
1471
1847
9
2435
6499
769
1516
401
1547
7442
1101
671
135
1390
7433
367
1391
876
1653
6464
1346
405
1283
3856
4915
274
1515
2379
998
5505
339
1477
3129
299
5494
1424
328
4485
275
4237
1336
529
4381
965
4580
278
1396
3505
1073
4412
351
3556
1341
1421
4061
1336
2416
2480
962
4812
67
3347
1566
1883
3948
627
2735
1565
2370
3463
614
2749
2619
1734
3633
504
2263
2497
4706
795
432
3265
1549
5859
599
156
3494
622
5872
583
1137
2650
1475
5486
359
1419
1970
1503
5847
617
1460
2827
1313
4526
618
2312
1967
1508
4335
624
2984
2414
499
4843
355
2923
2044
929
4985
477
2982
2568
337
4349
513
5270
1253
399
3813
366
5878
785
930
2789
368
5857
1465
677
2734
1176
4705
1386
1526
1948
625
5253
3028
584
2013
221
5874
1823
952
1734
359
5885
2375
1263
1497
752
4856
2397
1811
782
479
6246
1395
3101
10
356
6631
769
2987
351
3400
2476
2357
2504
661
3660
1596
2360
2466
618
4094
2181
1333
3144
351
4758
1124
1395
3474
727
4602
547
2955
1913
614
5265
169
2186
2507
652
5653
545
1393
3117
354
5727
152
2350
2508
611
5259
1625
942
2336
607
6250
1373
2770
334
360
5878
1389
3021
82
361
5898
2332
2520
570
51
5277
2381
2473
617
665
5600
1416
3056
386
868
4982
3506
1038
326
1028
4839
4622
253
612
842
4426
4466
385
620
1650
4586
4237
267
365
2433
3455
4310
207
333
3467
3154
3573
556
617
5178
61
4334
544
661
6047
139
3335
1172
366
5868
129
4183
565
658
5214
441
3868
562
610
5265
1294
4191
359
553
5338
405
4104
332
427
5452
1674
3192
614
790
4471
1785
3094
615
1017
4244
2413
3084
346
546
5326
3667
828
378
742
5134
4459
417
720
663
4478
4863
313
371
1444
4734
4505
187
169
1640
4233
4497
173
193
5875
94
4766
132
528
5223
1055
3820
611
104
6160
1049
3431
8
353
5870
2566
2170
132
606
5269
3475
1389
407
217
5268
4040
813
743
1873
4341
4279
219
260
2865
3070
4806
425
205
2342
2903
4882
487
105
3047
2231
5499
357
2506
483
2880
4495
373
2511
574
2781
4868
614
2732
180
2335
4892
594
2743
873
1647
5477
363
3219
680
2140
4483
243
3980
2006
553
4187
611
4642
701
699
4103
605
5557
676
306
4197
458
5773
488
27
4007
393
5854
655
1130
3073
610
5275
1270
3663
589
263
5915
676
3838
1117
1286
3821
771
4785
1267
44
4027
763
4592
1316
1123
2944
1137
4198
2318
1619
2304
2287
2219
2317
2557
1360
2618
2979
1224
3793
126
2602
2882
1339
3914
978
2274
2239
2318
4115
778
1525
2018
2321
3898
2367
2059
1059
1358
3899
2594
2992
1251
1080
2839
3236
2894
1309
361
3916
3267
1232
1962
362
3974
3628
1725
1422
640
3257
5381
632
817
610
4288
4323
1554
570
381
3903
5249
48
1541
603
3310
5181
115
1582
555
3309
6182
603
49
745
4152
5220
62
1277
258
3922
5232
1027
569
2881
1045
5168
1118
518
2572
1348
6174
91
1541
1576
2336
5188
302
1354
1570
2348
6199
85
521
2558
1359
6160
662
181
2382
1346
6189
1613
9
1582
2336
5193
1630
672
912
2352
5167
1642
3888
202
456
5565
626
3585
930
397
5164
1716
2520
1344
294
4876
1640
3342
595
583
4572
1651
3340
619
569
5900
313
3341
1270
290
5184
1632
2388
1533
177
5035
1623
3338
573
601
4595
1638
3333
576
2126
4044
1629
2363
1552
2964
2211
1777
3587
207
4828
354
1754
3811
407
4761
1661
2202
1701
399
5907
1500
2365
968
577
5267
1555
3930
109
423
4700
1588
3946
580
1389
4176
657
3923
522
2944
2681
1637
3469
463
4418
756
1633
3922
421
4760
644
1129
3794
604
5618
749
811
3948
645
4532
1637
1858
2056
503
4823
1497
3915
1388
593
3330
1513
3918
1399
2245
2530
663
4883
402
3779
997
1647
4043
322
4743
136
1497
3923
1375
3802
1641
78
3840
1414
4742
1650
1074
2889
353
4901
1523
3423
494
1402
3799
1622
3947
1381
259
4528
635
3919
1741
2037
2396
1629
3906
895
3815
495
1628
3932
1357
3817
1539
92
3921
1371
4799
652
1355
2555
1402
4772
1639
2179
1901
238
4779
1718
3908
46
1295
3828
1597
4286
2530
66
3202
670
4881
2294
2313
591
1629
3927
2649
2520
1498
149
3900
3340
1861
1624
2480
1442
3326
2836
666
4624
269
2347
2844
1633
4172
1778
1292
1903
1615
4064
3187
849
984
1642
4039
3200
2849
550
1079
3919
2352
2834
1638
1143
2770
3339
1860
1635
3628
294
3573
2578
663
3910
1832
1848
2497
1635
3910
2803
451
1936
1642
3911
3342
1848
173
1467
3912
3355
2832
654
162
4736
2442
2747
1630
1448
2471
2345
2833
1639
3126
789
3334
1862
1628
3916
1048
2295
2820
665
4892
1448
902
2849
1627
3911
2864
773
1558
1635
3901
3365
1877
579
1045
3895
3963
2208
1638
186
3727
4280
916
2681
1421
2380
4260
9
2264
3756
1944
2764
1152
473
5989
917
3183
330
1323
6515
329
2236
578
1072
7948
422
730
1074
592
9723
115
223
656
347
9733
1298
213
127
518
8586
1332
313
1920
424
6763
1624
476
2365
1299
5952
768
712
3985
1491
3779
1649
345
4954
2053
1742
1649
1050
5574
2053
432
1627
958
7036
2103
395
252
764
8685
631
1664
276
254
8541
940
697
410
2279
6431
1620
409
371
3710
5590
1072
700
2947
1838
4193
1062
766
4277
2676
1956
1693
358
5872
2402
430
1639
541
7221
2458
271
657
563
8160
1007
1016
559
330
8767
463
1177
419
2156
7506
664
393
8
4201
5476
1294
350
540
4850
3702
1073
585
1867
7251
1736
372
1812
3711
4049
758
335
2857
3623
3306
948
559
3150
4492
1611
1504
402
4031
4064
671
1564
424
5133
4522
73
590
408
8078
1599
1066
420
152
9105
243
1455
488
556
8009
1627
456
114
1416
8098
1127
518
1226
1040
6816
1091
564
2675
4327
2103
1634
456
4011
4584
1026
662
405
5460
4221
370
696
568
6392
2720
1066
574
624
7915
556
1632
411
2940
6725
664
153
265
4212
5457
1326
318
1309
4148
3643
3963
9
549
4168
2058
1633
414
4651
3468
1560
654
408
6456
3214
1302
332
992
6191
1921
1631
529
1035
7265
276
1644
435
2453
7198
399
258
403
3912
5866
968
570
1508
3005
4589
1640
415
2692
1368
4621
1648
413
4130
612
4926
1063
576
4894
386
3818
1075
567
4984
1841
2281
1635
441
7460
585
1613
643
402
8514
151
1018
1066
581
9011
70
847
242
572
9089
1642
406
285
54
9334
669
407
621
1200
7859
1062
565
974
2011
6115
1685
355
2025
2061
4619
1646
402
2623
3550
3513
646
403
3533
4475
1672
1088
557
6740
1696
664
1647
394
6845
1842
886
764
409
8362
1327
1101
520
295
8470
348
1082
547
2347
6756
338
1292
416
2702
5992
462
1175
740
3451
5888
91
978
580
4290
4807
413
658
573
5209
3899
1060
572
403
5456
4263
628
406
3041
3375
3248
1065
576
5283
2637
1177
1260
385
7685
1415
252
1383
396
9278
276
135
665
544
9538
1073
306
139
214
9010
1653
389
185
1680
6839
1646
398
906
2448
6313
665
410
1583
2549
5535
1067
584
1986
2327
4779
1639
400
2719
5531
1171
916
473
4654
4315
644
1061
729
5935
2718
369
1037
4925
3188
1206
325
2071
3468
4744
173
1365
949
3506
6026
220
244
3135
2374
4756
167
1302
1789
2588
4807
254
2514
1505
1668
4762
1261
2695
677
1264
8224
147
3114
43
139
7092
49
3592
842
1350
4660
306
3590
1509
2881
2433
1283
3603
2191
3017
1620
325
3593
3346
3332
162
312
3588
6828
320
53
931
2624
7791
329
8
3588
82
6734
323
1529
2068
1440
5398
340
2403
1176
3332
3862
922
1303
1313
4535
3275
335
2153
1411
4543
2273
338
2787
804
5691
1142
316
3433
163
6817
568
745
2609
1656
6145
325
223
3374
5132
1699
316
1942
1664
6486
344
305
4140
1202
5087
1299
1037
1597
4345
3437
315
2323
1273
4925
2245
2022
972
579
6890
2200
1311
336
601
6227
3245
91
1562
621
6288
2186
112
1535
1529
5297
2270
1218
429
2321
4513
3243
667
2237
1393
4168
2272
1652
2077
1825
2915
2273
1654
2714
4106
1072
1198
1639
2785
4048
1553
1717
641
3035
4949
1613
477
1648
1980
4929
2187
150
1500
2467
4502
2150
644
997
2370
4447
3244
11
773
2306
5385
2269
493
1145
1399
5425
2270
1254
388
3395
3430
2274
1826
80
3259
3303
3253
1652
2053
293
4476
2266
1645
2350
507
4170
2075
1649
3334
169
3499
2091
1651
3752
9
3123
3198
1631
3093
212
3519
2277
1650
2664
648
3508
2278
1680
3311
168
3308
3268
646
4245
1394
2151
2283
1645
3991
440
2409
2247
1653
5399
1420
7
2279
1636
5400
1575
235
2900
636
5685
1800
327
2262
1645
4554
1992
326
2215
1649
5292
1528
598
1689
1640
5402
1435
902
2338
675
5748
2035
9
2269
2184
6075
212
1146
1130
1652
6837
1557
705
1657
71
6739
2300
944
1652
649
6171
2271
2022
7
2265
4190
2250
1662
1203
3628
1974
2286
1792
1358
4897
424
3248
1754
772
4829
1118
2253
1677
956
5482
406
2227
1645
1557
4870
393
3340
600
2098
4652
1059
2276
1628
1090
5740
1376
938
1599
812
6004
1643
628
1651
1552
5278
1820
1409
676
3893
3904
599
1671
1791
2900
3931
382
1738
1809
3356
3317
1533
725
1704
3461
3427
1440
1817
787
3273
4288
507
1854
1566
2527
4302
1373
921
1616
3540
3273
2207
63
1656
3514
3317
3237
1655
272
2253
4360
2204
1644
2081
2162
3583
1281
1645
4225
273
3985
1592
805
4358
1603
2690
1292
1654
3491
3528
1033
1023
1647
4560
4485
163
694
844
4482
5577
314
370
1810
2667
5590
1256
2218
1253
426
5610
3418
1697
999
1836
2832
3506
1098
1475
5302
281
2892
1691
590
5568
2244
491
1848
594
5574
3023
1546
1559
206
4400
3168
1414
1545
3244
2338
2959
1631
580
5579
789
2860
922
592
5576
3388
1198
196
1361
4597
4741
1422
337
479
4736
4591
590
3676
1321
568
4588
597
5557
495
958
3131
2031
5107
2079
207
1322
1556
5599
3916
644
574
204
5381
4578
831
836
2245
2272
4573
1569
819
4179
568
3612
1548
2547
3032
2110
2490
587
3829
1732
4587
859
677
4614
1919
2672
1542
1904
3679
1313
3290
555
4186
1406
1049
3519
577
5586
729
1332
2540
1732
4420
2033
1113
1432
1663
5478
1071
3184
323
623
5532
1063
3523
570
948
4635
2042
2546
1823
2107
2226
2063
2530
1539
4606
987
1048
3531
581
5571
1916
586
2087
577
5588
3017
574
994
1545
5582
2812
787
506
1467
5180
3825
753
712
275
5164
4579
185
1226
160
4602
4577
617
937
388
5193
3612
779
770
1359
4230
4134
442
577
2346
3238
4588
376
1170
2231
2379
4587
406
1152
2738
2841
4591
576
2469
826
2288
4580
561
3194
604
1800
4577
1549
1808
1690
1104
4585
1554
1750
1561
2276
4577
578
1802
2511
1407
4447
573
2733
1847
1003
4593
1536
1962
2601
1031
3609
1668
3366
1778
330
4583
577
4261
1324
193
4395
1536
4179
452
858
3708
1571
5415
190
2294
1266
1550
5583
658
2967
957
995
5164
660
3722
212
1584
4590
634
3926
1541
877
4394
314
4599
565
2644
2950
640
3939
575
3122
2452
670
3925
1556
2717
1882
652
3933
1539
4406
873
443
4584
443
5636
319
292
3923
570
5592
645
1945
1990
1563
4596
649
3736
211
1542
5605
634
4006
492
8
5591
630
3959
567
3008
2632
603
3917
1550
3376
1880
322
3622
1543
4849
733
713
3875
568
5841
407
148
3786
1567
4660
572
1215
2712
1551
5442
144
1744
1873
1543
5609
633
1297
2790
412
5695
546
2130
1858
1487
4629
661
2642
1266
1548
5250
337
2955
1624
696
5878
235
3939
566
233
5356
652
3930
1583
1728
2995
505
3936
1547
5076
219
338
4549
551
5594
655
1316
2613
577
5568
660
2983
1089
1417
4600
656
4029
492
970
5610
627
3826
122
543
6203
47
3783
148
608
6249
1175
2708
376
1155
5324
1875
2019
603
925
6288
1418
1888
599
562
7504
509
2160
386
1210
6512
1797
842
528
1016
7631
1690
578
8
828
7542
2092
1101
684
1059
5801
3008
1160
425
869
5321
2975
1164
413
2149
5109
1919
1154
1397
1950
4248
1991
1154
1398
1923
4220
3012
1327
263
1961
4182
3349
915
315
1928
5208
2204
1001
1445
2022
4072
2198
1006
1389
2044
4101
3018
1172
420
1958
5154
2322
891
406
1917
5218
2025
1184
1371
1922
4365
2878
1167
411
1922
4316
2923
1163
410
2032
5118
2033
1314
247
2909
4222
2039
1264
1436
1784
4223
3036
1165
607
1885
4074
2995
1170
416
2044
5087
2030
1161
1414
1910
4228
2033
1157
1400
1903
4233
3011
1165
409
1941
4354
2976
1068
454
1880
5201
2037
1154
1393
1933
4232
2029
1316
1236
1921
4228
3022
1170
558
1769
5213
2203
1001
527
1964
5049
2034
1162
1387
1937
4223
2036
1161
1388
1929
4227
3007
1652
1837
8
5201
2379
1233
1537
1362
4244
2762
1814
559
1365
4236
3451
1133
1579
963
3619
4585
260
1273
399
5191
4589
566
345
1016
4236
4585
563
1362
516
3712
4589
1536
382
2353
1888
4582
1535
384
3726
1487
4596
556
1347
3347
898
4582
568
1362
3917
322
4587
1661
251
4250
46
4557
1591
302
4827
379
4598
556
1357
4239
34
4547
561
1512
4087
819
3760
1559
359
5214
720
2893
1535
383
5216
1029
3560
558
1357
4234
1199
3404
1539
417
4202
2019
2559
1548
371
5215
1091
2511
1707
1200
4236
1236
3350
685
1253
4209
2071
2519
1541
409
4221
2211
2364
1560
357
5219
1432
3136
572
1367
4222
1347
3256
555
1460
4121
2065
2520
1541
383
4241
4087
492
1542
397
5193
4147
439
565
1349
4247
4576
843
681
430
4207
4592
1538
374
1597
2653
4611
1887
38
3539
1633
4589
1498
423
4233
1361
3224
1909
204
4042
4590
318
1595
763
4477
3601
1915
701
466
4054
4587
1764
136
2976
1278
4582
1904
593
3665
800
3783
1903
650
4564
116
3501
2845
34
3955
299
4591
1807
94
3558
697
4575
1922
611
3639
59
4521
1924
601
3697
905
4592
1551
367
3324
937
4560
1758
216
4174
77
4646
1784
594
3634
80
4531
1915
865
3464
951
4523
1523
385
3360
878
4584
1527
382
4241
91
4500
1908
615
3644
65
4520
1902
596
3734
884
4599
1533
490
3228
901
4583
1963
558
3647
70
4511
1918
589
3791
820
3620
2509
381
3369
1011
4445
1556
363
3461
927
4434
2010
527
3662
35
4512
1949
626
3699
880
3709
2414
690
3026
904
4641
1470
547
4070
67
4536
2055
437
3642
85
4504
1966
545
3718
904
4582
1870
31
3364
885
6507
154
534
3642
92
6310
49
1121
3150
374
6066
40
1661
2605
1533
5892
9
1176
2137
2275
5139
9
2271
2025
2356
4117
107
3331
837
3524
2927
124
4328
779
3894
2592
8
3304
2071
3532
1797
43
4275
3236
2254
989
1704
2572
5321
2109
938
192
2384
6885
366
921
465
1987
7357
896
31
790
2606
6406
940
1135
166
2035
7574
803
742
996
3640
4445
919
1003
1418
3875
3511
932
755
3096
2433
3526
932
1313
3576
1387
4530
931
321
4188
764
4557
909
322
5943
683
2858
932
1309
5019
1515
2030
882
1295
4960
2115
2398
932
356
4935
2900
1616
954
311
5943
2357
1186
952
294
7151
1395
941
1906
361
5911
1890
1662
932
323
6923
1160
1407
956
303
6919
2556
967
1287
3763
2141
3682
800
360
3440
2504
3588
850
635
2912
3873
2396
929
326
4179
2872
2434
934
1322
3305
2708
3461
920
336
3194
2753
3529
933
330
4175
3240
2064
929
350
4181
2716
2586
911
1311
3218
2734
3515
946
328
4293
1666
3665
793
329
5172
1746
2678
1148
1170
4009
1916
2381
2050
210
4306
1767
3381
1273
641
3651
1719
3503
1285
578
4517
1787
2542
1308
600
4516
1756
2560
2249
632
3577
4441
822
1257
636
3530
4696
618
1260
638
4540
3699
740
1776
485
4030
3776
1523
1377
535
3511
3729
1593
1288
3117
2007
3743
579
2359
1502
2548
4337
57
3159
642
2611
3965
1289
2231
1615
1573
3776
1544
2223
1624
2581
3685
621
2251
1607
2553
4355
1451
1744
637
2571
5289
369
1875
1702
1491
5310
1329
909
1627
2549
4343
1335
890
1626
2546
4392
1417
1745
1609
1586
5294
698
2875
296
1582
5312
1323
1879
638
2564
4322
1892
1964
336
2336
4211
2334
1861
656
1586
5314
3197
801
695
731
5298
3218
761
2456
66
4247
3863
321
2233
236
5074
3224
620
1583
130
5165
3236
624
2548
64
4271
3218
1183
1879
134
4334
3851
325
2036
200
5300
3206
647
1391
199
5299
3208
646
2369
197
4333
3200
787
2243
182
4326
4189
640
1619
1990
3279
3228
652
1554
1766
3556
3204
634
2904
1407
2576
3220
633
2567
1741
2580
4190
642
1580
1774
3757
3629
213
1374
2732
2571
3208
642
2556
1772
2563
3858
474
2076
1776
3549
3297
541
1578
2572
2739
3242
615
1581
5304
1296
1921
638
2553
4335
3299
555
335
2225
5326
3188
642
436
1140
5322
3193
656
2034
514
4353
3217
634
2558
2218
2132
3831
327
2223
4106
1213
3881
584
967
4067
2599
2497
319
2224
3997
1351
2843
349
2205
4612
697
3853
374
1210
4560
1714
2952
273
1243
6291
2273
601
328
2231
5316
2858
1325
458
780
5302
3851
348
1249
735
5559
2981
218
1240
1919
4371
2889
1747
793
1354
4093
2729
2549
9
2009
4298
2851
1346
242
1843
4444
2878
1441
1245
1959
3234
2858
1768
930
1683
3511
2855
2288
326
1988
4234
2878
1591
314
1549
4420
2872
2029
523
1769
3556
2867
2547
8
1760
3549
2877
2562
709
1047
4522
2879
1649
1694
1343
3195
2864
2739
1494
227
3403
2879
2703
1728
803
2641
3859
1664
1726
842
3630
2885
1656
1909
677
3666
2829
2549
1669
76
3551
2882
2547
1766
910
3633
2861
1578
1759
932
3599
2875
3331
919
62
3558
3013
3764
334
79
3549
2890
3635
678
903
3629
2869
2552
928
762
3628
2869
3525
825
191
3314
2878
3530
736
63
3548
2870
3523
791
951
3585
2942
2489
876
851
3578
2870
3558
689
77
3562
2883
3518
784
892
2647
3955
2502
734
900
3615
2912
2546
770
908
3635
2856
3534
732
47
3568
2857
3541
787
1033
2528
3829
2563
782
1002
3531
2868
2553
1701
57
3567
2929
3472
756
1206
2371
2870
3536
1695
83
3539
3051
2405
1674
53
3565
3017
3392
963
797
2577
2939
3457
713
1059
2580
2863
3523
1706
53
3572
2864
2566
1762
86
3455
2870
3528
874
901
2566
2911
3492
1693
63
2580
2885
3524
1688
77
3557
2869
2557
1695
46
3568
3032
3380
715
1039
2581
3139
4961
44
672
1914
3847
4263
54
209
3354
2867
4240
73
204
3360
2865
0
