770
673
652
677
583
546
669
589
570
606
610
669
603
618
608
607
567
566
600
556
573
653
566
592
554
619
611
519
635
572
589
608
563
613
602
576
614
604
567
588
597
526
672
463
445
474
507
442
420
633
628
582
568
571
641
627
594
612
557
567
647
643
600
569
556
600
614
577
577
562
550
624
639
589
568
570
558
579
688
608
553
553
594
698
594
578
557
537
637
587
597
595
550
604
622
614
560
614
572
599
556
640
564
612
533
661
604
579
598
563
628
513
586
560
532
562
558
680
551
551
594
554
591
639
603
553
541
586
586
555
516
551
541
591
592
593
559
608
599
566
644
559
535
610
577
551
648
578
575
611
608
603
650
567
568
608
611
690
566
577
569
609
672
611
608
576
570
487
643
578
554
550
571
639
597
575
544
527
510
673
560
612
568
577
652
603
549
585
542
555
506
611
604
598
540
547
595
581
542
594
537
589
560
571
640
594
533
572
548
623
575
591
545
544
585
592
560
583
585
548
594
639
551
566
602
610
686
559
575
573
574
661
662
576
578
603
612
654
578
543
637
571
654
603
557
593
621
649
620
550
575
577
572
574
633
553
522
590
607
603
617
566
613
652
574
598
581
558
652
617
602
582
601
663
637
640
623
575
575
689
561
615
572
557
568
629
634
594
538
550
545
575
608
554
631
554
596
567
586
572
592
584
591
568
576
586
546
619
545
582
591
582
551
625
538
627
593
547
590
560
568
661
591
550
592
541
553
716
626
605
566
566
698
616
591
595
557
601
685
563
597
554
554
589
582
619
603
579
565
607
654
603
597
574
568
659
607
622
593
576
606
651
623
587
587
627
661
565
651
575
582
603
647
600
592
541
556
648
595
638
544
558
599
635
595
561
579
560
677
584
588
566
567
567
682
613
573
524
579
652
563
624
546
531
593
582
591
607
555
615
636
627
627
626
579
622
570
593
660
544
531
587
600
566
690
574
564
610
602
646
611
566
590
608
565
664
566
567
612
599
682
578
582
576
655
614
644
566
562
551
598
722
557
555
563
564
631
690
571
564
554
590
566
645
519
556
594
571
621
576
533
563
615
605
647
562
612
567
631
550
633
604
566
597
599
610
562
599
601
532
630
617
595
591
673
580
648
617
620
576
603
653
578
579
568
674
657
563
570
571
571
731
615
577
575
557
651
683
574
559
558
572
744
582
572
580
571
649
664
561
552
546
640
630
609
564
578
571
671
696
578
569
567
650
606
610
594
563
568
588
682
600
563
575
583
654
653
613
568
557
577
643
691
572
578
571
640
596
611
623
565
571
589
686
590
614
568
611
589
636
567
545
614
621
670
639
602
594
624
563
681
578
566
561
636
630
552
551
563
627
558
650
575
552
559
638
653
564
565
573
669
584
659
584
640
593
658
608
610
609
585
626
656
632
594
636
594
590
693
607
570
621
582
623
670
616
535
655
583
644
628
569
592
601
600
660
576
613
576
607
666
614
603
619
618
590
656
574
644
549
560
610
629
551
595
551
566
580
712
596
603
548
572
627
655
610
606
566
576
626
653
614
577
569
605
616
576
686
568
573
586
607
631
623
581
617
601
568
638
564
583
614
643
597
616
570
617
590
578
685
585
570
609
560
579
574
641
518
642
567
575
639
620
575
632
579
625
614
611
585
659
574
595
651
561
639
696
582
636
590
707
569
614
629
573
607
631
550
551
549
622
578
575
551
551
581
596
620
538
542
562
614
571
626
577
568
616
611
677
555
565
563
640
654
613
562
580
580
658
660
623
594
570
654
643
601
593
573
609
610
698
583
590
564
569
587
640
557
553
570
577
667
584
622
626
585
638
634
644
596
541
614
571
612
571
549
600
633
547
601
650
587
573
613
575
567
606
612
571
589
631
616
586
615
610
633
596
619
570
621
663
429
764
615
631
630
610
632
584
632
674
584
526
592
598
551
678
564
583
596
598
652
543
590
582
582
588
650
584
576
572
607
635
562
576
572
580
602
652
574
515
536
555
676
562
585
589
577
639
560
598
566
613
571
649
601
587
588
606
622
549
601
534
586
551
556
684
579
548
587
554
668
554
582
552
593
561
666
557
554
561
516
557
586
577
538
542
574
630
588
556
547
591
520
612
587
544
542
550
531
590
634
577
548
598
570
616
641
575
609
605
641
605
677
590
605
625
603
614
561
629
559
644
618
557
620
620
608
624
624
579
583
603
595
634
574
551
611
571
658
602
552
551
599
617
562
648
602
595
582
622
623
648
608
621
573
626
662
580
574
618
564
647
597
568
580
573
651
660
608
585
571
578
664
646
643
614
613
620
661
619
634
542
573
708
543
633
568
586
580
590
616
636
577
569
574
673
604
575
615
570
563
662
666
628
590
586
615
673
558
614
585
591
705
621
605
563
578
665
662
622
624
591
576
653
649
575
623
582
625
677
640
588
601
563
596
676
559
598
556
610
632
565
608
552
542
544
625
556
590
582
626
574
640
559
559
591
581
550
655
582
530
640
593
669
593
578
618
575
597
614
569
585
642
640
594
653
563
619
588
580
633
551
616
545
555
583
585
508
577
585
550
569
596
619
521
607
611
561
561
602
617
577
637
584
581
564
497
598
594
533
563
563
614
619
497
675
566
556
610
647
523
531
586
577
685
561
567
564
529
651
535
591
601
566
556
517
648
573
574
577
580
611
594
602
587
573
650
619
608
650
601
590
654
612
627
553
641
575
525
622
565
646
608
573
645
574
578
688
606
601
645
587
679
591
583
692
610
552
697
596
596
690
594
674
571
577
606
622
582
703
585
622
603
629
631
604
656
560
629
589
614
664
584
590
646
561
633
683
601
661
570
625
637
633
610
674
557
598
641
631
560
600
566
567
672
557
572
662
523
634
604
610
623
598
583
627
641
611
568
601
602
522
638
613
589
578
615
579
656
568
660
617
601
624
634
653
563
612
607
577
579
