0	5272
100	418
200	450
300	435
400	436
500	411
600	425
700	457
800	383
900	442
1000	403
1100	433
1200	423
1300	387
1400	423
1500	441
1600	409
1700	371
1800	392
1900	420
2000	400
2100	421
2200	433
2300	415
2400	433
2500	400
2600	400
2700	434
2800	410
2900	424
3000	377
3100	371
3200	403
3300	372
3400	421
3500	369
3600	351
3700	354
3800	376
3900	395
4000	419
4100	365
4200	352
4300	428
4400	429
4500	391
4600	411
4700	368
4800	378
4900	386
5000	356
5100	381
5200	373
5300	406
5400	394
5500	362
5600	395
5700	378
5800	379
5900	360
6000	358
6100	341
6200	347
6300	408
6400	345
6500	342
6600	373
6700	351
6800	356
6900	383
7000	343
7100	348
7200	352
7300	359
7400	353
7500	381
7600	385
7700	370
7800	321
7900	323
8000	346
8100	372
8200	335
8300	323
8400	336
8500	349
8600	355
8700	363
8800	340
8900	315
9000	349
9100	324
9200	325
9300	354
9400	323
9500	344
9600	376
9700	365
9800	352
9900	299
10000	346
10100	346
10200	318
10300	328
10400	322
10500	330
10600	319
10700	337
10800	304
10900	342
11000	323
11100	325
11200	294
11300	316
11400	312
11500	335
11600	333
11700	315
11800	313
11900	306
12000	330
12100	304
12200	330
12300	300
12400	301
12500	317
12600	297
12700	281
12800	318
12900	306
13000	295
13100	316
13200	311
13300	318
13400	314
13500	303
13600	298
13700	274
13800	289
13900	297
14000	321
14100	289
14200	283
14300	307
14400	312
14500	272
14600	261
14700	274
14800	300
14900	281
15000	283
15100	296
15200	254
15300	320
15400	284
15500	294
15600	293
15700	298
15800	304
15900	288
16000	297
16100	290
16200	269
16300	293
16400	306
16500	288
16600	282
16700	269
16800	247
16900	270
17000	268
17100	276
17200	267
17300	276
17400	275
17500	274
17600	260
17700	284
17800	273
17900	282
18000	232
18100	242
18200	227
18300	274
18400	272
18500	277
18600	260
18700	253
18800	252
18900	262
19000	271
19100	241
19200	259
19300	226
19400	280
19500	242
19600	245
19700	241
19800	240
19900	246
20000	275
20100	277
20200	251
20300	281
20400	237
20500	277
20600	261
20700	232
20800	237
20900	260
21000	271
21100	249
21200	228
21300	228
21400	252
21500	227
21600	243
21700	220
21800	235
21900	223
22000	255
22100	228
22200	240
22300	213
22400	202
22500	236
22600	222
22700	243
22800	213
22900	207
23000	208
23100	233
23200	213
23300	249
23400	224
23500	226
23600	211
23700	243
23800	234
23900	212
24000	226
24100	208
24200	224
24300	247
24400	247
24500	236
24600	228
24700	218
24800	222
24900	216
25000	209
25100	215
25200	215
25300	215
25400	224
25500	232
25600	227
25700	209
25800	216
25900	215
26000	227
26100	209
26200	191
26300	204
26400	216
26500	218
26600	213
26700	215
26800	191
26900	195
27000	212
27100	211
27200	216
27300	199
27400	192
27500	212
27600	208
27700	189
27800	188
27900	226
28000	193
28100	192
28200	192
28300	213
28400	216
28500	192
28600	204
28700	193
28800	199
28900	185
29000	201
29100	202
29200	187
29300	193
29400	176
29500	203
29600	185
29700	179
29800	179
29900	161
30000	6247
30100	0
30200	0
30300	0
30400	0
30500	0
30600	0
30700	0
30800	0
30900	0
31000	0
31100	0
31200	0
31300	0
31400	0
31500	0
31600	0
31700	0
31800	0
31900	0
32000	0
32100	0
32200	0
32300	0
32400	0
32500	0
32600	0
32700	0
32800	0
32900	0
33000	0
33100	0
33200	0
33300	0
33400	0
33500	0
33600	0
33700	0
33800	0
33900	0
34000	0
34100	0
34200	0
34300	0
34400	0
34500	0
34600	0
34700	0
34800	0
34900	0
35000	0
35100	0
35200	0
35300	0
35400	0
35500	0
35600	0
35700	0
35800	0
35900	0
36000	0
36100	0
36200	0
36300	0
36400	0
36500	0
36600	0
36700	0
36800	0
36900	0
37000	0
37100	0
37200	0
37300	0
37400	0
37500	0
37600	0
37700	0
37800	0
37900	0
38000	0
38100	0
38200	0
38300	0
38400	0
38500	0
38600	0
38700	0
38800	0
38900	0
39000	0
39100	0
39200	0
39300	0
39400	0
39500	0
39600	0
39700	0
39800	0
39900	0
40000	0
40100	0
40200	0
40300	0
40400	0
40500	0
40600	0
40700	0
40800	0
40900	0
41000	0
41100	0
41200	0
41300	0
41400	0
41500	0
41600	0
41700	0
41800	0
41900	0
42000	0
42100	0
42200	0
42300	0
42400	0
42500	0
42600	0
42700	0
42800	0
42900	0
43000	0
43100	0
43200	0
43300	0
43400	0
43500	0
43600	0
43700	0
43800	0
43900	0
44000	0
44100	0
44200	0
44300	0
44400	0
44500	0
44600	0
44700	0
44800	0
44900	0
45000	0
45100	0
45200	0
45300	0
45400	0
45500	0
45600	0
45700	0
45800	0
45900	0
46000	0
46100	0
46200	0
46300	0
46400	0
46500	0
46600	0
46700	0
46800	0
46900	0
47000	0
47100	0
47200	0
47300	0
47400	0
47500	0
47600	0
47700	0
47800	0
47900	0
48000	0
48100	0
48200	0
48300	0
48400	0
48500	0
48600	0
48700	0
48800	0
48900	0
49000	0
49100	0
49200	0
49300	0
49400	0
49500	0
49600	0
49700	0
49800	0
49900	0
50000	0
50100	0
50200	0
50300	0
50400	0
50500	0
50600	0
50700	0
50800	0
50900	0
51000	0
51100	0
51200	0
51300	0
51400	0
51500	0
51600	0
51700	0
51800	0
51900	0
52000	0
52100	0
52200	0
52300	0
52400	0
52500	0
52600	0
52700	0
52800	0
52900	0
53000	0
53100	0
53200	0
53300	0
53400	0
53500	0
53600	0
53700	0
53800	0
53900	0
54000	0
54100	0
54200	0
54300	0
54400	0
54500	0
54600	0
54700	0
54800	0
54900	0
55000	0
55100	0
55200	0
55300	0
55400	0
55500	0
55600	0
55700	0
55800	0
55900	0
56000	0
56100	0
56200	0
56300	0
56400	0
56500	0
56600	0
56700	0
56800	0
56900	0
57000	0
57100	0
57200	0
57300	0
57400	0
57500	0
57600	0
57700	0
57800	0
57900	0
58000	0
58100	0
58200	0
58300	0
58400	0
58500	0
58600	0
58700	0
58800	0
58900	0
59000	0
59100	0
59200	0
59300	0
59400	0
59500	0
59600	0
59700	0
59800	0
59900	0
60000	0
