0	8578
100	306
200	319
300	310
400	315
500	311
600	309
700	349
800	308
900	326
1000	309
1100	307
1200	333
1300	260
1400	303
1500	312
1600	295
1700	274
1800	290
1900	308
2000	310
2100	311
2200	323
2300	310
2400	297
2500	286
2600	319
2700	320
2800	312
2900	280
3000	258
3100	270
3200	316
3300	269
3400	283
3500	281
3600	280
3700	254
3800	287
3900	279
4000	301
4100	273
4200	254
4300	317
4400	300
4500	286
4600	259
4700	261
4800	294
4900	266
5000	259
5100	260
5200	291
5300	265
5400	310
5500	256
5600	276
5700	271
5800	272
5900	248
6000	272
6100	256
6200	269
6300	299
6400	252
6500	250
6600	269
6700	278
6800	254
6900	265
7000	257
7100	247
7200	265
7300	257
7400	273
7500	268
7600	266
7700	265
7800	235
7900	216
8000	256
8100	246
8200	241
8300	223
8400	247
8500	257
8600	229
8700	221
8800	256
8900	247
9000	259
9100	246
9200	229
9300	244
9400	235
9500	226
9600	233
9700	253
9800	243
9900	240
10000	242
10100	234
10200	228
10300	236
10400	248
10500	219
10600	239
10700	231
10800	212
10900	222
11000	240
11100	247
11200	214
11300	198
11400	214
11500	242
11600	235
11700	214
11800	210
11900	202
12000	217
12100	207
12200	214
12300	206
12400	216
12500	209
12600	215
12700	202
12800	234
12900	221
13000	217
13100	248
13200	203
13300	209
13400	216
13500	195
13600	210
13700	188
13800	192
13900	200
14000	220
14100	205
14200	193
14300	211
14400	210
14500	200
14600	164
14700	182
14800	197
14900	196
15000	203
15100	187
15200	182
15300	215
15400	166
15500	219
15600	192
15700	199
15800	195
15900	177
16000	192
16100	209
16200	192
16300	193
16400	201
16500	187
16600	201
16700	196
16800	162
16900	183
17000	196
17100	202
17200	212
17300	166
17400	175
17500	183
17600	171
17700	196
17800	173
17900	201
18000	163
18100	183
18200	195
18300	185
18400	170
18500	161
18600	170
18700	205
18800	182
18900	165
19000	189
19100	181
19200	190
19300	158
19400	196
19500	198
19600	167
19700	169
19800	173
19900	167
20000	181
20100	194
20200	178
20300	169
20400	163
20500	163
20600	176
20700	155
20800	164
20900	181
21000	178
21100	153
21200	149
21300	150
21400	151
21500	153
21600	162
21700	146
21800	164
21900	140
22000	160
22100	160
22200	152
22300	157
22400	170
22500	147
22600	196
22700	162
22800	159
22900	153
23000	145
23100	152
23200	145
23300	140
23400	151
23500	151
23600	142
23700	138
23800	152
23900	152
24000	166
24100	144
24200	161
24300	155
24400	153
24500	136
24600	149
24700	156
24800	156
24900	153
25000	135
25100	118
25200	143
25300	167
25400	145
25500	149
25600	145
25700	144
25800	130
25900	131
26000	159
26100	124
26200	122
26300	139
26400	132
26500	161
26600	139
26700	139
26800	147
26900	110
27000	131
27100	110
27200	150
27300	113
27400	131
27500	139
27600	136
27700	137
27800	140
27900	144
28000	119
28100	129
28200	124
28300	108
28400	141
28500	139
28600	115
28700	136
28800	137
28900	116
29000	132
29100	117
29200	130
29300	126
29400	146
29500	142
29600	127
29700	136
29800	134
29900	91
30000	115
30100	154
30200	135
30300	134
30400	130
30500	116
30600	119
30700	116
30800	103
30900	123
31000	131
31100	108
31200	145
31300	119
31400	118
31500	106
31600	119
31700	120
31800	126
31900	117
32000	106
32100	109
32200	132
32300	114
32400	123
32500	98
32600	109
32700	105
32800	116
32900	105
33000	114
33100	98
33200	128
33300	96
33400	118
33500	133
33600	100
33700	109
33800	120
33900	110
34000	107
34100	101
34200	122
34300	113
34400	101
34500	118
34600	108
34700	96
34800	95
34900	126
35000	112
35100	100
35200	99
35300	103
35400	104
35500	87
35600	116
35700	82
35800	110
35900	104
36000	97
36100	86
36200	104
36300	90
36400	113
36500	99
36600	85
36700	103
36800	109
36900	96
37000	93
37100	113
37200	99
37300	104
37400	75
37500	95
37600	86
37700	98
37800	101
37900	80
38000	91
38100	89
38200	82
38300	87
38400	93
38500	89
38600	95
38700	105
38800	87
38900	103
39000	76
39100	70
39200	98
39300	66
39400	87
39500	82
39600	77
39700	95
39800	87
39900	86
40000	83
40100	100
40200	84
40300	76
40400	79
40500	97
40600	84
40700	87
40800	85
40900	87
41000	75
41100	76
41200	90
41300	90
41400	77
41500	88
41600	77
41700	86
41800	69
41900	75
42000	79
42100	73
42200	85
42300	82
42400	71
42500	77
42600	79
42700	98
42800	71
42900	76
43000	77
43100	72
43200	61
43300	74
43400	75
43500	67
43600	79
43700	76
43800	79
43900	89
44000	72
44100	73
44200	71
44300	75
44400	89
44500	69
44600	85
44700	83
44800	80
44900	69
45000	76
45100	62
45200	67
45300	79
45400	71
45500	62
45600	47
45700	64
45800	59
45900	72
46000	75
46100	66
46200	67
46300	59
46400	72
46500	68
46600	59
46700	58
46800	64
46900	54
47000	74
47100	67
47200	61
47300	74
47400	58
47500	52
47600	65
47700	57
47800	71
47900	53
48000	61
48100	62
48200	55
48300	60
48400	74
48500	72
48600	63
48700	73
48800	54
48900	60
49000	56
49100	58
49200	53
49300	67
49400	57
49500	57
49600	76
49700	58
49800	77
49900	63
50000	58
50100	58
50200	61
50300	64
50400	63
50500	59
50600	69
50700	53
50800	55
50900	56
51000	75
51100	45
51200	69
51300	54
51400	57
51500	59
51600	56
51700	56
51800	63
51900	58
52000	55
52100	64
52200	48
52300	57
52400	49
52500	57
52600	53
52700	63
52800	57
52900	51
53000	61
53100	54
53200	56
53300	53
53400	50
53500	44
53600	45
53700	61
53800	48
53900	67
54000	46
54100	51
54200	50
54300	56
54400	47
54500	67
54600	58
54700	60
54800	49
54900	46
55000	46
55100	49
55200	42
55300	48
55400	51
55500	47
55600	50
55700	54
55800	53
55900	35
56000	52
56100	52
56200	38
56300	47
56400	39
56500	52
56600	51
56700	51
56800	49
56900	45
57000	54
57100	47
57200	40
57300	42
57400	45
57500	53
57600	44
57700	53
57800	48
57900	46
58000	45
58100	49
58200	48
58300	40
58400	39
58500	43
58600	45
58700	54
58800	49
58900	39
59000	45
59100	40
59200	45
59300	32
59400	45
59500	45
59600	50
59700	48
59800	38
59900	40
60000	36
60100	47
60200	39
60300	47
60400	42
60500	55
60600	35
60700	46
60800	34
60900	45
61000	35
61100	45
61200	35
61300	35
61400	31
61500	42
61600	49
61700	37
61800	36
61900	36
62000	40
62100	38
62200	41
62300	38
62400	36
62500	37
62600	35
62700	31
62800	31
62900	36
63000	38
63100	48
63200	34
63300	36
63400	31
63500	34
63600	43
63700	31
63800	27
63900	34
64000	34
64100	24
64200	22
64300	33
64400	39
64500	30
64600	36
64700	26
64800	30
64900	34
65000	31
65100	36
65200	31
65300	27
65400	31
65500	33
65600	40
65700	28
65800	35
65900	36
66000	40
66100	38
66200	28
66300	34
66400	30
66500	32
66600	38
66700	42
66800	35
66900	29
67000	20
67100	25
67200	33
67300	27
67400	23
67500	29
67600	25
67700	26
67800	26
67900	29
68000	24
68100	32
68200	35
68300	26
68400	49
68500	30
68600	35
68700	31
68800	27
68900	31
69000	31
69100	26
69200	33
69300	32
69400	20
69500	26
69600	25
69700	32
69800	22
69900	26
70000	21
70100	23
70200	25
70300	25
70400	32
70500	32
70600	19
70700	19
70800	31
70900	28
71000	36
71100	27
71200	23
71300	25
71400	38
71500	26
71600	26
71700	24
71800	22
71900	25
72000	26
72100	26
72200	24
72300	34
72400	33
72500	23
72600	31
72700	25
72800	24
72900	25
73000	30
73100	29
73200	27
73300	22
73400	30
73500	23
73600	37
73700	23
73800	21
73900	21
74000	22
74100	25
74200	21
74300	29
74400	21
74500	25
74600	22
74700	23
74800	19
74900	20
75000	17
75100	16
75200	35
75300	27
75400	24
75500	20
75600	22
75700	25
75800	20
75900	24
76000	23
76100	20
76200	21
76300	24
76400	25
76500	22
76600	19
76700	17
76800	23
76900	18
77000	23
77100	28
77200	27
77300	28
77400	19
77500	19
77600	21
77700	23
77800	21
77900	14
78000	24
78100	16
78200	19
78300	22
78400	13
78500	17
78600	26
78700	17
78800	23
78900	20
79000	18
79100	12
79200	19
79300	16
79400	19
79500	21
79600	16
79700	16
79800	15
79900	20
80000	1183
80100	0
80200	0
80300	0
80400	0
80500	0
80600	0
80700	0
80800	0
80900	0
81000	0
81100	0
81200	0
81300	0
81400	0
81500	0
81600	0
81700	0
81800	0
81900	0
82000	0
82100	0
82200	0
82300	0
82400	0
82500	0
82600	0
82700	0
82800	0
82900	0
83000	0
83100	0
83200	0
83300	0
83400	0
83500	0
83600	0
83700	0
83800	0
83900	0
84000	0
84100	0
84200	0
84300	0
84400	0
84500	0
84600	0
84700	0
84800	0
84900	0
85000	0
85100	0
85200	0
85300	0
85400	0
85500	0
85600	0
85700	0
85800	0
85900	0
86000	0
86100	0
86200	0
86300	0
86400	0
86500	0
86600	0
86700	0
86800	0
86900	0
87000	0
87100	0
87200	0
87300	0
87400	0
87500	0
87600	0
87700	0
87800	0
87900	0
88000	0
88100	0
88200	0
88300	0
88400	0
88500	0
88600	0
88700	0
88800	0
88900	0
89000	0
89100	0
89200	0
89300	0
89400	0
89500	0
89600	0
89700	0
89800	0
89900	0
90000	0
90100	0
90200	0
90300	0
90400	0
90500	0
90600	0
90700	0
90800	0
90900	0
91000	0
91100	0
91200	0
91300	0
91400	0
91500	0
91600	0
91700	0
91800	0
91900	0
92000	0
92100	0
92200	0
92300	0
92400	0
92500	0
92600	0
92700	0
92800	0
92900	0
93000	0
93100	0
93200	0
93300	0
93400	0
93500	0
93600	0
93700	0
93800	0
93900	0
94000	0
94100	0
94200	0
94300	0
94400	0
94500	0
94600	0
94700	0
94800	0
94900	0
95000	0
95100	0
95200	0
95300	0
95400	0
95500	0
95600	0
95700	0
95800	0
95900	0
96000	0
96100	0
96200	0
96300	0
96400	0
96500	0
96600	0
96700	0
96800	0
96900	0
97000	0
97100	0
97200	0
97300	0
97400	0
97500	0
97600	0
97700	0
97800	0
97900	0
98000	0
98100	0
98200	0
98300	0
98400	0
98500	0
98600	0
98700	0
98800	0
98900	0
99000	0
99100	0
99200	0
99300	0
99400	0
99500	0
99600	0
99700	0
99800	0
99900	0
100000	0
100100	0
100200	0
100300	0
100400	0
100500	0
100600	0
100700	0
100800	0
100900	0
101000	0
101100	0
101200	0
101300	0
101400	0
101500	0
101600	0
101700	0
101800	0
101900	0
102000	0
102100	0
102200	0
102300	0
102400	0
102500	0
102600	0
102700	0
102800	0
102900	0
103000	0
103100	0
103200	0
103300	0
103400	0
103500	0
103600	0
103700	0
103800	0
103900	0
104000	0
104100	0
104200	0
104300	0
104400	0
104500	0
104600	0
104700	0
104800	0
104900	0
105000	0
105100	0
105200	0
105300	0
105400	0
105500	0
105600	0
105700	0
105800	0
105900	0
106000	0
106100	0
106200	0
106300	0
106400	0
106500	0
106600	0
106700	0
106800	0
106900	0
107000	0
107100	0
107200	0
107300	0
107400	0
107500	0
107600	0
107700	0
107800	0
107900	0
108000	0
108100	0
108200	0
108300	0
108400	0
108500	0
108600	0
108700	0
108800	0
108900	0
109000	0
109100	0
109200	0
109300	0
109400	0
109500	0
109600	0
109700	0
109800	0
109900	0
110000	0
110100	0
110200	0
110300	0
110400	0
110500	0
110600	0
110700	0
110800	0
110900	0
111000	0
111100	0
111200	0
111300	0
111400	0
111500	0
111600	0
111700	0
111800	0
111900	0
112000	0
112100	0
112200	0
112300	0
112400	0
112500	0
112600	0
112700	0
112800	0
112900	0
113000	0
113100	0
113200	0
113300	0
113400	0
113500	0
113600	0
113700	0
113800	0
113900	0
114000	0
114100	0
114200	0
114300	0
114400	0
114500	0
114600	0
114700	0
114800	0
114900	0
115000	0
115100	0
115200	0
115300	0
115400	0
115500	0
115600	0
115700	0
115800	0
115900	0
116000	0
116100	0
116200	0
116300	0
116400	0
116500	0
116600	0
116700	0
116800	0
116900	0
117000	0
117100	0
117200	0
117300	0
117400	0
117500	0
117600	0
117700	0
117800	0
117900	0
118000	0
118100	0
118200	0
118300	0
118400	0
118500	0
118600	0
118700	0
118800	0
118900	0
119000	0
119100	0
119200	0
119300	0
119400	0
119500	0
119600	0
119700	0
119800	0
119900	0
120000	0
120100	0
120200	0
120300	0
120400	0
120500	0
120600	0
120700	0
120800	0
120900	0
121000	0
121100	0
121200	0
121300	0
121400	0
121500	0
121600	0
121700	0
121800	0
121900	0
122000	0
122100	0
122200	0
122300	0
122400	0
122500	0
122600	0
122700	0
122800	0
122900	0
123000	0
123100	0
123200	0
123300	0
123400	0
123500	0
123600	0
123700	0
123800	0
123900	0
124000	0
124100	0
124200	0
124300	0
124400	0
124500	0
124600	0
124700	0
124800	0
124900	0
125000	0
125100	0
125200	0
125300	0
125400	0
125500	0
125600	0
125700	0
125800	0
125900	0
126000	0
126100	0
126200	0
126300	0
126400	0
126500	0
126600	0
126700	0
126800	0
126900	0
127000	0
127100	0
127200	0
127300	0
127400	0
127500	0
127600	0
127700	0
127800	0
127900	0
128000	0
128100	0
128200	0
128300	0
128400	0
128500	0
128600	0
128700	0
128800	0
128900	0
129000	0
129100	0
129200	0
129300	0
129400	0
129500	0
129600	0
129700	0
129800	0
129900	0
130000	0
130100	0
130200	0
130300	0
130400	0
130500	0
130600	0
130700	0
130800	0
130900	0
131000	0
131100	0
131200	0
131300	0
131400	0
131500	0
131600	0
131700	0
131800	0
131900	0
132000	0
132100	0
132200	0
132300	0
132400	0
132500	0
132600	0
132700	0
132800	0
132900	0
133000	0
133100	0
133200	0
133300	0
133400	0
133500	0
133600	0
133700	0
133800	0
133900	0
134000	0
134100	0
134200	0
134300	0
134400	0
134500	0
134600	0
134700	0
134800	0
134900	0
135000	0
135100	0
135200	0
135300	0
135400	0
135500	0
135600	0
135700	0
135800	0
135900	0
136000	0
136100	0
136200	0
136300	0
136400	0
136500	0
136600	0
136700	0
136800	0
136900	0
137000	0
137100	0
137200	0
137300	0
137400	0
137500	0
137600	0
137700	0
137800	0
137900	0
138000	0
138100	0
138200	0
138300	0
138400	0
138500	0
138600	0
138700	0
138800	0
138900	0
139000	0
139100	0
139200	0
139300	0
139400	0
139500	0
139600	0
139700	0
139800	0
139900	0
140000	0
140100	0
140200	0
140300	0
140400	0
140500	0
140600	0
140700	0
140800	0
140900	0
141000	0
141100	0
141200	0
141300	0
141400	0
141500	0
141600	0
141700	0
141800	0
141900	0
142000	0
142100	0
142200	0
142300	0
142400	0
142500	0
142600	0
142700	0
142800	0
142900	0
143000	0
143100	0
143200	0
143300	0
143400	0
143500	0
143600	0
143700	0
143800	0
143900	0
144000	0
144100	0
144200	0
144300	0
144400	0
144500	0
144600	0
144700	0
144800	0
144900	0
145000	0
145100	0
145200	0
145300	0
145400	0
145500	0
145600	0
145700	0
145800	0
145900	0
146000	0
146100	0
146200	0
146300	0
146400	0
146500	0
146600	0
146700	0
146800	0
146900	0
147000	0
147100	0
147200	0
147300	0
147400	0
147500	0
147600	0
147700	0
147800	0
147900	0
148000	0
148100	0
148200	0
148300	0
148400	0
148500	0
148600	0
148700	0
148800	0
148900	0
149000	0
149100	0
149200	0
149300	0
149400	0
149500	0
149600	0
149700	0
149800	0
149900	0
150000	0
150100	0
150200	0
150300	0
150400	0
150500	0
150600	0
150700	0
150800	0
150900	0
151000	0
151100	0
151200	0
151300	0
151400	0
151500	0
151600	0
151700	0
151800	0
151900	0
152000	0
152100	0
152200	0
152300	0
152400	0
152500	0
152600	0
152700	0
152800	0
152900	0
153000	0
153100	0
153200	0
153300	0
153400	0
153500	0
153600	0
153700	0
153800	0
153900	0
154000	0
154100	0
154200	0
154300	0
154400	0
154500	0
154600	0
154700	0
154800	0
154900	0
155000	0
155100	0
155200	0
155300	0
155400	0
155500	0
155600	0
155700	0
155800	0
155900	0
156000	0
156100	0
156200	0
156300	0
156400	0
156500	0
156600	0
156700	0
156800	0
156900	0
157000	0
157100	0
157200	0
157300	0
157400	0
157500	0
157600	0
157700	0
157800	0
157900	0
158000	0
158100	0
158200	0
158300	0
158400	0
158500	0
158600	0
158700	0
158800	0
158900	0
159000	0
159100	0
159200	0
159300	0
159400	0
159500	0
159600	0
159700	0
159800	0
159900	0
160000	0
