0	10387
100	308
200	354
300	315
400	312
500	326
600	269
700	295
800	331
900	336
1000	352
1100	298
1200	314
1300	304
1400	313
1500	304
1600	318
1700	290
1800	318
1900	317
2000	305
2100	314
2200	324
2300	294
2400	278
2500	293
2600	329
2700	317
2800	269
2900	335
3000	321
3100	305
3200	340
3300	294
3400	291
3500	298
3600	278
3700	279
3800	325
3900	305
4000	325
4100	293
4200	304
4300	323
4400	313
4500	298
4600	287
4700	332
4800	314
4900	310
5000	334
5100	316
5200	311
5300	314
5400	305
5500	298
5600	301
5700	317
5800	267
5900	272
6000	285
6100	294
6200	298
6300	286
6400	314
6500	315
6600	304
6700	299
6800	283
6900	271
7000	315
7100	281
7200	303
7300	318
7400	319
7500	298
7600	299
7700	273
7800	296
7900	292
8000	280
8100	294
8200	308
8300	299
8400	284
8500	287
8600	295
8700	309
8800	273
8900	272
9000	291
9100	275
9200	276
9300	314
9400	335
9500	275
9600	294
9700	279
9800	307
9900	303
10000	289
10100	296
10200	282
10300	299
10400	268
10500	276
10600	305
10700	292
10800	278
10900	288
11000	294
11100	322
11200	279
11300	277
11400	295
11500	281
11600	285
11700	274
11800	269
11900	282
12000	265
12100	266
12200	264
12300	325
12400	294
12500	295
12600	290
12700	260
12800	272
12900	277
13000	289
13100	297
13200	275
13300	306
13400	281
13500	278
13600	284
13700	246
13800	281
13900	239
14000	279
14100	255
14200	275
14300	295
14400	271
14500	285
14600	283
14700	256
14800	272
14900	266
15000	251
15100	263
15200	266
15300	280
15400	263
15500	279
15600	272
15700	259
15800	273
15900	236
16000	269
16100	278
16200	272
16300	292
16400	280
16500	266
16600	255
16700	255
16800	258
16900	242
17000	253
17100	257
17200	276
17300	242
17400	239
17500	266
17600	272
17700	228
17800	251
17900	278
18000	274
18100	256
18200	258
18300	237
18400	261
18500	225
18600	237
18700	268
18800	245
18900	255
19000	238
19100	242
19200	252
19300	242
19400	233
19500	262
19600	255
19700	259
19800	253
19900	242
20000	261
20100	241
20200	240
20300	225
20400	268
20500	208
20600	266
20700	258
20800	214
20900	241
21000	257
21100	248
21200	245
21300	228
21400	275
21500	244
21600	262
21700	257
21800	262
21900	268
22000	246
22100	259
22200	249
22300	222
22400	254
22500	241
22600	219
22700	266
22800	268
22900	230
23000	244
23100	231
23200	212
23300	225
23400	262
23500	229
23600	213
23700	226
23800	238
23900	247
24000	241
24100	230
24200	232
24300	238
24400	231
24500	233
24600	229
24700	235
24800	212
24900	220
25000	226
25100	233
25200	223
25300	212
25400	236
25500	236
25600	229
25700	231
25800	216
25900	222
26000	228
26100	243
26200	221
26300	234
26400	211
26500	206
26600	220
26700	254
26800	243
26900	234
27000	193
27100	213
27200	224
27300	193
27400	219
27500	189
27600	216
27700	227
27800	207
27900	202
28000	218
28100	219
28200	212
28300	207
28400	233
28500	213
28600	219
28700	205
28800	232
28900	213
29000	181
29100	226
29200	178
29300	214
29400	217
29500	200
29600	209
29700	230
29800	206
29900	187
30000	192
30100	212
30200	190
30300	223
30400	172
30500	203
30600	212
30700	178
30800	207
30900	181
31000	197
31100	187
31200	207
31300	190
31400	198
31500	220
31600	191
31700	189
31800	199
31900	209
32000	211
32100	200
32200	222
32300	200
32400	191
32500	188
32600	205
32700	190
32800	208
32900	201
33000	190
33100	196
33200	195
33300	185
33400	194
33500	181
33600	182
33700	175
33800	192
33900	183
34000	167
34100	162
34200	202
34300	215
34400	190
34500	185
34600	179
34700	186
34800	189
34900	182
35000	86
35100	0
35200	0
35300	0
35400	0
35500	0
35600	0
35700	0
35800	0
35900	0
36000	0
36100	0
36200	0
36300	0
36400	0
36500	0
36600	0
36700	0
36800	0
36900	0
37000	0
37100	0
37200	0
37300	0
37400	0
37500	0
37600	0
37700	0
37800	0
37900	0
38000	0
38100	0
38200	0
38300	0
38400	0
38500	0
38600	0
38700	0
38800	0
38900	0
39000	0
39100	0
39200	0
39300	0
39400	0
39500	0
39600	0
39700	0
39800	0
39900	0
40000	0
40100	0
40200	0
40300	0
40400	0
40500	0
40600	0
40700	0
40800	0
40900	0
41000	0
41100	0
41200	0
41300	0
41400	0
41500	0
41600	0
41700	0
41800	0
41900	0
42000	0
42100	0
42200	0
42300	0
42400	0
42500	0
42600	0
42700	0
42800	0
42900	0
43000	0
43100	0
43200	0
43300	0
43400	0
43500	0
43600	0
43700	0
43800	0
43900	0
44000	0
44100	0
44200	0
44300	0
44400	0
44500	0
44600	0
44700	0
44800	0
44900	0
45000	0
45100	0
45200	0
45300	0
45400	0
45500	0
45600	0
45700	0
45800	0
45900	0
46000	0
46100	0
46200	0
46300	0
46400	0
46500	0
46600	0
46700	0
46800	0
46900	0
47000	0
47100	0
47200	0
47300	0
47400	0
47500	0
47600	0
47700	0
47800	0
47900	0
48000	0
48100	0
48200	0
48300	0
48400	0
48500	0
48600	0
48700	0
48800	0
48900	0
49000	0
49100	0
49200	0
49300	0
49400	0
49500	0
49600	0
49700	0
49800	0
49900	0
50000	0
50100	0
50200	0
50300	0
50400	0
50500	0
50600	0
50700	0
50800	0
50900	0
51000	0
51100	0
51200	0
51300	0
51400	0
51500	0
51600	0
51700	0
51800	0
51900	0
52000	0
52100	0
52200	0
52300	0
52400	0
52500	0
52600	0
52700	0
52800	0
52900	0
53000	0
53100	0
53200	0
53300	0
53400	0
53500	0
53600	0
53700	0
53800	0
53900	0
54000	0
54100	0
54200	0
54300	0
54400	0
54500	0
54600	0
54700	0
54800	0
54900	0
55000	0
55100	0
55200	0
55300	0
55400	0
55500	0
55600	0
55700	0
55800	0
55900	0
56000	0
56100	0
56200	0
56300	0
56400	0
56500	0
56600	0
56700	0
56800	0
56900	0
57000	0
57100	0
57200	0
57300	0
57400	0
57500	0
57600	0
57700	0
57800	0
57900	0
58000	0
58100	0
58200	0
58300	0
58400	0
58500	0
58600	0
58700	0
58800	0
58900	0
59000	0
59100	0
59200	0
59300	0
59400	0
59500	0
59600	0
59700	0
59800	0
59900	0
60000	0
60100	0
60200	0
60300	0
60400	0
60500	0
60600	0
60700	0
60800	0
60900	0
61000	0
61100	0
61200	0
61300	0
61400	0
61500	0
61600	0
61700	0
61800	0
61900	0
62000	0
62100	0
62200	0
62300	0
62400	0
62500	0
62600	0
62700	0
62800	0
62900	0
63000	0
63100	0
63200	0
63300	0
63400	0
63500	0
63600	0
63700	0
63800	0
63900	0
64000	0
64100	0
64200	0
64300	0
64400	0
64500	0
64600	0
64700	0
64800	0
64900	0
65000	0
65100	0
65200	0
65300	0
65400	0
65500	0
65600	0
65700	0
65800	0
65900	0
66000	0
66100	0
66200	0
66300	0
66400	0
66500	0
66600	0
66700	0
66800	0
66900	0
67000	0
67100	0
67200	0
67300	0
67400	0
67500	0
67600	0
67700	0
67800	0
67900	0
68000	0
68100	0
68200	0
68300	0
68400	0
68500	0
68600	0
68700	0
68800	0
68900	0
69000	0
69100	0
69200	0
69300	0
69400	0
69500	0
69600	0
69700	0
69800	0
69900	0
70000	0
