45000	372	908	7
90000	446	908	9
1.35e+005	377	908	10
1.8e+005	385	908	8
2.25e+005	314	908	9
2.7e+005	342	908	9
3.15e+005	381	908	9
3.6e+005	375	908	10
4.05e+005	299	908	8
4.5e+005	262	908	8
4.95e+005	405	908	10
5.4e+005	375	908	9
5.85e+005	374	908	10
6.3e+005	269	908	8
6.75e+005	277	908	8
7.2e+005	370	908	10
7.65e+005	318	908	9
8.1e+005	319	908	9
8.55e+005	315	908	9
9e+005	347	908	9
9.45e+005	414	908	9
9.9e+005	312	908	9
1.035e+006	299	908	9
1.08e+006	310	908	9
1.125e+006	300	908	8
1.17e+006	389	908	10
1.215e+006	374	908	10
1.26e+006	278	908	8
1.305e+006	324	908	9
1.35e+006	307	908	9
1.395e+006	310	908	9
1.44e+006	347	908	10
1.485e+006	289	908	8
1.53e+006	312	908	9
1.575e+006	323	908	9
1.62e+006	322	908	9
1.665e+006	324	908	9
1.71e+006	299	908	9
1.755e+006	373	908	9
1.8e+006	383	908	9
1.845e+006	325	908	9
1.89e+006	344	908	10
1.935e+006	273	908	8
1.98e+006	359	908	10
2.025e+006	277	908	8
2.07e+006	308	908	9
2.115e+006	332	908	10
2.16e+006	285	908	8
2.205e+006	374	908	10
2.25e+006	294	908	8
2.295e+006	303	908	9
2.34e+006	341	908	10
2.385e+006	314	908	9
2.43e+006	332	908	9
2.475e+006	285	908	8
2.52e+006	323	908	9
2.565e+006	363	908	10
2.61e+006	314	908	9
2.655e+006	289	908	8
2.7e+006	352	908	10
2.745e+006	289	908	8
2.79e+006	335	908	10
2.835e+006	312	908	9
2.88e+006	288	908	9
2.925e+006	313	908	9
2.97e+006	311	908	8
3.015e+006	361	908	10
3.06e+006	310	908	9
3.105e+006	295	908	8
3.15e+006	348	908	10
3.195e+006	287	908	8
3.24e+006	317	908	9
3.285e+006	377	908	10
3.33e+006	273	908	8
3.375e+006	385	908	9
3.42e+006	358	908	9
3.465e+006	342	908	10
3.51e+006	325	908	9
3.555e+006	311	908	8
3.6e+006	301	908	9
3.645e+006	329	908	9
3.69e+006	342	908	10
3.735e+006	312	908	9
3.78e+006	305	908	9
3.825e+006	277	908	8
3.87e+006	310	908	9
3.915e+006	309	908	9
3.96e+006	362	908	10
4.005e+006	275	908	8
4.05e+006	296	908	9
4.095e+006	307	908	9
4.14e+006	320	908	9
4.185e+006	361	908	10
4.23e+006	277	908	8
4.275e+006	321	908	9
4.32e+006	342	908	9
4.365e+006	308	908	9
4.41e+006	360	908	10
4.455e+006	301	908	8
4.5e+006	358	908	10
4.545e+006	286	908	8
4.59e+006	351	908	10
4.635e+006	321	908	9
4.68e+006	334	908	9
4.725e+006	293	908	8
4.77e+006	316	908	9
4.815e+006	359	908	10
4.86e+006	284	908	9
4.905e+006	320	908	9
4.95e+006	275	908	8
4.995e+006	317	908	9
5.04e+006	344	908	9
5.085e+006	342	908	10
5.13e+006	372	908	10
5.175e+006	233	908	6
5.22e+006	355	908	10
5.265e+006	342	908	9
5.31e+006	340	908	10
5.355e+006	358	908	10
5.4e+006	222	908	6
5.445e+006	365	908	10
5.49e+006	305	908	9
5.535e+006	313	908	10
5.58e+006	316	908	9
5.625e+006	228	908	7
5.67e+006	370	908	10
5.715e+006	350	908	10
5.76e+006	310	908	9
5.805e+006	325	908	10
5.85e+006	247	908	7
5.895e+006	300	908	9
5.94e+006	377	908	10
5.985e+006	327	908	9
6.03e+006	302	908	9
6.075e+006	258	908	8
6.12e+006	314	908	9
6.165e+006	362	908	10
6.21e+006	314	908	9
6.255e+006	264	908	8
6.3e+006	311	908	9
6.345e+006	325	908	9
6.39e+006	308	908	9
6.435e+006	323	908	10
6.48e+006	274	908	8
6.525e+006	303	908	9
6.57e+006	311	908	9
6.615e+006	422	908	9
6.66e+006	366	908	10
6.705e+006	275	908	8
6.75e+006	329	908	10
6.795e+006	288	908	8
6.84e+006	322	908	9
6.885e+006	353	908	10
6.93e+006	290	908	8
6.975e+006	325	908	9
7.02e+006	324	908	9
7.065e+006	295	908	9
7.11e+006	362	908	10
7.155e+006	331	908	9
7.2e+006	320	908	9
7.245e+006	249	908	7
7.29e+006	358	908	10
7.335e+006	351	908	10
7.38e+006	311	908	9
7.425e+006	298	908	9
7.47e+006	270	908	8
7.515e+006	298	908	9
7.56e+006	314	908	9
7.605e+006	325	908	9
7.65e+006	376	908	10
7.695e+006	272	908	8
7.74e+006	299	908	9
7.785e+006	306	908	9
7.83e+006	301	908	9
7.875e+006	367	908	10
7.92e+006	307	908	8
7.965e+006	316	908	9
8.01e+006	319	908	9
8.055e+006	315	908	9
8.1e+006	372	908	10
8.145e+006	287	908	8
8.19e+006	324	908	9
8.235e+006	318	908	9
8.28e+006	319	908	9
8.325e+006	330	908	10
8.37e+006	274	908	8
8.415e+006	313	908	9
8.46e+006	319	908	9
8.505e+006	353	908	10
8.55e+006	319	908	9
8.595e+006	292	908	8
8.64e+006	278	908	8
8.685e+006	343	908	10
8.73e+006	332	908	9
8.775e+006	344	908	10
8.82e+006	294	908	8
8.865e+006	333	908	9
8.91e+006	338	908	9
8.955e+006	310	908	9
9e+006	354	908	10
9.045e+006	293	908	8
9.09e+006	341	908	10
9.135e+006	265	908	8
9.18e+006	292	908	9
9.225e+006	334	908	10
9.27e+006	281	908	8
9.315e+006	386	908	10
9.36e+006	300	908	8
9.405e+006	312	908	9
9.45e+006	350	908	10
9.495e+006	277	908	8
9.54e+006	321	908	10
9.585e+006	311	908	9
9.63e+006	309	908	8
9.675e+006	339	908	10
9.72e+006	275	908	8
9.765e+006	357	908	10
9.81e+006	328	908	9
9.855e+006	272	908	8
9.9e+006	371	908	10
9.945e+006	274	908	8
9.99e+006	344	908	10
1.0035e+007	293	908	9
1.008e+007	264	908	8
1.0125e+007	362	908	10
1.017e+007	280	908	8
1.0215e+007	352	908	10
1.026e+007	271	908	8
1.0305e+007	329	908	9
1.035e+007	268	908	8
1.0395e+007	355	908	10
1.044e+007	323	908	10
1.0485e+007	284	908	8
1.053e+007	333	908	9
1.0575e+007	299	908	9
1.062e+007	322	908	9
1.0665e+007	306	908	9
1.071e+007	323	908	9
1.0755e+007	295	908	9
1.08e+007	279	908	8
1.0845e+007	353	908	10
1.089e+007	351	908	10
1.0935e+007	290	908	8
1.098e+007	296	908	9
1.1025e+007	307	908	8
1.107e+007	356	908	10
1.1115e+007	353	908	10
1.116e+007	272	908	8
1.1205e+007	297	908	9
1.125e+007	282	908	8
1.1295e+007	361	908	10
1.134e+007	353	908	10
1.1385e+007	270	908	8
1.143e+007	300	908	9
1.1475e+007	291	908	8
1.152e+007	374	908	10
1.1565e+007	354	908	10
1.161e+007	344	908	8
1.1655e+007	372	908	9
1.17e+007	287	908	9
1.1745e+007	308	908	9
1.179e+007	358	908	10
1.1835e+007	275	908	8
1.188e+007	360	908	10
1.1925e+007	278	908	8
1.197e+007	331	908	9
1.2015e+007	339	908	9
1.206e+007	311	908	9
1.2105e+007	351	908	10
1.215e+007	280	908	8
1.2195e+007	350	908	10
1.224e+007	324	908	9
1.2285e+007	296	908	9
1.233e+007	281	908	8
1.2375e+007	294	908	9
1.242e+007	355	908	10
1.2465e+007	308	908	9
1.251e+007	337	908	9
1.2555e+007	279	908	8
1.26e+007	300	908	9
1.2645e+007	326	908	10
1.269e+007	316	908	9
1.2735e+007	327	908	9
1.278e+007	267	908	8
1.2825e+007	327	908	9
1.287e+007	313	908	9
1.2915e+007	304	908	9
1.296e+007	389	908	10
1.3005e+007	285	908	8
1.305e+007	348	908	9
1.3095e+007	321	908	9
1.314e+007	342	908	10
1.3185e+007	314	908	9
1.323e+007	265	908	7
1.3275e+007	353	908	10
1.332e+007	315	908	9
1.3365e+007	354	908	10
1.341e+007	329	908	9
1.3455e+007	233	908	7
1.35e+007	367	908	10
1.3545e+007	314	908	9
1.359e+007	309	908	9
1.3635e+007	338	908	10
1.368e+007	243	908	7
1.3725e+007	362	908	10
1.377e+007	358	908	10
1.3815e+007	271	908	8
1.386e+007	349	908	10
1.3905e+007	291	908	8
1.395e+007	292	908	9
1.3995e+007	356	908	10
1.404e+007	261	908	8
1.4085e+007	306	908	9
1.413e+007	307	908	9
1.4175e+007	318	908	9
1.422e+007	341	908	10
1.4265e+007	285	908	8
1.431e+007	324	908	9
1.4355e+007	304	908	9
1.44e+007	321	908	9
1.4445e+007	341	908	10
1.449e+007	291	908	8
1.4535e+007	304	908	9
1.458e+007	325	908	9
1.4625e+007	304	908	9
1.467e+007	354	908	10
1.4715e+007	239	908	7
1.476e+007	336	908	9
1.4805e+007	324	908	10
1.485e+007	296	908	9
1.4895e+007	360	908	10
1.494e+007	245	908	7
1.4985e+007	289	908	9
1.503e+007	309	908	9
1.5075e+007	359	908	10
1.512e+007	381	908	10
1.5165e+007	252	908	7
1.521e+007	306	908	9
1.5255e+007	307	908	9
1.53e+007	335	908	10
1.5345e+007	364	908	10
1.539e+007	278	908	7
1.5435e+007	320	908	9
1.548e+007	322	908	9
1.5525e+007	367	908	10
1.557e+007	320	908	9
1.5615e+007	304	908	9
1.566e+007	272	908	8
1.5705e+007	364	908	10
1.575e+007	329	908	9
1.5795e+007	329	908	9
1.584e+007	263	908	8
1.5885e+007	302	908	9
1.593e+007	291	908	9
1.5975e+007	355	908	10
1.602e+007	317	908	9
1.6065e+007	287	908	8
1.611e+007	312	908	9
1.6155e+007	335	908	9
1.62e+007	381	908	10
1.6245e+007	305	908	9
1.629e+007	336	908	9
1.6335e+007	269	908	8
1.638e+007	322	908	9
1.6425e+007	329	908	9
1.647e+007	347	908	10
1.6515e+007	290	908	8
1.656e+007	316	908	9
1.6605e+007	357	908	9
1.665e+007	365	908	9
1.6695e+007	395	908	10
1.674e+007	231	908	7
1.6785e+007	334	908	10
1.683e+007	306	908	9
1.6875e+007	319	908	9
1.692e+007	344	908	10
1.6965e+007	228	908	7
1.701e+007	339	908	10
1.7055e+007	320	908	9
1.71e+007	309	908	9
1.7145e+007	353	908	10
1.719e+007	297	908	8
1.7235e+007	301	908	9
1.728e+007	314	908	9
1.7325e+007	332	908	9
1.737e+007	351	908	10
1.7415e+007	294	908	8
1.746e+007	333	908	9
1.7505e+007	319	908	9
1.755e+007	309	908	9
1.7595e+007	372	908	10
1.764e+007	306	908	9
1.7685e+007	272	908	8
1.773e+007	311	908	9
1.7775e+007	315	908	9
1.782e+007	298	908	9
1.7865e+007	302	908	9
1.791e+007	334	908	9
1.7955e+007	305	908	9
1.8e+007	333	908	9
1.8045e+007	352	908	10
1.809e+007	313	908	8
1.8135e+007	276	908	8
1.818e+007	350	908	10
1.8225e+007	294	908	9
1.827e+007	338	908	9
1.8315e+007	319	908	9
1.836e+007	290	908	8
1.8405e+007	346	908	10
1.845e+007	317	908	9
1.8495e+007	289	908	9
1.854e+007	338	908	10
1.8585e+007	264	908	7
1.863e+007	365	908	10
1.8675e+007	325	908	9
1.872e+007	347	908	10
1.8765e+007	278	908	8
1.881e+007	281	908	8
1.8855e+007	359	908	10
1.89e+007	316	908	9
1.8945e+007	370	908	10
1.899e+007	280	908	8
1.9035e+007	293	908	8
1.908e+007	383	908	10
1.9125e+007	301	908	9
1.917e+007	373	908	10
1.9215e+007	285	908	8
1.926e+007	291	908	8
1.9305e+007	357	908	10
1.935e+007	305	908	9
1.9395e+007	314	908	9
1.944e+007	307	908	9
1.9485e+007	262	908	8
1.953e+007	355	908	10
1.9575e+007	364	908	10
1.962e+007	238	908	7
1.9665e+007	342	908	10
1.971e+007	330	908	9
1.9755e+007	308	908	9
1.98e+007	339	908	10
1.9845e+007	297	908	8
1.989e+007	300	908	9
1.9935e+007	339	908	10
1.998e+007	278	908	8
2.0025e+007	369	908	10
2.007e+007	315	908	9
2.0115e+007	288	908	8
2.016e+007	362	908	10
2.0205e+007	275	908	8
2.025e+007	354	908	10
2.0295e+007	248	908	7
2.034e+007	346	908	10
2.0385e+007	313	908	9
2.043e+007	306	908	9
2.0475e+007	357	908	10
2.052e+007	339	908	9
2.0565e+007	300	908	8
2.061e+007	309	908	9
2.0655e+007	326	908	9
2.07e+007	360	908	10
2.0745e+007	315	908	9
2.079e+007	283	908	8
2.0835e+007	322	908	9
2.088e+007	315	908	9
2.0925e+007	356	908	10
2.097e+007	322	908	9
2.1015e+007	286	908	8
2.106e+007	309	908	9
2.1105e+007	305	908	9
2.115e+007	350	908	10
2.1195e+007	287	908	9
2.124e+007	283	908	8
2.1285e+007	336	908	9
2.133e+007	287	908	9
2.1375e+007	314	908	9
2.142e+007	377	908	10
2.1465e+007	316	908	10
2.151e+007	228	908	7
2.1555e+007	328	908	9
2.16e+007	321	908	9
2.1645e+007	427	908	10
2.169e+007	372	908	9
2.1735e+007	287	908	8
2.178e+007	312	908	9
2.1825e+007	322	908	9
2.187e+007	325	908	10
2.1915e+007	322	908	9
2.196e+007	273	908	8
2.2005e+007	274	908	8
2.205e+007	359	908	10
2.2095e+007	353	908	10
2.214e+007	295	908	9
2.2185e+007	242	908	7
2.223e+007	312	908	9
2.2275e+007	348	908	10
2.232e+007	348	908	10
2.2365e+007	338	908	9
2.241e+007	316	908	9
2.2455e+007	237	908	7
2.25e+007	376	908	10
2.2545e+007	350	908	10
2.259e+007	320	908	9
2.2635e+007	301	908	8
2.268e+007	301	908	8
2.2725e+007	342	908	10
2.277e+007	319	908	9
2.2815e+007	387	908	10
2.286e+007	270	908	8
2.2905e+007	312	908	9
2.295e+007	296	908	9
2.2995e+007	310	908	9
2.304e+007	360	908	10
2.3085e+007	317	908	9
2.313e+007	281	908	8
2.3175e+007	329	908	9
2.322e+007	367	908	10
2.3265e+007	274	908	8
2.331e+007	347	908	10
2.3355e+007	225	908	7
2.34e+007	347	908	10
2.3445e+007	323	908	9
2.349e+007	316	908	9
2.3535e+007	335	908	10
2.358e+007	244	908	7
2.3625e+007	339	908	10
2.367e+007	302	908	9
2.3715e+007	324	908	9
2.376e+007	345	908	10
2.3805e+007	250	908	7
2.385e+007	357	908	10
2.3895e+007	299	908	9
2.394e+007	304	908	9
2.3985e+007	333	908	9
2.403e+007	311	908	9
2.4075e+007	299	908	9
2.412e+007	306	908	9
2.4165e+007	305	908	9
2.421e+007	317	908	9
2.4255e+007	313	908	9
2.43e+007	331	908	9
2.4345e+007	311	908	9
2.439e+007	304	908	9
2.4435e+007	341	908	10
2.448e+007	325	908	9
2.4525e+007	266	908	8
2.457e+007	330	908	9
2.4615e+007	320	908	9
2.466e+007	357	908	10
2.4705e+007	285	908	8
2.475e+007	299	908	9
2.4795e+007	321	908	9
2.484e+007	330	908	9
2.4885e+007	355	908	10
2.493e+007	243	908	7
2.4975e+007	367	908	10
2.502e+007	331	908	9
2.5065e+007	291	908	9
2.511e+007	356	908	10
2.5155e+007	258	908	7
2.52e+007	353	908	10
2.5245e+007	281	908	8
2.529e+007	350	908	10
2.5335e+007	356	908	10
2.538e+007	256	908	7
2.5425e+007	318	908	9
2.547e+007	357	908	10
2.5515e+007	310	908	9
2.556e+007	357	908	10
2.5605e+007	256	908	7
2.565e+007	357	908	10
2.5695e+007	317	908	9
2.574e+007	297	908	9
2.5785e+007	355	908	10
2.583e+007	252	908	7
2.5875e+007	319	908	9
2.592e+007	347	908	10
2.5965e+007	314	908	9
2.601e+007	358	908	10
2.6055e+007	333	908	9
2.61e+007	282	908	8
2.6145e+007	338	908	9
2.619e+007	319	908	9
2.6235e+007	328	908	10
2.628e+007	266	908	8
2.6325e+007	309	908	9
2.637e+007	300	908	9
2.6415e+007	320	908	9
2.646e+007	338	908	10
2.6505e+007	286	908	8
2.655e+007	301	908	9
2.6595e+007	300	908	9
2.664e+007	385	908	9
2.6685e+007	402	908	10
2.673e+007	279	908	8
2.6775e+007	263	908	8
2.682e+007	303	908	9
2.6865e+007	335	908	10
2.691e+007	302	908	9
2.6955e+007	318	908	9
2.7e+007	302	908	8
2.7045e+007	328	908	9
2.709e+007	356	908	10
2.7135e+007	323	908	9
2.718e+007	306	908	9
2.7225e+007	276	908	8
2.727e+007	326	908	9
2.7315e+007	355	908	10
2.736e+007	333	908	9
2.7405e+007	306	908	9
2.745e+007	289	908	8
2.7495e+007	350	908	9
2.754e+007	331	908	10
2.7585e+007	331	908	9
2.763e+007	343	908	9
2.7675e+007	334	908	9
2.772e+007	288	908	8
2.7765e+007	360	908	10
2.781e+007	306	908	9
2.7855e+007	303	908	9
2.79e+007	317	908	9
2.7945e+007	270	908	8
2.799e+007	340	908	10
2.8035e+007	319	908	9
2.808e+007	296	908	9
2.8125e+007	244	908	7
2.817e+007	382	908	10
2.8215e+007	342	908	10
2.826e+007	341	908	9
2.8305e+007	313	908	9
2.835e+007	307	908	9
2.8395e+007	299	908	8
2.844e+007	353	908	10
2.8485e+007	328	908	9
2.853e+007	337	908	10
2.8575e+007	251	908	7
2.862e+007	326	908	9
2.8665e+007	356	908	10
2.871e+007	317	908	9
2.8755e+007	348	908	10
2.88e+007	289	908	8
2.8845e+007	288	908	8
2.889e+007	309	908	9
2.8935e+007	358	908	10
2.898e+007	320	908	9
2.9025e+007	308	908	9
2.907e+007	279	908	8
2.9115e+007	363	908	10
2.916e+007	322	908	9
2.9205e+007	317	908	9
2.925e+007	269	908	8
2.9295e+007	342	908	9
2.934e+007	361	908	10
2.9385e+007	318	908	9
2.943e+007	323	908	9
2.9475e+007	285	908	8
2.952e+007	336	908	9
2.9565e+007	367	908	10
2.961e+007	339	908	9
2.9655e+007	310	908	9
2.97e+007	280	908	8
2.9745e+007	320	908	9
2.979e+007	357	908	10
2.9835e+007	269	908	8
2.988e+007	364	908	10
2.9925e+007	281	908	8
2.997e+007	326	908	9
3.0015e+007	351	908	10
3.006e+007	277	908	8
3.0105e+007	349	908	10
3.015e+007	287	908	8
3.0195e+007	320	908	9
3.024e+007	344	908	10
3.0285e+007	281	908	8
3.033e+007	368	908	10
3.0375e+007	236	908	8
3.042e+007	315	908	9
3.0465e+007	335	908	9
3.051e+007	372	908	10
3.0555e+007	329	908	9
3.06e+007	284	908	8
3.0645e+007	303	908	9
3.069e+007	302	908	9
3.0735e+007	355	908	10
3.078e+007	301	908	9
3.0825e+007	285	908	8
3.087e+007	304	908	9
3.0915e+007	294	908	9
3.096e+007	352	908	10
3.1005e+007	285	908	8
3.105e+007	327	908	9
3.1095e+007	342	908	9
3.114e+007	301	908	9
3.1185e+007	350	908	10
3.123e+007	314	908	9
3.1275e+007	275	908	8
3.132e+007	308	908	9
3.1365e+007	308	908	9
3.141e+007	372	908	10
3.1455e+007	334	908	9
3.15e+007	283	908	8
3.1545e+007	279	908	9
3.159e+007	311	908	9
3.1635e+007	380	908	10
3.168e+007	399	908	9
3.1725e+007	313	908	8
3.177e+007	340	908	9
3.1815e+007	297	908	9
3.186e+007	351	908	10
3.1905e+007	343	908	10
3.195e+007	250	908	7
3.1995e+007	308	908	9
3.204e+007	310	908	9
3.2085e+007	334	908	10
3.213e+007	377	908	10
3.2175e+007	220	908	7
3.222e+007	320	908	9
3.2265e+007	282	908	9
3.231e+007	333	908	10
3.2355e+007	289	908	9
3.24e+007	264	908	8
3.2445e+007	280	908	8
3.249e+007	352	908	10
3.2535e+007	346	908	10
3.258e+007	317	908	9
3.2625e+007	305	908	8
3.267e+007	281	908	8
3.2715e+007	359	908	10
3.276e+007	334	908	10
3.2805e+007	292	908	8
3.285e+007	324	908	9
3.2895e+007	281	908	8
3.294e+007	350	908	10
3.2985e+007	374	908	10
3.303e+007	283	908	8
3.3075e+007	312	908	9
3.312e+007	279	908	8
3.3165e+007	372	908	10
3.321e+007	353	908	10
3.3255e+007	279	908	8
3.33e+007	356	908	10
3.3345e+007	216	908	7
3.339e+007	361	908	10
3.3435e+007	317	908	9
3.348e+007	343	908	9
3.3525e+007	302	908	8
3.357e+007	305	908	9
3.3615e+007	337	908	10
3.366e+007	358	908	10
3.3705e+007	249	908	8
3.375e+007	308	908	9
3.3795e+007	263	908	8
3.384e+007	335	908	10
3.3885e+007	341	908	10
3.393e+007	286	908	8
3.3975e+007	326	908	9
3.402e+007	332	908	9
3.4065e+007	312	908	9
3.411e+007	324	908	9
3.4155e+007	325	908	9
3.42e+007	304	908	9
3.4245e+007	315	908	9
3.429e+007	307	908	9
3.4335e+007	319	908	9
3.438e+007	295	908	9
3.4425e+007	288	908	9
3.447e+007	288	908	8
3.4515e+007	359	908	10
3.456e+007	325	908	9
3.4605e+007	349	908	10
3.465e+007	278	908	8
3.4695e+007	273	908	8
3.474e+007	332	908	10
3.4785e+007	324	908	9
3.483e+007	363	908	10
3.4875e+007	265	908	7
3.492e+007	326	908	9
3.4965e+007	359	908	10
3.501e+007	295	908	9
3.5055e+007	349	908	10
3.51e+007	278	908	8
3.5145e+007	256	908	8
3.519e+007	374	908	10
3.5235e+007	290	908	9
3.528e+007	382	908	10
3.5325e+007	301	908	9
3.537e+007	247	908	7
3.5415e+007	357	908	10
3.546e+007	314	908	9
3.5505e+007	367	908	10
3.555e+007	304	908	9
3.5595e+007	227	908	7
3.564e+007	355	908	10
3.5685e+007	320	908	9
3.573e+007	363	908	10
3.5775e+007	289	908	8
3.582e+007	282	908	8
3.5865e+007	357	908	10
3.591e+007	317	908	9
3.5955e+007	349	908	10
3.6e+007	278	908	8
3.6045e+007	272	908	8
3.609e+007	362	908	10
3.6135e+007	304	908	9
3.618e+007	346	908	10
3.6225e+007	268	908	8
3.627e+007	297	908	8
3.6315e+007	361	908	10
3.636e+007	325	908	9
3.6405e+007	365	908	10
3.645e+007	268	908	8
3.6495e+007	279	908	8
3.654e+007	284	908	9
3.6585e+007	364	908	10
3.663e+007	324	908	10
3.6675e+007	330	908	8
3.672e+007	352	908	8
3.6765e+007	331	908	9
3.681e+007	349	908	10
3.6855e+007	351	908	9
3.69e+007	316	908	9
3.6945e+007	280	908	8
3.699e+007	311	908	9
3.7035e+007	345	908	10
3.708e+007	307	908	9
3.7125e+007	300	908	8
3.717e+007	304	908	9
3.7215e+007	313	908	9
3.726e+007	346	908	10
3.7305e+007	344	908	9
3.735e+007	314	908	9
3.7395e+007	278	908	8
3.744e+007	362	908	10
3.7485e+007	310	908	9
3.753e+007	311	908	9
3.7575e+007	297	908	9
3.762e+007	279	908	8
3.7665e+007	364	908	10
3.771e+007	339	908	9
3.7755e+007	268	908	8
3.78e+007	369	908	10
3.7845e+007	269	908	8
3.789e+007	361	908	10
3.7935e+007	299	908	9
3.798e+007	278	908	8
3.8025e+007	348	908	10
3.807e+007	275	908	8
3.8115e+007	312	908	9
3.816e+007	358	908	10
3.8205e+007	280	908	8
3.825e+007	337	908	10
3.8295e+007	324	908	9
3.834e+007	285	908	8
3.8385e+007	319	908	9
3.843e+007	295	908	9
3.8475e+007	352	908	10
3.852e+007	280	908	8
3.8565e+007	323	908	9
3.861e+007	325	908	9
3.8655e+007	322	908	9
3.87e+007	349	908	10
3.8745e+007	285	908	8
3.879e+007	308	908	9
3.8835e+007	278	908	8
3.888e+007	376	908	10
3.8925e+007	374	908	10
3.897e+007	288	908	8
3.9015e+007	318	908	9
3.906e+007	247	908	8
3.9105e+007	346	908	10
3.915e+007	343	908	10
3.9195e+007	270	908	8
3.924e+007	331	908	9
3.9285e+007	271	908	8
3.933e+007	335	908	10
3.9375e+007	365	908	10
3.942e+007	280	908	8
3.9465e+007	332	908	9
3.951e+007	261	908	8
3.9555e+007	358	908	10
3.96e+007	345	908	10
3.9645e+007	303	908	8
3.969e+007	309	908	9
3.9735e+007	300	908	8
3.978e+007	382	908	10
3.9825e+007	335	908	10
3.987e+007	327	908	9
3.9915e+007	292	908	8
3.996e+007	315	908	9
4.0005e+007	340	908	9
4.005e+007	375	908	10
4.0095e+007	270	908	8
4.014e+007	320	908	9
4.0185e+007	299	908	9
4.023e+007	334	908	9
4.0275e+007	373	908	10
4.032e+007	262	908	8
4.0365e+007	345	908	10
4.041e+007	241	908	7
4.0455e+007	339	908	10
4.05e+007	354	908	10
4.0545e+007	287	908	8
4.059e+007	347	908	10
4.0635e+007	292	908	8
4.068e+007	303	908	9
4.0725e+007	367	908	10
4.077e+007	304	908	8
4.0815e+007	329	908	10
4.086e+007	279	908	8
4.0905e+007	321	908	9
4.095e+007	355	908	10
4.0995e+007	304	908	8
4.104e+007	351	908	10
4.1085e+007	293	908	8
4.113e+007	320	908	9
4.1175e+007	349	908	10
4.122e+007	283	908	8
4.1265e+007	315	908	10
4.131e+007	249	908	7
4.1355e+007	352	908	10
4.14e+007	339	908	10
4.1445e+007	275	908	8
4.149e+007	340	908	10
4.1535e+007	282	908	8
4.158e+007	328	908	9
4.1625e+007	324	908	10
4.167e+007	305	908	8
4.1715e+007	408	908	10
4.176e+007	273	908	7
4.1805e+007	364	908	10
4.185e+007	372	908	10
4.1895e+007	279	908	8
4.194e+007	365	908	10
4.1985e+007	292	908	8
4.203e+007	309	908	9
4.2075e+007	313	908	9
4.212e+007	289	908	9
4.2165e+007	357	908	10
4.221e+007	265	908	7
4.2255e+007	345	908	10
4.23e+007	344	908	10
4.2345e+007	283	908	8
4.239e+007	327	908	10
4.2435e+007	240	908	7
4.248e+007	363	908	10
4.2525e+007	357	908	10
4.257e+007	286	908	8
4.2615e+007	305	908	9
4.266e+007	287	908	8
4.2705e+007	350	908	10
4.275e+007	333	908	10
4.2795e+007	269	908	8
4.284e+007	330	908	9
4.2885e+007	290	908	8
4.293e+007	365	908	10
4.2975e+007	352	908	10
4.302e+007	270	908	8
4.3065e+007	322	908	9
4.311e+007	287	908	8
4.3155e+007	357	908	10
4.32e+007	329	908	9
4.3245e+007	283	908	8
4.329e+007	316	908	9
4.3335e+007	316	908	9
4.338e+007	344	908	10
4.3425e+007	339	908	10
4.347e+007	235	908	7
4.3515e+007	333	908	9
4.356e+007	324	908	9
4.3605e+007	383	908	10
4.365e+007	388	908	10
4.3695e+007	273	908	8
4.374e+007	227	908	7
4.3785e+007	352	908	10
4.383e+007	373	908	10
4.3875e+007	356	908	10
4.392e+007	315	908	9
4.3965e+007	252	908	7
4.401e+007	334	908	9
4.4055e+007	357	908	10
4.41e+007	369	908	10
4.4145e+007	292	908	8
4.419e+007	263	908	8
4.4235e+007	344	908	9
4.428e+007	350	908	10
4.4325e+007	334	908	10
4.437e+007	294	908	8
4.4415e+007	270	908	8
4.446e+007	274	908	9
4.4505e+007	367	908	10
4.455e+007	343	908	10
4.4595e+007	247	908	7
4.464e+007	324	908	9
4.4685e+007	302	908	9
4.473e+007	338	908	10
4.4775e+007	383	908	10
4.482e+007	277	908	8
4.4865e+007	283	908	8
4.491e+007	314	908	9
4.4955e+007	350	908	10
4.5e+007	320	908	9
4.5045e+007	326	908	9
4.509e+007	277	908	8
4.5135e+007	354	908	10
4.518e+007	301	908	9
4.5225e+007	359	908	10
4.527e+007	261	908	7
4.5315e+007	321	908	9
4.536e+007	352	908	10
4.5405e+007	323	908	9
4.545e+007	324	908	9
4.5495e+007	263	908	8
4.554e+007	325	908	9
4.5585e+007	336	908	9
4.563e+007	347	908	10
4.5675e+007	311	908	9
4.572e+007	321	908	9
4.5765e+007	328	908	9
4.581e+007	321	908	9
4.5855e+007	304	908	9
4.59e+007	326	908	9
4.5945e+007	297	908	8
4.599e+007	352	908	10
4.6035e+007	278	908	8
4.608e+007	320	908	9
4.6125e+007	353	908	10
4.617e+007	300	908	8
4.6215e+007	353	908	10
4.626e+007	287	908	8
4.6305e+007	332	908	9
4.635e+007	376	908	10
4.6395e+007	270	908	8
4.644e+007	338	908	10
4.6485e+007	289	908	8
4.653e+007	334	908	10
4.6575e+007	265	908	8
4.662e+007	312	908	9
4.6665e+007	359	908	10
4.671e+007	413	908	9
4.6755e+007	372	908	9
4.68e+007	260	908	8
4.6845e+007	335	908	9
4.689e+007	364	908	10
4.6935e+007	313	908	9
4.698e+007	317	908	9
4.7025e+007	238	908	7
4.707e+007	328	908	10
4.7115e+007	308	908	9
4.716e+007	318	908	9
4.7205e+007	310	908	9
4.725e+007	306	908	8
4.7295e+007	344	908	10
4.734e+007	337	908	10
4.7385e+007	271	908	8
4.743e+007	342	908	10
4.7475e+007	285	908	8
4.752e+007	308	908	9
4.7565e+007	354	908	10
4.761e+007	330	908	9
4.7655e+007	287	908	8
4.77e+007	288	908	8
4.7745e+007	353	908	10
4.779e+007	323	908	10
4.7835e+007	332	908	9
4.788e+007	277	908	8
4.7925e+007	325	908	9
4.797e+007	280	908	9
4.8015e+007	379	908	10
4.806e+007	332	908	9
4.8105e+007	255	908	8
4.815e+007	345	908	10
4.8195e+007	285	908	8
4.824e+007	304	908	9
4.8285e+007	361	908	10
4.833e+007	269	908	8
4.8375e+007	280	908	8
4.842e+007	358	908	10
4.8465e+007	301	908	9
4.851e+007	340	908	10
4.8555e+007	313	908	9
4.86e+007	287	908	8
4.8645e+007	302	908	9
4.869e+007	322	908	9
4.8735e+007	374	908	10
4.878e+007	332	908	9
4.8825e+007	283	908	8
4.887e+007	291	908	9
4.8915e+007	317	908	9
4.896e+007	335	908	10
4.9005e+007	362	908	10
4.905e+007	286	908	8
4.9095e+007	288	908	8
4.914e+007	362	908	10
4.9185e+007	297	908	9
4.923e+007	347	908	10
4.9275e+007	301	908	8
4.932e+007	275	908	8
4.9365e+007	378	908	10
4.941e+007	304	908	9
4.9455e+007	344	908	10
4.95e+007	263	908	8
4.9545e+007	272	908	8
4.959e+007	380	908	10
4.9635e+007	305	908	9
4.968e+007	364	908	10
4.9725e+007	253	908	7
4.977e+007	366	908	10
4.9815e+007	312	908	9
4.986e+007	310	908	9
4.9905e+007	362	908	10
4.995e+007	316	908	9
4.9995e+007	298	908	8
5.004e+007	324	908	9
5.0085e+007	323	908	9
5.013e+007	345	908	10
5.0175e+007	280	908	8
5.022e+007	306	908	9
5.0265e+007	290	908	8
5.031e+007	360	908	10
5.0355e+007	354	908	10
5.04e+007	268	908	8
5.0445e+007	315	908	9
5.049e+007	263	908	8
5.0535e+007	348	908	10
5.058e+007	338	908	10
5.0625e+007	290	908	9
5.067e+007	296	908	8
5.0715e+007	303	908	8
5.076e+007	386	908	10
5.0805e+007	347	908	10
5.085e+007	301	908	9
5.0895e+007	289	908	8
5.094e+007	286	908	8
5.0985e+007	360	908	10
5.103e+007	355	908	10
5.1075e+007	333	908	9
5.112e+007	275	908	8
5.1165e+007	273	908	8
5.121e+007	349	908	10
5.1255e+007	362	908	10
5.13e+007	320	908	9
5.1345e+007	294	908	8
5.139e+007	264	908	8
5.1435e+007	340	908	10
5.148e+007	316	908	9
5.1525e+007	356	908	10
5.157e+007	303	908	8
5.1615e+007	297	908	8
5.166e+007	329	908	10
5.1705e+007	364	908	9
5.175e+007	446	908	10
5.1795e+007	272	908	8
5.184e+007	319	908	9
5.1885e+007	294	908	9
5.193e+007	299	908	9
5.1975e+007	362	908	10
5.202e+007	268	908	7
5.2065e+007	377	908	10
5.211e+007	320	908	9
5.2155e+007	321	908	9
5.22e+007	358	908	10
5.2245e+007	262	908	7
5.229e+007	374	908	10
5.2335e+007	306	908	9
5.238e+007	317	908	9
5.2425e+007	354	908	10
5.247e+007	275	908	8
5.2515e+007	281	908	8
5.256e+007	313	908	9
5.2605e+007	368	908	10
5.265e+007	374	908	10
5.2695e+007	296	908	8
5.274e+007	321	908	9
5.2785e+007	290	908	8
5.283e+007	357	908	10
5.2875e+007	362	908	10
5.292e+007	296	908	8
5.2965e+007	318	908	9
5.301e+007	271	908	8
5.3055e+007	358	908	10
5.31e+007	333	908	10
5.3145e+007	310	908	9
5.319e+007	283	908	8
5.3235e+007	308	908	8
5.328e+007	363	908	10
5.3325e+007	334	908	9
5.337e+007	313	908	9
5.3415e+007	294	908	9
5.346e+007	286	908	8
5.3505e+007	355	908	10
5.355e+007	320	908	9
5.3595e+007	311	908	9
5.364e+007	318	908	9
5.3685e+007	264	908	8
5.373e+007	358	908	10
5.3775e+007	277	908	8
5.382e+007	333	908	10
5.3865e+007	282	908	8
5.391e+007	303	908	9
5.3955e+007	321	908	9
5.4e+007	310	908	9
5.4045e+007	334	908	10
5.409e+007	314	908	9
5.4135e+007	286	908	8
5.418e+007	361	908	9
5.4225e+007	336	908	10
5.427e+007	289	908	8
5.4315e+007	313	908	9
5.436e+007	316	908	9
5.4405e+007	326	908	9
5.445e+007	352	908	10
5.4495e+007	283	908	8
5.454e+007	347	908	10
5.4585e+007	262	908	8
5.463e+007	353	908	10
5.4675e+007	337	908	9
5.472e+007	302	908	9
5.4765e+007	264	908	7
5.481e+007	367	908	10
5.4855e+007	349	908	10
5.49e+007	294	908	8
5.4945e+007	343	908	10
5.499e+007	282	908	8
5.5035e+007	307	908	9
5.508e+007	360	908	10
5.5125e+007	282	908	8
5.517e+007	327	908	9
5.5215e+007	284	908	9
5.526e+007	311	908	9
5.5305e+007	363	908	10
5.535e+007	288	908	8
5.5395e+007	323	908	9
5.544e+007	297	908	9
5.5485e+007	318	908	9
5.553e+007	351	908	10
5.5575e+007	304	908	8
5.562e+007	302	908	9
5.5665e+007	319	908	9
5.571e+007	306	908	9
5.5755e+007	381	908	10
5.58e+007	291	908	8
5.5845e+007	279	908	8
5.589e+007	367	908	10
5.5935e+007	298	908	9
5.598e+007	377	908	10
5.6025e+007	227	908	7
5.607e+007	314	908	9
5.6115e+007	373	908	10
5.616e+007	299	908	9
5.6205e+007	359	908	10
5.625e+007	244	908	7
5.6295e+007	346	908	9
5.634e+007	367	908	10
5.6385e+007	305	908	9
5.643e+007	327	908	10
5.6475e+007	251	908	7
5.652e+007	315	908	9
5.6565e+007	349	908	10
5.661e+007	327	908	9
5.6655e+007	334	908	9
5.67e+007	333	908	9
5.6745e+007	381	908	9
5.679e+007	353	908	9
5.6835e+007	315	908	9
5.688e+007	309	908	9
5.6925e+007	367	908	10
5.697e+007	298	908	8
5.7015e+007	314	908	9
5.706e+007	359	908	10
5.7105e+007	267	908	8
5.715e+007	377	908	10
5.7195e+007	285	908	8
5.724e+007	315	908	9
5.7285e+007	326	908	10
5.733e+007	290	908	9
5.7375e+007	326	908	9
5.742e+007	283	908	8
5.7465e+007	308	908	9
5.751e+007	359	908	10
5.7555e+007	300	908	9
5.76e+007	282	908	8
5.7645e+007	304	908	9
5.769e+007	320	908	9
5.7735e+007	353	908	10
5.778e+007	298	908	9
5.7825e+007	298	908	9
5.787e+007	288	908	8
5.7915e+007	325	908	9
5.796e+007	355	908	10
5.8005e+007	325	908	9
5.805e+007	270	908	8
5.8095e+007	290	908	8
5.814e+007	339	908	10
5.8185e+007	349	908	10
5.823e+007	284	908	8
5.8275e+007	358	908	10
5.832e+007	232	908	7
5.8365e+007	348	908	10
5.841e+007	336	908	10
5.8455e+007	299	908	8
5.85e+007	377	908	10
5.8545e+007	258	908	7
5.859e+007	328	908	10
5.8635e+007	348	908	10
5.868e+007	274	908	8
5.8725e+007	306	908	9
5.877e+007	284	908	8
5.8815e+007	337	908	10
5.886e+007	339	908	10
5.8905e+007	292	908	8
5.895e+007	312	908	9
5.8995e+007	331	908	9
5.904e+007	305	908	9
5.9085e+007	357	908	10
5.913e+007	268	908	8
5.9175e+007	357	908	10
5.922e+007	274	908	8
5.9265e+007	317	908	9
5.931e+007	361	908	10
5.9355e+007	319	908	9
5.94e+007	326	908	9
5.9445e+007	280	908	8
5.949e+007	344	908	9
5.9535e+007	351	908	10
5.958e+007	331	908	9
5.9625e+007	307	908	9
5.967e+007	269	908	8
5.9715e+007	335	908	9
5.976e+007	312	908	10
5.9805e+007	347	908	9
5.985e+007	329	908	9
5.9895e+007	257	908	7
5.994e+007	356	908	10
5.9985e+007	362	908	10
6.003e+007	312	908	9
6.0075e+007	311	908	9
6.012e+007	253	908	7
6.0165e+007	359	908	10
6.021e+007	332	908	10
6.0255e+007	320	908	9
6.03e+007	335	908	9
6.0345e+007	287	908	8
6.039e+007	292	908	9
6.0435e+007	352	908	10
6.048e+007	310	908	9
6.0525e+007	295	908	9
6.057e+007	261	908	7
6.0615e+007	341	908	10
6.066e+007	364	908	10
6.0705e+007	309	908	9
6.075e+007	303	908	8
6.0795e+007	304	908	9
6.084e+007	313	908	9
6.0885e+007	377	908	10
6.093e+007	346	908	10
6.0975e+007	278	908	8
6.102e+007	235	908	7
6.1065e+007	349	908	10
6.111e+007	312	908	10
6.1155e+007	353	908	10
6.12e+007	201	908	6
6.1245e+007	364	908	10
6.129e+007	329	908	9
6.1335e+007	345	908	10
6.138e+007	386	908	10
6.1425e+007	273	908	7
6.147e+007	274	908	8
6.1515e+007	348	908	10
6.156e+007	349	908	10
6.1605e+007	332	908	10
6.165e+007	243	908	7
6.1695e+007	310	908	9
6.174e+007	360	908	9
6.1785e+007	411	908	10
6.183e+007	354	908	10
6.1875e+007	303	908	9
6.192e+007	250	908	7
6.1965e+007	335	908	9
6.201e+007	355	908	10
6.2055e+007	370	908	10
6.21e+007	255	908	7
6.2145e+007	302	908	9
6.219e+007	308	908	9
6.2235e+007	377	908	10
6.228e+007	370	908	10
6.2325e+007	240	908	7
6.237e+007	318	908	9
6.2415e+007	319	908	9
6.246e+007	359	908	10
6.2505e+007	327	908	9
6.255e+007	310	908	9
6.2595e+007	290	908	8
6.264e+007	303	908	9
6.2685e+007	345	908	10
6.273e+007	361	908	10
6.2775e+007	251	908	7
6.282e+007	320	908	9
6.2865e+007	298	908	9
6.291e+007	372	908	10
6.2955e+007	367	908	10
6.3e+007	245	908	7
6.3045e+007	341	908	10
6.309e+007	261	908	8
6.3135e+007	358	908	10
6.318e+007	357	908	10
6.3225e+007	286	908	8
6.327e+007	300	908	9
6.3315e+007	282	908	8
6.336e+007	358	908	10
6.3405e+007	373	908	10
6.345e+007	275	908	8
6.3495e+007	306	908	9
6.354e+007	283	908	8
6.3585e+007	339	908	10
6.363e+007	354	908	10
6.3675e+007	327	908	9
6.372e+007	344	908	9
6.3765e+007	256	908	7
6.381e+007	344	908	10
6.3855e+007	359	908	10
6.39e+007	337	908	10
6.3945e+007	275	908	8
6.399e+007	229	908	7
6.4035e+007	366	908	10
6.408e+007	353	908	10
6.4125e+007	347	908	10
6.417e+007	279	908	8
6.4215e+007	286	908	8
6.426e+007	302	908	9
6.4305e+007	365	908	10
6.435e+007	321	908	9
6.4395e+007	332	908	9
6.444e+007	272	908	8
6.4485e+007	307	908	9
6.453e+007	335	908	10
6.4575e+007	358	908	10
6.462e+007	296	908	9
6.4665e+007	284	908	8
6.471e+007	268	908	8
6.4755e+007	365	908	10
6.48e+007	318	908	9
6.4845e+007	358	908	10
6.489e+007	298	908	8
6.4935e+007	287	908	8
6.498e+007	360	908	10
6.5025e+007	317	908	9
6.507e+007	355	908	10
6.5115e+007	248	908	7
6.516e+007	313	908	9
6.5205e+007	373	908	10
6.525e+007	300	908	9
6.5295e+007	322	908	10
6.534e+007	268	908	8
6.5385e+007	266	908	8
6.543e+007	341	908	10
6.5475e+007	330	908	9
6.552e+007	352	908	10
6.5565e+007	271	908	8
6.561e+007	278	908	8
6.5655e+007	374	908	10
6.57e+007	311	908	9
6.5745e+007	355	908	10
6.579e+007	279	908	8
6.5835e+007	273	908	8
6.588e+007	323	908	10
6.5925e+007	335	908	9
6.597e+007	325	908	10
6.6015e+007	297	908	9
6.606e+007	228	908	7
6.6105e+007	378	908	10
6.615e+007	378	908	10
6.6195e+007	330	908	9
6.624e+007	335	908	9
6.6285e+007	258	908	7
6.633e+007	360	908	10
6.6375e+007	339	908	9
6.642e+007	307	908	9
6.6465e+007	365	908	10
6.651e+007	268	908	8
6.6555e+007	304	908	9
6.66e+007	369	908	10
6.6645e+007	280	908	8
6.669e+007	361	908	10
6.6735e+007	293	908	8
6.678e+007	386	908	9
6.6825e+007	360	908	10
6.687e+007	290	908	8
6.6915e+007	358	908	10
6.696e+007	278	908	8
6.7005e+007	313	908	9
6.705e+007	340	908	10
6.7095e+007	322	908	9
6.714e+007	340	908	9
6.7185e+007	296	908	8
6.723e+007	315	908	9
6.7275e+007	334	908	10
6.732e+007	291	908	8
6.7365e+007	297	908	9
6.741e+007	299	908	9
6.7455e+007	291	908	9
6.75e+007	362	908	10
6.7545e+007	287	908	8
6.759e+007	290	908	9
6.7635e+007	297	908	9
6.768e+007	342	908	10
6.7725e+007	312	908	9
6.777e+007	296	908	8
6.7815e+007	311	908	9
6.786e+007	332	908	10
6.7905e+007	292	908	9
6.795e+007	321	908	9
6.7995e+007	262	908	7
6.804e+007	329	908	10
6.8085e+007	338	908	10
6.813e+007	325	908	9
6.8175e+007	307	908	9
6.822e+007	286	908	8
6.8265e+007	334	908	9
6.831e+007	335	908	10
6.8355e+007	327	908	9
6.84e+007	315	908	9
6.8445e+007	284	908	8
6.849e+007	374	908	10
6.8535e+007	274	908	8
6.858e+007	356	908	10
6.8625e+007	284	908	9
6.867e+007	302	908	8
6.8715e+007	350	908	10
6.876e+007	288	908	8
6.8805e+007	348	908	10
6.885e+007	307	908	9
6.8895e+007	276	908	8
6.894e+007	312	908	9
6.8985e+007	315	908	9
6.903e+007	347	908	10
6.9075e+007	285	908	8
6.912e+007	291	908	9
6.9165e+007	386	908	10
6.921e+007	263	908	8
6.9255e+007	329	908	10
6.93e+007	309	908	8
6.9345e+007	373	908	10
6.939e+007	299	908	9
6.9435e+007	281	908	8
6.948e+007	371	908	10
6.9525e+007	325	908	9
6.957e+007	323	908	9
6.9615e+007	307	908	9
6.966e+007	296	908	8
6.9705e+007	345	908	10
6.975e+007	311	908	9
6.9795e+007	319	908	9
6.984e+007	303	908	9
6.9885e+007	293	908	8
6.993e+007	326	908	10
6.9975e+007	303	908	9
7.002e+007	310	908	9
7.0065e+007	275	908	8
7.011e+007	313	908	9
7.0155e+007	303	908	9
7.02e+007	330	908	10
7.0245e+007	319	908	9
7.029e+007	293	908	8
7.0335e+007	308	908	9
7.038e+007	329	908	9
7.0425e+007	342	908	10
7.047e+007	286	908	9
7.0515e+007	298	908	8
7.056e+007	346	908	10
7.0605e+007	304	908	9
7.065e+007	337	908	9
7.0695e+007	302	908	9
7.074e+007	277	908	8
7.0785e+007	308	908	9
7.083e+007	349	908	10
7.0875e+007	323	908	9
7.092e+007	327	908	9
7.0965e+007	337	908	9
7.101e+007	307	908	9
7.1055e+007	307	908	9
7.11e+007	302	908	8
7.1145e+007	342	908	10
7.119e+007	262	908	8
7.1235e+007	335	908	10
7.128e+007	313	908	9
7.1325e+007	276	908	8
7.137e+007	336	908	10
7.1415e+007	271	908	8
7.146e+007	330	908	9
7.1505e+007	343	908	10
7.155e+007	277	908	8
7.1595e+007	321	908	9
7.164e+007	297	908	9
7.1685e+007	382	908	10
7.173e+007	311	908	8
7.1775e+007	360	908	9
7.182e+007	392	908	9
7.1865e+007	356	908	10
7.191e+007	322	908	9
7.1955e+007	325	908	9
7.2e+007	266	908	8
7.2045e+007	364	908	10
7.209e+007	333	908	9
7.2135e+007	304	908	9
7.218e+007	253	908	7
7.2225e+007	354	908	10
7.227e+007	308	908	9
7.2315e+007	354	908	10
7.236e+007	363	908	10
7.2405e+007	224	908	6
7.245e+007	374	908	10
7.2495e+007	356	908	10
7.254e+007	300	908	9
7.2585e+007	303	908	9
7.263e+007	270	908	8
7.2675e+007	298	908	9
7.272e+007	357	908	10
7.2765e+007	299	908	9
7.281e+007	316	908	9
7.2855e+007	259	908	7
7.29e+007	338	908	10
7.2945e+007	366	908	10
7.299e+007	311	908	9
7.3035e+007	356	908	9
7.308e+007	271	908	8
7.3125e+007	297	908	9
7.317e+007	342	908	10
7.3215e+007	332	908	9
7.326e+007	284	908	8
7.3305e+007	331	908	9
7.335e+007	326	908	9
7.3395e+007	379	908	10
7.344e+007	346	908	9
7.3485e+007	295	908	8
7.353e+007	299	908	9
7.3575e+007	330	908	9
7.362e+007	359	908	10
7.3665e+007	298	908	9
7.371e+007	328	908	9
7.3755e+007	239	908	7
7.38e+007	364	908	10
7.3845e+007	368	908	10
7.389e+007	301	908	9
7.3935e+007	297	908	8
7.398e+007	335	908	9
7.4025e+007	309	908	9
7.407e+007	349	908	10
7.4115e+007	321	908	9
7.416e+007	269	908	8
7.4205e+007	323	908	9
7.425e+007	333	908	9
7.4295e+007	328	908	10
7.434e+007	333	908	9
7.4385e+007	362	908	10
7.443e+007	272	908	7
7.4475e+007	314	908	9
7.452e+007	342	908	10
7.4565e+007	319	908	9
7.461e+007	317	908	9
7.4655e+007	295	908	8
7.47e+007	347	908	9
7.4745e+007	346	908	10
7.479e+007	324	908	9
7.4835e+007	315	908	9
7.488e+007	278	908	8
7.4925e+007	339	908	9
7.497e+007	336	908	10
7.5015e+007	366	908	10
7.506e+007	253	908	7
7.5105e+007	345	908	9
7.515e+007	305	908	9
7.5195e+007	345	908	10
7.524e+007	361	908	10
7.5285e+007	241	908	7
7.533e+007	307	908	9
7.5375e+007	292	908	9
7.542e+007	373	908	10
7.5465e+007	348	908	10
7.551e+007	262	908	7
7.5555e+007	330	908	9
7.56e+007	331	908	9
7.5645e+007	356	908	10
7.569e+007	333	908	9
7.5735e+007	273	908	8
7.578e+007	308	908	9
7.5825e+007	320	908	9
7.587e+007	361	908	10
7.5915e+007	309	908	9
7.596e+007	284	908	8
7.6005e+007	354	908	10
7.605e+007	273	908	8
7.6095e+007	329	908	9
7.614e+007	357	908	10
7.6185e+007	315	908	9
7.623e+007	278	908	8
7.6275e+007	297	908	9
7.632e+007	350	908	10
7.6365e+007	329	908	9
7.641e+007	326	908	9
7.6455e+007	224	908	7
7.65e+007	339	908	10
7.6545e+007	355	908	10
7.659e+007	312	908	9
7.6635e+007	318	908	9
7.668e+007	275	908	8
7.6725e+007	309	908	9
7.677e+007	412	908	10
7.6815e+007	354	908	8
7.686e+007	364	908	10
7.6905e+007	247	908	7
7.695e+007	340	908	10
7.6995e+007	347	908	10
7.704e+007	326	908	9
7.7085e+007	315	908	9
7.713e+007	289	908	8
7.7175e+007	304	908	9
7.722e+007	309	908	9
7.7265e+007	330	908	9
7.731e+007	312	908	9
7.7355e+007	289	908	8
7.74e+007	340	908	10
7.7445e+007	327	908	9
7.749e+007	340	908	10
7.7535e+007	265	908	8
7.758e+007	331	908	9
7.7625e+007	309	908	9
7.767e+007	326	908	9
7.7715e+007	356	908	10
7.776e+007	304	908	9
7.7805e+007	272	908	8
7.785e+007	315	908	9
7.7895e+007	363	908	10
7.794e+007	321	908	9
7.7985e+007	309	908	9
7.803e+007	248	908	7
7.8075e+007	353	908	10
7.812e+007	315	908	9
7.8165e+007	350	908	10
7.821e+007	339	908	10
7.8255e+007	235	908	7
7.83e+007	317	908	9
7.8345e+007	314	908	9
7.839e+007	351	908	10
7.8435e+007	360	908	10
7.848e+007	218	908	7
7.8525e+007	302	908	9
7.857e+007	289	908	9
7.8615e+007	366	908	10
7.866e+007	346	908	10
7.8705e+007	260	908	7
7.875e+007	286	908	9
7.8795e+007	296	908	9
7.884e+007	349	908	10
7.8885e+007	370	908	10
7.893e+007	204	908	6
7.8975e+007	349	908	10
7.902e+007	295	908	9
7.9065e+007	378	908	10
7.911e+007	344	908	10
7.9155e+007	204	908	6
7.92e+007	372	908	10
7.9245e+007	297	908	9
7.929e+007	331	908	10
7.9335e+007	352	908	10
7.938e+007	233	908	6
7.9425e+007	370	908	10
7.947e+007	330	908	9
7.9515e+007	333	908	10
7.956e+007	288	908	9
7.9605e+007	250	908	7
7.965e+007	298	908	9
7.9695e+007	348	908	10
7.974e+007	362	908	10
7.9785e+007	371	908	10
7.983e+007	238	908	7
7.9875e+007	295	908	8
7.992e+007	370	908	10
7.9965e+007	374	908	10
8.001e+007	310	908	9
8.0055e+007	291	908	8
8.01e+007	294	908	8
8.0145e+007	364	908	10
8.019e+007	330	908	10
8.0235e+007	341	908	9
8.028e+007	330	908	9
8.0325e+007	251	908	7
8.037e+007	324	908	10
8.0415e+007	364	908	10
8.046e+007	324	908	9
8.0505e+007	305	908	9
8.055e+007	280	908	8
8.0595e+007	302	908	9
8.064e+007	348	908	10
8.0685e+007	313	908	9
8.073e+007	305	908	9
8.0775e+007	337	908	9
8.082e+007	267	908	8
8.0865e+007	366	908	10
8.091e+007	316	908	9
8.0955e+007	319	908	9
8.1e+007	326	908	9
8.1045e+007	306	908	9
8.109e+007	278	908	8
8.1135e+007	378	908	10
8.118e+007	312	908	9
8.1225e+007	302	908	9
8.127e+007	278	908	8
8.1315e+007	328	908	9
8.136e+007	324	908	9
8.1405e+007	365	908	10
8.145e+007	350	908	9
8.1495e+007	262	908	8
8.154e+007	326	908	9
8.1585e+007	298	908	9
8.163e+007	353	908	10
8.1675e+007	313	908	9
8.172e+007	257	908	8
8.1765e+007	336	908	9
8.181e+007	398	908	9
8.1855e+007	403	908	10
8.19e+007	336	908	9
8.1945e+007	267	908	8
8.199e+007	323	908	9
8.2035e+007	304	908	9
8.208e+007	322	908	9
8.2125e+007	349	908	10
8.217e+007	313	908	9
8.2215e+007	280	908	8
8.226e+007	323	908	9
8.2305e+007	327	908	9
8.235e+007	359	908	10
8.2395e+007	327	908	9
8.244e+007	313	908	9
8.2485e+007	269	908	8
8.253e+007	355	908	9
8.2575e+007	349	908	10
8.262e+007	314	908	9
8.2665e+007	325	908	9
8.271e+007	287	908	8
8.2755e+007	334	908	9
8.28e+007	345	908	10
8.2845e+007	315	908	9
8.289e+007	278	908	9
8.2935e+007	273	908	8
8.298e+007	307	908	9
8.3025e+007	339	908	9
8.307e+007	360	908	10
8.3115e+007	323	908	9
8.316e+007	300	908	9
8.3205e+007	257	908	8
8.325e+007	304	908	9
8.3295e+007	340	908	10
8.334e+007	329	908	9
8.3385e+007	283	908	8
8.343e+007	313	908	9
8.3475e+007	335	908	9
8.352e+007	318	908	10
8.3565e+007	313	908	9
8.361e+007	337	908	9
8.3655e+007	254	908	8
8.37e+007	289	908	9
8.3745e+007	370	908	10
8.379e+007	328	908	9
8.3835e+007	358	908	10
8.388e+007	274	908	8
8.3925e+007	318	908	9
8.397e+007	314	908	9
8.4015e+007	298	908	9
8.406e+007	368	908	10
8.4105e+007	235	908	7
8.415e+007	349	908	10
8.4195e+007	307	908	9
8.424e+007	333	908	9
8.4285e+007	366	908	10
8.433e+007	264	908	7
8.4375e+007	343	908	10
8.442e+007	285	908	9
8.4465e+007	291	908	9
8.451e+007	348	908	9
8.4555e+007	284	908	8
8.46e+007	323	908	10
8.4645e+007	312	908	9
8.469e+007	315	908	9
8.4735e+007	312	908	9
8.478e+007	274	908	8
8.4825e+007	336	908	10
8.487e+007	319	908	9
8.4915e+007	322	908	9
8.496e+007	316	908	9
8.5005e+007	310	908	9
8.505e+007	298	908	9
8.5095e+007	291	908	9
8.514e+007	301	908	9
8.5185e+007	307	908	9
8.523e+007	296	908	9
8.5275e+007	318	908	9
8.532e+007	359	908	10
8.5365e+007	282	908	8
8.541e+007	324	908	9
8.5455e+007	318	908	9
8.55e+007	326	908	9
8.5545e+007	316	908	9
8.559e+007	317	908	9
8.5635e+007	293	908	9
8.568e+007	303	908	8
8.5725e+007	344	908	10
8.577e+007	343	908	10
8.5815e+007	295	908	8
8.586e+007	303	908	9
8.5905e+007	313	908	9
8.595e+007	313	908	9
8.5995e+007	303	908	9
8.604e+007	338	908	10
8.6085e+007	271	908	8
8.613e+007	321	908	9
8.6175e+007	335	908	10
8.622e+007	328	908	9
8.6265e+007	332	908	9
8.631e+007	241	908	7
8.6355e+007	368	908	10
8.64e+007	365	908	10
8.6445e+007	275	908	8
8.649e+007	343	908	10
8.6535e+007	278	908	8
8.658e+007	335	908	9
8.6625e+007	321	908	9
8.667e+007	296	908	9
8.6715e+007	298	908	9
8.676e+007	331	908	9
8.6805e+007	382	908	9
8.685e+007	364	908	9
8.6895e+007	318	908	9
8.694e+007	298	908	9
8.6985e+007	295	908	8
8.703e+007	339	908	10
8.7075e+007	304	908	8
8.712e+007	345	908	10
8.7165e+007	371	908	10
8.721e+007	260	908	7
8.7255e+007	334	908	10
8.73e+007	280	908	8
8.7345e+007	356	908	10
8.739e+007	340	908	10
8.7435e+007	261	908	7
8.748e+007	371	908	10
8.7525e+007	292	908	8
8.757e+007	358	908	10
8.7615e+007	354	908	10
8.766e+007	262	908	7
8.7705e+007	354	908	10
8.775e+007	289	908	8
8.7795e+007	340	908	10
8.784e+007	340	908	10
8.7885e+007	235	908	7
8.793e+007	300	908	9
8.7975e+007	344	908	10
8.802e+007	307	908	9
8.8065e+007	356	908	10
8.811e+007	338	908	9
8.8155e+007	245	908	7
8.82e+007	352	908	10
8.8245e+007	313	908	9
8.829e+007	333	908	10
8.8335e+007	314	908	9
8.838e+007	231	908	7
8.8425e+007	339	908	9
8.847e+007	349	908	10
8.8515e+007	357	908	10
8.856e+007	342	908	9
8.8605e+007	229	908	7
8.865e+007	326	908	10
8.8695e+007	322	908	9
8.874e+007	347	908	10
8.8785e+007	353	908	10
8.883e+007	210	908	6
8.8875e+007	370	908	10
8.892e+007	311	908	9
8.8965e+007	382	908	10
8.901e+007	366	908	10
8.9055e+007	221	908	6
8.91e+007	302	908	9
8.9145e+007	362	908	10
8.919e+007	357	908	10
8.9235e+007	341	908	10
8.928e+007	183	908	6
8.9325e+007	311	908	9
8.937e+007	373	908	10
8.9415e+007	357	908	10
8.946e+007	375	908	10
8.9505e+007	208	908	6
8.955e+007	332	908	9
8.9595e+007	352	908	10
8.964e+007	341	908	10
8.9685e+007	289	908	8
8.973e+007	314	908	9
8.9775e+007	275	908	8
8.982e+007	370	908	10
8.9865e+007	363	908	10
8.991e+007	341	908	9
8.9955e+007	272	908	8
9e+007	315	908	9
9.0045e+007	324	908	9
9.009e+007	349	908	10
9.0135e+007	314	908	9
9.018e+007	270	908	8
9.0225e+007	283	908	8
9.027e+007	336	908	10
9.0315e+007	331	908	10
9.036e+007	258	908	8
9.0405e+007	294	908	8
9.045e+007	325	908	9
9.0495e+007	355	908	10
9.054e+007	348	908	10
9.0585e+007	263	908	8
9.063e+007	256	908	8
9.0675e+007	308	908	9
9.072e+007	354	908	10
9.0765e+007	340	908	10
9.081e+007	276	908	8
9.0855e+007	269	908	8
9.09e+007	309	908	9
9.0945e+007	338	908	10
9.099e+007	308	908	9
9.1035e+007	298	908	9
9.108e+007	299	908	8
9.1125e+007	320	908	9
9.117e+007	362	908	10
9.1215e+007	351	908	10
9.126e+007	332	908	9
9.1305e+007	220	908	7
9.135e+007	366	908	10
9.1395e+007	317	908	9
9.144e+007	362	908	10
9.1485e+007	303	908	9
9.153e+007	242	908	7
9.1575e+007	363	908	10
9.162e+007	323	908	9
9.1665e+007	376	908	10
9.171e+007	261	908	8
9.1755e+007	289	908	8
9.18e+007	392	908	10
9.1845e+007	388	908	9
9.189e+007	348	908	10
9.1935e+007	287	908	8
9.198e+007	295	908	8
9.2025e+007	364	908	10
9.207e+007	296	908	9
9.2115e+007	344	908	10
9.216e+007	274	908	8
9.2205e+007	260	908	8
9.225e+007	345	908	10
9.2295e+007	325	908	9
9.234e+007	333	908	9
9.2385e+007	297	908	9
9.243e+007	275	908	8
9.2475e+007	357	908	10
9.252e+007	312	908	9
9.2565e+007	318	908	9
9.261e+007	294	908	9
9.2655e+007	288	908	8
9.27e+007	342	908	10
9.2745e+007	297	908	9
9.279e+007	326	908	9
9.2835e+007	314	908	9
9.288e+007	268	908	8
9.2925e+007	359	908	10
9.297e+007	343	908	9
9.3015e+007	336	908	9
9.306e+007	333	908	9
9.3105e+007	288	908	8
9.315e+007	339	908	10
9.3195e+007	302	908	9
9.324e+007	365	908	9
9.3285e+007	321	908	9
9.333e+007	288	908	8
9.3375e+007	329	908	10
9.342e+007	385	908	10
9.3465e+007	298	908	8
9.351e+007	294	908	9
9.3555e+007	323	908	9
9.36e+007	318	908	9
9.3645e+007	348	908	10
9.369e+007	286	908	8
9.3735e+007	335	908	9
9.378e+007	318	908	9
9.3825e+007	324	908	9
9.387e+007	347	908	10
9.3915e+007	244	908	7
9.396e+007	352	908	10
9.4005e+007	330	908	9
9.405e+007	323	908	9
9.4095e+007	345	908	10
9.414e+007	244	908	7
9.4185e+007	343	908	10
9.423e+007	288	908	9
9.4275e+007	332	908	9
9.432e+007	340	908	10
9.4365e+007	248	908	7
9.441e+007	347	908	10
9.4455e+007	329	908	10
9.45e+007	283	908	8
9.4545e+007	346	908	10
9.459e+007	231	908	7
9.4635e+007	347	908	10
9.468e+007	336	908	10
9.4725e+007	295	908	8
9.477e+007	314	908	9
9.4815e+007	283	908	8
9.486e+007	334	908	10
9.4905e+007	311	908	9
9.495e+007	321	908	9
9.4995e+007	312	908	9
9.504e+007	336	908	10
9.5085e+007	273	908	8
9.513e+007	325	908	9
9.5175e+007	339	908	9
9.522e+007	298	908	9
9.5265e+007	323	908	9
9.531e+007	328	908	9
9.5355e+007	357	908	10
9.54e+007	290	908	8
9.5445e+007	305	908	9
9.549e+007	328	908	9
9.5535e+007	307	908	9
9.558e+007	352	908	10
9.5625e+007	294	908	8
9.567e+007	320	908	9
9.5715e+007	326	908	9
9.576e+007	320	908	9
9.5805e+007	319	908	9
9.585e+007	317	908	9
9.5895e+007	321	908	9
9.594e+007	303	908	9
9.5985e+007	342	908	9
9.603e+007	314	908	9
9.6075e+007	325	908	9
9.612e+007	271	908	8
9.6165e+007	374	908	10
9.621e+007	322	908	9
9.6255e+007	362	908	9
9.63e+007	376	908	10
9.6345e+007	262	908	7
9.639e+007	345	908	10
9.6435e+007	296	908	9
9.648e+007	317	908	9
9.6525e+007	351	908	10
9.657e+007	242	908	7
9.6615e+007	352	908	10
9.666e+007	319	908	9
9.6705e+007	340	908	9
9.675e+007	347	908	10
9.6795e+007	282	908	7
9.684e+007	379	908	9
9.6885e+007	379	908	10
9.693e+007	322	908	9
9.6975e+007	336	908	10
9.702e+007	290	908	8
9.7065e+007	272	908	8
9.711e+007	323	908	10
9.7155e+007	296	908	9
9.72e+007	342	908	10
9.7245e+007	248	908	7
9.729e+007	338	908	9
9.7335e+007	366	908	10
9.738e+007	335	908	9
9.7425e+007	360	908	10
9.747e+007	282	908	8
9.7515e+007	275	908	8
9.756e+007	350	908	10
9.7605e+007	319	908	9
9.765e+007	356	908	10
9.7695e+007	316	908	9
9.774e+007	245	908	7
9.7785e+007	303	908	9
9.783e+007	357	908	10
9.7875e+007	374	908	10
9.792e+007	300	908	9
9.7965e+007	254	908	7
9.801e+007	311	908	9
9.8055e+007	356	908	10
9.81e+007	376	908	10
9.8145e+007	280	908	8
9.819e+007	266	908	8
9.8235e+007	332	908	9
9.828e+007	338	908	10
9.8325e+007	354	908	10
9.837e+007	323	908	9
9.8415e+007	240	908	7
9.846e+007	335	908	10
9.8505e+007	310	908	9
9.855e+007	369	908	10
9.8595e+007	281	908	8
9.864e+007	284	908	8
9.8685e+007	315	908	9
9.873e+007	334	908	10
9.8775e+007	378	908	10
9.882e+007	247	908	7
9.8865e+007	331	908	9
9.891e+007	359	908	10
9.8955e+007	310	908	9
9.9e+007	368	908	10
9.9045e+007	265	908	7
9.909e+007	308	908	9
9.9135e+007	358	908	10
9.918e+007	351	908	10
9.9225e+007	274	908	8
9.927e+007	292	908	8
9.9315e+007	322	908	9
9.936e+007	327	908	10
9.9405e+007	345	908	10
9.945e+007	337	908	9
9.9495e+007	196	908	6
9.954e+007	363	908	10
9.9585e+007	355	908	10
9.963e+007	367	908	10
9.9675e+007	309	908	9
9.972e+007	218	908	6
9.9765e+007	338	908	10
9.981e+007	352	908	10
9.9855e+007	343	908	10
9.99e+007	274	908	8
9.9945e+007	221	908	7
9.999e+007	360	908	10
1.0004e+008	359	908	10
1.0008e+008	383	908	10
1.0013e+008	306	908	9
1.0017e+008	271	908	8
1.0022e+008	289	908	8
1.0026e+008	356	908	10
1.0031e+008	357	908	10
1.0035e+008	313	908	9
1.004e+008	240	908	7
1.0044e+008	322	908	9
1.0049e+008	318	908	10
1.0053e+008	349	908	10
1.0058e+008	268	908	8
1.0062e+008	307	908	9
1.0067e+008	290	908	8
1.0071e+008	347	908	10
1.0076e+008	325	908	10
1.008e+008	347	908	9
1.0085e+008	293	908	8
1.0089e+008	285	908	8
1.0094e+008	346	908	10
1.0098e+008	348	908	10
1.0103e+008	290	908	8
1.0107e+008	303	908	9
1.0112e+008	265	908	8
1.0116e+008	359	908	10
1.0121e+008	358	908	10
1.0125e+008	261	908	8
1.013e+008	274	908	8
1.0134e+008	325	908	9
1.0139e+008	322	908	10
1.0143e+008	367	908	10
1.0148e+008	271	908	8
1.0152e+008	288	908	8
1.0157e+008	317	908	9
1.0161e+008	336	908	10
1.0166e+008	365	908	10
1.017e+008	345	908	9
1.0175e+008	233	908	7
1.0179e+008	328	908	9
1.0184e+008	375	908	10
1.0188e+008	439	908	10
1.0193e+008	314	908	9
1.0197e+008	200	908	6
1.0202e+008	377	908	10
1.0206e+008	340	908	10
1.0211e+008	370	908	10
1.0215e+008	332	908	9
1.022e+008	203	908	6
1.0224e+008	334	908	10
1.0229e+008	366	908	10
1.0233e+008	371	908	10
1.0238e+008	332	908	9
1.0242e+008	269	908	7
1.0247e+008	327	908	9
1.0251e+008	364	908	10
1.0256e+008	350	908	10
1.026e+008	280	908	9
1.0265e+008	202	908	6
1.0269e+008	315	908	10
1.0274e+008	364	908	10
1.0278e+008	344	908	10
1.0283e+008	325	908	9
1.0287e+008	200	908	6
1.0292e+008	353	908	10
1.0296e+008	383	908	10
1.0301e+008	354	908	10
1.0305e+008	381	908	10
1.031e+008	258	908	7
1.0314e+008	272	908	8
1.0319e+008	364	908	10
1.0323e+008	336	908	10
1.0328e+008	372	908	10
1.0332e+008	196	908	6
1.0337e+008	319	908	9
1.0341e+008	330	908	10
1.0346e+008	343	908	10
1.035e+008	343	908	10
1.0355e+008	194	908	6
1.0359e+008	307	908	9
1.0364e+008	366	908	10
1.0368e+008	336	908	10
1.0373e+008	349	908	10
1.0377e+008	198	908	6
1.0382e+008	337	908	9
1.0386e+008	352	908	10
1.0391e+008	351	908	10
1.0395e+008	304	908	9
1.04e+008	295	908	8
1.0404e+008	303	908	8
1.0409e+008	357	908	10
1.0413e+008	346	908	10
1.0418e+008	251	908	8
1.0422e+008	292	908	9
1.0427e+008	335	908	9
1.0431e+008	320	908	9
1.0436e+008	352	908	10
1.044e+008	287	908	8
1.0445e+008	313	908	9
1.0449e+008	280	908	8
1.0454e+008	356	908	10
1.0458e+008	337	908	10
1.0463e+008	293	908	9
1.0467e+008	232	908	7
1.0472e+008	327	908	9
1.0476e+008	359	908	10
1.0481e+008	342	908	10
1.0485e+008	284	908	8
1.049e+008	274	908	8
1.0494e+008	323	908	9
1.0499e+008	359	908	10
1.0503e+008	346	908	10
1.0508e+008	321	908	9
1.0512e+008	266	908	8
1.0517e+008	263	908	8
1.0521e+008	371	908	10
1.0526e+008	319	908	9
1.053e+008	338	908	10
1.0535e+008	246	908	7
1.0539e+008	317	908	9
1.0544e+008	344	908	10
1.0548e+008	349	908	10
1.0553e+008	314	908	9
1.0557e+008	288	908	8
1.0562e+008	302	908	8
1.0566e+008	346	908	10
1.0571e+008	347	908	10
1.0575e+008	320	908	8
1.058e+008	299	908	9
1.0584e+008	291	908	8
1.0589e+008	326	908	10
1.0593e+008	380	908	10
1.0598e+008	276	908	8
1.0602e+008	296	908	9
1.0607e+008	279	908	8
1.0611e+008	329	908	10
1.0616e+008	366	908	10
1.062e+008	325	908	9
1.0625e+008	288	908	8
1.0629e+008	298	908	8
1.0634e+008	342	908	10
1.0638e+008	337	908	10
1.0643e+008	322	908	9
1.0647e+008	263	908	8
1.0652e+008	325	908	9
1.0656e+008	336	908	9
1.0661e+008	332	908	10
1.0665e+008	339	908	9
1.067e+008	300	908	9
1.0674e+008	282	908	8
1.0679e+008	333	908	9
1.0683e+008	377	908	10
1.0688e+008	374	908	9
1.0692e+008	305	908	8
1.0697e+008	351	908	9
1.0701e+008	321	908	9
1.0706e+008	365	908	10
1.071e+008	312	908	9
1.0715e+008	267	908	8
1.0719e+008	276	908	8
1.0724e+008	347	908	10
1.0728e+008	354	908	10
1.0733e+008	291	908	8
1.0737e+008	319	908	9
1.0742e+008	283	908	8
1.0746e+008	375	908	10
1.0751e+008	358	908	10
1.0755e+008	317	908	9
1.076e+008	243	908	7
1.0764e+008	317	908	9
1.0769e+008	341	908	10
1.0773e+008	369	908	10
1.0778e+008	274	908	8
1.0782e+008	304	908	9
1.0787e+008	271	908	8
1.0791e+008	342	908	10
1.0796e+008	352	908	10
1.08e+008	263	908	7
1.0805e+008	338	908	10
1.0809e+008	309	908	9
1.0814e+008	303	908	9
1.0818e+008	333	908	10
1.0823e+008	271	908	8
1.0827e+008	295	908	9
1.0832e+008	286	908	8
1.0836e+008	336	908	10
1.0841e+008	339	908	10
1.0845e+008	283	908	8
1.085e+008	321	908	9
1.0854e+008	269	908	8
1.0859e+008	343	908	10
1.0863e+008	348	908	10
1.0868e+008	299	908	8
1.0872e+008	364	908	10
1.0877e+008	224	908	7
1.0881e+008	363	908	10
1.0886e+008	369	908	10
1.089e+008	328	908	9
1.0895e+008	270	908	8
1.0899e+008	342	908	9
1.0904e+008	304	908	9
1.0908e+008	367	908	10
1.0913e+008	323	908	9
1.0917e+008	304	908	8
1.0922e+008	324	908	9
1.0926e+008	339	908	9
1.0931e+008	323	908	9
1.0935e+008	318	908	10
1.094e+008	289	908	8
1.0944e+008	314	908	9
1.0949e+008	290	908	9
1.0953e+008	329	908	9
1.0958e+008	346	908	10
1.0962e+008	319	908	9
1.0967e+008	269	908	7
1.0971e+008	343	908	10
1.0976e+008	318	908	9
1.098e+008	352	908	10
1.0985e+008	329	908	9
1.0989e+008	248	908	7
1.0994e+008	323	908	10
1.0998e+008	311	908	9
1.1003e+008	345	908	10
1.1007e+008	325	908	9
1.1012e+008	268	908	7
1.1016e+008	355	908	10
1.1021e+008	329	908	9
1.1025e+008	361	908	10
1.103e+008	283	908	8
1.1034e+008	308	908	9
1.1039e+008	310	908	9
1.1043e+008	317	908	9
1.1048e+008	327	908	10
1.1052e+008	235	908	7
1.1057e+008	361	908	10
1.1061e+008	320	908	9
1.1066e+008	294	908	9
1.107e+008	344	908	10
1.1075e+008	258	908	7
1.1079e+008	332	908	10
1.1084e+008	319	908	9
1.1088e+008	334	908	9
1.1093e+008	338	908	10
1.1097e+008	227	908	7
1.1102e+008	357	908	10
1.1106e+008	316	908	9
1.1111e+008	299	908	9
1.1115e+008	358	908	10
1.112e+008	229	908	7
1.1124e+008	354	908	10
1.1129e+008	296	908	9
1.1133e+008	331	908	9
1.1138e+008	333	908	9
1.1142e+008	363	908	9
1.1147e+008	273	908	8
1.1151e+008	364	908	10
1.1156e+008	298	908	9
1.116e+008	330	908	9
1.1165e+008	292	908	9
1.1169e+008	268	908	8
1.1174e+008	337	908	10
1.1178e+008	296	908	9
1.1183e+008	361	908	9
1.1187e+008	373	908	9
1.1192e+008	367	908	9
1.1196e+008	304	908	9
1.1201e+008	275	908	8
1.1205e+008	349	908	10
1.121e+008	329	908	9
1.1214e+008	317	908	9
1.1219e+008	290	908	9
1.1223e+008	304	908	8
1.1228e+008	367	908	10
1.1232e+008	311	908	9
1.1237e+008	308	908	9
1.1241e+008	312	908	9
1.1246e+008	284	908	8
1.125e+008	365	908	10
1.1255e+008	321	908	9
1.1259e+008	352	908	10
1.1264e+008	255	908	7
1.1268e+008	320	908	9
1.1273e+008	344	908	10
1.1277e+008	311	908	9
1.1282e+008	326	908	9
1.1286e+008	293	908	8
1.1291e+008	303	908	9
1.1295e+008	362	908	10
1.13e+008	327	908	9
1.1304e+008	325	908	9
1.1309e+008	302	908	8
1.1313e+008	340	908	9
1.1318e+008	353	908	10
1.1322e+008	342	908	10
1.1327e+008	280	908	8
1.1331e+008	275	908	8
1.1336e+008	304	908	9
1.134e+008	340	908	10
1.1345e+008	334	908	9
1.1349e+008	303	908	9
1.1354e+008	315	908	9
1.1358e+008	280	908	8
1.1363e+008	367	908	10
1.1367e+008	366	908	10
1.1372e+008	278	908	8
1.1376e+008	295	908	9
1.1381e+008	286	908	8
1.1385e+008	342	908	10
1.139e+008	358	908	10
1.1394e+008	310	908	8
1.1399e+008	245	908	7
1.1403e+008	326	908	10
1.1408e+008	334	908	10
1.1412e+008	291	908	8
1.1417e+008	347	908	10
1.1421e+008	260	908	7
1.1426e+008	372	908	10
1.143e+008	350	908	10
1.1435e+008	281	908	8
1.1439e+008	372	908	10
1.1444e+008	261	908	7
1.1448e+008	351	908	10
1.1453e+008	360	908	10
1.1457e+008	278	908	8
1.1462e+008	364	908	10
1.1466e+008	289	908	8
1.1471e+008	326	908	9
1.1475e+008	371	908	10
1.148e+008	315	908	9
1.1484e+008	304	908	9
1.1489e+008	285	908	8
1.1493e+008	311	908	9
1.1498e+008	378	908	10
1.1502e+008	342	908	9
1.1507e+008	323	908	9
1.1511e+008	285	908	8
1.1516e+008	379	908	10
1.152e+008	329	908	9
1.1525e+008	310	908	8
1.1529e+008	318	908	9
1.1534e+008	317	908	9
1.1538e+008	314	908	9
1.1543e+008	333	908	10
1.1547e+008	288	908	8
1.1552e+008	321	908	10
1.1556e+008	282	908	8
1.1561e+008	313	908	9
1.1565e+008	363	908	10
1.157e+008	315	908	9
1.1574e+008	274	908	8
1.1579e+008	313	908	9
1.1583e+008	322	908	10
1.1588e+008	310	908	9
1.1592e+008	306	908	9
1.1597e+008	320	908	9
1.1601e+008	337	908	9
1.1606e+008	313	908	9
1.161e+008	335	908	9
1.1615e+008	313	908	9
1.1619e+008	289	908	8
1.1624e+008	364	908	10
1.1628e+008	302	908	9
1.1633e+008	312	908	9
1.1637e+008	341	908	10
1.1642e+008	249	908	7
1.1646e+008	342	908	10
1.1651e+008	327	908	9
1.1655e+008	308	908	9
1.166e+008	354	908	10
1.1664e+008	257	908	7
1.1669e+008	348	908	10
1.1673e+008	299	908	9
1.1678e+008	321	908	9
1.1682e+008	396	908	10
1.1687e+008	276	908	7
1.1691e+008	368	908	9
1.1696e+008	371	908	10
1.17e+008	312	908	9
1.1705e+008	313	908	9
1.1709e+008	257	908	8
1.1714e+008	354	908	10
1.1718e+008	305	908	9
1.1723e+008	287	908	9
1.1727e+008	319	908	9
1.1732e+008	305	908	9
1.1736e+008	324	908	9
1.1741e+008	306	908	9
1.1745e+008	341	908	9
1.175e+008	326	908	10
1.1754e+008	258	908	8
1.1759e+008	308	908	9
1.1763e+008	291	908	9
1.1768e+008	344	908	9
1.1772e+008	356	908	10
1.1777e+008	291	908	8
1.1781e+008	341	908	10
1.1786e+008	278	908	8
1.179e+008	327	908	9
1.1795e+008	349	908	10
1.1799e+008	302	908	8
1.1804e+008	366	908	10
1.1808e+008	303	908	8
1.1813e+008	349	908	10
1.1817e+008	320	908	9
1.1822e+008	286	908	8
1.1826e+008	330	908	10
1.1831e+008	264	908	8
1.1835e+008	321	908	9
1.184e+008	332	908	10
1.1844e+008	279	908	8
1.1849e+008	319	908	9
1.1853e+008	306	908	9
1.1858e+008	359	908	10
1.1862e+008	271	908	8
1.1867e+008	306	908	9
1.1871e+008	330	908	10
1.1876e+008	275	908	8
1.188e+008	355	908	10
1.1885e+008	280	908	8
1.1889e+008	354	908	10
1.1894e+008	325	908	9
1.1898e+008	283	908	8
1.1903e+008	364	908	10
1.1907e+008	285	908	8
1.1912e+008	355	908	10
1.1916e+008	282	908	8
1.1921e+008	333	908	9
1.1925e+008	368	908	10
1.193e+008	303	908	8
1.1934e+008	329	908	10
1.1939e+008	275	908	8
1.1943e+008	330	908	9
1.1948e+008	333	908	10
1.1952e+008	318	908	9
1.1957e+008	327	908	9
1.1961e+008	231	908	7
1.1966e+008	334	908	10
1.197e+008	353	908	10
1.1975e+008	305	908	9
1.1979e+008	346	908	9
1.1984e+008	261	908	7
1.1988e+008	359	908	10
1.1993e+008	376	908	10
1.1997e+008	284	908	8
1.2002e+008	338	908	10
1.2006e+008	216	908	7
1.2011e+008	347	908	10
1.2015e+008	310	908	9
1.202e+008	375	908	10
1.2024e+008	321	908	9
1.2029e+008	227	908	7
1.2033e+008	365	908	10
1.2038e+008	375	908	10
1.2042e+008	330	908	9
1.2047e+008	318	908	9
1.2051e+008	228	908	7
1.2056e+008	355	908	10
1.206e+008	293	908	9
1.2065e+008	382	908	10
1.2069e+008	319	908	9
1.2074e+008	275	908	8
1.2078e+008	317	908	9
1.2083e+008	380	908	10
1.2087e+008	347	908	9
1.2092e+008	328	908	9
1.2096e+008	285	908	8
1.2101e+008	340	908	9
1.2105e+008	359	908	10
1.211e+008	311	908	9
1.2114e+008	323	908	9
1.2119e+008	308	908	9
1.2123e+008	300	908	8
1.2128e+008	357	908	10
1.2132e+008	316	908	9
1.2137e+008	307	908	9
1.2141e+008	230	908	7
1.2146e+008	362	908	10
1.215e+008	353	908	10
1.2155e+008	301	908	9
1.2159e+008	321	908	9
1.2164e+008	246	908	7
1.2168e+008	384	908	10
1.2173e+008	346	908	10
1.2177e+008	308	908	9
1.2182e+008	331	908	9
1.2186e+008	243	908	7
1.2191e+008	388	908	10
1.2195e+008	407	908	10
1.22e+008	337	908	9
1.2204e+008	327	908	9
1.2209e+008	237	908	7
1.2213e+008	348	908	10
1.2218e+008	355	908	10
1.2222e+008	309	908	9
1.2227e+008	305	908	9
1.2231e+008	253	908	7
1.2236e+008	348	908	10
1.224e+008	344	908	10
1.2245e+008	318	908	9
1.2249e+008	369	908	10
1.2254e+008	255	908	7
1.2258e+008	312	908	9
1.2263e+008	347	908	10
1.2267e+008	304	908	9
1.2272e+008	321	908	9
1.2276e+008	306	908	8
1.2281e+008	293	908	9
1.2285e+008	374	908	10
1.229e+008	326	908	9
1.2294e+008	306	908	8
1.2299e+008	323	908	9
1.2303e+008	350	908	9
1.2308e+008	370	908	10
1.2312e+008	309	908	9
1.2317e+008	273	908	8
1.2321e+008	342	908	10
1.2326e+008	275	908	8
1.233e+008	361	908	10
1.2335e+008	332	908	9
1.2339e+008	280	908	8
1.2344e+008	328	908	9
1.2348e+008	352	908	10
1.2353e+008	309	908	8
1.2357e+008	318	908	9
1.2362e+008	325	908	9
1.2366e+008	305	908	9
1.2371e+008	344	908	10
1.2375e+008	290	908	8
1.238e+008	316	908	9
1.2384e+008	351	908	10
1.2389e+008	307	908	8
1.2393e+008	352	908	10
1.2398e+008	315	908	9
1.2402e+008	289	908	8
1.2407e+008	367	908	10
1.2411e+008	316	908	9
1.2416e+008	329	908	9
1.242e+008	297	908	9
1.2425e+008	305	908	9
1.2429e+008	344	908	9
1.2434e+008	309	908	8
1.2438e+008	344	908	10
1.2443e+008	313	908	9
1.2447e+008	271	908	8
1.2452e+008	351	908	10
1.2456e+008	296	908	8
1.2461e+008	340	908	10
1.2465e+008	289	908	9
1.247e+008	267	908	8
1.2474e+008	339	908	10
1.2479e+008	258	908	8
1.2483e+008	343	908	10
1.2488e+008	333	908	9
1.2492e+008	270	908	8
1.2497e+008	376	908	10
1.2501e+008	230	908	7
