991
872
881
657
1074
860
539
605
1214
711
526
824
826
601
804
720
886
1035
599
425
692
1014
613
496
795
595
883
504
709
748
787
924
730
829
629
692
707
399
1008
800
632
599
546
1231
618
608
771
835
640
523
486
1171
522
751
678
719
965
938
372
871
589
922
660
322
630
1211
680
534
527
937
485
547
1125
561
732
452
802
430
1002
954
703
563
856
619
1049
435
680
694
935
689
526
572
912
747
685
511
689
781
623
722
584
822
1025
728
681
887
1055
720
446
1240
517
673
776
994
333
546
692
914
447
1278
444
560
1123
579
471
774
1158
190
482
1117
759
530
836
720
614
736
774
731
784
641
741
662
774
589
678
388
879
928
774
590
852
634
496
828
845
551
1192
439
542
1004
789
682
565
660
329
795
1261
943
414
472
832
398
843
861
660
908
474
802
648
912
432
867
401
976
456
592
1157
502
658
982
351
501
697
1223
850
576
456
694
485
804
708
1092
639
835
648
653
954
721
842
544
764
558
532
1071
636
1000
405
654
832
482
1088
714
238
628
1032
732
529
719
333
916
450
717
701
817
521
596
690
678
833
714
381
664
805
887
932
357
414
820
691
1172
542
453
857
761
669
553
446
653
850
557
644
1017
579
730
1025
744
598
649
652
1041
695
906
512
718
689
645
731
573
862
663
965
721
632
393
910
622
650
547
1090
584
603
721
943
513
960
807
923
661
519
543
730
775
1029
944
695
473
645
680
1044
928
384
584
589
769
882
476
702
806
809
417
912
827
1127
1081
245
679
544
1177
881
617
655
471
638
841
767
815
794
487
863
525
623
700
726
1035
988
482
504
538
903
1263
335
454
639
567
1216
349
849
602
941
784
1070
303
581
746
910
852
302
617
606
1043
791
507
188
707
775
790
730
935
725
545
851
472
687
824
1088
488
567
985
899
646
835
364
1211
442
741
960
570
750
798
822
286
1223
616
977
350
553
1018
752
781
874
596
939
640
902
647
715
1150
731
651
755
629
554
965
796
524
840
713
535
740
681
835
661
656
654
471
1110
760
451
1010
546
633
643
775
1078
828
768
596
776
885
481
759
1075
611
567
681
896
813
857
485
641
771
1098
758
577
981
455
902
653
868
803
393
1165
737
776
284
1008
782
712
828
562
1021
643
649
465
1134
826
820
418
905
627
705
848
747
786
481
672
571
987
1112
664
921
609
993
434
1159
511
786
708
557
625
697
1297
430
794
699
658
633
973
534
722
1094
738
392
1384
537
584
705
923
643
704
785
542
512
1044
1068
712
540
943
546
836
927
802
713
353
810
683
841
740
839
609
649
738
1215
354
792
865
463
987
324
928
690
855
677
537
981
723
534
1062
182
802
983
730
882
520
585
866
755
752
868
821
751
739
707
712
857
922
482
1005
404
1072
609
466
677
784
968
796
589
665
865
866
571
779
693
700
1045
602
943
750
602
439
927
643
954
392
595
1345
895
153
1004
497
1251
406
496
901
865
808
512
756
763
739
1117
238
987
662
608
966
904
566
716
684
765
1025
567
690
816
680
734
764
557
1161
418
523
833
873
691
1034
640
318
1217
673
638
679
589
1115
280
1085
476
815
968
627
355
724
1256
697
736
835
547
834
551
864
889
693
292
961
942
535
973
611
765
540
942
636
1123
419
804
546
1162
514
823
792
554
417
885
745
915
717
529
628
958
703
970
831
547
588
792
675
713
1020
385
812
855
558
654
705
760
788
918
517
798
718
999
737
421
635
713
1042
453
919
531
762
1023
718
726
467
639
1372
442
566
665
562
998
735
760
592
946
642
719
760
579
691
1083
601
589
529
1260
760
680
379
865
921
457
766
462
948
1035
586
457
719
973
1027
350
635
943
847
333
983
848
406
831
928
475
839
676
618
763
533
1088
688
716
631
750
875
653
534
683
976
505
974
723
696
872
871
665
819
676
579
923
848
705
268
948
703
1178
289
861
715
463
1148
269
887
883
434
840
773
654
789
780
970
476
660
984
632
609
727
828
540
680
565
707
1093
590
483
757
1133
447
553
1103
327
640
1046
814
322
804
961
659
551
697
558
900
771
626
984
677
372
1119
597
495
974
430
593
1025
684
470
800
645
1217
692
610
406
1068
672
825
825
642
451
617
1216
600
677
645
709
767
589
678
729
582
865
521
481
605
1063
627
871
521
501
1404
319
770
861
559
1009
516
791
679
813
665
684
736
483
1026
727
467
625
941
913
929
211
472
1200
1031
386
486
779
657
813
877
807
739
546
719
584
832
872
813
958
644
448
862
670
911
512
349
843
759
1163
759
217
784
857
834
723
611
632
710
519
946
919
716
485
726
506
982
1230
386
377
920
1021
895
399
453
783
782
955
949
520
940
233
736
955
926
788
373
606
488
1293
863
344
745
445
518
995
1017
433
636
837
1043
837
489
351
918
1044
769
557
601
551
484
1187
669
963
626
542
546
1011
785
786
720
548
861
364
1044
895
852
487
976
455
684
672
1188
596
689
536
1068
519
690
845
860
673
464
635
551
1257
551
1052
354
513
814
940
1028
520
704
604
946
459
1106
314
722
845
758
518
685
935
418
903
333
1002
541
790
598
679
740
498
630
551
933
538
588
457
821
1001
750
419
937
603
386
1152
1043
715
270
846
710
616
779
672
524
702
895
718
842
558
561
1030
587
760
597
604
761
943
589
451
593
732
779
309
1222
650
394
635
1070
780
687
397
1059
1082
666
829
613
667
921
782
483
786
1045
653
548
856
637
775
645
644
1175
596
874
429
773
641
867
785
667
601
457
1293
598
526
749
842
994
531
528
852
802
720
981
364
1071
479
766
924
921
588
769
409
759
1226
795
285
1132
406
847
1033
600
840
274
857
789
709
996
824
491
1197
740
817
666
672
708
1164
661
620
598
666
757
748
935
446
911
726
648
686
599
1238
418
761
694
583
745
887
812
835
650
503
995
734
460
762
927
603
615
721
958
380
766
680
1016
574
346
926
710
1180
612
346
919
356
869
839
834
440
765
295
1214
823
499
897
983
656
529
767
585
748
625
708
1216
709
780
610
433
617
938
992
672
659
755
618
1124
687
438
609
494
1134
981
562
543
782
1035
463
492
767
942
912
660
591
944
582
894
886
481
467
525
824
907
415
770
411
871
1011
407
420
800
283
863
590
789
692
559
826
726
706
500
542
672
789
1011
812
712
540
400
814
622
883
499
719
895
509
678
1024
387
862
618
1123
913
431
777
478
795
944
543
1017
844
373
681
852
783
896
413
828
628
952
632
804
675
565
691
513
754
649
781
1147
523
678
637
488
801
599
938
486
623
1356
680
465
789
387
793
822
591
721
771
792
642
920
464
657
602
859
676
868
710
714
1107
227
933
407
758
773
672
900
918
517
743
789
697
273
963
588
688
262
1132
873
1121
808
462
615
628
948
682
822
992
480
675
850
989
454
526
974
717
651
1092
836
339
858
685
774
647
646
562
759
782
739
942
319
1129
511
677
422
708
682
979
640
812
497
1151
631
488
436
733
624
1052
784
568
919
844
332
870
495
863
984
588
717
434
701
1196
692
701
725
724
663
657
448
803
1245
577
846
705
1024
369
592
1025
353
799
847
692
620
913
643
567
697
648
587
856
709
751
865
679
885
681
661
331
813
879
703
503
1242
852
488
590
730
678
802
562
521
599
969
932
738
778
663
657
451
915
864
659
744
764
818
385
813
662
718
912
627
569
680
925
662
1028
914
490
519
711
873
676
904
795
1075
598
488
783
1018
746
422
803
958
833
676
695
871
767
441
600
1240
877
501
714
624
670
920
753
818
813
782
1065
572
889
344
998
790
385
782
1199
499
867
729
587
621
472
660
1055
644
877
532
834
655
735
843
496
905
704
475
1203
682
557
703
821
1043
736
420
849
674
785
946
732
689
288
934
713
925
1021
712
237
652
687
954
606
784
726
1061
883
255
568
939
906
728
817
557
302
684
1264
908
489
880
751
508
622
1094
876
458
656
768
725
461
624
925
1149
714
487
929
504
999
849
470
810
986
325
1098
966
283
716
739
1069
675
481
802
579
699
663
918
963
708
484
606
868
985
911
426
342
647
900
769
579
858
418
994
635
576
593
762
1395
563
487
304
836
1053
536
838
694
166
1154
751
770
627
999
841
930
457
707
746
746
641
852
459
1227
717
665
590
715
513
796
699
550
782
494
936
868
710
583
784
682
1064
1238
215
740
671
696
852
473
703
569
917
934
584
831
963
513
793
493
906
519
612
836
547
837
803
686
657
713
1178
619
566
485
511
1424
659
468
382
539
1278
695
721
408
828
828
636
557
873
749
524
959
873
649
972
276
512
663
1021
1019
553
757
687
454
812
1132
259
470
860
736
704
1269
623
588
659
532
803
1022
557
877
820
696
302
781
685
752
757
882
634
533
652
1219
388
666
810
1209
731
696
510
567
594
1278
1025
546
898
1048
699
525
748
215
748
1282
471
409
737
830
959
806
534
783
845
733
478
980
652
519
856
735
687
454
729
994
923
278
771
647
735
806
782
570
805
731
558
871
799
659
759
631
924
734
985
586
536
734
734
742
963
650
893
672
658
422
1084
710
727
570
331
750
941
1222
493
474
858
477
799
886
534
975
690
837
655
700
758
746
781
738
589
717
930
718
960
627
813
469
794
873
876
677
696
832
663
827
766
634
343
1056
888
879
563
454
1280
780
571
503
694
901
670
987
433
945
493
709
606
605
931
673
786
340
1078
522
959
606
782
1045
310
957
640
946
562
680
806
660
703
929
709
509
826
684
786
1058
1005
601
730
505
682
776
1083
1067
635
715
520
446
600
1207
942
772
543
608
893
995
535
956
966
486
857
1077
211
913
552
905
1178
498
416
804
787
534
1252
362
306
1036
811
709
820
477
655
1054
336
803
1034
580
642
994
678
494
720
940
672
594
799
1000
601
612
886
986
774
483
869
901
706
743
792
617
651
613
1243
921
475
779
621
537
740
892
733
684
644
519
972
620
787
622
1145
244
560
1024
544
874
569
794
684
680
1001
551
988
589
677
904
636
766
650
936
858
403
785
654
708
798
828
1040
369
632
682
874
1025
509
592
870
563
540
838
976
541
762
709
776
627
699
774
781
798
891
868
495
244
1218
877
690
602
781
735
471
1241
905
367
804
491
984
1005
630
292
923
1008
404
910
920
604
624
959
896
712
738
778
421
829
631
767
799
872
747
684
620
955
755
621
665
766
1249
554
684
576
647
833
742
579
580
877
927
673
713
900
538
706
777
746
1260
422
429
762
1010
676
1033
541
608
1101
907
474
733
715
1028
676
569
813
824
483
713
929
765
654
358
950
900
334
897
865
801
749
679
645
469
735
917
868
644
566
1060
653
679
750
600
617
1342
550
690
1049
644
450
716
757
873
642
968
1172
305
775
739
859
929
848
574
633
971
890
639
556
469
1427
1031
256
608
332
1119
926
598
775
803
721
649
1096
456
662
751
961
633
716
651
1143
381
692
787
946
639
653
469
658
860
807
742
860
486
900
367
966
895
727
479
759
978
854
651
535
896
830
554
745
524
1187
572
1000
371
795
1072
741
604
386
897
849
660
760
730
597
774
1221
176
830
941
739
792
686
678
791
655
558
846
519
973
807
721
695
670
882
1128
391
691
598
681
789
791
711
598
733
713
939
1044
730
574
468
1039
916
853
780
579
685
902
872
492
716
564
1117
1000
368
772
466
864
1058
776
805
661
351
750
806
875
428
878
541
1071
529
852
610
690
1140
659
726
383
866
469
1053
549
694
616
965
371
656
813
910
740
351
883
763
672
526
829
695
857
614
631
869
399
834
603
786
853
835
789
312
629
1037
888
634
684
1064
327
1159
169
712
758
875
509
1024
329
994
750
806
961
981
702
594
689
720
918
645
599
794
538
796
880
757
485
491
801
802
668
737
879
810
835
622
601
1024
963
455
995
934
843
563
775
759
615
1060
692
945
302
998
529
1196
434
580
1042
572
817
504
965
892
917
444
738
778
724
461
1126
967
681
790
414
1067
571
813
713
755
1002
551
728
905
538
871
646
1212
404
697
843
518
798
719
906
1035
780
614
817
526
702
822
1007
721
620
465
934
847
834
709
422
890
774
853
641
661
594
935
963
458
746
744
1403
384
570
715
366
744
1254
773
481
623
935
776
1166
544
759
1057
379
891
1099
655
518
1037
584
752
840
555
656
1194
526
697
619
1100
823
491
601
932
736
1102
708
536
873
774
405
858
880
875
517
545
923
1260
458
706
555
784
635
966
622
968
724
439
451
891
658
553
835
1059
999
590
245
1034
1174
644
569
458
616
1084
703
866
1048
919
613
599
662
971
843
718
856
823
829
459
870
815
755
688
1089
532
555
752
866
909
528
670
535
1054
765
834
345
772
854
751
496
1202
544
875
558
920
784
759
504
666
1233
750
408
912
582
423
836
847
1237
336
611
725
590
676
672
1071
616
829
293
388
1279
598
885
1024
578
450
998
828
643
682
1072
555
517
1081
844
567
768
527
1000
586
773
558
519
1227
737
828
825
700
584
553
915
884
683
707
609
490
1059
629
812
653
705
983
495
578
725
899
636
1003
670
760
552
753
392
1173
1027
318
572
711
626
1055
463
781
787
1106
771
351
794
1046
1292
554
326
871
507
956
592
857
688
500
818
689
570
830
734
650
989
522
463
705
624
852
901
947
622
798
341
927
940
602
627
804
825
603
1013
831
657
840
662
930
825
406
922
805
571
568
927
766
800
713
560
725
687
428
1037
687
535
982
351
1287
729
442
990
678
833
773
405
623
753
847
414
917
540
866
823
592
728
607
795
608
544
958
845
631
390
1002
836
531
800
802
611
612
639
946
411
853
632
917
857
728
763
531
781
595
508
1063
793
528
320
1283
1017
559
852
749
570
683
826
715
498
931
1044
400
527
934
529
669
1029
1027
295
777
629
880
944
766
524
555
1080
432
737
989
555
923
488
770
648
465
1065
808
822
1106
566
331
734
1083
468
746
975
448
655
826
949
374
1107
932
472
495
844
1049
795
685
590
510
719
687
683
1015
572
640
645
667
1016
761
880
932
415
884
442
605
1116
967
351
624
983
493
1049
839
613
941
519
887
572
983
937
574
561
722
903
729
748
824
836
608
644
738
729
830
793
584
1017
445
1322
536
327
1041
617
802
807
385
764
958
584
827
603
884
1189
727
594
453
700
947
910
732
480
765
882
686
890
293
1296
881
402
641
961
455
694
625
1129
873
725
439
766
670
901
639
973
724
1024
599
890
704
479
576
674
1127
725
425
889
764
831
774
704
596
524
707
984
1367
511
525
582
970
737
885
575
797
618
636
1319
599
511
293
1137
791
576
499
1359
992
482
681
563
760
1024
430
982
628
1009
648
400
773
1025
724
534
1013
586
1036
611
854
424
611
811
493
1220
617
779
461
580
589
1026
466
665
697
833
891
717
742
686
678
838
1012
711
657
1000
758
602
538
531
494
1271
675
743
1042
702
668
673
988
799
847
356
992
651
826
829
877
243
708
783
773
785
697
897
778
421
536
720
847
670
788
627
439
961
769
465
766
698
699
1205
859
771
423
413
894
1112
655
468
960
681
981
492
1133
566
963
348
1190
501
793
545
671
725
802
1255
669
710
647
737
1094
976
463
386
817
839
700
799
973
889
724
525
677
695
586
1206
734
708
482
540
978
996
697
462
765
1319
470
236
791
844
943
1039
508
665
639
687
1044
1088
609
287
509
797
1041
861
701
691
668
947
775
719
628
687
896
615
611
728
636
848
1020
540
614
604
555
1061
453
610
978
552
600
913
703
643
1015
645
822
527
681
703
722
865
424
1027
590
547
969
952
552
438
1004
931
819
339
771
654
672
1058
541
1035
725
429
958
836
909
359
921
564
723
817
859
821
641
681
1051
516
748
856
568
624
537
762
1063
660
238
963
977
798
655
896
622
697
770
839
523
538
649
1053
221
732
1001
942
789
591
768
661
690
892
556
491
991
769
861
708
489
1351
639
948
100
1144
664
624
774
893
728
807
689
650
762
733
719
560
949
464
1124
241
1097
756
517
717
993
836
688
705
784
647
928
577
650
1028
817
840
621
787
781
455
868
622
646
948
831
528
981
776
494
971
644
661
860
597
281
1101
725
739
1040
522
635
665
902
464
620
766
973
817
1145
290
663
533
1091
603
542
558
922
751
559
1359
677
468
769
623
586
884
689
610
479
975
864
749
1037
580
841
605
453
582
770
713
905
712
1031
1001
668
701
681
687
837
357
605
879
1080
649
521
879
996
396
598
902
652
668
784
843
1031
499
747
689
829
715
665
522
494
886
747
846
938
704
567
542
696
545
526
1045
457
1084
673
714
835
821
658
536
913
802
606
927
520
1021
630
638
1039
891
711
659
374
1067
715
1009
725
320
1044
979
566
492
386
1018
1140
835
349
1073
691
618
749
455
835
629
639
981
465
721
818
993
928
524
967
771
529
628
506
949
870
574
879
933
716
499
402
912
943
527
741
959
647
653
417
1150
769
983
642
1206
594
637
922
710
643
710
477
925
1233
630
902
627
380
652
884
846
612
474
1047
593
840
841
621
740
869
558
1262
401
549
966
604
644
575
875
841
883
947
851
500
818
737
611
682
714
744
847
918
794
799
542
934
639
640
1122
635
483
739
545
751
823
642
1004
567
541
974
599
336
735
781
875
984
288
955
696
907
959
786
472
1031
721
723
585
860
650
947
574
634
661
621
1201
643
577
658
930
343
855
448
664
1275
696
700
598
1023
580
730
550
770
542
703
986
824
1354
688
761
465
395
334
1092
773
994
769
1014
769
470
442
735
795
1100
557
652
766
1063
292
595
1081
949
713
562
296
1128
931
532
643
1111
634
452
611
848
940
763
931
778
445
625
1036
357
708
1002
569
753
784
1045
447
461
1065
1098
491
303
804
829
655
802
1002
1190
422
690
817
580
289
711
1429
470
989
558
454
925
555
755
741
761
671
507
857
820
794
585
481
997
1154
699
426
689
764
1183
477
511
880
632
744
719
812
497
1063
681
608
478
505
640
1331
765
259
496
1325
645
508
451
1112
1031
712
710
914
463
999
856
558
388
1039
870
648
609
1001
1128
343
760
519
877
989
674
590
710
1363
610
696
612
738
826
498
668
655
1048
688
971
411
1061
369
1068
639
655
855
705
660
624
723
1175
673
596
733
565
953
721
635
481
1218
919
452
664
1187
632
877
436
717
756
775
780
793
1061
416
525
909
846
729
359
802
830
769
966
737
578
665
522
823
812
802
711
466
646
1430
658
405
576
873
658
768
813
466
1137
846
540
697
651
630
1069
523
485
969
1041
586
595
1066
537
908
572
754
417
1133
897
1034
302
439
806
982
802
1006
665
1109
543
664
785
403
999
601
863
909
530
385
678
1100
519
607
1168
1003
632
432
836
997
523
763
1072
665
637
706
689
889
826
425
830
546
1088
386
988
664
726
847
970
809
740
600
509
1056
665
1009
643
754
1072
476
741
679
1009
1076
652
492
1103
594
362
677
633
1104
673
1361
454
845
821
362
773
829
623
595
757
959
944
925
778
392
938
674
727
661
994
889
935
525
665
946
295
1063
695
724
923
732
662
557
869
788
751
973
290
474
810
777
1022
1016
425
560
961
1005
599
547
826
1032
524
681
351
545
1257
951
523
470
745
1360
691
589
642
922
1069
436
749
597
703
553
1040
575
771
851
676
664
919
809
786
564
867
486
925
540
670
797
829
762
605
668
222
1322
1063
703
455
615
657
1054
737
882
957
289
1058
609
572
784
589
673
865
689
534
1179
574
875
721
453
815
505
706
1201
441
837
570
520
961
1059
806
777
419
702
744
897
631
613
1006
683
662
1141
783
638
726
506
1173
531
935
486
446
692
1006
899
581
1024
480
1032
379
860
550
718
1105
585
725
1129
505
718
431
863
1168
247
799
829
488
761
743
1263
563
654
709
836
870
586
1043
433
550
710
671
778
1003
917
717
677
241
970
947
733
725
770
559
366
752
891
722
657
1129
502
835
509
409
582
1017
928
521
802
677
921
546
609
683
939
595
979
771
731
639
959
629
823
663
905
800
478
864
610
614
806
646
886
376
939
783
735
778
698
441
916
762
773
764
636
814
613
902
578
966
614
737
1164
419
809
651
692
856
995
539
385
864
613
1104
742
755
439
758
696
662
865
671
787
665
676
840
468
820
1018
565
886
890
585
473
833
1078
554
647
486
1071
506
799
867
643
777
830
522
975
851
517
626
718
740
1041
806
650
647
163
1403
878
461
518
553
890
820
1286
451
592
821
1114
411
573
1121
355
788
928
587
422
1289
804
463
670
755
657
710
852
1008
700
642
570
845
591
1084
469
1012
641
739
864
666
848
549
661
751
1051
874
825
568
701
1059
495
503
978
409
1313
418
1025
670
517
712
861
476
833
696
656
984
684
1032
723
634
871
726
507
986
615
1186
763
345
620
1261
586
469
866
711
651
591
1098
676
813
701
844
642
621
826
790
831
664
750
629
603
1056
824
401
644
837
626
837
919
758
490
915
608
530
1001
780
484
642
710
796
699
1021
1080
406
971
636
586
333
821
628
1347
513
454
750
1017
551
624
664
1011
646
446
1286
589
755
907
531
701
818
618
828
821
600
576
473
1109
743
620
975
636
1035
407
578
1017
489
580
640
970
546
969
832
780
786
481
877
812
496
971
738
997
829
763
619
621
1005
475
977
446
644
715
782
829
941
645
1052
544
466
339
1030
1360
264
667
744
763
957
949
507
614
824
717
580
927
539
1104
745
642
791
862
764
383
725
819
994
657
712
748
1206
501
889
181
1257
865
485
838
473
870
905
581
771
827
1067
225
598
803
661
696
824
829
1001
641
463
744
1154
669
545
630
565
636
815
983
855
804
607
804
774
911
281
851
759
714
510
681
794
870
835
958
449
852
365
1111
598
837
715
995
686
592
841
874
542
624
839
948
869
676
709
404
758
852
680
835
708
1376
740
511
444
535
1165
540
786
706
844
732
760
785
610
602
709
693
607
1135
968
820
377
860
315
649
1121
733
906
441
814
569
851
826
994
709
518
867
811
447
767
885
1096
637
754
867
172
806
1035
849
638
522
1030
886
556
989
765
524
729
826
951
973
327
592
836
1028
220
794
893
767
764
670
946
606
672
739
705
760
667
754
917
707
420
1284
351
1004
614
855
769
906
864
782
487
1054
411
773
778
1055
912
625
647
373
1303
360
468
1169
680
679
723
506
636
820
655
1109
650
847
761
351
794
735
837
922
609
712
1095
682
760
588
595
777
653
1028
908
583
578
1124
717
673
509
865
1047
462
532
1054
654
795
1110
693
291
873
332
1388
694
624
789
811
616
1161
506
989
640
738
862
801
523
747
567
1427
466
730
1079
486
707
855
713
717
690
1245
396
682
517
820
820
912
1074
373
760
1105
750
506
659
783
1126
636
532
1128
549
593
1172
536
817
719
846
454
694
1087
829
608
797
661
923
951
412
814
833
558
766
862
842
554
941
444
1247
683
821
532
705
877
350
957
1057
1023
410
844
540
900
631
960
971
594
762
447
906
655
1178
866
485
637
532
1067
526
1028
801
880
660
737
911
711
563
929
441
1214
559
795
832
592
699
1011
572
921
362
668
964
1062
399
824
541
691
1039
712
1093
838
638
372
916
901
551
771
621
915
676
701
961
361
773
993
778
574
1076
619
366
932
854
811
626
667
572
875
875
828
1008
994
370
699
822
1042
535
796
697
964
644
642
734
687
750
1092
523
740
555
957
1031
516
865
669
596
808
958
721
418
786
788
711
915
860
536
399
1077
582
1075
555
733
1059
519
932
645
1049
525
521
744
1019
638
812
712
877
1017
576
655
872
693
845
829
764
610
842
1125
737
603
613
617
1028
867
391
807
842
543
927
741
791
588
847
772
588
799
709
722
945
760
552
837
737
727
922
843
632
546
768
1037
680
948
432
731
697
956
624
1009
546
716
894
680
826
673
530
877
874
709
464
911
930
771
409
813
814
767
1021
407
954
599
341
1211
950
544
706
390
1048
675
905
781
841
614
755
513
730
844
717
788
747
724
538
1057
1009
870
606
658
641
716
1222
481
992
673
438
683
873
776
973
442
969
665
535
711
870
956
646
575
893
527
842
894
932
421
633
1156
496
662
756
847
1221
726
411
588
932
927
706
510
770
605
732
860
833
659
584
610
1177
592
427
823
672
664
608
1390
441
345
909
743
952
713
767
913
270
965
709
1170
673
386
647
1037
941
1055
663
405
909
739
854
952
751
428
1041
297
929
903
757
479
568
695
460
1271
722
953
530
719
777
868
836
567
679
877
921
727
679
721
1255
494
671
495
1120
1214
463
528
890
1046
688
722
842
525
1043
811
578
661
825
1015
721
385
921
704
785
695
576
1033
671
745
943
298
516
1034
933
1109
756
583
775
571
688
852
962
813
576
857
939
452
321
1006
821
683
970
584
827
499
981
604
674
866
661
805
790
604
545
1091
532
912
754
559
1004
669
860
395
535
1170
745
530
1150
514
711
652
775
847
1199
622
336
636
611
951
926
744
850
449
525
1331
451
669
890
622
652
1142
669
220
915
747
1401
594
441
840
755
708
777
979
655
754
591
921
855
587
497
873
795
843
645
712
654
922
811
674
668
684
945
829
469
624
970
714
720
558
763
678
623
1178
245
291
1199
1143
732
634
449
1048
899
450
521
980
751
724
833
741
506
496
1214
831
579
653
799
968
697
751
684
564
1029
696
927
499
775
361
827
1180
643
361
889
1219
752
449
437
804
1086
813
333
664
975
1077
500
787
755
725
599
345
962
1141
674
756
744
809
663
418
1055
784
838
228
551
881
951
568
576
975
700
1087
449
1002
759
597
830
840
646
530
571
1306
747
530
441
1071
658
553
638
1014
857
634
831
717
596
878
526
1135
640
592
505
1086
878
655
504
1042
888
616
446
769
1076
470
1021
804
771
299
742
1169
879
996
354
557
811
893
600
942
264
677
663
863
719
631
646
669
964
598
619
1004
746
479
884
622
730
794
735
989
623
738
651
1093
451
518
1020
913
847
623
792
815
491
637
1129
871
399
767
1002
810
570
797
434
1084
778
792
888
608
640
664
680
820
948
620
622
821
500
705
1005
827
538
1106
438
563
650
677
735
963
767
493
681
961
548
772
659
635
1240
643
776
761
706
396
873
791
533
893
1096
472
649
584
615
759
841
586
635
805
892
522
721
643
812
576
835
749
834
513
924
877
731
516
636
798
701
713
1052
441
928
740
762
784
581
650
945
1080
358
909
386
1410
656
377
553
1006
883
694
949
883
646
695
472
850
847
732
684
806
750
721
550
669
794
645
539
1069
327
914
980
672
273
809
755
580
942
791
650
692
788
565
861
513
792
635
1157
497
916
449
489
736
947
372
981
930
865
400
703
424
1152
795
991
485
766
755
645
576
1041
878
710
559
535
1160
682
422
969
596
580
699
917
392
759
1103
649
738
655
912
341
617
1225
590
525
799
1042
552
587
989
444
852
778
727
860
997
462
955
623
780
465
736
1279
466
739
886
521
651
881
960
757
608
825
660
958
650
588
1006
485
759
841
565
929
462
789
671
643
931
1070
533
519
443
519
928
720
787
754
1105
865
322
555
969
659
728
419
967
698
531
861
1026
732
656
215
830
1027
877
736
491
653
565
949
730
794
604
605
771
653
811
766
432
1120
795
486
970
750
630
804
774
662
1202
647
563
708
766
513
799
1060
815
452
719
652
712
782
693
778
724
1046
676
529
789
871
767
622
509
920
951
384
653
550
979
1048
561
752
424
955
998
435
628
854
790
1068
469
571
1178
561
898
756
483
828
815
648
914
698
457
830
859
629
633
734
683
649
745
839
544
962
520
641
708
1062
275
331
1395
809
550
919
679
564
984
659
703
806
566
819
640
721
923
443
605
944
689
753
687
846
955
640
582
559
1085
790
427
791
872
573
741
751
719
880
660
811
462
1001
783
888
716
379
1062
719
853
920
568
748
539
346
1386
759
441
404
1027
1091
456
752
794
553
801
690
608
747
951
779
617
499
829
971
610
624
671
744
841
977
684
268
855
1387
205
543
742
1002
881
546
216
1090
939
720
561
759
678
905
547
691
671
798
957
617
923
778
725
613
695
582
683
1056
923
373
589
735
961
959
525
747
647
704
844
438
959
843
681
1091
793
299
957
941
676
550
993
711
624
669
1026
760
579
935
865
438
800
804
461
954
511
1141
693
585
644
1070
462
569
979
1255
593
445
716
1180
512
636
843
455
922
897
375
935
781
721
639
658
674
781
918
630
714
864
561
715
798
554
916
516
933
910
650
733
747
777
462
529
967
835
578
1050
567
1023
649
286
1115
490
672
739
837
746
455
636
995
924
713
934
342
881
680
723
701
586
802
803
1074
414
364
902
819
1018
950
663
729
604
611
1173
582
621
435
917
773
587
563
794
1040
476
1117
826
763
340
1063
948
372
437
961
725
1246
554
707
1116
523
558
512
723
627
860
1126
625
452
741
990
376
659
685
618
969
867
679
545
291
1011
779
748
655
1148
790
840
738
534
734
632
876
876
789
517
883
733
916
664
419
980
856
699
677
1042
550
677
448
820
890
726
685
855
876
564
665
787
667
1014
889
737
531
739
451
805
651
607
737
908
640
589
674
888
545
699
900
934
495
665
608
692
990
354
589
889
805
742
679
760
706
893
602
861
540
693
1004
278
636
1131
426
799
1048
697
444
604
649
1015
1004
732
590
811
644
797
617
802
516
534
750
951
673
545
684
1057
1020
518
775
660
726
1012
661
682
792
509
857
913
559
424
964
761
808
566
756
740
829
971
673
544
758
461
683
618
608
870
528
886
559
932
739
546
790
767
851
493
655
890
593
675
399
637
675
925
885
908
621
541
581
866
657
439
925
645
723
609
742
798
592
541
1103
679
660
842
965
399
647
