1426
1436
1487
1400
1456
1386
1387
1401
1422
1432
1396
1390
1426
1399
1381
1384
1381
1418
1390
1413
1430
1382
1417
1403
1382
1410
1377
1398
1423
1451
1382
1384
1400
1219
1384
1389
1410
1422
1421
1431
1395
1375
1410
1397
1427
1437
1409
1421
1445
1431
1409
1413
1410
1430
1435
1403
1443
1421
1387
1395
1426
1413
1426
1409
1395
1384
1113
1404
1414
1430
1425
1402
1403
1411
1431
1403
1422
1430
1406
1389
1401
1417
1384
1395
1401
1411
1389
1351
1425
1413
1384
1423
1431
1376
1385
1388
1383
1418
1412
1396
1433
1382
1374
1410
1399
1361
1410
1446
1415
1394
1436
1389
1415
1415
1365
1384
1393
1254
1432
1435
1400
1381
1394
1390
1373
1414
1078
1433
1383
1433
1432
1365
1432
1422
1427
1372
1396
1404
1442
1382
1422
1421
1381
1410
1403
1436
1437
1413
1378
1403
1424
1397
1413
1340
1403
1392
1395
1398
1396
1434
1428
1402
1407
1407
1431
1401
1414
1342
1403
1375
1332
1404
1418
1395
1392
1392
1415
1418
1370
1377
1427
1392
1385
1388
1376
1380
1056
1425
1390
1377
1379
1060
1423
1404
1399
1392
1395
1400
1394
1436
1380
1452
1406
1382
1420
1385
1377
1402
1378
1390
1433
1407
1413
1436
1375
1397
1440
1384
1390
1415
1387
1381
1403
1402
1402
1402
1399
1441
1407
1407
1401
1389
1418
1417
1382
1389
1427
1324
1396
1393
1394
1420
1397
1416
1396
1418
1390
1414
1387
1443
1441
1390
1417
1418
1384
1400
1399
1401
1366
1375
1421
1423
1414
1393
1432
1424
1427
1402
1380
1441
1407
1386
1421
1411
1389
1424
1426
1414
1400
1401
1399
1386
1304
1399
1446
1391
1400
1393
1390
1431
1379
1424
1411
1420
1386
1436
1413
1392
1387
1393
1414
1434
1390
1427
1373
1412
1378
1426
1392
1401
1394
1393
1386
1419
1392
1383
1391
1386
1425
1395
1411
1414
1424
1423
1399
1437
1403
1402
1394
1431
1415
1407
1406
1392
1434
1425
1410
1407
1450
1371
1408
1435
1389
1412
1389
1399
1380
1440
1443
1303
1379
1367
1388
1403
1387
1404
1392
1413
1391
1434
1393
1406
1442
1392
1390
1433
1413
1451
1417
1427
1410
1381
1383
1391
1408
1402
1429
1411
1413
1422
1413
1408
1400
1415
1440
1417
1448
1307
1456
1398
1392
1384
1409
1434
1412
1363
1418
1306
1388
1389
1385
1403
1410
1427
1423
1429
1408
1287
1439
1380
1425
1412
1382
1420
1409
1437
1395
1380
1433
1415
1463
1415
1399
1444
1416
1386
1426
1383
1396
1392
1403
1383
1395
1419
1383
1446
1408
1405
1423
1400
1421
1412
1395
1422
1390
1403
1429
1423
1394
1379
1399
1421
1412
1379
1393
1378
1435
1392
1412
1376
1443
1390
1379
1427
1402
1386
1411
1422
1389
1398
1412
1393
1362
1384
1385
1393
1403
1445
1405
1428
1409
1419
1422
1422
1409
1404
1430
1086
1441
1411
1413
1415
1430
1409
1433
1394
1405
1420
1432
1431
1285
1407
1400
1085
1386
1384
1417
1390
1371
1408
1399
1382
1126
1417
1427
1415
1384
1418
1414
1360
1375
1387
1404
1412
1415
1381
1392
1400
1434
1424
965
1351
1403
1379
1375
1420
1411
1421
1419
1406
1408
1421
1389
1385
1410
1395
1396
1395
1420
1441
1379
1206
1403
1387
1368
1386
1399
1390
1390
1385
1383
1393
1414
1442
1441
1403
1393
1444
1411
1423
1207
1412
1426
1430
1416
1383
1441
1398
1418
1419
1424
1393
1438
1390
1393
1386
1400
1378
1379
1407
1273
1410
1434
1397
1450
1436
1408
1397
1430
1418
1404
1403
1391
1448
1426
1413
1415
1387
1421
1420
1419
1380
1453
1401
1393
1386
1420
1391
1443
1438
1389
1438
1423
1423
1385
1415
1393
1395
1408
1399
1406
1402
1391
1420
1406
1417
1389
1397
1391
1391
1406
1391
1396
1388
1408
1424
1424
1423
1415
1415
1421
1421
1416
1376
1382
1392
1402
1432
1278
1403
1434
1404
1426
1426
1423
1413
1410
1391
1444
1418
1396
1447
1392
1401
1415
1414
1396
1419
1366
1384
1391
1419
1422
1387
1388
1397
1412
1403
1342
1401
1404
1426
1446
1435
1272
1372
1387
1381
1195
1424
1403
1395
1390
1455
1419
1399
1328
1389
1377
1413
1396
1410
1437
1390
1451
1392
1405
1412
1425
1390
1399
1433
1398
1249
1435
1434
1435
1398
1386
1397
1400
1401
1399
1441
1427
1389
1396
1429
1414
1421
1437
1249
1432
1429
1382
1393
1384
1454
1426
1387
1373
1384
1353
1401
1401
1399
1415
1407
1402
1388
1393
1383
1432
1261
1393
1416
1398
1379
1276
1395
1416
1387
1408
1422
1413
1410
1409
1396
1390
1449
1392
1391
1417
1432
1423
1268
1386
1452
1386
1398
1428
1427
1379
1371
1418
1418
1419
1420
1386
1431
1363
1418
1405
1428
1377
1414
1375
1436
1407
1379
1400
1416
1403
1429
1417
1415
1383
1430
1412
1391
1396
1386
1391
1410
1413
1380
1425
1418
1323
1435
1415
1389
1446
1393
1438
1392
1410
1401
1420
1410
1403
1392
1258
1429
1414
1432
1417
1392
1412
1390
1380
1447
1394
1448
1405
1392
1430
1425
1413
1395
1185
1403
1380
1390
1416
1181
1393
1420
1384
1283
1428
1384
1413
1422
1384
1434
1415
1377
1424
1394
1396
1426
1373
1377
1382
1402
1408
1416
1395
1382
1426
1403
1337
1401
1399
1161
1383
1401
1383
1404
1419
1413
1427
1139
1425
1379
1389
1439
1425
1389
1401
1409
1444
1410
1424
1379
1434
1422
1398
1399
1422
1402
1429
1399
1337
1383
1393
1435
1403
1417
1402
1431
1406
1409
1396
1412
1383
1393
1400
1380
1397
1299
1405
1398
1393
1421
1413
1408
1399
1387
1354
1432
1431
1431
1384
1384
1400
1431
1376
1384
1434
1412
1381
1427
1340
1409
1388
1407
1381
1417
1442
1401
1415
1423
1398
1403
1423
1404
1264
1437
1407
1424
1390
1412
1398
1399
1399
1424
1417
1431
1411
1435
1395
1415
1383
1400
1442
1426
1385
1400
1391
1437
1420
1427
1376
1402
1399
1387
1207
1425
1428
1382
1412
1393
1385
1438
1394
1406
1427
1381
1411
1430
1435
1407
1394
1391
1426
1413
1396
1417
1388
1429
1383
1440
1400
1406
1407
1424
1382
1409
1404
1414
1386
1398
1388
1408
1437
1370
1432
1394
1390
1425
1383
1383
1438
1413
1386
1414
1078
1392
1404
1398
1393
1400
1407
1426
1397
1358
1409
1397
1393
1375
1390
1410
1423
1400
1384
1410
1424
1415
1423
1417
1419
1415
1424
1387
1381
1428
1379
1397
1412
1374
1432
1384
1413
1397
1392
1375
1387
1412
1434
1379
1389
1418
1399
1406
1414
1386
1415
1438
1382
1424
1415
1355
1392
1339
1395
1423
1397
1396
1416
1417
1411
1419
1420
1388
1414
1211
1414
1438
1436
1424
1410
1406
1382
1386
1357
1396
1433
1426
1392
1422
1416
1421
1394
1405
1389
1412
1435
1390
1425
1428
1410
1378
1414
1392
1405
1391
1396
1400
1396
1428
1393
1384
1424
1388
1394
1394
1420
1391
1384
1392
1428
1415
1422
1426
1430
1389
1383
1377
1386
1385
1430
1387
1405
1403
1411
1397
1419
1388
1415
1404
1419
1408
1400
1375
1431
1430
1436
1312
1387
1411
1405
1429
1410
1416
1398
1409
1425
1403
1404
1438
1432
1434
1394
1376
1434
1418
1411
1377
1430
1386
1397
1388
1415
1406
1422
1442
1159
1407
1383
1430
1393
1380
1408
1422
1424
1393
1411
1417
1385
1385
1434
1426
1434
1429
1403
1380
1416
1426
1396
1377
1434
1439
1410
1402
1417
1391
1390
1441
1419
1420
1250
1383
1411
1422
1374
1388
1395
1421
1311
1414
1383
1420
1363
1436
1434
1411
1379
1430
1420
1419
1430
1416
1426
1417
1394
1425
1380
1402
1385
1232
1391
1436
1410
1415
1439
1389
1398
1415
1435
1416
1424
1428
1425
1392
1425
1414
1390
1428
1417
1421
1426
1406
1390
1418
1428
1403
1385
1445
1392
1411
1394
1380
1412
1411
1389
1419
1417
1397
1426
1405
1404
1392
1392
1382
1329
1425
1441
1385
1406
1402
1414
1442
1426
1431
1438
1428
1432
1437
1430
1429
1386
1379
1361
1392
1388
1393
1408
1407
1396
1423
1444
1401
1421
1381
1414
1442
1390
1404
1419
1439
1415
1397
1381
1434
1409
1388
1381
1414
1383
1412
1410
1424
1409
1417
1458
1419
1430
1425
1398
1414
1332
1392
1433
1434
1409
1381
1383
1385
1400
1400
1405
1381
1391
1383
1380
1420
1393
1405
1427
1397
1429
1374
1422
1426
1424
1402
1403
1387
1416
1436
1432
1384
1433
1431
1422
1269
1427
1389
1376
1391
1429
1401
1434
1414
1420
1411
1417
1393
1431
1383
1452
1392
1417
1387
1388
1377
1435
1425
1423
1424
1425
1378
1421
1393
1405
1387
1420
1384
1412
1388
1429
1405
1383
1396
1385
1425
1388
1424
1425
1412
1429
1193
1396
1415
1402
1416
1390
1432
1388
1438
1426
1390
1393
1367
1399
1447
1414
1401
1392
1415
1406
1367
1431
1409
1411
1407
1391
1397
1416
1388
1403
1414
1409
1383
1412
1418
1414
1404
1383
1415
1399
1433
1386
1421
1412
1431
1397
1381
1388
1426
1410
1381
1386
1388
1418
1379
1405
1356
1435
1329
1417
1430
1429
1408
1421
1437
1434
1376
1446
1391
1385
1409
1407
1421
1392
1390
1410
1415
1390
1389
1379
1416
1386
1400
1423
1416
1419
1425
1404
1389
1394
1445
1378
1408
1435
1407
1401
1410
1455
1394
1387
1416
1378
1385
1436
1396
1403
1428
1207
1386
1430
1397
1419
1436
1420
1443
1299
1401
1405
1428
1411
1406
1412
1409
1418
1424
1433
1418
1391
1383
1433
1409
1456
1396
1249
1430
1395
1417
1414
1379
1287
1416
1424
1252
1428
1405
1386
1426
1386
1164
1401
1441
1417
1396
1449
1434
1379
1408
1437
1404
1414
1427
1410
1411
1170
1396
1383
1405
1264
1395
1380
1415
1429
1433
1389
1398
1382
1431
1391
1391
1390
1418
1425
1444
1408
1425
1408
1440
1360
1435
1389
1400
1398
1368
1405
1423
1392
1388
1387
1445
1421
1328
1465
1377
1402
1424
1424
1413
1405
1410
1412
1388
1425
1439
1422
1390
1390
1160
1396
1408
1373
1443
1424
1400
1413
1344
1383
1407
1400
1392
1140
1388
1388
1377
1429
1431
1306
1421
1423
1412
1421
1375
1412
1415
1400
1438
1394
1388
1278
1397
1418
1380
1382
1420
1425
1416
1374
1392
1373
1418
1398
1346
1378
1387
1383
1403
1422
1433
1387
1395
1418
1423
1412
1399
1385
1393
1387
1415
1405
1358
1405
1444
1407
1412
1378
1399
1423
1416
1394
1445
1434
1404
1401
1423
1436
1406
1404
1360
1415
1415
1430
1418
1383
1422
1411
1388
1418
1402
1388
1413
1430
1408
1423
1388
1401
1451
1397
1396
1429
1376
1402
1380
1409
1407
1381
1161
1389
1396
1407
1426
1407
1417
1389
1432
1385
1393
1401
1439
1411
1398
1423
1455
1377
1381
1398
1395
1421
1231
1403
1390
1412
1401
1425
1443
1293
1453
1437
1396
1398
1424
1410
1404
1413
1393
1393
1434
1428
1407
1381
1411
1361
1431
1434
1390
1434
1410
1400
1405
1411
1417
1452
1402
1382
1437
1425
1419
1396
1408
1396
1430
1378
1399
1383
1396
1387
1434
1439
1435
1432
1389
1423
1428
1428
1408
1385
1395
1406
1386
1413
1419
1427
1382
1380
1454
1409
1462
1441
1425
1431
1079
1417
1385
1431
1392
1398
1392
1390
1424
1412
1391
1389
1387
1395
1353
1405
1389
1405
1437
1422
1425
1398
1401
1399
1374
1404
1392
1436
1394
1376
1419
1395
1401
1415
1420
1399
1422
1406
1420
1393
1418
1423
1418
1375
1394
1379
1413
1411
1403
1379
1416
1416
1403
1406
1345
1408
1391
1381
1446
1202
1426
1396
1435
1426
1398
1412
1328
1427
1410
1378
1408
1432
1437
1411
1346
1412
1428
1393
1428
1385
1396
1395
1353
1439
1399
1395
1382
1409
1204
1400
1411
1383
1364
1402
1385
1439
1398
1402
1451
1426
1419
1388
1415
1438
1405
1407
1427
1319
1383
1393
1047
1423
1288
1396
1449
1386
1399
1414
1394
1396
1393
1403
1410
1405
1401
1417
1387
1435
1416
1441
1384
1377
1393
1415
1377
1424
1447
1406
1392
1409
1408
1384
1423
1405
1374
1412
1435
1378
1405
1372
1388
1309
1417
1431
1403
1383
1400
1411
1381
1402
1385
1408
1412
1403
1425
1387
1419
1420
1401
1406
1402
1385
1428
1425
1417
1410
1388
1386
1299
1414
1392
1415
1378
1398
1405
1407
1388
1247
1435
1400
1391
1295
1413
1424
1408
1392
1408
1455
1443
1385
1444
1393
1397
1375
1383
1385
1374
1423
1404
1397
1400
1388
1412
1429
1434
1427
1427
1409
1419
1445
1389
1424
1406
1418
1393
1404
1409
1381
1407
1427
1413
1428
1431
1391
1402
1383
1369
1420
1413
1407
1395
1420
1400
1384
1318
1401
1404
1385
1387
1388
1378
1436
1418
1389
1404
1419
1389
1429
1404
1442
1429
1375
1398
1396
1211
1374
1427
1363
1417
1433
1381
1412
1409
1390
1424
1403
1404
1414
1403
1460
1390
1390
1375
1421
1417
1243
1401
1422
1431
1384
1401
1432
1429
1423
1234
1397
1437
1441
1448
1439
1382
1385
1427
1411
1381
1388
1385
1435
1400
1426
1428
1394
1421
1381
1403
1396
1407
1407
1399
1385
1362
1294
1415
1434
1401
1413
1281
1407
1421
1424
1407
1414
1442
1436
1425
1422
1396
1397
1426
1416
1412
1383
1395
1399
1380
1412
1421
1411
1414
1432
1398
1389
1404
1433
1399
1434
1377
1409
1404
1429
1414
1407
1402
1415
1402
1421
1411
1410
1404
1426
1428
1391
1449
1376
1407
1374
1413
1414
1388
1406
1403
1402
1389
1384
1411
1383
1424
1405
1401
1386
1401
1383
1426
1404
1383
1399
1404
1386
1394
1370
1420
1385
1385
1397
1405
1388
1409
1435
1375
1384
1382
1435
1430
1393
1434
1416
1388
1436
1410
1429
1434
1423
1413
1399
1390
1353
1427
1437
1431
1422
1392
1434
1422
1398
1416
1376
1402
1433
1438
1420
1416
1413
1402
1404
1427
1388
1366
1437
1405
1374
1397
1439
1394
1402
1433
1394
1409
1407
1357
1408
1391
1234
1424
1421
1379
1392
1415
1389
1441
1392
1405
1448
1421
1395
1396
1436
1386
1406
1382
1411
1388
1431
1382
1427
1239
1427
1432
1436
1412
1430
1432
1371
1404
1390
1398
1429
1393
1356
1408
1410
1388
1384
1388
1407
1388
1385
1382
1429
1420
1427
1382
1407
1422
1327
1430
1381
1397
1447
1396
1408
1400
1255
1389
1391
1425
1416
1426
1399
1386
1446
1401
1402
1403
1418
1382
1401
1388
1399
1412
1405
1406
1419
1431
1400
1417
1413
1424
1389
1401
1391
1354
1449
1383
1397
1424
1355
1397
1395
1405
1419
1411
1380
1430
1401
1265
1427
1362
1409
1384
1397
1435
1447
1430
1284
1394
1433
1414
1381
1382
1426
1430
1400
1383
1437
1438
1402
1399
1406
1427
1415
1427
1419
1424
1398
1389
1409
1426
1409
1405
1430
1434
1380
1422
1393
1413
1444
1376
1396
1431
1431
1440
1401
1404
1438
1420
1389
1402
1400
1394
1411
1415
1404
1384
1411
1400
1393
1402
1408
1413
1402
1417
1421
1455
1412
1422
1382
1400
1436
1388
1412
1413
1408
1398
1383
1421
1394
1374
1460
1318
1431
1394
1404
1403
1389
1446
1422
1433
1434
1441
1395
1398
1428
1444
1401
1443
1437
1434
1397
1409
1420
1386
1398
1336
1377
1436
1434
1393
1400
1380
1386
1405
1412
1404
1414
1400
1393
1423
1396
1393
1432
1386
1377
1356
1437
1439
1451
1401
1202
1416
1439
1433
1391
1388
1433
1446
1456
1402
1423
1390
1441
1433
1388
1436
1433
1377
1380
1420
1427
1415
1407
1434
1393
1398
1411
1366
1426
1416
1420
1393
1414
1390
1349
1413
1390
1412
1436
1377
1441
1422
1435
1396
1434
1375
1428
1384
1412
1409
1413
1393
1421
1390
1407
1458
1446
1383
1393
1445
1414
1434
1418
1406
1430
1393
1438
1395
1390
1399
1408
1388
1403
1404
1405
1431
1405
1419
1396
1273
1430
1415
1393
1429
1421
1404
1416
1415
1422
1406
1400
1413
1384
1441
1402
1372
1413
1427
1412
1399
1385
1381
1442
1396
1427
1392
1415
1429
1394
1385
1386
1402
1419
1409
1422
1389
1382
1430
1376
1397
1390
1108
1409
1437
1413
1411
1435
1434
1418
1422
1402
1440
1395
1415
1435
1413
1394
1407
1379
1414
1423
1405
1400
1393
1423
1390
1417
1387
1427
1363
1386
1409
1439
1418
1390
1426
1432
1400
1386
1240
1427
1441
1413
1382
1402
1336
1410
1451
1416
1417
1400
1428
1375
1394
1395
1381
1419
1423
1403
1436
1438
1398
1411
1431
1425
1399
1403
1287
1424
1391
1414
1419
1400
1421
1430
1405
1381
1429
1417
1417
1428
1409
1395
1437
1411
1431
1408
1406
1407
1402
1427
1376
1414
1411
1416
1447
1388
1401
1388
1406
1436
1430
1387
1409
1373
929
1392
1409
1385
1396
1430
1419
1427
1424
1414
1424
1384
1400
1380
1419
1390
1428
1413
1433
1428
1420
1388
1396
1436
1421
1417
1420
1413
1392
1419
1382
1376
1385
1410
1394
1194
1419
1413
1416
1391
1403
1404
1442
1420
1376
1387
1371
1413
1401
1430
1388
1406
1424
1384
1408
1390
1396
1414
1422
1352
1399
1420
1407
1397
1398
1415
1415
1426
1402
1311
1425
1420
1415
1401
1400
1387
1392
1436
1402
1410
1379
1433
1423
1382
1443
1411
1398
1431
1348
1405
1436
1424
1381
1411
1420
1395
1429
1424
1374
1394
1419
1386
1182
1394
1397
1450
1406
1439
1379
1427
1436
1406
1400
1413
1390
1334
1404
1398
1398
1424
1404
1417
1405
1414
1400
1425
1386
1426
1422
1402
1471
1434
1418
1445
1426
1395
1384
1403
1423
1399
1405
1425
1402
1414
1363
1427
1398
1416
1406
1418
1422
1445
1429
1415
1424
1403
1397
1406
1407
1425
1379
1425
1432
1417
1408
1399
1423
1410
1415
1391
1403
1387
1393
1383
1442
1418
1430
1416
1406
1418
1437
1417
1422
1402
1430
1424
1389
1393
1429
1397
1386
1395
1404
1400
1417
1415
1388
1412
1390
1370
1391
1445
1426
1394
1400
1388
1134
1398
1405
1392
1382
1107
1413
1422
1392
1395
1422
1202
1435
1417
1435
1435
1380
1409
1440
1436
1424
1426
1404
1445
1409
1405
1397
1437
1419
1390
1382
1404
1410
1393
1423
1422
1404
1411
1378
1395
1342
1406
1382
1422
1401
1381
1417
1418
1419
1421
1426
1423
1420
1432
1431
1404
1391
1395
1444
1400
1445
1375
1085
1391
1415
1437
1379
1383
1409
1394
1387
1436
1392
1393
1377
1404
1388
1437
1425
1441
1411
1396
1413
1404
1390
1400
1398
1357
1441
1445
1423
1435
1195
1417
1389
1392
1385
1422
1440
1416
1387
1435
1378
1381
1375
1127
1386
1193
1428
1429
1424
1377
1378
1398
1378
1413
1415
1425
1409
1408
1430
1430
1355
1399
1439
1383
1410
1428
1442
1384
1433
1403
1423
1395
1422
1445
1394
1412
1417
1431
1415
1425
1397
1422
1254
1422
1422
1412
1442
1425
1411
1423
1447
1417
1397
1393
1409
1428
1398
1385
1377
1403
1408
1418
1391
1401
1397
1387
1375
1381
1424
1452
1382
1374
1386
1398
1392
1433
1442
1408
1134
1424
1429
1390
1418
1417
1414
1430
1421
1421
1406
1415
1398
1406
1393
1408
1401
1409
1415
1436
1344
1395
1391
1418
1431
1403
1425
1374
1158
1403
1413
1391
1387
1393
1405
1409
1402
1424
1384
1427
1391
1379
1415
1259
1383
1381
1387
1352
1373
1399
1402
1387
1387
1419
1393
1379
1439
1409
1404
1389
1412
1393
1421
1390
1427
1419
1435
1412
1434
1411
1424
1430
1397
1440
1395
1419
1440
1412
1389
1413
1400
1421
1383
1436
1425
1397
1416
1412
1407
1414
1430
1384
1415
1428
1422
1430
1403
1430
1398
1432
1390
1375
1430
1407
1411
1414
1414
1383
1379
1431
1393
1400
1397
1399
1413
1429
1403
1395
1327
