0	3505
100	407
200	417
300	425
400	420
500	407
600	396
700	421
800	407
900	415
1000	400
1100	380
1200	437
1300	399
1400	448
1500	415
1600	424
1700	421
1800	416
1900	436
2000	428
2100	464
2200	446
2300	456
2400	478
2500	390
2600	492
2700	470
2800	473
2900	455
3000	428
3100	400
3200	426
3300	438
3400	440
3500	428
3600	430
3700	435
3800	413
3900	445
4000	434
4100	427
4200	425
4300	471
4400	469
4500	442
4600	445
4700	462
4800	447
4900	410
5000	433
5100	447
5200	403
5300	452
5400	444
5500	435
5600	416
5700	427
5800	436
5900	421
6000	435
6100	441
6200	421
6300	422
6400	402
6500	409
6600	407
6700	410
6800	401
6900	409
7000	393
7100	391
7200	439
7300	422
7400	413
7500	432
7600	432
7700	441
7800	394
7900	398
8000	417
8100	438
8200	378
8300	435
8400	435
8500	396
8600	376
8700	410
8800	392
8900	383
9000	408
9100	400
9200	422
9300	386
9400	409
9500	430
9600	424
9700	411
9800	421
9900	420
10000	387
10100	410
10200	420
10300	396
10400	407
10500	398
10600	405
10700	398
10800	353
10900	402
11000	409
11100	409
11200	422
11300	406
11400	364
11500	410
11600	394
11700	409
11800	376
11900	437
12000	393
12100	364
12200	391
12300	372
12400	405
12500	397
12600	413
12700	381
12800	368
12900	393
13000	398
13100	351
13200	382
13300	381
13400	387
13500	399
13600	343
13700	358
13800	376
13900	364
14000	360
14100	347
14200	374
14300	361
14400	332
14500	379
14600	369
14700	341
14800	344
14900	325
15000	359
15100	353
15200	333
15300	344
15400	321
15500	340
15600	352
15700	362
15800	319
15900	276
16000	309
16100	316
16200	292
16300	303
16400	274
16500	254
16600	291
16700	295
16800	295
16900	263
17000	276
17100	301
17200	284
17300	256
17400	249
17500	265
17600	255
17700	264
17800	221
17900	223
18000	228
18100	213
18200	237
18300	238
18400	214
18500	196
18600	215
18700	191
18800	208
18900	159
19000	186
19100	190
19200	175
19300	171
19400	166
19500	165
19600	166
19700	166
19800	161
19900	155
20000	145
20100	151
20200	120
20300	142
20400	129
20500	117
20600	133
20700	113
20800	100
20900	117
21000	116
21100	102
21200	98
21300	101
21400	84
21500	92
21600	93
21700	70
21800	76
21900	86
22000	80
22100	68
22200	62
22300	55
22400	51
22500	55
22600	51
22700	43
22800	46
22900	42
23000	39
23100	35
23200	37
23300	37
23400	49
23500	44
23600	34
23700	25
23800	34
23900	34
24000	27
24100	17
24200	19
24300	22
24400	32
24500	22
24600	17
24700	27
24800	18
24900	16
25000	16
25100	19
25200	9
25300	18
25400	14
25500	7
25600	12
25700	14
25800	12
25900	9
26000	7
26100	8
26200	12
26300	4
26400	6
26500	2
26600	8
26700	5
26800	4
26900	1
27000	4
27100	4
27200	2
27300	5
27400	5
27500	1
27600	3
27700	3
27800	3
27900	2
28000	3
28100	0
28200	5
28300	1
28400	2
28500	1
28600	0
28700	1
28800	0
28900	0
29000	0
29100	1
29200	1
29300	0
29400	0
29500	0
29600	0
29700	0
29800	0
29900	0
30000	0
30100	0
30200	0
30300	0
30400	0
30500	0
30600	0
30700	0
30800	0
30900	0
31000	1
31100	0
31200	0
31300	0
31400	0
31500	0
31600	0
31700	0
31800	0
31900	0
32000	0
32100	0
32200	0
32300	0
32400	0
32500	0
32600	0
32700	0
32800	0
32900	0
33000	0
33100	0
33200	0
33300	0
33400	0
33500	0
33600	0
33700	0
33800	0
33900	0
34000	0
34100	0
34200	0
34300	0
34400	0
34500	0
34600	0
34700	0
34800	0
34900	0
35000	0
35100	0
35200	0
35300	0
35400	0
35500	0
35600	0
35700	0
35800	0
35900	0
36000	0
36100	0
36200	0
36300	0
36400	0
36500	0
36600	0
36700	0
36800	0
36900	0
37000	0
37100	0
37200	0
37300	0
37400	0
37500	0
37600	0
37700	0
37800	0
37900	0
38000	0
38100	0
38200	0
38300	0
38400	0
38500	0
38600	0
38700	0
38800	0
38900	0
39000	0
39100	0
39200	0
39300	0
39400	0
39500	0
39600	0
39700	0
39800	0
39900	0
40000	0
40100	0
40200	0
40300	0
40400	0
40500	0
40600	0
40700	0
40800	0
40900	0
41000	0
41100	0
41200	0
41300	0
41400	0
41500	0
41600	0
41700	0
41800	0
41900	0
42000	0
42100	0
42200	0
42300	0
42400	0
42500	0
42600	0
42700	0
42800	0
42900	0
43000	0
43100	0
43200	0
43300	0
43400	0
43500	0
43600	0
43700	0
43800	0
43900	0
44000	0
44100	0
44200	0
44300	0
44400	0
44500	0
44600	0
44700	0
44800	0
44900	0
45000	0
45100	0
45200	0
45300	0
45400	0
45500	0
45600	0
45700	0
45800	0
45900	0
46000	0
46100	0
46200	0
46300	0
46400	0
46500	0
46600	0
46700	0
46800	0
46900	0
47000	0
47100	0
47200	0
47300	0
47400	0
47500	0
47600	0
47700	0
47800	0
47900	0
48000	0
48100	0
48200	0
48300	0
48400	0
48500	0
48600	0
48700	0
48800	0
48900	0
49000	0
49100	0
49200	0
49300	0
49400	0
49500	0
49600	0
49700	0
49800	0
49900	0
50000	0
50100	0
50200	0
50300	0
50400	0
50500	0
50600	0
50700	0
50800	0
50900	0
51000	0
51100	0
51200	0
51300	0
51400	0
51500	0
51600	0
51700	0
51800	0
51900	0
52000	0
52100	0
52200	0
52300	0
52400	0
52500	0
52600	0
52700	0
52800	0
52900	0
53000	0
53100	0
53200	0
53300	0
53400	0
53500	0
53600	0
53700	0
53800	0
53900	0
54000	0
54100	0
54200	0
54300	0
54400	0
54500	0
54600	0
54700	0
54800	0
54900	0
55000	0
55100	0
55200	0
55300	0
55400	0
55500	0
55600	0
55700	0
55800	0
55900	0
56000	0
56100	0
56200	0
56300	0
56400	0
56500	0
56600	0
56700	0
56800	0
56900	0
57000	0
57100	0
57200	0
57300	0
57400	0
57500	0
57600	0
57700	0
57800	0
57900	0
58000	0
58100	0
58200	0
58300	0
58400	0
58500	0
58600	0
58700	0
58800	0
58900	0
59000	0
59100	0
59200	0
59300	0
59400	0
59500	0
59600	0
59700	0
59800	0
59900	0
60000	0
