1426
1436
1487
1400
1456
1386
1387
1401
1422
1432
1396
1390
1426
1399
1381
1384
1381
1418
1390
1413
1430
1382
1417
1403
1382
1410
1377
1398
1423
1451
1382
1384
1400
1275
1382
1387
1429
1402
1427
1432
1389
1381
1422
1389
1417
1385
1409
1421
1445
1431
1409
1413
1410
1430
1435
1403
1443
1421
1387
1395
1426
1413
1426
1409
1395
1384
1178
1391
1421
1423
1373
1402
1403
1411
1431
1403
1422
1430
1406
1389
1401
1417
1384
1395
1401
1411
1389
1407
1428
1421
1424
1441
1424
1426
1377
1395
1359
1382
1355
1408
1431
1381
1415
1434
1385
1406
1425
1426
1401
1419
1385
1398
1423
1390
1375
1386
1379
1363
1399
1426
1413
1384
1377
1389
1427
1435
1415
1419
1379
1403
1381
1413
1396
1397
1410
1422
1410
1396
1421
1418
1394
1391
1429
1411
1413
1422
1427
1414
1376
1443
1415
1434
1410
1403
1417
1392
1416
1386
1397
1325
1415
1407
1400
1433
1418
1405
1399
1413
1415
1387
1392
1435
1446
1402
1401
1352
1419
1374
1394
1440
1359
1425
1388
1382
1420
1364
1394
1433
1293
1426
1277
1430
1401
1403
1392
1381
1395
1403
1385
1432
1437
1426
1434
1427
1437
1377
1402
1378
1390
1433
1407
1413
1436
1375
1397
1440
1384
1390
1415
1387
1381
1403
1402
1402
1402
1399
1441
1407
1407
1401
1389
1418
1417
1382
1389
1427
1382
1394
1365
1428
1414
1403
1421
1388
1411
1394
1409
1397
1382
1441
1390
1417
1418
1384
1400
1399
1401
1366
1375
1421
1423
1414
1393
1432
1424
1427
1402
1380
1441
1407
1386
1421
1411
1389
1424
1426
1414
1400
1401
1399
1386
1359
1405
1447
1389
1390
1396
1397
1432
1407
1402
1395
1425
1383
1435
1413
1394
1384
1403
1413
1434
1392
1426
1421
1424
1430
1417
1419
1399
1393
1434
1401
1415
1396
1431
1396
1438
1423
1414
1428
1437
1421
1381
1413
1397
1413
1398
1413
1408
1421
1454
1374
1397
1421
1442
1410
1388
1405
1417
1402
1426
1404
1395
1385
1411
1427
1407
1421
1376
1425
1436
1417
1439
1376
1408
1384
1401
1436
1427
1407
1411
1406
1393
1386
1423
1432
1389
1418
1402
1387
1379
1422
1381
1408
1378
1426
1404
1422
1422
1425
1393
1435
1415
1397
1392
1423
1419
1425
1396
1430
1415
1428
1434
1433
1389
1385
1408
1389
1413
1396
1390
1404
1376
1415
1394
1429
1412
1430
1374
1453
1406
1401
1427
1382
1397
1422
1413
1417
1444
1413
1448
1427
1390
1399
1408
1401
1424
1408
1425
1415
1422
1386
1407
1413
1392
1395
1430
1405
1413
1424
1386
1413
1405
1415
1420
1377
1388
1358
1424
1406
1414
1406
1429
1402
1425
1406
1437
1373
1434
1411
1422
1418
1392
1386
1381
1434
1387
1405
1434
1426
1401
1380
1390
1395
1385
1384
1386
1398
1383
1425
1401
1382
1384
1376
1405
1415
1390
1430
1374
1419
1395
1439
1423
1378
1389
1390
1407
1427
1262
1424
1393
1379
1387
1420
1406
1439
1379
1430
1385
1376
1287
1417
1427
1415
1384
1418
1414
1415
1437
1374
1412
1418
1411
1387
1383
1413
1419
1419
1364
1430
1420
1377
1395
1451
1323
1396
1400
1374
1387
1372
1405
1382
1391
1391
1402
1383
1436
1440
1408
1420
1413
1390
1447
1422
1385
1419
1388
1419
1403
1409
1387
1374
1396
1387
1375
1398
1386
1392
1386
1413
1390
1435
1407
1424
1413
1417
1391
1423
1432
1421
1394
1397
1384
1411
1341
1400
1399
1418
1386
1392
1443
1440
1432
1401
1437
1419
1384
1383
1416
1431
1384
1409
1404
1388
1395
1386
1384
1382
1389
1404
1448
1375
1374
1380
1444
1395
1432
1409
1428
1420
1436
1402
1395
1430
1435
1402
1388
1388
1390
1393
1443
1396
1393
1421
1412
1391
1394
1375
1386
1393
1409
1426
1380
1384
1394
1423
1392
1382
1405
1432
1275
1426
1428
1384
1393
1427
1429
1401
1391
1379
1427
1399
1415
1393
1404
1398
1391
1437
1388
1383
1423
1229
1399
1383
1390
1424
1388
1412
1390
1411
1426
1425
1416
1390
1365
1385
1323
1435
1399
1424
1391
1398
1436
1405
1416
1358
1386
1430
1378
1394
1418
1423
1408
1400
1425
1406
1396
1435
1389
1425
1412
1412
1401
1419
1386
1379
1431
1393
1403
1438
1399
1389
1432
1420
1402
1442
1396
1421
1422
1399
1420
1403
1423
1386
1377
1414
1427
1435
1437
1393
1394
1415
1421
1423
1365
1407
1389
1430
1391
1403
1391
1402
1406
1428
1396
1391
1405
1385
1416
1384
1413
1390
1420
1393
1428
1397
1383
1414
1415
1384
1424
1413
1391
1368
1409
1396
1399
1415
1435
1393
1398
1402
1296
1444
1380
1384
1425
1408
1427
1394
1436
1417
1420
1422
1420
1427
1441
1418
1414
1404
1380
1384
1399
1391
1421
1406
1417
1420
1420
1409
1422
1418
1407
1396
1411
1430
1394
1389
1444
1391
1410
1413
1380
1425
1418
1381
1428
1415
1400
1444
1384
1387
1392
1410
1401
1420
1410
1403
1392
1322
1416
1415
1438
1410
1393
1422
1396
1425
1397
1382
1397
1405
1392
1430
1425
1413
1395
1237
1421
1414
1409
1414
1359
1378
1406
1410
1417
1386
1430
1384
1416
1400
1413
1433
1381
1384
1402
1417
1383
1393
1379
1416
1397
1436
1416
1401
1376
1431
1395
1430
1417
1401
1368
1395
1391
1407
1389
1415
1387
1085
1413
1418
1407
1391
1406
1391
1416
1410
1382
1404
1416
1418
1386
1401
1412
1403
1405
1396
1420
1410
1407
1422
1397
1428
1447
1446
1404
1424
1419
1395
1396
1409
1430
1377
1406
1385
1407
1425
1102
1400
1430
1382
1389
1407
1379
1408
1387
1264
1380
1405
1439
1447
1394
1400
1429
1388
1404
1401
1431
1437
1394
1270
1431
1387
1438
1405
1412
1401
1403
1381
1397
1400
1414
1395
1414
1185
1398
1350
1457
1416
1444
1401
1414
1393
1444
1421
1425
1395
1393
1394
1411
1384
1404
1385
1421
1389
1394
1439
1428
1405
1411
1389
1387
1378
1413
1417
1384
1417
1396
1405
1415
1451
1417
1400
1405
1402
1415
1400
1438
1418
1417
1432
1393
1440
1423
1419
1414
1391
1417
1405
1389
1391
1411
1416
1400
1398
1385
1391
1440
1402
1405
1387
1391
1425
1389
1415
1449
1413
1394
1412
1435
1388
1396
1414
1399
1428
1380
1424
1426
1427
1443
1395
1398
1404
1394
1390
1394
1415
1427
835
1386
1405
1389
1405
1414
1384
1419
1395
1420
1409
1445
1398
1385
1384
1410
1435
1399
1403
1396
1389
1383
1394
1402
1419
1390
1423
1412
1455
1411
1415
1421
1431
1376
1402
1383
1432
1406
1396
1421
1437
1378
1423
1378
1400
1419
1422
1414
1441
1421
1411
1405
1436
1404
1418
1437
1433
1388
1429
1420
1392
1422
1405
1401
1432
1400
1427
1434
1386
1388
1386
1389
1391
1356
1432
1403
1380
1393
1424
1382
1427
1379
1405
1422
1402
1383
1411
1390
1390
1425
1397
1408
1407
1438
1388
1425
1434
1422
1413
1422
1426
1415
1423
1411
1406
1428
1393
1406
1378
1406
1396
1429
1425
1421
1438
1379
1438
1410
1404
1416
1409
1451
1411
1407
1421
1384
1431
1392
1409
1416
1429
1405
1407
1401
1414
1426
1393
1418
1431
1439
1431
1401
1426
1434
1418
1411
1377
1430
1386
1397
1388
1415
1406
1422
1442
1212
1413
1377
1439
1382
1382
1406
1428
1419
1397
1407
1429
1427
1396
1420
1390
1434
1423
1401
1442
1415
1421
1409
1443
1433
1381
1378
1442
1354
1431
1385
1387
1409
1422
1306
1388
1393
1389
1435
1382
1390
1409
1388
1409
1388
1415
1422
1444
1415
1407
1406
1408
1386
1399
1389
1407
1429
1436
1421
1431
1441
1395
1427
1398
1395
1438
1390
1397
1365
1428
1403
1404
1444
1393
1439
1405
1381
1408
1446
1410
1408
1417
1400
1404
1416
1432
1421
1411
1419
1421
1437
1442
1384
1409
1424
1431
1438
1413
1430
1433
1410
1407
1381
1396
1442
1430
1387
1416
1397
1427
1383
1423
1397
1395
1398
1401
1375
1442
1421
1433
1389
1426
1418
1382
1407
1412
1440
1405
1443
1435
1434
1384
1412
1388
1397
1403
1423
1412
1423
1445
1383
1382
1401
1434
1427
1411
1440
1392
1395
1418
1370
1424
1431
1438
1390
1385
1405
1258
1391
1420
1407
1433
1392
1403
1395
1389
1401
1384
1434
1391
1410
1389
1408
1396
1412
1437
1392
1428
1390
1428
1381
1386
1431
1446
1432
1430
1443
1397
1383
1392
1391
1453
1360
1388
1389
1404
1404
1421
1409
1380
1428
1426
1379
1433
1357
1377
1413
1429
1378
1423
1414
1449
1398
1376
1418
1417
1410
1394
1389
1405
1402
1406
1421
1408
1402
1428
1423
1382
1397
1403
1435
1445
1394
1444
1426
1439
1429
1317
1414
1445
1382
1378
1403
1387
1408
1396
1421
1400
1405
1377
1432
1429
1428
1375
1446
1436
1418
1409
1422
1413
1406
1417
1397
1399
1363
1432
1413
1402
1398
1393
1406
1425
1394
1404
1385
1431
1417
1398
1374
1390
1379
1397
1420
1382
1400
1410
1407
1420
1380
1387
1409
1401
1395
1405
1376
1405
1394
1404
1386
1418
1427
1408
1384
1403
1401
1417
1389
1421
1413
1409
1424
1420
1409
1382
1255
1413
1373
1386
1425
1388
1378
1275
1420
1399
1390
1412
1419
1420
1403
1384
1418
1376
1428
1433
1384
1451
1430
1398
1391
1390
1432
1423
1403
1422
1421
1432
1436
1391
1393
1374
1409
1387
1406
1437
1424
1428
1428
1431
1416
1431
1405
1381
1380
1443
1428
1412
1424
1402
1402
1397
1419
1416
1434
1362
1425
1419
1429
1430
1419
1388
1439
1420
1417
1425
1404
1413
1436
1429
1416
1437
1426
1386
1227
1408
1421
1423
1404
1441
1440
1412
1433
1434
1406
1416
1422
1399
1413
1390
1438
1414
1407
1440
1431
1397
1373
1397
1415
1436
1448
1419
1430
1386
1387
1391
1438
1409
1381
1401
1418
1423
1386
1457
1430
1431
1445
1262
1377
1443
1382
1433
1425
1408
1441
1385
1339
1400
1378
1418
1431
1388
1418
1439
1397
1385
1417
1412
1395
1395
1430
1377
1408
1391
1395
1388
1434
1443
1417
1439
1402
1417
1405
1431
1134
1376
1382
1413
1392
1433
1381
1041
1422
1384
1409
1387
1370
1373
1420
1399
1427
1410
1375
1426
1366
1434
1393
1398
1420
1408
1417
1432
1415
1406
1405
1380
1393
1384
1417
1406
1397
1396
1352
1430
1392
1417
1405
1434
1434
1400
1384
1431
1432
1387
1254
1388
1375
1424
1374
1431
1350
1408
1392
1389
1390
1421
1413
1419
1402
1384
1404
1385
1449
1409
1394
1413
1423
1433
1391
1380
1414
1416
1388
1408
1427
1400
1385
1386
1408
1431
1410
1390
1391
1380
1383
1421
1398
1404
1424
1408
1437
1416
1406
1395
1405
1419
1430
1378
1369
1396
1311
1436
1430
1419
1392
1395
1412
1398
1454
1397
1402
1423
1401
1387
1396
1427
1408
1416
1403
1429
1445
1392
1411
1407
1435
1387
1385
1416
1431
1418
1428
1395
1399
1416
1419
1429
1378
1416
1386
1404
1398
1392
1428
1386
1381
1398
1402
1395
1426
1436
1436
1435
1226
1389
1442
1409
1444
1441
1395
1392
1426
1423
1414
1397
1422
1438
1394
1402
1424
1383
1411
1412
1421
1432
1409
1387
1397
1404
1478
1396
1432
1384
1412
1399
1434
1394
1428
1400
1393
1412
1433
1385
1395
1437
1387
1390
1380
1356
1396
1411
1443
1426
1384
1421
1380
1380
1383
1436
1389
1403
1422
1391
1408
1382
1414
1397
1402
1430
1390
1447
1386
1378
1381
1399
1429
1430
1391
1417
1390
1431
1396
1378
1422
1415
1403
1385
1432
1399
1398
1413
1437
1423
1278
1426
1391
1374
1435
1402
1406
1385
1435
1397
1387
1410
1426
1437
1405
1411
1412
1428
1393
1428
1385
1396
1395
1416
1437
1400
1389
1386
1399
1392
1390
1388
1400
1383
1417
1415
1379
1407
1411
1435
1418
1404
1412
1429
1433
1399
1416
1412
1368
1386
1400
1428
1375
1428
1390
1408
1390
1382
1378
1377
1422
1382
1403
1394
1386
1384
1440
1431
1423
1408
1384
1353
1411
1396
1423
1417
1439
1434
1411
1429
1396
1415
1425
1425
1405
1365
1442
1395
1379
1433
1443
1407
1397
1393
1387
1440
1423
1390
1417
1427
1387
1403
1388
1332
1420
1402
1387
1443
1403
1409
1417
1412
1422
1429
1376
1401
1426
1416
1321
1392
1391
1422
1403
1395
1380
1415
1425
1304
1395
1436
1377
1437
1412
1412
1379
1419
1398
1404
1380
1376
1425
1418
1416
1417
1458
1375
1410
1380
1438
1395
1414
1423
1422
1408
1304
1425
1390
1408
1423
1385
1402
1373
1386
1418
1435
1418
1393
1384
1419
1408
1389
1393
1425
1394
1432
1422
1374
1408
1391
1433
1394
1386
1427
1411
1447
1400
1411
1423
1452
1395
1443
1403
1386
1440
1400
1406
1410
1410
1393
1396
1383
1418
1414
1405
1381
1374
1427
1416
1426
1426
1388
1412
1397
1392
1422
1416
1394
1420
1397
1407
1390
1390
1375
1421
1417
1304
1404
1425
1389
1413
1412
1430
1426
1431
1225
1391
1384
1441
1448
1439
1382
1385
1427
1411
1381
1388
1385
1435
1400
1426
1428
1394
1421
1381
1403
1396
1407
1407
1399
1385
1362
1351
1410
1434
1408
1406
1352
1411
1396
1383
1414
1407
1444
1424
1426
1422
1373
1418
1376
1416
1412
1383
1395
1399
1380
1412
1421
1411
1414
1432
1398
1389
1404
1433
1399
1434
1377
1409
1404
1429
1414
1407
1402
1415
1402
1421
1411
1410
1404
1426
1428
1391
1449
1376
1407
1374
1413
1414
1388
1406
1403
1402
1389
1384
1411
1383
1424
1405
1401
1386
1401
1383
1426
1404
1383
1399
1404
1386
1394
1370
1420
1385
1385
1397
1405
1388
1409
1435
1375
1384
1382
1435
1430
1393
1434
1416
1388
1436
1410
1429
1434
1423
1413
1399
1390
1353
1427
1437
1431
1422
1392
1434
1422
1398
1416
1376
1402
1433
1438
1420
1416
1413
1402
1404
1427
1388
1366
1437
1405
1374
1397
1439
1394
1402
1433
1394
1409
1407
1357
1408
1391
1287
1426
1430
1436
1393
1409
1376
1409
1438
1413
1353
1391
1395
1396
1436
1386
1406
1382
1411
1388
1431
1382
1427
1308
1387
1403
1436
1412
1430
1432
1371
1404
1390
1398
1429
1393
1356
1408
1410
1388
1384
1388
1407
1388
1385
1382
1429
1420
1427
1382
1407
1422
1379
1429
1394
1385
1395
1396
1408
1400
1307
1398
1384
1424
1418
1422
1377
1419
1444
1408
1393
1413
1418
1426
1407
1387
1395
1389
1413
1413
1428
1430
1399
1428
1407
1419
1399
1405
1375
1405
1403
1355
1429
1406
1435
1400
1401
1397
1417
1366
1443
1416
1393
1272
1413
1353
1408
1433
1432
1442
1419
1410
1439
1424
1395
1420
1404
1389
1397
1396
1414
1402
1433
1383
1422
1421
1418
1386
1401
1429
1424
1414
1397
1414
1397
1432
1329
1426
1402
1389
1400
1405
1377
1434
1434
1384
1387
1432
1432
1381
1401
1404
1430
1441
1426
1408
1388
1411
1420
1389
1424
1430
1404
1429
1379
1423
1396
1382
1458
1384
1421
1397
1410
1419
1364
1422
1434
1386
1457
1387
1378
1415
1453
1403
1402
1413
1402
1306
1400
1380
1410
1404
1398
1382
1432
1421
1434
1391
1383
1412
1424
1440
1410
1445
1439
1416
1405
1419
1410
1393
1388
1405
1410
1406
1429
1388
1397
1449
1420
1404
1440
1427
1433
1398
1377
1374
1429
1430
1399
1427
1376
1417
1428
1425
1402
1414
1419
1384
1410
1409
1418
1388
1409
1406
1426
1401
1416
1384
1441
1438
1438
1419
1401
1448
1407
1401
1386
1434
1403
1387
1391
1435
1424
1420
1436
1379
1414
1417
1403
1423
1387
1411
1410
1425
1435
1376
1385
1449
1410
1420
1398
1428
1413
1436
1388
1422
1410
1392
1387
1406
1427
1433
1392
1406
1392
1423
1385
1405
1388
1432
1395
1383
1412
1390
1397
1398
1435
1424
1406
1425
1376
1397
1423
1456
1422
1394
1439
1436
1417
1429
1405
1444
1411
1408
1380
1412
1420
1440
1432
1417
1416
1399
1438
1408
1403
1381
1448
1431
1433
1403
1419
1428
1402
1416
1388
1434
1416
1423
1401
1431
1385
1447
1408
1425
1405
1384
1428
1390
1388
1421
1391
1386
1383
1198
1401
1397
1440
1425
1382
1403
1412
1400
1393
1383
1420
1396
1402
1434
1431
1400
1435
1420
1454
1434
1426
1435
1426
1421
1378
1444
1425
1380
1412
1384
1399
1424
1382
1430
1380
1409
1299
1427
1391
1425
1430
1380
1445
1423
1389
1409
1384
1423
1421
1419
1402
1427
1423
1421
1409
1382
1426
1431
1344
1422
1389
1421
1418
1386
1436
1290
1400
1400
1433
1386
1401
1429
1386
1442
1421
1383
1424
1425
1437
1437
1416
1394
1395
1362
1383
1432
1439
1433
1416
1414
1405
1415
1431
1424
1436
1410
899
1393
1392
1400
1391
1408
1426
1404
1457
1421
1414
1375
1401
1389
1420
1400
1422
1428
1402
1437
1373
1432
1158
1405
1429
1410
1423
1409
1424
1427
1392
1412
1385
1388
1414
1432
1419
1369
1411
1446
1407
1420
1425
1403
1419
1425
1343
1384
1396
1430
1443
1424
1416
1436
1396
1404
1405
1415
1419
1405
1399
1420
1407
1397
1398
1415
1415
1426
1402
1376
1420
1415
1423
1397
1392
1403
1391
1424
1416
1395
1384
1437
1419
1376
1391
1411
1398
1431
1410
1414
1423
1418
1391
1403
1417
1407
1421
1426
1429
1384
1426
1392
1128
1392
1389
1399
1406
1439
1379
1427
1436
1406
1400
1413
1390
1395
1400
1393
1397
1426
1407
1391
1375
1414
1400
1425
1386
1426
1422
1402
1471
1434
1418
1445
1426
1395
1384
1403
1423
1399
1405
1425
1402
1414
1363
1427
1398
1416
1406
1418
1422
1445
1429
1415
1424
1403
1397
1406
1407
1425
1379
1425
1432
1417
1408
1399
1423
1410
1415
1391
1403
1387
1393
1383
1442
1418
1430
1416
1406
1418
1437
1417
1422
1402
1430
1424
1389
1393
1429
1397
1386
1395
1404
1400
1417
1415
1388
1412
1390
1370
1391
1445
1426
1394
1400
1388
1192
1393
1405
1389
1390
1117
1394
1373
1392
1395
1422
1266
1431
1417
1434
1427
1382
1417
1430
1437
1400
1398
1404
1445
1409
1405
1397
1437
1419
1390
1382
1404
1410
1393
1423
1422
1404
1411
1378
1395
1400
1398
1384
1435
1388
1397
1401
1421
1414
1423
1374
1423
1420
1432
1431
1404
1391
1395
1444
1400
1445
1375
1143
1393
1415
1377
1379
1383
1409
1394
1387
1436
1392
1393
1377
1404
1388
1437
1425
1441
1411
1396
1413
1404
1390
1400
1398
1357
1441
1445
1423
1435
1247
1427
1379
1409
1435
1410
1392
1418
1388
1442
1423
1444
1435
1356
1418
1412
1381
1213
1374
1431
1379
1427
1403
1441
1376
1401
1424
1417
1435
1417
1441
1391
1436
1404
1382
1391
1419
1453
1420
1395
1380
1433
1398
1400
1419
1448
1400
1435
1429
1425
1415
1409
1421
1426
1407
1420
1431
1404
1434
1387
1430
1426
1402
1429
1403
1387
1425
1435
1404
1383
1423
1317
1417
1410
1402
1388
1383
1412
1418
1300
1408
1399
1420
1402
1387
1427
1421
1430
1394
1395
1382
1374
1421
1414
1424
1439
1391
1417
1428
1415
1403
1425
1203
1403
1427
1398
1385
1392
1411
1388
1432
1374
1404
1398
1391
1399
1405
1419
1397
1401
1386
1403
1382
1438
1395
1413
1443
1395
1427
1431
1415
1434
1391
1435
1436
1415
1388
1406
1444
1387
1419
1393
1379
1439
1409
1404
1389
1412
1393
1421
1390
1427
1419
1435
1412
1434
1411
1424
1430
1397
1440
1395
1419
1440
1412
1389
1413
1400
1421
1383
1436
1425
1397
1416
1412
1407
1414
1430
1384
1415
1428
1422
1430
1403
1430
1398
1432
1390
1375
1430
1407
1411
1414
1414
1383
1379
1431
1393
1400
1397
1399
1413
1429
1403
1395
1380
