1426
1436
1487
1400
1456
1386
1387
1401
1422
1432
1396
1390
1426
1399
1381
1384
1381
1418
1390
1413
1430
1382
1417
1403
1382
1410
1377
1398
1423
1451
1382
1384
1400
1397
1382
1447
1419
1416
1410
1412
1376
1414
1419
1402
1421
1427
1400
1438
1387
1449
1409
1394
1385
1428
1389
1469
1398
1410
1390
1389
1421
1412
1389
1401
1404
1429
1388
1416
1386
1416
1414
1376
1397
1447
1372
1380
1435
1413
1426
1373
1388
1380
1381
1418
1386
1385
1407
1385
1415
1413
1446
1399
1388
1417
1439
1390
1385
1420
1396
1389
1384
1414
1403
1423
1402
1412
1387
1421
1433
1386
1394
1381
1423
1372
1400
1431
1401
1372
1408
1412
1386
1434
1359
1421
1392
1405
1397
1428
1432
1410
1391
1441
1405
1409
1411
1428
1440
1399
1393
1406
1425
1426
1410
1423
1411
1425
1381
1378
1430
1410
1419
1387
1432
1447
1387
1402
1415
1392
1382
1390
1402
1433
1432
1440
1420
1411
1413
1393
1415
1401
1426
1422
1388
1396
1380
1413
1389
1412
1378
1431
1374
1455
1441
1386
1434
1419
1403
1383
1424
1411
1407
1394
1375
1411
1431
1397
1427
1413
1420
1432
1402
1414
1414
1440
1403
1390
1427
1402
1389
1375
1425
1417
1354
1395
1389
1399
1384
1391
1388
1410
1434
1388
1406
1415
1419
1423
1388
1425
1435
1382
1421
1430
1418
1420
1374
1381
1383
1393
1390
1409
1380
1407
1394
1406
1405
1430
1396
1429
1424
1435
1403
1388
1388
1421
1403
1423
1425
1438
1387
1400
1390
1388
1408
1403
1404
1423
1440
1407
1419
1412
1390
1423
1383
1431
1394
1402
1406
1408
1447
1388
1428
1433
1435
1431
1392
1388
1439
1443
1435
1408
1386
1388
1393
1432
1434
1429
1412
1409
1376
1387
1440
1422
1397
1401
1432
1435
1400
1433
1403
1391
1389
1416
1423
1412
1391
1386
1425
1395
1411
1414
1424
1423
1399
1437
1403
1402
1394
1431
1415
1407
1406
1392
1434
1425
1410
1407
1450
1432
1415
1418
1392
1417
1360
1431
1426
1404
1421
1428
1408
1394
1388
1395
1405
1396
1419
1387
1391
1395
1446
1417
1432
1430
1436
1415
1374
1403
1392
1395
1413
1380
1430
1405
1399
1393
1428
1398
1436
1428
1395
1444
1406
1377
1355
1397
1387
1428
1404
1389
1401
1386
1416
1428
1413
1396
1414
1388
1435
1383
1427
1431
1416
1415
1457
1443
1436
1416
1407
1403
1410
1408
1394
1426
1413
1399
1430
1389
1415
1437
1482
1422
1422
1397
1380
1387
1384
1389
1397
1414
1398
1420
1432
1407
1420
1405
1388
1416
1433
1393
1383
1390
1448
1411
1423
1406
1402
1423
1410
1391
1384
1415
1400
1385
1423
1391
1375
1404
1438
1397
1389
1442
1402
1415
1383
1418
1395
1401
1426
1403
1408
1382
1407
1389
1381
1397
1399
1413
1408
1421
1381
1431
1381
1429
1422
1351
1435
1376
1411
1414
1436
1405
1383
1430
1422
1412
1384
1409
1423
1432
1424
1393
1379
1387
1420
1406
1439
1379
1430
1385
1376
1395
1414
1378
1413
1396
1423
1392
1421
1382
1374
1412
1418
1411
1387
1383
1413
1419
1419
1416
1428
1422
1387
1383
1401
1388
1394
1389
1377
1393
1433
1401
1404
1444
1416
1421
1422
1380
1403
1391
1421
1413
1409
1388
1417
1378
1404
1402
1425
1401
1399
1398
1422
1383
1390
1380
1398
1379
1410
1380
1378
1400
1418
1400
1423
1405
1431
1430
1373
1422
1435
1398
1403
1426
1420
1405
1391
1400
1410
1425
1413
1396
1417
1400
1388
1380
1435
1390
1425
1431
1399
1414
1398
1406
1394
1433
1391
1390
1394
1409
1435
1385
1457
1415
1438
1400
1440
1441
1402
1426
1400
1387
1397
1392
1427
1426
1401
1410
1383
1419
1375
1423
1431
1382
1445
1379
1419
1436
1402
1409
1418
1392
1424
1397
1410
1381
1423
1430
1401
1423
1414
1424
1404
1431
1404
1436
1435
1410
1436
1409
1413
1440
1358
1404
1419
1392
1400
1420
1392
1419
1409
1379
1387
1418
1386
1416
1387
1409
1422
1398
1376
1398
1412
1399
1422
1389
1420
1400
1391
1359
1397
1384
1406
1393
1416
1385
1384
1389
1402
1406
1392
1391
1419
1399
1392
1376
1378
1414
1403
1404
1383
1390
1451
1392
1405
1412
1425
1390
1399
1433
1398
1431
1418
1388
1444
1375
1391
1392
1401
1408
1401
1378
1375
1389
1396
1429
1414
1421
1437
1431
1425
1412
1396
1426
1422
1389
1449
1394
1399
1381
1429
1438
1390
1383
1450
1385
1429
1423
1383
1410
1430
1442
1428
1391
1399
1441
1427
1424
1430
1355
1436
1422
1384
1433
1449
1402
1421
1391
1427
1387
1423
1441
1417
1396
1387
1401
1451
1421
1400
1427
1411
1387
1409
1383
1421
1424
1408
1378
1413
1378
1430
1406
1416
1405
1411
1410
1404
1424
1427
1394
1428
1424
1380
1429
1395
1409
1399
1416
1411
1409
1406
1405
1381
1431
1402
1400
1419
1381
1401
1453
1430
1424
1411
1408
1401
1412
1423
1401
1383
1434
1429
1414
1432
1417
1392
1412
1390
1380
1447
1394
1448
1405
1392
1430
1425
1413
1395
1415
1411
1430
1399
1412
1428
1420
1430
1420
1388
1385
1384
1393
1409
1399
1429
1437
1403
1409
1405
1416
1392
1416
1431
1405
1436
1394
1409
1443
1418
1389
1414
1404
1400
1383
1396
1382
1399
1442
1431
1396
1385
1379
1425
1379
1389
1439
1425
1389
1401
1409
1444
1410
1424
1379
1434
1422
1398
1399
1422
1402
1429
1399
1389
1383
1397
1432
1407
1411
1417
1419
1416
1407
1388
1413
1381
1398
1414
1413
1405
1426
1389
1425
1424
1416
1420
1394
1397
1394
1405
1396
1422
1417
1386
1437
1421
1440
1436
1407
1410
1427
1429
1396
1393
1421
1386
1386
1405
1412
1401
1403
1381
1397
1400
1414
1395
1414
1440
1432
1432
1427
1436
1426
1399
1418
1398
1374
1414
1393
1435
1421
1441
1405
1427
1426
1406
1424
1401
1388
1422
1391
1389
1411
1379
1433
1430
1388
1410
1401
1418
1408
1389
1412
1432
1420
1374
1401
1430
1424
1410
1402
1439
1397
1438
1386
1406
1367
1394
1393
1436
1364
1430
1420
1418
1414
1414
1394
1427
1427
1415
1405
1455
1431
1410
1397
1440
1395
1385
1399
1433
1403
1421
1377
1431
1395
1442
1408
1392
1404
1398
1393
1400
1407
1426
1397
1408
1421
1387
1403
1441
1438
1403
1409
1409
1392
1409
1424
1424
1419
1404
1439
1395
1360
1402
1373
1375
1389
1384
1425
1433
1423
1386
1430
1385
1401
1428
1430
1408
1438
1413
1393
1395
1396
1392
1430
1381
1397
1395
1431
1408
1391
1406
1396
1408
1425
1427
1414
1441
1387
1386
1416
1405
1440
1413
1380
1422
1437
1395
1376
1397
1450
1412
1387
1417
1403
1390
1420
1417
1380
1405
1389
1393
1418
1445
1415
1405
1387
1428
1415
1438
1403
1397
1402
1381
1396
1353
1386
1424
1385
1420
1382
1412
1413
1385
1415
1419
1419
1414
1381
1390
1430
1394
1402
1429
1381
1415
1404
1394
1421
1414
1384
1381
1437
1383
1377
1403
1448
1397
1421
1404
1397
1409
1419
1405
1401
1421
1394
1416
1421
1412
1432
1414
1439
1434
1399
1426
1405
1414
1422
1419
1413
1385
1413
1421
1382
1383
1409
1400
1404
1403
1394
1421
1388
1442
1413
1394
1403
1387
1379
1387
1384
1426
1388
1426
1405
1390
1437
1430
1426
1412
1424
1405
1418
1449
1391
1377
1382
1418
1396
1431
1400
1396
1431
1377
1429
1417
1389
1412
1412
1407
1409
1436
1417
1398
1436
1406
1422
1389
1397
1377
1429
1392
1403
1398
1447
1389
1394
1423
1393
1385
1440
1409
1431
1429
1408
1418
1431
1432
1409
1443
1436
1410
1415
1439
1389
1398
1415
1435
1416
1424
1428
1425
1392
1425
1414
1390
1428
1417
1421
1426
1406
1390
1418
1428
1403
1385
1445
1392
1411
1394
1380
1412
1411
1389
1419
1417
1397
1426
1405
1404
1392
1392
1382
1391
1427
1429
1390
1412
1404
1408
1437
1424
1431
1450
1432
1427
1374
1430
1429
1386
1379
1361
1392
1388
1393
1408
1407
1396
1423
1444
1401
1421
1381
1414
1442
1390
1404
1419
1439
1415
1397
1381
1434
1409
1388
1381
1414
1383
1412
1410
1424
1409
1417
1458
1419
1430
1425
1398
1414
1384
1399
1436
1372
1409
1381
1383
1385
1400
1400
1405
1381
1391
1383
1380
1420
1393
1405
1427
1397
1429
1374
1422
1426
1424
1402
1403
1387
1416
1436
1432
1384
1433
1431
1422
1397
1419
1383
1384
1392
1421
1410
1424
1433
1392
1411
1442
1426
1413
1394
1420
1373
1427
1392
1376
1388
1432
1439
1403
1434
1411
1383
1422
1390
1415
1398
1405
1383
1391
1427
1467
1411
1405
1404
1408
1414
1395
1378
1409
1422
1408
1434
1401
1408
1405
1426
1407
1411
1381
1391
1438
1426
1402
1425
1399
1421
1385
1425
1393
1415
1381
1382
1412
1390
1424
1434
1378
1378
1379
1432
1390
1416
1421
1388
1400
1417
1394
1393
1403
1430
1418
1424
1374
1439
1381
1380
1422
1417
1387
1414
1379
1435
1388
1394
1398
1383
1405
1431
1394
1404
1401
1419
1430
1385
1428
1412
1403
1405
1439
1388
1425
1411
1389
1426
1413
1397
1383
1389
1420
1399
1390
1412
1419
1420
1403
1384
1418
1376
1428
1433
1384
1451
1430
1398
1391
1390
1432
1423
1403
1422
1421
1432
1436
1391
1393
1374
1409
1387
1406
1437
1424
1428
1428
1431
1416
1431
1405
1381
1380
1443
1428
1412
1424
1402
1402
1397
1419
1416
1434
1362
1425
1419
1429
1430
1419
1388
1439
1420
1417
1425
1404
1413
1436
1429
1416
1437
1426
1386
1403
1426
1409
1420
1411
1433
1436
1410
1431
1436
1404
1421
1389
1437
1398
1394
1388
1403
1407
1393
1431
1386
1385
1394
1385
1407
1448
1419
1430
1386
1387
1391
1438
1409
1381
1401
1418
1423
1386
1457
1430
1431
1445
1440
1384
1398
1427
1431
1420
1386
1391
1396
1390
1405
1404
1427
1365
1435
1394
1377
1402
1392
1422
1410
1392
1400
1437
1423
1426
1443
1385
1386
1422
1411
1411
1436
1400
1408
1392
1388
1440
1388
1388
1377
1429
1431
1418
1429
1413
1421
1409
1381
1420
1413
1403
1430
1406
1437
1394
1389
1420
1417
1424
1392
1397
1395
1408
1408
1374
1433
1412
1434
1431
1400
1444
1428
1403
1435
1367
1389
1414
1428
1426
1411
1433
1387
1436
1392
1442
1406
1399
1427
1424
1374
1431
1403
1414
1395
1395
1383
1432
1406
1407
1410
1382
1409
1438
1385
1424
1387
1404
1423
1381
1391
1380
1414
1416
1388
1408
1427
1400
1385
1386
1408
1431
1410
1390
1391
1380
1383
1421
1398
1404
1424
1408
1437
1416
1406
1395
1405
1419
1430
1378
1419
1400
1431
1407
1366
1402
1382
1393
1446
1418
1413
1390
1415
1404
1421
1429
1391
1435
1412
1396
1425
1428
1373
1413
1394
1403
1385
1387
1385
1416
1431
1418
1428
1395
1399
1416
1419
1429
1378
1416
1386
1404
1398
1392
1428
1386
1381
1398
1402
1395
1426
1436
1436
1435
1424
1436
1418
1433
1379
1429
1382
1408
1401
1388
1433
1426
1383
1444
1372
1400
1391
1426
1381
1394
1426
1435
1398
1379
1394
1425
1407
1396
1432
1384
1412
1399
1434
1394
1428
1400
1393
1412
1433
1385
1395
1437
1387
1390
1380
1356
1396
1411
1443
1426
1384
1421
1380
1380
1383
1436
1389
1403
1422
1391
1408
1382
1414
1397
1402
1430
1390
1447
1386
1378
1381
1399
1429
1430
1391
1417
1390
1431
1396
1378
1422
1415
1403
1385
1432
1399
1398
1413
1437
1423
1403
1408
1375
1406
1426
1398
1412
1402
1405
1414
1372
1420
1400
1407
1411
1404
1421
1415
1406
1428
1428
1398
1402
1431
1429
1395
1433
1393
1402
1389
1412
1428
1393
1423
1436
1434
1380
1387
1407
1391
1387
1393
1405
1401
1376
1412
1407
1413
1430
1423
1401
1384
1412
1404
1383
1429
1436
1434
1378
1449
1426
1413
1393
1406
1413
1442
1409
1404
1400
1418
1409
1399
1429
1428
1383
1401
1382
1414
1390
1420
1443
1393
1427
1424
1378
1449
1434
1405
1431
1391
1428
1435
1417
1431
1403
1383
1400
1411
1381
1402
1385
1408
1412
1403
1425
1387
1419
1420
1401
1406
1402
1385
1428
1425
1417
1410
1388
1386
1422
1425
1447
1394
1427
1420
1430
1408
1429
1430
1365
1426
1435
1411
1416
1397
1382
1423
1451
1445
1406
1398
1398
1385
1429
1402
1440
1396
1423
1400
1449
1437
1390
1451
1411
1399
1427
1423
1381
1363
1388
1403
1408
1406
1419
1433
1416
1391
1390
1431
1437
1385
1376
1390
1415
1417
1410
1409
1414
1396
1424
1405
1425
1443
1445
1438
1403
1424
1412
1391
1408
1392
1420
1429
1390
1395
1408
1384
1381
1446
1435
1397
1408
1404
1413
1404
1392
1402
1424
1422
1425
1393
1399
1409
1389
1426
1403
1401
1417
1415
1431
1418
1432
1375
1424
1405
1434
1404
1425
1389
1413
1412
1430
1426
1431
1431
1436
1434
1401
1405
1396
1400
1375
1433
1397
1435
1409
1401
1423
1423
1397
1407
1420
1415
1431
1404
1422
1420
1396
1383
1407
1448
1399
1379
1407
1414
1404
1413
1417
1424
1434
1385
1405
1396
1428
1389
1400
1419
1408
1394
1394
1415
1380
1380
1411
1415
1407
1413
1414
1433
1415
1403
1429
1406
1407
1404
1433
1420
1417
1439
1395
1389
1412
1406
1383
1386
1385
1393
1385
1425
1400
1429
1433
1396
1377
1402
1391
1423
1399
1425
1385
1393
1392
1421
1423
1400
1411
1414
1434
1426
1384
1400
1418
1409
1402
1389
1395
1440
1405
1376
1418
1436
1411
1387
1425
1374
1387
1429
1406
1437
1398
1412
1428
1432
1400
1420
1432
1429
1388
1406
1431
1400
1403
1413
1432
1419
1414
1424
1401
1399
1427
1393
1403
1376
1436
1410
1413
1413
1404
1394
1400
1458
1412
1438
1384
1396
1408
1420
1407
1386
1413
1437
1407
1426
1429
1381
1426
1406
1412
1436
1457
1409
1402
1429
1426
1404
1399
1405
1427
1412
1440
1440
1387
1411
1418
1415
1406
1427
1431
1365
1423
1387
1385
1375
1401
1418
1430
1388
1428
1415
1425
1449
1399
1387
1392
1423
1402
1386
1438
1410
1388
1384
1388
1407
1388
1385
1382
1429
1420
1427
1382
1407
1422
1379
1429
1394
1385
1395
1396
1408
1400
1432
1376
1394
1417
1430
1414
1388
1424
1434
1404
1397
1418
1414
1425
1415
1383
1388
1382
1439
1399
1413
1380
1414
1423
1407
1408
1397
1428
1388
1428
1413
1408
1437
1391
1447
1379
1412
1408
1433
1405
1439
1435
1428
1393
1423
1432
1414
1406
1425
1393
1432
1413
1380
1420
1455
1399
1394
1395
1401
1411
1389
1409
1414
1420
1410
1389
1389
1442
1409
1384
1394
1396
1421
1429
1411
1422
1389
1421
1399
1385
1424
1407
1405
1426
1425
1456
1374
1402
1405
1396
1375
1409
1405
1408
1386
1390
1413
1407
1382
1405
1433
1421
1394
1398
1390
1389
1394
1425
1392
1435
1437
1398
1414
1396
1397
1442
1374
1402
1397
1448
1437
1394
1416
1410
1405
1420
1443
1398
1403
1384
1425
1406
1411
1429
1414
1399
1388
1405
1417
1433
1401
1414
1381
1419
1402
1417
1437
1385
1391
1433
1435
1432
1379
1388
1427
1385
1409
1416
1376
1404
1425
1383
1419
1382
1389
1398
1424
1390
1392
1422
1421
1399
1397
1422
1432
1392
1411
1426
1380
1411
1392
1395
1437
1382
1428
1405
1421
1391
1394
1401
1396
1405
1396
1404
1402
1406
1378
1445
1392
1385
1405
1442
1411
1419
1443
1433
1407
1424
1414
1414
1390
1417
1395
1422
1352
1406
1376
1399
1410
1420
1398
1428
1413
1436
1388
1422
1410
1392
1387
1406
1427
1433
1392
1406
1392
1423
1385
1405
1388
1432
1395
1383
1412
1390
1397
1398
1435
1424
1406
1425
1376
1397
1423
1456
1422
1394
1439
1436
1417
1429
1405
1444
1411
1408
1380
1412
1420
1440
1432
1417
1416
1399
1438
1408
1403
1381
1448
1431
1433
1403
1419
1428
1402
1416
1388
1434
1416
1423
1401
1431
1385
1447
1408
1425
1405
1384
1428
1390
1388
1421
1391
1386
1383
1390
1389
1397
1403
1396
1399
1408
1396
1398
1424
1405
1415
1398
1422
1427
1437
1392
1441
1416
1383
1389
1422
1436
1426
1429
1439
1444
1421
1439
1387
1398
1413
1427
1441
1413
1382
1402
1389
1407
1401
1416
1417
1400
1428
1375
1394
1395
1381
1419
1423
1403
1436
1438
1398
1411
1431
1425
1399
1403
1415
1385
1434
1395
1418
1400
1434
1422
1396
1384
1462
1388
1424
1432
1399
1392
1385
1402
1379
1408
1406
1407
1402
1427
1376
1414
1411
1416
1447
1388
1401
1388
1406
1436
1430
1387
1409
1373
1434
1452
1432
1405
1427
1355
1387
1397
1433
1417
1377
1425
1398
1385
1412
1394
1445
1437
1404
1388
1387
1391
1419
1406
1417
1400
1407
1411
1396
1433
1391
1396
1411
1418
1399
1409
1435
1397
1439
1423
1399
1432
1429
1411
1422
1385
1419
1431
1433
1433
1376
1425
1400
1414
1386
1390
1381
1411
1382
1406
1409
1379
1416
1426
1425
1410
1427
1397
1431
1391
1410
1389
1412
1446
1420
1414
1456
1377
1379
1452
1386
1454
1397
1424
1428
1404
1440
1400
1402
1394
1415
1388
1382
1388
1415
1388
1433
1393
1398
1426
1414
1415
1426
1427
1450
1406
1439
1379
1427
1436
1406
1400
1413
1390
1395
1400
1393
1397
1426
1407
1391
1375
1414
1400
1425
1386
1426
1422
1402
1471
1434
1418
1445
1426
1395
1384
1403
1423
1399
1405
1425
1402
1414
1363
1427
1398
1416
1406
1418
1422
1445
1429
1415
1424
1403
1397
1406
1407
1425
1379
1425
1432
1417
1408
1399
1423
1410
1415
1391
1403
1387
1393
1383
1442
1418
1430
1416
1406
1418
1437
1417
1422
1402
1430
1424
1389
1393
1429
1397
1386
1395
1404
1400
1417
1415
1388
1412
1390
1370
1391
1445
1426
1394
1400
1388
1433
1444
1396
1401
1420
1414
1391
1398
1397
1426
1414
1427
1397
1418
1423
1388
1424
1402
1427
1378
1409
1403
1429
1376
1430
1389
1386
1421
1443
1403
1404
1419
1361
1445
1396
1383
1445
1384
1416
1427
1432
1432
1441
1382
1384
1421
1382
1379
1437
1411
1417
1402
1403
1389
1413
1429
1383
1417
1410
1429
1443
1394
1422
1433
1398
1404
1418
1409
1388
1416
1434
1383
1380
1440
1391
1392
1421
1377
1398
1385
1404
1441
1377
1421
1372
1399
1444
1402
1392
1384
1414
1377
1429
1378
1418
1430
1413
1411
1403
1406
1391
1379
1393
1383
1396
1406
1428
1400
1373
1442
1414
1399
1396
1417
1428
1404
1424
1393
1422
1422
1432
1422
1404
1376
1398
1377
1393
1402
1397
1420
1407
1408
1409
1398
1395
1383
1420
1407
1385
1405
1429
1403
1420
1423
1403
1426
1390
1424
1432
1403
1386
1381
1409
1399
1369
1416
1380
1403
1359
1398
1400
1431
1401
1384
1437
1419
1397
1432
1433
1414
1412
1382
1424
1378
1412
1453
1381
1420
1420
1384
1401
1409
1416
1388
1422
1421
1459
1395
1424
1419
1420
1383
1381
1376
1414
1428
1386
1400
1385
1400
1400
1428
1395
1442
1409
1440
1398
1413
1422
1446
1401
1386
1403
1382
1438
1395
1413
1443
1395
1427
1431
1415
1434
1391
1435
1436
1415
1388
1406
1444
1387
1419
1393
1379
1439
1409
1404
1389
1412
1393
1421
1390
1427
1419
1435
1412
1434
1411
1424
1430
1397
1440
1395
1419
1440
1412
1389
1413
1400
1421
1383
1436
1425
1397
1416
1412
1407
1414
1430
1384
1415
1428
1422
1430
1403
1430
1398
1432
1390
1375
1430
1407
1411
1414
1414
1383
1379
1431
1393
1400
1397
1399
1413
1429
1403
1395
1380
