916
379
497
503
443
173
650
773
421
400
406
362
336
491
614
888
306
293
345
638
608
291
541
485
417
574
354
507
762
323
246
465
204
312
495
838
266
402
227
544
391
301
417
410
523
339
496
595
475
505
346
441
512
306
435
493
567
334
340
479
473
332
165
525
556
407
566
181
411
388
304
416
568
734
314
314
388
574
385
547
334
467
296
298
248
606
699
385
162
448
421
443
287
668
675
167
817
323
262
606
409
244
575
326
507
227
196
185
494
772
660
329
416
190
349
288
775
301
281
162
381
571
739
203
354
553
333
358
441
302
245
461
703
630
324
476
452
367
279
768
226
238
795
323
232
510
158
335
658
541
431
300
412
279
340
703
485
363
230
447
180
336
480
433
606
525
198
463
505
281
537
474
446
390
333
548
532
365
630
722
222
596
339
346
571
724
224
111
478
481
531
644
352
160
216
558
363
342
441
396
285
384
942
260
299
251
462
688
484
253
285
249
307
565
846
208
124
185
294
553
612
466
356
478
228
704
348
372
353
388
439
469
302
258
532
447
334
479
255
310
437
321
284
611
394
292
365
309
249
482
432
429
613
387
347
510
387
514
455
176
275
288
340
581
456
251
447
407
806
258
277
286
461
697
622
279
323
503
244
290
526
225
365
424
523
791
668
324
101
427
225
401
444
253
319
400
477
537
428
401
485
476
266
311
579
243
402
451
573
167
476
731
78
311
463
493
452
384
508
691
346
451
370
315
779
110
449
226
149
545
758
629
565
383
308
244
322
457
343
332
409
593
266
607
548
564
394
401
399
402
89
322
406
676
464
424
343
548
442
294
392
500
239
313
334
557
394
576
327
719
297
127
354
504
554
233
343
744
461
387
231
114
299
267
539
619
437
281
320
246
393
393
164
255
602
376
187
289
540
309
395
475
338
399
304
287
348
447
461
386
441
491
217
377
110
445
411
333
683
320
620
475
121
294
234
474
404
490
247
572
678
412
230
269
585
389
592
288
484
271
290
130
412
328
343
613
236
380
275
420
632
382
463
332
505
458
513
459
455
106
373
343
377
357
343
693
426
431
463
459
435
280
722
352
321
371
450
402
218
406
514
268
355
602
618
348
375
576
105
407
575
332
402
334
460
273
631
497
491
212
346
374
346
664
468
243
342
534
473
519
532
495
396
382
360
339
246
402
616
301
834
425
484
582
455
297
113
538
343
338
461
583
569
544
272
215
225
411
418
248
514
403
506
434
235
289
512
465
529
577
251
256
439
741
337
356
833
522
615
186
406
328
486
414
630
642
430
337
539
391
295
414
397
499
566
356
344
528
396
457
158
377
481
428
371
331
407
401
525
383
562
407
657
491
264
335
393
479
154
463
636
614
358
239
201
278
538
150
197
608
923
299
111
439
519
497
403
516
431
648
665
173
243
221
421
421
547
458
515
506
179
291
376
376
278
487
717
515
347
284
122
443
323
433
432
454
551
291
481
517
395
432
380
242
666
311
331
463
377
548
587
505
229
366
336
474
508
541
480
466
334
501
353
652
732
279
308
541
579
491
274
479
340
367
539
535
352
332
728
607
358
468
444
250
253
357
298
793
445
419
400
539
542
306
339
442
553
406
281
659
373
464
324
388
633
575
275
448
481
226
315
552
297
344
371
611
340
307
554
354
205
577
535
339
239
365
506
401
381
542
407
395
267
475
372
410
400
521
638
535
390
169
497
572
317
358
501
290
293
590
290
573
608
394
389
535
227
416
312
418
703
349
295
369
462
593
531
340
322
343
282
257
496
540
591
385
338
392
424
233
353
425
636
517
643
459
302
450
346
698
179
554
388
461
423
304
762
484
205
175
582
521
448
406
472
416
169
481
582
263
563
413
497
458
394
229
472
607
524
295
409
343
238
563
695
456
455
556
166
357
602
520
291
404
300
562
457
447
540
367
293
262
415
359
504
459
653
745
450
325
353
749
373
445
616
183
346
687
468
343
236
478
380
455
326
516
205
458
307
754
598
221
329
436
376
436
417
351
284
387
825
103
455
252
560
751
330
555
250
267
400
647
736
66
302
392
366
646
397
449
409
398
381
655
186
353
309
262
757
383
693
575
348
238
411
531
401
499
590
416
584
396
571
356
370
282
287
574
462
363
437
509
433
388
500
168
577
407
281
228
735
821
170
341
505
486
436
217
295
527
466
233
324
571
485
321
498
344
403
331
254
528
561
452
393
172
588
464
419
133
533
525
548
332
340
692
352
355
275
472
622
309
248
729
459
408
628
412
576
345
411
321
306
410
422
405
420
495
745
152
165
748
521
176
375
584
531
303
292
282
365
427
486
474
620
234
620
416
301
365
361
490
446
588
344
231
467
517
426
412
285
482
619
303
402
559
554
479
407
247
235
481
410
282
532
430
678
126
117
399
600
818
525
468
102
177
661
299
287
477
842
286
224
185
419
616
481
516
434
456
308
452
406
351
469
415
477
784
124
293
555
453
325
486
371
679
502
507
508
238
470
423
392
460
352
667
404
297
284
522
272
513
241
511
306
480
592
233
264
407
691
468
178
469
227
477
291
692
438
441
553
588
294
329
207
736
486
382
352
105
824
333
163
467
714
399
164
698
443
305
452
532
212
745
511
297
168
500
575
801
383
416
424
428
354
475
430
668
453
157
410
567
594
445
351
361
103
696
398
446
488
405
316
690
334
299
415
419
407
608
390
297
461
780
265
170
427
529
245
414
639
670
245
480
496
391
513
220
226
244
564
440
465
408
501
411
408
191
406
303
401
461
548
388
226
457
635
457
405
219
301
335
449
560
290
370
388
451
533
353
179
439
423
482
477
466
360
384
315
511
504
355
668
469
562
76
672
252
405
367
640
432
345
362
130
356
446
413
437
556
397
163
351
450
467
356
288
658
674
452
492
409
429
345
472
510
714
464
279
284
390
558
328
408
526
472
389
371
447
293
405
386
674
532
373
447
422
426
317
412
346
675
548
333
319
322
120
456
743
631
474
405
459
165
262
696
588
438
348
486
328
347
222
787
587
548
340
356
292
468
336
640
705
564
240
276
276
437
721
357
520
272
244
795
653
240
112
548
467
630
346
320
180
351
524
558
289
326
471
348
474
345
801
463
262
406
543
355
466
445
497
275
464
353
242
333
400
798
257
226
315
862
421
361
520
335
662
410
487
477
271
428
363
457
171
509
650
543
252
555
480
46
244
611
486
299
422
702
313
187
472
441
438
286
284
270
860
280
220
348
616
575
289
324
557
521
421
350
291
402
444
449
382
571
403
301
323
369
725
395
236
382
281
499
397
440
373
435
221
511
227
389
182
417
573
618
362
391
165
447
180
723
352
563
334
223
378
584
515
225
241
448
663
380
452
446
296
368
596
378
679
160
289
495
347
402
333
336
514
554
310
421
534
351
764
213
161
267
342
658
373
388
333
160
589
434
326
99
539
411
616
507
440
151
438
413
329
473
759
413
520
320
343
239
351
641
592
203
607
323
564
381
349
408
213
269
580
667
535
163
276
396
442
362
294
472
419
549
203
403
394
346
430
532
422
492
311
212
164
490
154
456
637
695
176
271
639
465
405
698
690
253
179
605
622
456
231
482
692
155
349
668
250
197
467
589
402
425
413
496
445
384
212
467
844
386
155
368
343
400
428
467
674
563
345
229
282
231
643
612
435
655
272
277
258
112
495
542
339
342
478
525
576
453
539
308
306
508
396
287
354
660
296
408
504
421
562
607
377
432
282
345
516
401
500
469
512
219
227
231
541
373
442
701
571
421
403
159
505
243
542
450
445
435
408
478
294
382
409
425
347
296
639
344
549
365
493
274
274
213
561
280
356
737
593
642
401
187
276
269
709
541
677
402
286
342
275
175
508
326
444
561
386
460
723
368
438
448
303
243
446
565
510
452
524
537
371
189
217
500
63
539
873
618
542
57
348
614
233
220
295
221
639
405
383
770
235
209
236
552
364
546
607
584
362
429
281
315
455
845
464
451
381
214
353
240
461
316
212
269
635
363
421
431
601
435
233
429
257
225
290
747
357
284
549
555
329
361
536
269
439
350
341
247
481
698
585
471
441
308
298
371
589
285
412
389
296
374
886
343
443
377
358
234
351
565
500
337
592
225
441
462
531
315
404
344
386
284
359
307
411
747
604
287
653
390
238
176
441
570
521
422
660
554
403
476
232
325
445
616
409
318
382
654
329
270
501
274
617
452
355
326
382
391
476
514
311
288
661
272
108
553
716
173
346
489
429
237
403
516
426
147
516
351
160
550
619
417
381
198
446
169
333
551
670
491
617
445
165
289
755
432
221
215
397
807
722
312
505
325
113
245
602
489
256
348
476
393
530
279
402
338
413
604
357
444
389
537
507
232
316
604
404
498
177
529
450
552
363
342
464
452
672
347
337
68
456
291
397
396
541
318
226
647
572
484
227
278
107
633
584
487
440
436
236
355
182
599
486
653
481
329
552
435
482
369
223
493
393
588
329
704
199
444
491
756
389
499
245
621
349
478
224
361
514
474
310
331
533
700
170
532
469
388
172
347
351
534
573
468
402
303
344
552
366
295
291
607
672
304
405
187
401
277
757
384
493
603
409
299
296
363
425
591
327
463
768
409
109
425
544
554
173
213
653
601
551
513
349
345
347
547
292
184
511
650
632
510
399
103
401
730
295
158
590
669
523
472
177
388
450
388
160
453
346
549
500
412
648
497
422
363
330
696
629
409
335
365
470
478
267
472
578
398
716
433
388
223
533
403
295
531
223
530
460
421
400
428
429
436
518
563
215
627
365
282
287
829
440
314
221
435
382
388
300
337
495
425
545
401
648
194
411
582
343
191
370
509
602
502
340
278
459
690
428
368
284
385
395
382
716
423
210
163
539
396
262
409
583
601
230
241
539
313
545
334
370
861
447
174
230
512
587
120
373
603
404
435
590
295
214
389
485
45
359
768
549
546
318
289
563
568
517
490
387
174
476
529
302
294
383
412
115
578
480
553
884
478
277
417
648
206
120
362
300
332
495
541
707
369
474
320
501
377
317
334
436
802
280
457
216
278
558
284
730
550
297
681
84
591
367
386
513
683
393
181
230
205
467
426
431
548
366
668
393
333
393
666
398
269
357
502
481
527
277
424
297
242
290
508
414
649
280
324
293
488
287
257
463
722
610
56
345
157
310
238
562
230
449
472
406
199
710
634
119
231
502
459
361
385
519
358
370
374
172
328
445
460
379
363
661
520
480
296
527
114
108
351
552
260
397
606
436
191
371
443
326
461
658
223
228
488
814
218
162
218
580
454
168
279
848
607
515
242
289
557
263
328
571
283
558
445
368
443
623
446
399
196
295
384
600
317
491
397
498
394
307
163
713
576
100
611
490
429
340
524
444
281
347
208
455
347
184
393
519
327
449
366
578
692
336
288
450
293
391
227
213
487
464
377
289
796
192
282
259
268
505
699
672
447
308
292
429
278
462
499
326
435
428
278
282
427
549
308
474
450
363
526
400
393
237
399
476
434
488
473
331
675
366
477
239
278
676
576
286
217
583
530
224
329
466
559
199
368
463
550
626
448
176
462
404
454
557
420
326
55
437
686
291
403
403
268
404
564
452
588
434
784
641
274
289
295
295
187
523
442
563
521
158
425
611
499
366
276
357
417
552
569
500
385
230
157
653
508
284
499
458
300
292
857
563
261
176
228
363
545
513
272
499
434
262
419
529
307
486
451
551
388
430
530
493
327
670
530
160
296
531
161
207
534
479
379
685
463
206
382
633
299
260
467
782
403
246
301
318
185
663
155
324
505
563
594
207
208
512
577
545
482
225
156
218
649
294
309
276
751
414
524
344
649
126
250
211
510
656
761
525
344
267
359
383
576
316
162
377
473
363
259
319
492
585
629
441
217
726
238
187
587
572
439
187
223
366
531
612
172
428
425
480
293
500
375
312
544
559
369
334
326
404
470
345
240
371
274
438
535
415
358
392
549
602
327
452
796
445
334
381
266
170
385
477
478
617
320
232
315
551
582
435
471
319
361
446
342
511
222
505
342
623
281
324
362
378
251
709
402
691
423
423
442
333
381
563
157
269
513
471
389
636
425
421
224
440
248
901
263
105
339
363
502
426
510
324
532
406
540
341
344
386
573
455
524
324
677
475
572
373
198
239
398
484
360
374
640
344
251
476
492
537
586
485
536
236
301
611
305
522
673
319
302
416
296
745
361
596
350
172
563
457
258
529
306
605
439
180
529
304
763
461
476
430
122
640
188
503
166
505
434
536
449
611
508
347
463
224
506
458
716
216
407
605
392
175
771
216
506
457
217
419
662
730
220
334
332
643
463
390
345
452
220
239
285
291
433
588
528
388
541
530
346
111
498
516
417
369
422
561
333
279
460
360
597
290
294
239
737
572
400
335
331
396
304
408
550
553
652
300
253
519
408
327
229
559
503
347
701
545
489
386
233
426
505
429
601
382
433
746
350
488
222
360
460
330
665
420
369
287
524
306
501
660
459
649
343
205
56
557
600
386
505
626
399
385
429
502
231
123
312
431
656
673
496
390
326
312
488
596
219
225
463
352
389
485
586
591
340
177
304
419
334
493
369
323
409
427
263
522
444
607
558
476
287
253
491
486
229
340
534
596
596
244
290
354
714
490
222
218
315
629
638
578
281
539
342
570
533
605
442
168
201
442
578
340
295
293
550
284
463
450
819
374
429
248
178
383
323
520
404
391
649
575
440
162
493
110
308
458
449
447
487
384
364
573
335
303
429
614
330
426
226
386
440
311
559
892
776
114
373
178
75
437
424
480
648
472
306
537
392
463
168
701
515
329
477
495
285
437
515
532
290
681
509
349
152
425
346
457
354
457
341
281
773
436
254
262
723
500
427
455
438
264
323
300
539
386
279
576
519
432
345
605
275
338
442
497
478
605
429
170
410
273
558
234
452
411
1045
615
336
100
343
622
390
357
395
495
401
367
239
528
333
490
186
597
629
575
323
448
396
742
150
412
516
332
324
352
507
281
391
276
505
558
258
391
451
612
469
268
468
479
225
201
631
714
470
386
323
351
157
318
400
670
862
388
390
229
268
234
237
477
746
466
469
162
609
299
179
473
443
563
461
324
310
535
467
471
391
308
266
572
554
442
589
270
577
505
162
394
317
457
501
574
562
509
275
427
390
264
523
352
236
564
580
608
310
301
465
405
502
286
342
538
888
369
334
400
354
382
346
327
297
396
448
633
406
326
581
354
357
470
697
108
181
345
493
444
519
280
346
365
616
489
232
338
244
429
394
875
458
227
269
278
397
460
809
620
439
528
464
193
377
263
233
383
560
663
550
495
470
260
312
641
700
443
374
407
336
565
296
99
469
451
866
365
346
355
112
505
555
554
622
393
582
371
222
547
528
488
263
528
327
369
637
492
218
221
347
550
473
448
248
551
182
321
344
573
524
413
463
382
226
481
516
335
521
294
453
343
446
347
451
542
436
274
453
302
430
468
496
404
209
637
459
278
407
467
507
275
609
665
596
185
514
370
617
365
263
413
659
480
323
491
504
410
469
362
367
361
449
616
548
449
325
448
232
330
287
625
415
523
609
657
298
179
326
570
364
297
386
515
605
361
296
503
571
408
511
434
396
318
290
492
464
497
342
539
345
285
464
427
271
348
584
540
398
487
555
452
517
110
640
419
107
494
348
417
523
399
405
625
344
411
520
298
384
390
469
529
489
382
307
171
365
562
481
458
458
542
332
519
163
521
756
404
425
294
342
324
234
634
627
223
275
540
363
566
270
387
606
342
224
468
339
434
222
504
700
261
328
586
329
176
214
694
527
323
227
677
476
230
268
626
829
133
253
295
696
355
561
476
486
250
275
549
423
397
331
539
344
613
313
525
329
230
480
349
428
369
449
463
385
649
608
403
167
492
426
323
443
483
395
378
646
496
586
537
410
251
358
399
384
387
116
416
844
479
605
331
395
395
294
363
419
404
424
595
518
301
284
416
855
289
396
334
287
567
493
640
211
418
596
281
333
536
675
456
292
388
298
165
541
520
411
311
337
861
443
256
117
236
875
390
529
378
328
395
481
243
454
402
647
489
159
309
487
933
216
273
606
234
461
585
353
423
393
276
497
672
612
269
216
313
449
589
535
619
334
316
336
488
606
441
605
439
255
675
367
483
470
421
334
577
537
381
489
415
231
319
406
946
365
513
448
306
278
447
202
343
544
166
405
512
609
308
523
248
542
273
373
355
565
463
322
359
608
270
468
515
690
118
182
435
481
538
263
273
752
355
309
395
468
296
450
333
480
415
605
296
354
617
299
568
341
519
439
217
419
423
406
302
444
380
718
346
287
287
414
534
383
413
345
346
502
376
794
590
307
111
394
359
386
651
278
584
552
291
278
340
426
517
139
704
116
470
450
626
422
335
297
278
543
405
589
496
449
173
468
381
497
356
422
392
341
490
624
416
463
312
192
213
570
723
592
465
326
434
223
446
496
384
155
442
772
529
499
412
295
412
328
301
301
597
675
422
469
340
172
241
753
517
525
242
283
341
734
573
297
334
463
249
535
473
423
522
419
238
459
515
381
353
116
234
700
400
237
406
479
360
781
287
428
491
424
310
419
427
491
582
234
247
434
476
242
470
551
688
400
386
522
236
281
339
472
354
536
316
414
467
360
330
431
571
621
516
280
314
514
562
588
197
307
669
404
321
339
580
768
241
348
382
587
403
718
112
448
518
678
228
422
443
513
646
673
295
165
424
438
363
523
625
537
365
161
457
398
359
452
536
317
411
415
524
564
478
363
460
118
609
467
608
398
164
388
567
483
440
438
461
587
221
455
360
344
345
474
498
559
536
562
348
371
329
657
612
440
419
425
356
661
330
390
416
722
762
89
236
391
592
518
422
390
402
461
307
393
553
234
726
303
467
487
802
442
234
346
496
317
469
508
439
529
425
310
452
296
324
299
504
538
696
248
456
250
429
255
336
947
755
628
134
423
412
167
443
668
584
401
359
236
397
425
452
604
305
289
407
418
682
338
230
419
423
453
350
536
423
386
408
363
352
498
776
382
118
510
426
418
500
549
467
187
531
222
295
252
403
622
458
584
302
496
691
212
193
750
395
126
437
606
392
549
328
272
481
171
360
507
601
379
345
634
329
316
357
409
662
533
276
331
390
406
295
367
817
400
222
739
380
311
237
484
745
506
389
355
440
208
218
218
740
548
298
279
611
475
498
340
360
365
306
503
941
164
119
308
527
581
737
169
494
419
330
420
385
358
656
185
411
234
377
727
166
284
547
478
365
569
498
356
342
567
204
336
491
713
627
289
246
308
614
231
459
379
393
349
611
240
293
280
597
341
402
237
506
546
472
526
485
525
401
199
325
342
868
346
578
528
507
575
353
331
297
459
449
455
581
296
321
423
322
457
459
593
452
658
317
532
299
290
495
539
536
618
453
461
562
548
289
240
504
266
607
279
532
381
210
701
183
266
384
733
401
348
501
359
352
237
153
699
563
531
316
536
424
208
435
640
248
575
591
277
445
461
282
335
573
502
311
370
453
329
474
580
458
505
107
311
754
417
405
499
345
289
326
561
292
671
525
176
382
467
325
524
352
351
709
171
419
252
593
497
423
428
570
307
382
246
351
527
779
411
576
465
373
360
611
510
215
105
994
299
525
297
384
587
501
244
407
684
339
206
395
686
351
617
338
567
496
344
814
341
415
200
529
314
541
357
593
375
474
364
278
310
539
246
386
358
670
456
481
426
198
435
337
290
607
362
436
406
614
288
482
464
566
481
399
391
299
427
508
569
509
505
291
359
624
444
603
432
472
332
526
420
470
357
320
408
877
504
551
568
121
378
685
388
384
663
729
106
347
484
423
578
299
475
461
329
396
496
449
510
440
594
498
395
406
467
341
556
171
453
795
657
353
470
443
366
433
234
563
565
337
280
454
554
455
473
685
543
109
500
336
438
662
382
234
450
470
107
588
680
641
240
54
585
319
454
455
179
301
494
434
392
430
444
590
623
430
265
376
338
534
347
229
470
457
363
520
525
510
403
329
297
269
659
465
609
448
446
577
294
234
235
676
410
409
434
537
412
237
471
169
421
347
465
855
476
328
486
317
483
609
813
393
229
317
374
352
299
303
442
656
534
608
515
429
567
302
432
373
408
490
919
234
365
473
458
675
336
340
570
410
558
476
408
115
466
618
541
215
446
373
468
435
443
247
797
701
492
411
409
352
494
404
693
525
295
238
302
431
227
700
435
493
541
546
472
222
297
439
442
311
571
239
228
404
572
598
582
513
238
281
348
278
478
753
628
512
174
412
358
302
354
603
522
253
618
594
179
563
566
170
595
289
263
251
655
479
288
271
332
391
447
637
526
478
539
403
245
377
707
705
530
357
295
377
286
302
344
437
553
453
425
255
487
830
452
522
518
431
223
274
389
490
565
521
437
396
345
357
471
571
413
436
450
341
167
340
825
465
319
433
334
403
400
883
339
327
237
396
470
470
498
566
280
351
231
495
294
462
544
407
529
318
566
120
392
434
618
473
457
220
388
486
647
500
346
434
374
310
475
569
485
384
547
363
314
429
419
821
394
477
284
172
445
464
415
221
243
234
426
429
582
252
810
523
169
253
455
392
358
455
317
362
371
527
399
545
270
356
548
278
288
218
587
638
430
279
575
510
706
400
295
268
347
587
675
380
420
458
249
758
389
245
437
387
223
522
702
534
346
436
427
357
351
362
624
351
312
458
234
453
161
708
605
499
315
449
504
336
600
407
348
469
168
328
448
517
472
524
463
270
295
574
334
347
201
399
660
321
355
451
659
238
413
419
652
306
218
435
416
366
545
433
353
450
490
394
671
164
312
570
23
517
468
285
271
589
827
498
332
213
268
353
366
341
233
728
303
518
254
415
350
624
416
808
456
304
277
330
559
659
538
531
746
438
209
249
545
368
226
345
838
413
164
377
529
473
333
203
500
439
414
400
271
437
389
426
485
528
596
399
236
397
225
280
399
437
445
450
450
616
220
451
791
273
390
405
106
262
484
701
353
483
290
290
346
380
357
539
515
373
411
467
544
537
176
423
550
447
490
225
618
642
353
308
415
512
538
442
281
364
322
380
602
318
497
210
587
501
336
321
178
420
519
459
226
313
533
549
409
427
214
515
469
295
626
710
461
289
262
264
589
459
401
374
737
269
325
353
403
373
536
320
585
289
175
517
572
341
483
514
386
321
439
428
331
357
373
456
332
286
426
271
227
597
687
399
311
267
325
226
387
563
491
327
373
208
697
561
300
160
511
430
396
297
512
483
239
623
347
289
410
745
553
461
271
590
500
126
523
580
312
368
221
403
537
589
383
512
299
215
162
659
680
597
506
172
342
753
522
242
322
445
341
353
410
516
262
369
296
458
401
658
397
336
225
360
446
475
351
192
430
766
483
507
580
54
371
597
305
370
428
612
661
299
526
348
172
429
117
916
396
205
503
350
496
473
274
442
594
187
408
487
458
422
281
288
709
349
412
596
396
580
633
111
452
106
297
339
491
620
470
343
349
734
417
229
376
351
299
355
594
372
449
203
411
812
690
298
465
203
539
222
538
718
450
401
455
340
338
363
270
177
544
358
385
403
330
358
655
413
264
426
415
279
278
386
411
718
372
508
511
550
510
145
435
481
445
173
175
287
510
799
379
784
213
244
386
608
408
267
435
407
751
358
480
235
610
407
264
495
511
246
373
512
590
428
498
410
228
395
318
395
594
306
491
404
393
429
588
478
413
431
262
429
453
465
485
415
416
230
556
351
343
541
483
264
459
736
561
327
215
272
587
393
400
323
424
210
516
252
437
295
553
574
381
320
588
415
232
352
606
533
701
467
511
407
166
350
231
567
482
663
542
225
325
482
225
450
389
584
468
279
622
444
220
311
679
728
334
287
299
227
518
536
476
101
306
386
573
226
712
532
521
489
346
281
223
368
457
546
240
292
597
467
487
548
384
468
639
476
309
444
443
469
353
232
482
278
369
781
534
394
319
190
352
582
482
346
594
469
415
355
255
586
351
180
324
304
531
589
404
822
654
326
107
251
366
323
506
515
444
571
604
175
397
366
357
421
374
354
635
567
393
541
231
344
228
545
739
481
413
267
314
239
665
813
430
441
284
247
280
396
452
296
521
547
584
318
486
564
446
454
547
433
270
286
177
707
351
619
445
507
237
221
511
591
335
441
770
315
338
519
409
118
232
499
289
585
197
428
609
508
452
363
470
229
389
310
337
302
733
341
295
253
466
174
298
461
463
492
587
414
478
437
534
339
420
449
412
550
565
444
386
371
615
667
483
313
441
239
298
412
176
249
292
874
509
388
344
164
635
570
419
343
579
273
443
340
507
422
405
454
536
296
186
508
481
464
425
466
449
548
499
391
236
518
308
540
432
471
480
344
461
523
554
472
367
359
357
238
530
241
607
287
326
456
377
413
278
169
316
567
395
465
477
266
448
337
390
428
409
615
523
526
405
555
370
370
178
232
433
516
829
275
442
346
279
401
723
367
514
424
537
201
602
597
435
313
596
284
177
599
645
308
414
447
171
497
418
290
357
622
438
744
606
398
228
342
533
309
369
479
487
660
521
571
227
214
229
299
562
490
528
346
453
296
762
320
421
517
564
228
276
256
483
461
341
310
279
574
717
399
625
330
289
242
430
505
577
510
501
446
304
281
396
419
704
614
415
112
188
347
537
517
275
538
586
405
609
289
557
474
336
448
431
599
559
531
347
437
287
285
545
356
497
520
571
421
319
504
411
279
439
392
714
549
235
269
618
220
392
405
597
409
347
321
326
306
535
139
679
329
486
459
572
371
496
233
538
99
692
526
343
287
114
621
612
406
342
386
384
508
511
404
529
295
517
481
289
478
415
286
414
518
295
390
408
367
587
453
147
325
635
399
399
252
290
639
406
549
519
486
356
402
564
591
454
403
473
279
408
411
326
341
339
562
658
282
419
747
274
187
619
159
614
531
543
416
667
160
359
492
493
395
368
406
443
419
583
351
518
459
366
268
467
692
464
287
217
584
580
319
536
378
234
357
390
539
745
398
416
211
134
485
475
671
354
470
376
624
340
726
274
285
338
417
469
424
532
281
310
287
281
368
530
633
169
162
443
287
548
718
560
381
463
533
351
537
407
382
386
282
606
423
234
152
596
494
308
467
351
497
528
362
384
226
712
565
352
393
475
411
57
762
641
339
364
319
491
323
444
548
404
463
275
509
293
354
491
338
352
389
540
458
241
316
586
423
223
483
816
56
179
464
579
449
404
419
339
301
567
546
337
608
526
410
403
477
304
586
281
710
355
210
401
483
446
579
338
409
534
365
385
300
685
359
279
219
401
586
268
217
473
369
662
533
300
323
352
492
604
620
209
272
465
391
596
342
395
307
506
402
323
157
112
461
805
454
324
463
550
530
438
377
465
377
466
602
345
303
309
365
528
344
509
391
530
363
902
290
180
530
288
315
667
415
247
350
293
242
398
547
486
511
234
382
853
553
294
498
275
191
481
516
339
217
416
456
545
389
305
370
200
367
387
617
622
397
357
357
463
629
284
251
532
658
103
278
171
354
539
404
315
457
710
241
414
556
194
737
782
399
376
296
289
345
458
440
430
366
289
263
207
521
603
481
522
433
238
279
347
506
554
634
392
240
370
508
558
518
184
402
434
447
445
508
527
610
227
222
582
347
221
394
653
234
478
389
392
456
178
393
392
551
499
302
649
494
506
218
469
402
244
412
402
287
390
389
416
695
467
158
363
880
449
545
228
667
354
400
416
347
383
333
436
595
267
412
311
344
758
356
167
241
562
560
333
430
429
660
407
404
573
431
371
491
169
473
653
360
508
557
477
414
106
281
686
471
663
351
218
372
366
193
511
572
542
537
412
586
182
139
809
417
288
376
455
425
322
461
607
343
317
452
213
581
607
166
251
366
412
475
672
381
429
657
397
425
315
570
549
396
300
406
376
420
482
352
439
512
419
516
509
317
528
490
379
221
353
352
657
404
590
422
541
261
616
393
342
515
376
313
426
609
651
328
336
656
463
475
689
400
404
219
419
692
287
388
681
240
519
160
425
500
473
614
735
264
380
368
453
518
221
208
408
625
448
415
485
376
292
358
341
598
417
401
653
485
479
392
224
361
534
368
556
348
446
916
177
290
250
491
599
423
296
517
396
245
581
223
515
432
386
595
563
276
499
491
262
491
647
403
235
432
453
498
275
412
411
402
463
570
535
363
535
451
246
648
351
477
439
289
566
631
506
347
278
311
518
275
327
416
504
351
529
285
475
577
390
421
363
344
492
412
447
200
432
295
509
401
624
383
622
329
121
247
705
335
420
554
402
616
335
469
384
293
422
668
486
378
453
461
363
559
243
256
540
673
248
375
411
227
454
302
230
482
654
466
361
332
408
261
529
617
169
117
512
566
234
418
406
546
664
395
411
358
350
365
280
616
464
458
446
365
303
707
289
171
304
357
537
471
803
352
868
550
329
646
390
344
255
207
116
388
721
315
477
399
498
633
346
449
678
480
357
290
175
371
337
390
587
629
694
319
229
417
293
452
478
667
226
229
236
582
563
500
626
385
375
503
130
326
704
437
574
346
420
87
553
519
589
391
293
399
240
243
522
510
642
285
296
518
359
641
542
283
270
187
648
531
294
238
279
422
409
655
461
284
637
551
571
641
284
227
342
610
504
573
576
437
184
251
278
572
524
301
345
411
515
299
752
690
550
155
221
388
340
583
362
346
131
205
349
857
729
377
242
424
613
385
235
338
484
489
272
346
480
384
460
458
411
337
377
289
296
483
361
644
528
337
296
315
176
325
573
677
534
563
307
386
153
405
448
618
604
555
304
177
452
356
574
414
326
522
506
323
577
295
259
230
718
578
393
438
284
217
420
394
358
576
594
560
302
213
206
372
294
660
695
387
266
305
219
335
530
576
749
283
342
491
312
586
360
230
176
469
705
553
662
138
170
457
499
530
577
332
371
493
175
554
690
699
408
107
466
351
405
344
634
596
464
327
304
394
257
451
874
607
247
423
515
157
445
448
298
384
556
253
425
418
356
359
684
409
437
512
540
295
292
533
524
191
574
484
530
221
370
294
664
418
359
154
295
646
302
357
554
730
438
368
210
369
622
233
442
438
645
601
352
277
409
122
592
623
678
267
423
375
343
621
696
381
243
458
543
227
422
436
225
386
619
585
359
496
583
546
276
299
299
613
538
433
450
618
116
353
524
301
581
404
524
468
603
524
187
336
268
373
540
156
408
477
536
420
539
169
539
124
393
297
587
1082
448
260
232
234
353
342
229
700
481
447
532
531
166
349
664
479
616
234
472
304
390
420
290
459
349
586
480
280
242
416
536
635
660
305
334
309
289
543
578
242
407
361
478
463
521
291
184
403
535
671
463
274
694
294
194
309
497
568
427
492
431
691
430
290
491
328
710
340
322
242
517
527
236
206
375
555
451
328
354
588
443
450
410
189
246
392
355
610
591
290
101
259
488
816
508
539
381
375
414
362
641
471
484
341
412
645
661
442
207
585
257
391
361
425
458
427
313
645
101
386
520
302
371
201
668
434
167
310
530
440
479
532
252
477
374
605
497
377
339
505
368
474
122
500
622
362
430
414
534
423
505
589
567
554
354
249
478
538
272
679
324
654
619
350
99
374
303
807
531
171
256
171
168
554
197
576
605
568
352
900
464
333
535
537
309
451
295
291
479
543
548
126
558
213
382
594
562
435
732
592
401
363
509
173
568
420
368
497
314
417
345
372
681
332
365
429
624
360
291
417
299
645
303
106
510
569
401
451
420
299
585
454
561
242
523
395
564
364
468
305
315
491
428
484
240
298
232
582
281
305
654
428
462
781
296
374
427
475
594
551
347
409
366
238
455
382
350
737
345
246
361
422
246
408
306
800
456
652
217
358
470
373
369
527
830
463
409
353
218
526
565
536
527
372
368
462
225
286
397
585
212
368
534
442
291
347
406
415
432
416
182
544
443
326
579
418
378
347
501
464
287
448
489
347
176
352
614
267
295
370
242
657
303
668
260
485
318
275
493
222
122
907
462
758
481
297
448
123
428
231
277
601
544
413
372
343
722
443
558
286
526
535
391
277
343
274
444
398
438
383
233
625
393
452
100
492
738
444
454
444
419
435
403
151
307
643
287
265
419
413
737
502
274
196
427
508
323
346
445
443
586
661
455
348
455
427
217
377
396
419
566
498
421
305
458
410
570
488
324
409
426
579
559
366
538
459
240
299
526
278
728
405
327
414
572
238
306
309
144
252
491
644
539
291
659
347
428
660
287
336
622
412
360
596
259
418
424
534
613
337
496
547
274
859
385
281
537
313
470
629
433
664
124
375
502
360
576
367
183
390
634
350
524
686
447
284
509
304
602
521
537
531
222
421
716
418
221
190
415
345
541
327
594
374
652
551
636
488
343
447
351
47
318
598
345
600
426
635
444
249
518
452
334
186
339
424
597
496
273
531
355
631
561
210
521
485
233
335
347
356
223
766
301
581
350
296
582
218
502
337
479
439
446
166
183
461
408
341
649
353
247
615
518
564
319
430
542
289
604
405
236
701
399
135
586
455
600
420
325
316
436
477
399
263
559
483
478
436
601
335
212
453
594
225
555
616
220
519
438
480
222
261
613
363
357
450
549
478
505
262
451
574
154
628
443
534
266
360
483
439
592
296
605
697
164
191
584
344
373
338
384
242
404
491
714
295
419
259
180
525
457
258
464
814
420
380
412
338
315
484
336
399
455
320
468
463
462
253
352
557
180
483
502
372
513
168
303
321
493
605
524
400
553
388
413
529
342
293
232
474
544
641
485
336
288
459
111
436
416
600
288
422
457
533
568
300
339
354
554
482
341
127
733
455
464
435
360
153
508
310
539
440
344
563
584
480
351
290
304
503
110
769
746
475
396
350
178
277
492
299
422
412
467
330
775
573
219
238
357
351
580
774
390
230
236
507
362
721
230
232
671
608
308
479
160
313
436
724
423
504
288
239
304
363
497
422
482
411
427
373
661
418
360
552
407
288
402
224
369
542
334
618
468
294
240
704
355
295
519
421
439
463
464
452
676
329
386
350
409
338
616
545
402
793
399
332
459
402
329
790
247
304
368
410
682
305
243
897
394
171
314
549
456
500
233
408
418
394
513
343
313
356
353
425
389
215
438
823
368
359
366
612
707
231
259
429
558
487
498
365
503
594
403
405
633
480
493
244
276
455
397
780
631
134
233
471
512
367
404
418
227
475
221
622
653
277
436
480
375
384
349
712
244
548
309
326
486
376
549
473
462
318
369
481
455
241
239
361
591
462
598
383
171
358
405
663
102
412
479
349
565
415
454
464
250
294
678
430
302
359
481
629
429
408
245
369
307
378
357
481
426
420
327
530
542
538
606
234
559
511
296
535
286
101
386
606
262
480
632
762
299
192
482
632
222
467
478
335
423
325
531
186
654
581
296
230
266
764
518
229
460
496
267
516
494
330
266
471
345
586
250
451
347
524
463
318
338
352
215
333
716
531
581
263
343
751
393
348
457
510
419
181
404
332
605
405
220
366
325
392
405
406
564
301
481
511
427
496
600
179
584
410
266
412
464
431
507
431
379
415
609
365
500
541
532
631
314
366
304
232
384
691
380
241
566
585
231
320
472
302
462
566
408
417
444
494
441
418
621
434
241
399
309
215
190
591
429
894
511
89
264
533
386
390
484
457
586
551
482
271
233
409
381
342
419
485
162
474
463
408
413
302
465
621
583
276
332
365
559
563
296
447
366
270
502
352
658
419
484
589
296
536
414
506
670
595
279
391
603
128
194
1053
645
330
253
257
626
310
240
213
570
648
389
152
426
406
423
585
831
468
109
426
286
478
318
448
296
442
180
582
352
596
511
594
526
225
297
384
409
676
699
466
289
336
281
369
334
276
341
608
334
505
675
471
306
513
468
302
454
648
411
226
740
223
109
739
485
327
408
359
398
164
574
561
380
480
670
458
542
358
447
626
222
186
630
660
363
465
481
316
278
563
546
620
306
412
405
483
640
240
124
436
488
485
465
419
525
334
654
277
331
459
250
346
520
468
450
472
315
484
407
350
496
706
801
341
191
382
327
170
406
629
500
470
173
483
350
548
163
530
305
450
355
451
395
454
318
473
362
225
471
517
294
164
315
825
550
504
601
442
377
237
615
302
495
377
610
590
285
765
475
148
347
463
500
360
253
666
452
453
787
276
540
219
418
525
402
623
269
254
584
517
609
538
414
350
297
303
804
446
172
45
517
356
586
556
496
242
457
227
320
609
342
497
492
440
232
496
490
474
403
290
302
486
477
781
505
421
554
336
464
358
489
485
538
107
214
396
524
412
347
427
455
482
329
451
599
409
368
329
396
521
390
422
347
326
668
364
289
516
504
597
407
118
362
896
441
261
560
474
415
326
368
409
503
443
553
567
402
422
429
456
611
466
342
452
560
346
666
586
636
406
364
376
408
499
802
520
193
415
444
722
466
281
228
556
366
362
187
227
591
581
433
296
561
708
356
614
534
510
412
63
364
422
433
424
404
429
511
470
486
528
233
421
748
501
274
599
524
319
325
470
370
535
242
783
350
607
356
362
338
395
539
558
393
440
230
271
291
464
762
528
359
254
136
464
694
460
352
696
169
401
706
526
222
233
353
517
206
460
872
651
219
393
291
358
477
370
448
377
390
796
411
353
460
533
390
442
545
462
336
354
465
323
446
292
324
410
1012
492
281
232
621
840
349
247
259
507
485
441
398
419
296
236
381
786
639
400
293
212
476
331
473
348
474
398
683
399
530
456
230
583
364
426
695
416
123
334
471
354
384
449
719
571
356
352
177
569
618
431
234
483
551
671
175
318
473
448
474
543
354
372
306
265
885
401
501
386
434
497
355
229
484
468
503
427
588
169
326
610
298
532
303
303
485
392
581
301
543
410
314
576
353
335
486
867
335
419
393
559
271
450
378
436
421
241
367
639
549
594
506
560
164
288
418
540
191
576
567
385
530
427
536
490
411
632
304
194
565
539
428
277
639
617
471
363
380
272
437
457
465
496
359
387
848
376
543
568
482
307
430
355
470
506
597
174
364
330
449
391
183
500
748
322
406
670
432
348
408
293
340
414
558
563
349
337
581
278
195
549
539
423
652
582
219
294
651
420
289
397
504
592
472
311
422
722
532
345
468
248
183
407
621
561
556
102
572
323
318
633
508
306
431
428
373
794
177
243
422
351
414
748
423
256
383
377
529
523
310
163
262
435
489
684
270
598
465
269
176
684
248
438
390
411
632
574
560
333
645
534
312
242
273
580
650
562
602
179
281
422
449
271
586
453
592
271
426
462
429
264
473
467
576
372
541
350
260
477
219
385
413
795
725
396
577
286
530
609
242
226
579
675
456
364
244
98
378
486
651
377
475
277
745
553
298
416
304
221
348
595
373
462
669
395
217
589
415
671
385
236
333
461
467
247
564
704
351
295
315
319
231
896
456
121
449
503
366
371
404
545
448
585
549
183
561
316
498
353
396
741
395
426
667
258
433
421
365
732
696
311
536
395
260
377
410
331
359
608
688
465
214
179
625
428
463
226
313
637
597
380
432
418
358
331
399
462
346
481
399
427
484
360
488
361
587
291
490
383
376
240
279
683
353
532
381
421
561
393
566
340
421
232
290
475
474
615
453
346
490
399
311
509
394
401
545
529
347
337
478
535
340
417
432
644
307
278
519
409
337
445
235
304
351
694
643
343
355
353
415
723
247
519
741
317
220
339
479
425
438
455
604
439
515
238
521
430
238
429
112
392
687
599
583
316
340
401
300
144
661
569
335
520
528
549
367
437
286
512
322
528
236
479
515
295
494
609
402
364
420
502
376
406
151
318
490
755
523
483
301
618
237
502
470
241
582
341
522
709
342
377
803
243
304
313
371
355
375
595
346
411
630
478
165
380
644
322
348
385
298
467
292
521
689
498
446
308
205
434
504
508
457
283
495
543
478
450
709
195
351
501
663
383
253
478
292
464
411
548
509
646
435
533
237
289
357
433
651
579
351
412
398
233
316
459
523
193
671
250
341
652
393
307
462
281
454
515
648
464
365
230
251
454
477
499
170
379
334
192
604
841
430
385
100
253
432
591
419
319
633
253
303
552
553
545
356
161
388
627
425
334
727
570
490
197
240
140
511
674
414
598
544
428
534
248
329
588
459
516
412
390
645
512
353
523
177
305
628
469
170
338
721
442
515
404
473
112
324
363
466
286
236
590
635
484
392
604
466
390
211
575
457
317
449
481
376
465
341
210
311
773
470
561
632
163
500
354
337
483
438
823
180
362
342
451
258
362
755
745
519
298
359
212
256
569
506
726
461
419
466
491
477
344
535
557
313
239
433
398
467
252
456
624
523
334
303
415
294
554
420
313
654
442
280
486
393
492
645
267
515
460
459
602
233
310
343
605
413
630
593
585
629
293
119
532
464
385
488
371
583
339
587
613
522
459
399
376
656
528
382
244
260
725
339
526
575
339
568
511
334
301
414
421
330
527
556
162
508
438
284
354
494
388
304
562
514
505
244
357
258
491
762
292
312
535
520
475
180
430
596
521
330
501
465
231
156
349
363
687
558
493
263
201
544
792
261
355
539
201
448
521
307
229
780
621
404
407
323
175
248
437
288
387
466
569
599
355
390
490
536
258
180
357
520
862
421
152
368
668
455
296
293
385
476
619
472
478
172
260
615
329
430
673
615
570
318
320
430
468
347
467
438
442
488
314
534
406
322
452
331
549
343
529
336
375
659
226
321
234
213
660
348
501
552
341
358
396
373
225
549
358
604
648
181
240
590
375
318
419
674
538
449
247
340
375
633
467
360
532
420
250
416
399
313
392
456
272
565
622
413
100
175
288
516
789
689
520
379
527
172
189
334
802
500
440
279
225
396
439
605
373
433
477
273
294
693
426
321
311
297
495
675
688
380
413
225
413
362
726
544
554
390
338
347
632
296
367
365
437
585
336
469
575
334
363
459
247
225
458
487
585
591
340
314
233
540
719
613
382
431
240
267
300
250
570
470
572
492
529
217
304
415
524
568
645
716
218
287
611
287
462
547
408
299
176
177
653
548
536
475
322
392
417
297
503
505
556
288
226
361
573
610
353
492
471
169
176
179
431
451
422
485
713
261
323
444
343
720
305
476
582
359
223
642
357
407
476
229
534
475
494
458
280
544
293
103
465
648
716
453
323
374
237
322
629
436
356
373
480
343
451
577
462
339
375
393
502
464
207
507
389
256
432
443
295
659
706
357
351
234
515
283
528
680
531
260
322
352
448
681
530
489
261
343
335
334
316
631
678
319
174
526
623
471
385
430
416
166
224
574
522
656
685
446
721
78
398
381
262
442
545
388
271
387
517
473
159
513
266
230
650
422
496
390
332
296
473
322
459
566
453
286
368
230
578
690
406
400
329
147
598
448
457
441
357
559
413
364
508
597
330
235
425
499
394
416
605
302
338
191
324
342
734
622
342
406
622
215
232
492
487
445
364
243
343
441
500
758
456
237
291
336
725
537
431
536
236
410
434
343
374
812
274
487
507
583
454
411
448
281
345
346
490
467
442
353
888
288
334
441
413
345
525
273
222
380
517
593
386
543
276
373
702
411
325
265
346
237
482
285
423
518
274
340
678
388
469
230
460
391
506
416
357
386
313
436
341
384
686
484
487
420
246
414
559
365
592
171
283
464
519
346
572
235
549
455
711
376
130
475
337
286
468
243
401
309
435
718
481
207
338
349
382
681
347
281
363
322
384
445
311
484
326
310
492
362
439
447
567
369
239
513
575
430
549
331
462
399
398
293
572
275
402
420
479
503
606
275
174
650
525
362
513
303
285
609
295
285
351
478
704
790
281
308
418
488
139
507
803
642
419
379
424
529
601
565
439
168
528
650
538
386
470
354
468
171
230
536
541
464
437
461
495
398
352
453
520
320
459
216
336
362
414
457
447
390
354
324
435
695
162
267
467
453
381
705
271
220
280
290
452
456
358
282
563
560
562
460
283
285
483
408
485
298
372
589
458
213
510
340
326
740
611
218
327
471
441
399
172
262
254
478
613
447
186
305
573
445
642
399
589
337
483
279
188
412
658
426
495
603
509
357
176
422
645
400
429
284
400
665
426
644
341
332
428
243
440
227
267
904
478
320
359
365
485
280
615
292
240
401
522
498
258
250
350
564
484
543
316
398
448
375
408
421
602
216
304
332
668
648
371
168
354
358
490
620
548
296
378
333
343
758
218
332
546
375
482
375
349
405
452
642
410
327
315
541
392
337
610
288
229
244
334
877
670
346
180
306
480
550
386
468
381
565
471
561
344
630
459
330
444
266
457
369
327
628
462
238
369
351
599
409
345
318
439
612
409
264
487
556
216
249
447
381
513
397
300
352
393
587
610
300
283
244
329
386
160
356
591
443
487
333
523
454
349
480
679
484
371
272
340
212
234
681
497
260
505
291
233
531
629
394
399
239
264
657
396
680
522
374
219
317
112
388
499
600
415
316
792
401
167
318
420
334
457
354
649
129
653
506
446
337
347
480
464
367
477
453
719
216
243
311
578
597
551
492
293
564
624
357
287
396
454
615
330
467
485
810
519
340
244
376
446
311
595
173
456
642
261
548
640
415
270
289
290
545
478
352
464
268
634
372
470
365
429
370
618
542
337
471
337
45
738
429
489
485
574
335
509
475
442
637
370
198
536
234
234
451
687
509
587
218
392
448
351
270
539
464
613
380
333
319
356
326
447
386
481
631
484
260
318
225
395
715
402
326
353
505
458
578
294
471
359
531
428
276
478
616
444
467
161
588
483
226
579
320
178
418
327
401
394
480
584
265
369
434
347
591
433
330
635
299
489
364
337
684
633
266
129
160
554
834
550
421
192
422
622
400
454
202
430
432
539
421
450
310
337
520
469
336
474
284
287
396
494
373
485
226
453
488
487
506
492
383
395
504
414
650
189
606
456
474
308
323
450
651
484
458
393
186
389
347
555
430
389
491
380
293
447
228
491
768
281
424
396
539
118
343
511
641
480
434
481
508
375
203
234
582
736
276
250
492
510
689
396
236
346
583
298
347
861
762
405
279
276
149
307
589
545
616
476
290
331
651
328
319
276
369
549
459
280
260
459
517
407
605
430
399
397
333
330
622
204
445
575
361
562
307
320
378
289
476
516
446
504
639
337
320
516
463
920
442
47
385
307
170
593
597
552
502
309
287
163
403
684
573
419
431
403
211
447
434
278
392
349
548
505
268
524
458
263
513
570
403
496
331
353
672
290
612
396
326
440
241
559
415
110
294
601
728
533
439
213
296
331
471
328
405
608
780
181
290
223
527
282
356
340
536
456
385
185
250
484
522
440
474
367
462
868
627
163
187
499
515
514
485
483
179
327
232
566
659
267
447
384
299
356
649
557
413
318
212
318
833
697
302
188
207
701
440
440
390
454
542
162
554
535
564
485
399
172
282
665
641
395
193
386
384
952
679
556
365
283
263
499
644
589
280
339
286
460
618
220
291
438
676
460
415
199
400
594
482
436
460
422
340
352
286
431
387
584
517
461
401
192
451
578
339
404
218
292
599
249
602
314
358
415
476
364
530
506
522
317
381
501
455
351
488
395
515
168
179
398
732
294
494
372
295
351
539
473
330
315
493
542
320
221
521
636
346
263
497
340
468
555
330
321
483
165
362
320
517
535
602
510
334
373
281
709
286
578
531
440
539
284
474
384
334
291
558
398
520
705
298
241
179
308
413
594
408
404
658
746
331
226
608
398
344
227
337
306
382
887
456
371
426
47
523
528
411
308
525
294
325
361
539
536
627
183
305
408
758
536
348
409
396
234
275
729
379
680
314
239
263
394
567
416
537
738
488
325
352
359
653
568
352
328
389
350
373
347
223
460
425
519
498
768
281
331
233
514
600
554
264
161
456
392
389
389
278
333
684
350
574
455
330
385
120
165
712
523
424
586
279
418
428
694
560
490
377
526
374
417
360
228
437
577
176
475
399
611
550
324
284
290
473
523
442
350
443
574
241
319
296
382
462
362
624
278
479
448
219
526
590
307
273
513
222
415
391
514
496
330
559
221
703
377
419
578
275
375
330
479
611
493
234
375
690
496
324
404
399
411
229
396
337
284
472
321
369
388
445
383
404
435
475
480
418
323
330
342
435
560
443
296
509
569
334
757
315
401
286
259
449
353
444
510
489
232
272
429
537
347
280
577
400
352
489
363
345
516
360
300
608
456
436
374
291
423
408
496
596
235
234
357
391
667
415
295
408
439
669
502
520
235
206
278
376
432
404
420
581
666
362
473
300
344
698
272
358
343
353
583
258
462
448
98
434
342
400
347
785
215
444
387
400
333
621
347
590
498
495
318
414
423
451
309
366
851
404
254
414
330
469
672
330
553
416
291
619
265
316
236
383
384
526
537
276
528
327
231
341
470
382
355
305
639
554
357
402
319
432
291
401
352
233
402
317
454
452
509
350
495
201
453
355
412
335
566
582
398
334
333
446
385
436
483
474
241
302
332
432
513
374
342
226
534
511
224
469
450
414
309
534
713
254
467
448
406
387
417
377
577
398
431
173
375
604
374
549
336
373
444
336
507
378
417
356
284
165
508
698
468
372
369
477
544
377
511
415
288
472
159
