1029
547
583
856
653
410
583
975
431
545
640
506
615
561
707
554
564
675
578
529
429
469
730
593
545
366
652
774
368
589
630
440
421
451
534
512
561
339
570
534
484
579
407
593
502
668
515
422
672
526
566
560
480
496
528
545
390
341
590
471
411
445
552
515
486
412
455
433
411
553
458
522
476
408
378
705
351
491
510
448
405
548
368
602
476
532
502
480
777
471
602
458
484
461
624
561
483
494
552
409
534
459
378
650
334
499
500
614
436
602
415
448
577
568
391
548
614
323
553
534
498
469
607
491
559
384
601
485
501
435
587
523
534
386
517
538
485
518
513
457
514
489
425
619
450
543
620
148
539
528
510
477
462
411
543
415
692
283
501
452
420
480
556
393
658
488
606
608
418
369
583
415
396
779
365
540
618
607
684
624
469
571
322
785
342
433
737
489
374
601
475
418
519
515
669
531
366
551
383
432
468
529
384
626
397
581
396
392
522
524
504
573
378
521
658
362
409
555
509
461
509
563
643
409
411
577
516
519
396
574
372
473
463
456
456
528
612
297
520
541
509
433
633
579
304
473
516
341
538
579
559
484
392
521
527
602
452
435
512
544
496
273
789
380
436
574
440
635
375
617
429
541
464
441
508
525
416
604
502
412
500
332
557
567
508
492
613
200
640
401
433
684
379
498
477
344
520
439
546
406
486
460
604
470
430
464
453
513
554
499
521
512
598
359
422
568
639
300
678
403
455
488
351
487
433
679
427
471
427
427
537
521
366
424
489
553
721
567
591
348
521
586
668
529
425
632
213
553
620
415
551
485
439
450
623
335
565
440
515
663
352
485
476
472
521
465
450
678
246
473
551
356
523
530
467
559
333
430
547
401
557
551
607
634
536
417
570
293
632
511
589
495
310
675
559
343
423
461
485
587
414
776
544
472
510
542
613
487
563
506
497
506
545
479
324
499
374
668
570
441
407
412
526
480
445
594
365
520
502
666
344
621
358
538
365
447
519
466
526
596
511
376
528
371
516
390
513
520
551
556
400
466
475
437
735
386
419
639
573
420
479
566
509
512
511
432
664
404
442
468
593
469
444
488
529
521
485
334
519
413
390
491
390
533
700
412
486
498
441
405
556
478
485
562
496
374
489
435
661
477
414
461
551
395
442
496
450
403
531
455
499
482
470
403
604
460
445
602
227
587
672
270
620
413
424
680
390
688
295
508
550
534
494
648
607
478
383
627
668
370
469
408
512
474
558
492
554
571
548
455
705
472
588
467
469
552
527
342
459
459
452
596
507
528
452
538
454
585
440
430
564
514
405
575
522
590
447
603
450
454
451
514
575
341
627
292
605
487
447
577
464
454
506
486
406
680
435
500
323
536
635
373
432
494
533
465
482
568
394
570
402
532
536
473
557
362
527
458
612
402
532
534
376
490
384
720
335
488
668
519
608
272
608
488
524
424
560
388
513
675
414
475
383
507
528
588
446
399
469
475
599
508
533
526
522
503
396
518
430
575
494
437
573
630
417
345
473
570
346
535
470
493
355
564
501
492
329
604
516
472
436
533
464
396
490
605
338
591
515
436
528
454
494
498
448
525
507
433
588
615
372
695
551
390
396
561
416
543
458
570
359
536
631
433
479
537
447
614
353
625
478
482
526
438
446
505
421
631
622
445
542
440
329
573
592
467
463
429
498
546
574
427
534
535
378
604
427
527
535
672
383
479
514
474
470
649
481
421
559
541
389
577
533
333
550
524
336
660
516
497
399
517
360
445
593
544
422
632
513
404
480
587
344
531
504
483
540
523
526
559
573
478
504
433
481
511
477
295
618
547
410
492
635
477
311
637
528
422
474
451
463
543
349
601
530
400
485
475
424
424
504
455
510
495
429
612
614
429
500
456
614
609
677
453
337
543
590
514
552
537
346
562
527
389
613
505
473
577
469
472
531
483
340
531
356
553
538
545
518
466
525
393
476
563
452
594
517
571
492
377
622
475
364
581
453
515
476
507
469
502
425
479
689
510
614
516
393
476
451
458
399
553
518
557
405
655
455
377
429
546
384
583
467
456
426
706
475
502
604
415
532
514
530
382
606
423
418
502
465
455
435
472
612
535
409
458
421
504
622
376
594
422
464
576
376
516
612
431
597
679
452
421
431
634
545
424
557
386
532
645
454
435
568
447
650
529
475
476
642
400
598
467
469
534
602
511
449
584
428
497
546
486
464
655
484
532
521
412
580
579
490
421
310
559
427
528
430
472
604
409
457
684
345
417
502
432
592
554
419
606
275
755
375
513
398
555
551
291
583
591
440
385
613
543
554
541
535
473
372
518
510
473
419
652
308
521
592
390
582
456
665
455
594
301
620
693
322
418
543
430
556
355
595
475
582
371
347
691
372
531
593
327
496
483
478
497
537
427
576
416
535
687
439
438
791
242
588
397
517
544
477
454
553
375
404
600
397
700
385
443
500
524
655
477
462
424
524
426
307
628
481
599
386
644
660
262
489
603
310
567
519
368
614
429
306
781
558
463
560
460
421
448
542
400
606
464
391
625
477
510
430
609
372
569
507
427
473
595
673
376
498
621
446
397
610
598
547
439
511
599
639
378
540
565
419
534
515
520
390
509
635
582
561
506
467
450
603
509
599
401
440
685
491
298
725
615
347
541
541
387
497
543
365
493
445
513
515
459
556
546
372
524
424
583
533
387
438
569
514
608
480
445
425
646
381
434
635
476
516
448
523
622
267
570
474
504
442
376
625
418
506
570
467
555
292
596
483
330
585
526
463
506
468
522
442
553
535
533
432
500
585
496
295
564
448
426
510
642
552
387
543
466
553
415
384
513
571
396
521
466
491
336
538
323
533
593
597
479
632
338
669
620
249
568
510
494
495
429
509
384
513
462
429
722
483
473
460
513
385
465
683
238
601
519
459
391
574
434
478
400
592
399
463
702
539
300
681
453
523
676
383
470
470
470
586
523
553
429
450
415
374
531
571
442
378
503
543
594
388
516
363
489
608
483
514
374
607
534
485
538
378
599
416
420
560
552
440
562
457
636
436
623
508
363
702
562
606
572
409
482
635
529
687
419
551
355
564
695
539
322
593
675
320
616
638
358
505
504
354
465
521
596
409
560
511
581
413
453
393
470
614
479
463
386
406
590
470
372
512
596
359
490
634
473
375
585
378
590
655
499
377
528
538
416
583
597
552
373
670
369
596
574
478
429
473
459
545
427
525
474
509
691
515
390
488
505
457
438
544
483
528
550
518
464
684
384
409
535
493
511
298
565
592
446
393
472
603
479
381
497
531
516
298
562
552
511
528
428
542
431
518
547
560
383
588
383
529
480
468
495
518
497
480
487
525
455
568
287
460
575
642
461
431
525
423
543
440
500
572
486
473
415
479
500
395
362
566
423
527
513
431
456
570
581
351
559
381
528
544
580
286
539
520
478
502
523
512
564
413
482
380
621
405
505
412
513
552
359
649
498
595
469
497
456
503
598
475
570
455
459
571
438
623
479
600
506
524
514
565
505
616
459
452
635
548
538
412
565
562
455
412
605
467
260
741
480
430
518
523
403
582
386
665
534
480
469
460
538
507
419
608
474
578
399
492
584
471
347
425
517
467
479
544
488
628
535
417
463
515
425
457
466
397
594
518
458
481
518
534
522
490
473
468
430
582
365
450
702
374
440
577
597
354
495
482
464
458
502
396
541
588
346
667
561
494
673
436
508
515
567
548
389
609
483
428
428
432
521
445
482
597
234
563
646
526
421
545
403
385
523
441
540
615
623
345
541
562
388
531
575
464
409
617
415
562
530
522
479
404
550
530
423
537
438
476
538
690
221
662
596
338
507
495
574
200
639
505
514
423
541
467
381
476
432
398
650
495
468
566
448
431
416
473
430
654
458
475
518
558
430
479
479
670
435
676
406
533
534
561
691
538
461
363
537
511
377
587
428
478
473
606
543
452
589
404
669
474
572
513
345
596
583
563
420
485
757
655
354
595
563
541
412
640
467
399
552
495
727
238
796
568
480
629
473
414
558
343
550
400
589
475
518
388
521
421
462
602
434
412
574
475
474
497
564
511
490
488
429
464
482
359
648
409
506
616
422
464
501
464
467
468
513
487
476
514
639
445
350
579
530
506
392
590
481
491
515
422
443
738
427
571
393
564
522
612
289
659
445
433
477
473
413
420
517
512
450
617
487
602
393
530
534
451
504
507
537
511
555
469
475
580
419
549
439
434
477
495
691
484
490
509
443
467
636
403
522
620
518
554
440
432
565
481
421
388
542
557
379
463
492
452
534
467
386
659
424
528
644
493
543
476
598
392
457
494
599
428
496
594
350
696
335
503
338
615
481
529
606
467
390
613
390
626
482
387
387
607
289
581
396
593
296
610
372
529
577
421
558
441
503
468
612
576
516
385
563
335
774
285
621
509
330
625
558
411
418
680
538
448
679
323
639
482
478
475
614
579
388
550
518
499
612
550
383
626
258
635
692
439
577
554
650
233
655
507
485
514
488
606
410
531
462
522
478
453
672
523
425
497
554
454
432
520
488
372
616
469
502
488
513
367
378
619
484
475
517
486
399
556
461
564
422
594
247
576
532
598
524
586
373
530
525
493
589
289
578
555
515
384
489
584
409
539
511
504
617
430
523
496
426
487
625
390
624
499
586
549
421
420
602
301
543
539
485
513
496
297
496
627
518
613
470
473
536
540
549
512
606
534
463
472
412
636
333
443
547
363
458
544
557
420
473
650
411
355
532
445
481
454
501
488
299
604
598
392
554
586
557
309
604
597
446
608
257
620
480
474
607
427
571
543
714
365
500
649
343
700
332
471
525
470
473
610
337
445
481
578
602
506
434
571
632
384
447
496
541
569
638
420
631
558
554
678
524
343
660
553
636
563
464
499
516
471
493
538
377
461
481
588
331
738
376
414
537
371
474
773
389
560
252
581
565
666
468
580
479
652
477
392
560
451
486
366
530
433
554
560
425
404
553
359
500
342
543
478
409
410
523
589
390
620
250
657
368
457
581
521
481
560
516
528
465
566
647
467
504
367
531
564
650
461
547
296
570
577
473
518
477
508
374
607
489
309
595
551
436
495
452
614
308
565
562
426
613
540
366
617
530
328
623
479
423
534
654
488
409
641
280
507
620
347
499
509
388
466
419
520
541
620
618
406
399
728
498
444
475
454
657
384
660
554
507
323
648
431
448
475
487
427
562
549
484
575
497
457
463
519
436
508
545
391
433
619
429
565
511
565
472
426
473
468
521
381
625
342
539
454
504
411
563
380
612
566
566
306
627
471
574
329
584
530
455
505
697
303
748
431
544
719
241
681
561
519
523
571
443
437
574
482
781
431
545
622
572
580
471
557
451
482
421
583
498
423
614
507
403
555
518
491
491
440
492
423
458
398
499
433
555
581
421
426
416
437
557
467
621
434
537
495
626
396
641
436
442
513
440
513
539
457
551
417
546
565
307
561
546
160
825
381
421
571
469
437
555
602
451
578
324
507
449
414
613
283
372
527
571
471
467
574
486
433
518
695
344
551
534
504
478
335
561
426
593
380
631
331
501
601
438
507
461
465
458
627
461
536
615
379
591
338
641
441
513
639
509
445
665
332
641
556
350
501
352
575
427
436
523
547
335
564
478
554
486
658
404
549
555
377
615
565
458
493
392
504
605
310
486
629
427
544
474
338
668
417
702
302
559
444
457
583
444
613
519
469
614
450
584
431
516
645
420
290
679
482
378
644
451
402
487
373
601
550
486
390
482
488
500
587
487
387
547
589
600
329
741
421
340
461
689
412
462
610
428
600
556
426
576
477
441
530
560
419
473
349
596
711
557
498
427
598
475
603
377
425
427
614
476
490
526
519
513
381
407
686
293
518
396
554
363
513
458
519
515
507
593
418
418
485
524
288
513
457
488
376
603
513
515
460
485
569
455
430
466
557
630
600
432
528
356
437
566
571
262
567
584
360
543
699
292
554
471
523
639
267
651
451
399
477
597
602
276
518
557
439
529
382
544
477
505
551
362
572
478
560
392
530
615
424
303
678
419
616
438
588
551
334
661
406
628
464
571
618
420
519
627
510
341
456
520
592
396
551
529
465
507
572
406
446
650
400
580
575
585
513
513
545
452
484
536
547
413
420
553
451
416
497
656
390
343
564
517
335
424
635
385
560
403
632
304
505
551
378
514
531
457
609
515
360
553
389
651
389
648
469
511
465
512
530
671
304
572
743
379
435
678
573
474
466
476
353
603
678
453
477
467
563
406
545
490
376
532
538
381
509
421
554
501
510
427
447
567
355
556
544
482
437
488
390
454
578
551
479
384
661
343
466
655
337
587
470
469
473
476
530
659
393
357
633
414
604
516
393
561
611
431
403
431
448
512
468
528
511
547
390
490
452
642
559
372
501
555
436
480
619
474
571
480
488
503
400
491
544
530
524
458
443
565
403
519
668
394
469
667
295
640
426
524
512
467
468
564
297
500
526
417
470
553
419
598
573
383
662
331
424
568
710
457
396
657
415
410
455
401
534
461
293
686
488
381
476
355
650
313
450
599
500
445
574
477
467
425
624
331
549
538
285
513
519
541
508
491
591
345
510
537
591
480
594
457
460
617
634
353
578
491
500
658
320
513
660
383
467
508
513
387
588
535
415
512
537
430
532
402
481
551
548
426
688
433
489
699
600
410
582
657
501
635
412
529
481
533
388
611
551
400
466
435
609
419
445
541
393
585
511
353
581
532
562
508
475
584
358
463
566
436
485
468
522
417
566
604
520
415
480
537
449
486
574
526
502
467
419
434
529
337
706
486
492
499
469
540
466
507
546
561
435
485
593
447
473
492
464
417
534
571
551
591
490
390
422
590
504
567
499
428
579
271
543
415
455
603
523
342
645
593
469
620
401
564
392
586
490
522
593
295
639
449
424
621
344
522
642
400
644
323
400
534
587
247
689
400
534
429
445
511
528
328
589
612
335
330
784
456
431
511
467
560
529
585
469
390
559
625
399
637
449
526
508
445
475
500
441
593
531
504
562
540
432
552
605
404
705
342
639
388
514
630
413
676
356
469
483
603
583
449
421
463
525
428
559
291
565
498
336
562
493
414
642
418
566
368
595
544
453
471
596
468
315
809
545
462
592
592
349
641
389
459
774
411
462
433
451
552
509
563
393
445
684
453
500
630
370
653
479
482
394
553
406
566
559
540
472
316
609
470
449
468
595
332
427
538
458
495
381
758
383
524
596
354
440
569
443
601
571
353
584
375
624
550
522
618
528
475
419
550
516
599
472
524
505
562
439
474
624
418
540
449
525
483
460
550
506
529
409
599
396
657
480
591
351
597
329
568
405
618
333
553
511
339
455
510
473
534
445
621
400
606
529
512
400
437
538
464
421
470
443
447
564
647
466
486
407
559
409
440
541
402
528
464
583
531
436
524
478
391
603
434
506
252
527
530
522
487
537
544
434
601
335
518
401
522
723
449
493
574
430
515
567
598
582
393
596
480
383
614
636
386
354
513
619
441
571
347
493
562
202
610
502
630
392
645
502
639
465
297
486
471
464
616
409
501
481
425
628
456
543
431
466
588
530
645
515
602
549
543
541
559
498
380
492
476
431
561
673
520
378
587
476
646
535
289
695
440
428
362
486
546
648
408
436
512
297
599
389
375
564
532
637
503
507
555
520
556
306
536
461
405
451
535
514
708
285
538
594
495
478
455
334
502
669
402
525
511
571
329
681
543
510
481
455
476
503
492
427
398
477
371
485
430
439
513
599
478
460
569
456
597
552
652
347
624
464
463
489
410
720
435
684
605
476
375
498
425
476
571
426
648
350
364
449
579
537
424
527
458
442
426
530
528
606
436
582
531
424
371
651
488
367
557
585
379
562
473
521
510
453
476
442
597
492
594
375
479
533
400
443
488
471
470
467
380
518
461
521
350
659
410
521
452
417
427
606
411
567
444
422
467
428
415
655
436
543
585
501
424
504
481
502
518
404
571
572
481
395
600
421
626
392
601
437
377
642
575
374
524
598
442
596
630
431
473
571
590
466
556
585
452
540
550
540
562
477
634
527
506
589
513
443
516
549
397
503
532
280
412
507
507
524
484
506
341
498
534
463
506
495
555
471
639
351
499
513
627
442
661
545
485
601
409
518
569
557
500
602
513
403
534
512
606
558
564
402
567
507
397
545
415
500
623
472
405
495
484
543
373
521
504
467
508
450
557
472
489
709
270
560
455
427
604
429
436
655
479
506
527
391
561
586
329
595
489
538
509
390
515
547
630
261
507
463
537
422
387
484
462
543
352
519
557
360
492
425
542
642
294
605
522
466
341
424
614
422
723
597
396
587
483
472
574
587
372
574
526
344
525
431
445
437
518
571
500
394
596
543
333
393
549
412
561
421
469
461
585
455
393
492
465
518
420
516
421
648
273
514
360
562
491
473
406
564
413
522
377
709
526
270
770
303
673
476
587
463
337
621
485
468
469
502
372
615
353
564
641
369
544
671
445
380
516
414
669
601
481
455
523
628
500
305
534
650
303
678
430
434
470
526
427
467
544
465
432
490
559
487
412
460
458
414
456
422
427
581
421
470
567
510
390
716
432
506
483
612
402
493
519
270
649
626
419
544
617
377
461
465
450
510
483
472
609
499
441
486
552
488
365
535
412
610
375
625
520
430
628
468
468
615
402
521
557
488
533
593
508
446
571
501
347
725
413
586
438
562
626
404
546
450
429
548
455
520
667
408
564
497
507
488
414
470
473
454
596
396
296
700
264
513
504
375
543
612
315
457
622
443
418
643
462
476
527
521
464
600
480
437
459
556
480
481
571
351
585
570
615
451
510
459
537
481
582
487
509
581
478
508
485
466
462
340
535
455
462
591
566
314
610
575
407
415
605
339
605
385
516
432
572
496
480
609
354
556
466
657
537
430
512
298
627
475
525
562
421
613
415
504
734
422
548
472
513
472
523
627
407
524
559
613
509
504
352
508
682
347
481
571
341
704
572
530
473
463
550
706
378
509
514
399
598
377
614
418
557
386
402
673
256
698
460
420
534
421
425
412
546
579
498
534
426
416
491
477
499
456
369
505
353
661
513
396
487
539
547
505
498
473
415
496
381
646
369
613
516
431
453
504
464
553
513
522
415
684
485
448
600
466
614
494
383
483
428
472
488
584
307
731
427
488
502
571
450
489
488
498
338
513
444
515
470
588
399
645
351
550
504
625
519
418
449
588
476
377
513
534
500
492
506
341
513
565
472
399
479
518
541
476
599
487
518
443
570
459
513
523
589
423
373
519
568
467
565
440
472
471
537
492
429
498
522
424
426
730
579
439
638
470
584
625
387
473
385
667
437
706
394
560
471
545
477
668
298
655
475
553
375
587
624
362
415
646
417
450
478
540
530
557
517
577
455
603
439
435
558
625
429
394
517
570
728
470
538
452
646
339
456
689
374
463
591
436
602
471
402
459
660
492
612
507
684
561
512
473
519
498
354
699
466
393
492
579
364
632
346
500
553
433
574
509
331
569
488
427
550
516
481
505
501
489
647
454
286
535
430
501
427
533
542
496
665
386
554
523
586
391
484
542
516
489
371
681
381
550
482
433
565
512
505
478
596
375
539
628
403
462
460
431
593
531
580
380
544
468
458
539
473
487
399
551
422
546
533
464
434
538
462
448
421
559
584
273
603
613
407
563
704
505
387
585
383
480
564
573
504
359
511
338
519
571
482
538
513
523
501
504
476
472
517
415
564
571
457
489
475
701
440
492
496
391
623
415
556
376
561
414
498
408
576
603
307
561
553
482
575
408
527
592
353
595
372
461
455
472
527
430
580
518
491
534
443
425
485
515
452
624
643
569
597
401
563
472
609
424
706
432
467
584
452
734
305
727
511
307
631
407
517
569
588
560
575
418
417
501
510
407
579
362
498
642
559
305
520
378
489
546
464
511
316
529
450
419
662
463
602
467
537
442
525
419
655
485
616
285
543
598
426
487
494
475
599
255
541
386
478
550
470
436
439
572
453
515
553
335
519
375
375
675
576
407
412
490
548
402
469
424
669
388
585
562
298
563
640
523
412
531
489
471
520
463
433
504
471
377
444
613
452
375
531
507
421
628
472
482
411
552
385
529
607
404
480
552
528
417
566
507
520
457
619
408
437
633
430
499
386
536
407
509
422
649
431
422
405
484
567
485
406
583
610
437
580
412
497
669
501
519
373
600
615
243
602
622
460
605
479
477
478
461
454
621
373
492
494
447
518
374
494
568
422
515
500
462
585
516
285
666
271
621
381
549
607
596
540
411
519
498
501
547
419
600
515
688
493
442
494
639
430
510
332
616
505
558
576
306
702
553
481
425
407
511
536
464
443
586
399
520
609
478
386
523
499
611
555
359
622
441
511
436
563
498
530
347
571
420
511
684
571
583
415
488
563
511
335
533
500
412
480
435
449
618
418
525
328
624
592
677
263
664
408
524
426
599
461
467
480
470
528
494
359
644
242
453
570
473
488
377
473
495
541
573
569
384
559
622
454
596
553
548
453
467
465
569
397
312
603
391
533
619
531
443
630
384
478
460
529
325
565
559
370
503
393
515
517
538
441
606
459
488
475
445
552
561
474
438
498
495
421
566
530
345
534
473
513
387
588
416
476
588
417
627
437
280
623
457
552
543
439
509
372
531
520
400
434
598
321
546
415
603
386
530
506
516
508
479
501
476
616
369
502
492
452
541
352
719
375
514
406
506
404
565
406
533
476
301
601
394
714
381
478
504
401
612
546
369
558
456
391
541
463
612
607
699
475
492
547
510
427
435
631
407
523
624
439
646
397
550
561
444
603
498
385
571
439
495
609
405
423
761
253
492
524
381
511
439
502
622
362
457
493
538
482
508
541
399
551
484
502
408
479
558
414
551
259
461
547
394
578
388
385
401
599
492
378
579
497
420
476
614
446
529
429
337
656
493
665
304
501
545
538
373
516
570
277
622
470
410
464
519
665
524
495
511
466
409
412
577
454
458
479
572
528
400
397
605
372
767
421
408
713
169
649
297
527
565
585
253
646
545
396
746
504
447
453
517
424
461
455
504
582
435
432
457
374
599
504
496
409
433
554
381
513
408
462
545
521
443
590
461
560
450
386
565
516
578
474
561
384
492
634
403
560
425
602
516
337
528
493
482
490
534
572
390
550
573
377
466
498
427
539
344
336
642
509
493
507
469
639
442
575
463
544
581
340
559
536
556
419
530
517
441
701
463
603
426
597
264
575
550
534
806
350
555
534
485
571
422
546
326
488
476
477
470
587
343
602
468
456
413
490
567
425
372
433
622
514
575
498
334
473
544
539
523
387
534
516
443
477
612
461
381
528
420
547
460
442
550
470
551
617
304
517
664
324
602
454
706
588
397
537
461
377
525
501
441
485
400
442
479
474
561
576
434
607
262
633
434
601
518
325
692
455
608
310
557
452
391
503
454
426
529
550
475
541
383
469
515
501
428
448
609
174
704
421
641
421
477
380
430
528
541
436
562
495
593
430
672
424
476
563
485
349
735
500
450
511
375
603
619
311
569
616
374
498
565
450
518
570
482
530
614
425
488
685
396
568
553
400
492
424
440
470
427
469
330
523
629
377
536
648
472
491
585
484
663
413
380
519
590
511
440
390
436
509
461
642
359
512
512
516
529
512
578
647
549
470
457
384
606
534
516
528
475
528
744
352
567
458
430
673
619
323
467
485
453
553
431
471
496
538
491
433
522
649
365
514
525
496
378
668
521
435
467
488
516
413
567
599
522
396
596
477
548
484
366
634
260
715
246
551
429
399
528
451
599
444
373
570
568
527
347
609
476
418
542
485
495
504
484
593
439
446
602
306
491
527
335
464
481
386
436
533
566
458
512
461
503
519
422
438
496
432
461
496
641
465
575
471
307
554
457
627
371
452
539
502
657
513
363
446
640
410
421
470
378
564
447
614
410
244
795
402
422
561
386
389
611
501
560
326
409
513
574
392
623
476
460
424
524
302
677
395
527
510
383
535
540
500
435
389
562
549
469
433
720
469
530
476
632
421
502
463
479
596
332
550
430
590
454
417
423
497
551
510
337
544
502
601
419
624
434
426
499
591
525
513
482
508
498
657
314
452
814
436
609
481
451
408
506
466
566
456
565
564
431
579
464
657
396
376
778
398
497
582
387
615
481
483
533
553
452
462
421
631
589
467
496
445
492
550
498
415
553
375
499
568
477
348
706
428
410
517
496
485
585
575
290
561
768
442
571
332
565
479
435
455
442
510
338
574
512
489
445
389
686
360
484
464
464
567
577
415
389
483
461
422
505
608
390
651
442
564
535
427
418
407
577
426
655
449
391
479
436
542
583
349
398
489
503
487
405
566
559
349
595
352
557
517
462
664
467
447
437
558
506
574
509
625
500
383
399
624
491
458
469
532
442
477
590
486
389
620
358
602
556
428
491
430
439
553
555
366
615
502
394
584
476
430
543
385
460
413
610
519
502
472
347
482
484
461
633
333
376
626
387
442
681
494
307
564
470
423
647
503
538
507
474
444
560
426
575
493
534
529
498
514
522
387
464
566
614
479
726
414
559
600
484
507
386
511
400
609
417
579
538
476
608
418
571
437
399
652
538
507
630
450
516
324
512
493
531
483
405
498
508
442
571
586
358
550
515
504
479
478
590
380
490
638
549
561
441
460
645
528
382
429
550
461
369
592
581
439
434
567
361
705
419
619
437
467
421
503
510
454
504
537
421
509
305
719
444
575
372
573
532
467
502
555
521
383
611
458
549
546
400
567
346
664
546
373
372
549
546
513
407
618
527
494
559
553
424
637
517
500
421
582
420
517
431
564
346
516
494
643
500
366
364
488
584
523
495
385
416
508
667
433
386
629
296
359
509
412
510
549
433
480
391
647
553
389
640
531
478
496
497
491
483
549
438
449
351
657
298
461
562
528
393
580
413
517
600
303
599
590
438
525
575
431
487
572
458
440
369
507
526
470
505
464
372
569
475
516
404
512
433
410
459
542
484
433
526
446
620
483
601
587
383
609
611
366
571
498
507
435
510
535
435
655
507
381
641
304
469
483
454
520
465
585
524
380
580
475
441
343
576
507
488
535
464
556
419
437
556
538
466
337
563
464
516
377
552
492
552
277
708
433
357
525
461
494
565
477
429
542
500
462
550
517
303
487
572
416
590
389
545
446
459
527
633
479
482
515
473
430
503
478
380
712
350
486
554
422
524
582
462
483
394
390
570
566
298
684
330
495
465
464
524
510
390
587
566
472
464
557
443
384
720
582
295
555
479
570
397
348
627
356
430
622
362
341
554
446
366
567
444
376
646
615
387
569
559
308
457
484
646
445
507
524
594
398
565
454
515
494
367
387
695
573
286
604
691
298
539
545
455
340
600
560
380
554
514
466
488
431
687
510
407
580
464
472
566
405
431
513
362
484
628
476
544
372
551
306
632
531
500
307
513
560
512
551
461
436
661
560
626
537
569
421
559
603
527
510
476
535
499
631
461
518
558
442
614
495
449
342
510
568
516
697
330
528
347
481
513
476
337
541
368
522
593
512
245
657
464
420
542
564
462
496
451
595
385
647
407
593
423
464
521
494
462
450
483
540
503
366
530
554
423
378
544
424
458
470
553
687
381
532
614
395
541
552
501
374
666
443
459
472
554
398
597
514
502
618
599
433
491
534
484
434
607
459
523
608
422
551
424
430
491
588
649
525
470
574
556
589
342
532
568
501
541
374
698
371
543
582
286
476
637
374
585
608
392
582
504
461
450
463
526
371
509
607
590
427
583
488
474
470
458
415
611
478
390
537
479
627
337
514
423
353
766
279
601
551
524
338
596
465
365
602
416
424
591
576
326
576
523
475
522
462
488
503
444
521
375
549
540
378
448
548
557
440
598
658
538
466
331
488
443
578
604
410
489
520
579
393
565
799
524
481
488
686
341
536
411
499
672
596
505
623
496
596
413
537
530
564
539
409
597
490
600
630
423
526
429
453
592
378
458
516
469
600
489
500
454
588
507
393
651
594
422
579
476
535
525
560
476
585
596
412
474
481
601
519
326
481
481
424
445
457
439
479
501
474
599
520
472
458
546
468
421
504
531
610
555
604
632
564
258
509
588
436
486
521
642
416
565
451
459
484
608
644
317
573
400
626
337
439
575
350
519
442
441
427
404
451
529
611
529
436
599
532
436
381
544
525
481
534
421
598
239
456
446
489
501
353
520
526
527
396
546
497
509
590
387
341
387
723
509
342
541
533
371
465
606
421
417
584
348
688
608
335
654
476
381
533
611
211
647
484
603
552
516
475
395
608
525
445
499
430
508
504
470
509
575
491
563
549
432
541
586
514
496
541
551
549
563
433
455
637
388
617
341
496
532
501
603
455
716
444
463
529
573
472
486
420
530
566
778
430
732
492
464
593
515
357
552
458
623
610
355
521
677
295
587
367
470
509
430
457
546
436
501
422
601
598
611
561
314
546
423
377
560
558
406
476
617
386
443
620
289
521
576
465
477
511
409
452
494
552
491
416
495
493
407
663
513
366
465
462
553
516
473
463
504
441
678
302
575
484
424
645
613
357
607
624
583
386
567
473
470
422
459
516
510
299
495
418
366
654
616
432
378
519
419
393
584
335
473
481
322
337
375
351
256
470
316
376
349
298
387
338
319
418
305
341
444
181
384
316
396
258
203
342
418
332
406
300
378
221
306
344
240
394
209
323
303
211
209
345
255
171
258
181
172
178
246
184
129
92
40
43
