39403
34429
45224
37215
43309
50000
50000
36429
41053
50000
50000
44829
47622
42942
49166
45078
50000
44113
50000
50000
47960
44932
50000
48503
47409
50000
42166
44659
49970
50000
48779
50000
50000
50000
47417
44436
50000
47788
50000
44917
50000
47753
41551
50000
39883
50000
49105
45583
41786
40510
50000
47211
50000
50000
48404
50000
50000
47517
50000
50000
50000
50000
50000
50000
50000
50000
50000
42772
50000
44603
50000
50000
50000
49097
50000
48067
50000
50000
48452
50000
50000
50000
50000
50000
50000
50000
48327
50000
43459
50000
43824
44830
41715
44766
50000
49787
50000
49732
50000
50000
44981
50000
48565
49864
48746
50000
50000
48989
50000
49215
45546
50000
47684
46429
50000
48478
50000
47774
50000
50000
47982
50000
50000
44158
50000
50000
48491
49813
50000
50000
48801
50000
50000
49148
50000
45969
50000
48973
50000
50000
50000
43961
41206
50000
46320
49533
50000
47865
50000
50000
48971
48036
50000
49144
50000
50000
46257
47924
50000
50000
47476
44488
50000
48378
50000
50000
49012
46632
50000
50000
50000
50000
48478
50000
42247
48797
50000
50000
43372
41996
44540
48441
50000
50000
47851
50000
47622
47343
50000
43179
47893
50000
49919
50000
50000
46182
50000
49684
44333
50000
50000
50000
46667
50000
48292
50000
45670
46326
48153
49678
50000
50000
46974
50000
50000
48913
50000
49267
48504
50000
48247
49133
50000
50000
46845
44348
48480
50000
49163
50000
50000
50000
50000
44896
45559
50000
44743
50000
50000
46937
43531
50000
50000
46905
50000
49789
45102
50000
50000
50000
50000
50000
50000
43971
50000
50000
50000
50000
48126
50000
50000
48938
50000
50000
49284
50000
50000
45115
50000
50000
50000
50000
50000
50000
50000
45032
48474
50000
46920
46740
49258
50000
50000
42073
50000
41845
50000
50000
49675
45716
50000
50000
49624
50000
47174
48435
50000
50000
50000
50000
50000
50000
49056
49928
50000
49497
50000
50000
49629
48658
50000
50000
50000
50000
49346
50000
44069
50000
46397
50000
44826
49913
48849
50000
44713
50000
50000
50000
50000
50000
50000
50000
47321
50000
47855
48327
50000
49964
50000
50000
50000
50000
50000
40646
50000
47357
50000
46126
47420
45381
50000
50000
50000
49051
50000
50000
50000
47908
48475
50000
49394
47108
49189
50000
44100
50000
50000
50000
49906
50000
44208
49874
50000
48325
50000
46391
50000
50000
46896
50000
41016
39830
50000
45688
42788
49152
50000
50000
47190
50000
44178
50000
44837
50000
50000
50000
49786
50000
49553
50000
48855
50000
50000
48272
50000
50000
46717
50000
50000
49397
50000
40941
50000
50000
45839
50000
50000
50000
46240
50000
47560
50000
50000
50000
46707
50000
41903
50000
50000
50000
46186
50000
50000
50000
50000
50000
50000
44360
50000
50000
50000
50000
50000
50000
50000
46481
48242
50000
48049
50000
50000
44877
50000
50000
50000
49041
50000
42695
50000
50000
50000
50000
47874
47165
50000
50000
50000
46467
50000
49686
50000
50000
50000
50000
50000
50000
50000
47740
50000
46323
47171
46010
50000
50000
43451
50000
47356
49991
48423
50000
49080
49326
44087
39679
50000
40854
50000
50000
49361
50000
44708
50000
50000
48419
50000
50000
50000
45784
46899
50000
50000
50000
50000
50000
50000
43938
50000
50000
50000
49819
50000
49896
50000
50000
49467
50000
48464
50000
50000
45314
50000
50000
50000
44835
48308
50000
50000
50000
50000
45366
47647
47522
50000
50000
49181
50000
50000
46938
50000
50000
50000
47386
50000
45944
50000
47304
50000
45167
50000
50000
50000
49469
48790
50000
50000
50000
50000
50000
48885
48371
50000
46814
44180
50000
48842
47531
50000
50000
49526
49804
50000
50000
50000
50000
50000
50000
49227
42514
50000
42084
45779
50000
45411
50000
43505
46519
50000
48453
50000
50000
50000
47552
50000
50000
46919
48812
50000
50000
46592
49513
48894
46600
50000
48260
50000
44059
50000
44565
42922
50000
45394
50000
48671
50000
47864
47395
50000
50000
50000
50000
46005
50000
50000
50000
50000
48493
50000
43526
50000
43140
47762
50000
50000
49863
44397
45176
48822
50000
50000
50000
49686
50000
50000
48239
50000
50000
50000
45708
50000
50000
50000
50000
46959
50000
50000
43217
50000
50000
50000
50000
45470
50000
46438
50000
50000
47450
47941
50000
50000
50000
46417
50000
50000
49690
50000
50000
50000
46331
48981
45916
48192
47461
45473
45344
50000
41044
48499
48227
50000
49064
50000
48065
50000
44351
50000
49897
41588
50000
50000
50000
50000
50000
50000
49775
50000
47905
50000
50000
42913
50000
43548
50000
50000
46727
50000
50000
48483
50000
50000
49870
50000
46774
50000
48580
50000
50000
43459
50000
50000
50000
49833
50000
50000
50000
50000
46769
50000
50000
50000
50000
50000
47564
50000
50000
47997
50000
47578
50000
43904
49775
50000
46145
48594
47799
50000
50000
49259
50000
50000
50000
50000
46977
49588
50000
41093
49307
50000
50000
50000
47428
49884
49308
50000
50000
46710
50000
49826
50000
50000
46661
50000
50000
50000
38685
39153
47145
50000
49913
48930
48787
48765
50000
50000
40387
50000
49300
48253
45126
50000
50000
44300
49781
50000
46932
41575
50000
50000
50000
46960
50000
49776
50000
50000
50000
50000
50000
50000
49343
50000
50000
50000
50000
50000
50000
49557
50000
50000
50000
50000
42025
50000
43873
50000
50000
50000
41328
50000
50000
50000
48217
50000
47282
50000
50000
47426
50000
49946
50000
47953
49290
50000
50000
50000
48777
50000
50000
50000
50000
50000
50000
50000
45232
50000
50000
46128
50000
42866
48602
50000
50000
47787
50000
50000
47589
46742
50000
50000
48472
43572
48171
47312
48172
50000
45476
50000
49580
50000
50000
45799
47827
48903
47324
50000
50000
50000
50000
50000
49335
43377
50000
48363
48493
50000
50000
50000
50000
48204
50000
50000
42928
48835
50000
47010
47877
50000
50000
42923
50000
47353
49148
43203
50000
50000
43548
46068
50000
50000
50000
50000
50000
50000
50000
50000
50000
50000
50000
50000
49449
48921
50000
50000
50000
47327
48205
50000
46843
50000
50000
45230
50000
49541
50000
50000
50000
50000
50000
50000
47548
50000
45168
50000
50000
50000
48370
49855
50000
43737
50000
50000
48617
50000
48736
47695
50000
50000
50000
50000
50000
40157
50000
50000
50000
46272
50000
50000
50000
48320
45907
47790
40588
47730
50000
44135
50000
50000
50000
47433
50000
43527
48389
47130
50000
50000
50000
50000
46506
50000
50000
50000
50000
48498
50000
50000
47697
50000
43461
49818
46257
50000
47954
50000
50000
49961
50000
49300
50000
50000
47146
50000
48275
47064
50000
47833
49415
50000
40862
50000
50000
43567
50000
50000
49953
50000
45651
49013
50000
50000
39358
44967
50000
48670
42733
50000
50000
48120
49607
50000
46355
50000
47098
50000
50000
48986
50000
45838
50000
50000
48258
50000
50000
50000
46233
50000
50000
50000
50000
49590
47470
49303
45101
49178
50000
50000
49843
50000
50000
40443
50000
49539
46576
44533
44309
50000
46702
50000
43938
46750
48024
42536
50000
50000
50000
47955
50000
50000
50000
49165
46544
50000
46754
50000
50000
50000
46251
50000
50000
50000
48337
50000
50000
47494
50000
50000
50000
46952
50000
47541
50000
50000
47575
50000
49120
40035
50000
50000
44444
50000
50000
48196
50000
41492
50000
50000
50000
50000
50000
50000
45221
50000
50000
50000
49698
50000
48779
49173
50000
50000
47344
47666
50000
50000
46812
48871
50000
47116
50000
49050
50000
48114
50000
50000
44618
49637
50000
50000
47723
50000
50000
49541
49168
48800
50000
50000
50000
46016
50000
47605
50000
44042
50000
50000
48386
50000
49435
50000
44127
49811
37288
49956
49562
47991
49955
50000
45011
50000
45615
48977
50000
50000
45204
50000
50000
44288
50000
50000
50000
50000
46025
50000
50000
47853
50000
48504
50000
50000
45708
50000
50000
50000
48435
50000
50000
43734
50000
49260
42605
50000
50000
48452
50000
49967
50000
50000
50000
45749
50000
43263
50000
50000
50000
50000
46496
50000
50000
50000
45119
50000
50000
50000
50000
44299
50000
48682
50000
49835
50000
43839
46252
50000
50000
50000
50000
50000
49264
50000
44006
50000
50000
46253
50000
50000
49186
50000
46273
50000
46421
47624
50000
48500
46976
50000
50000
48841
50000
50000
50000
50000
47963
50000
47171
42417
48014
45786
48495
50000
49230
43771
43217
50000
50000
50000
50000
50000
40537
50000
50000
47485
50000
50000
49678
50000
50000
50000
42648
50000
50000
46053
50000
50000
50000
46161
50000
44370
48912
50000
49724
50000
48237
50000
50000
50000
48388
45843
50000
50000
50000
45044
50000
50000
47686
48027
50000
50000
46857
50000
47919
50000
49553
50000
45477
50000
45466
50000
50000
42233
50000
47321
48099
50000
48630
50000
42574
50000
49817
50000
50000
45878
50000
50000
50000
50000
50000
50000
49559
48595
50000
50000
49458
50000
44843
50000
50000
50000
47656
50000
45554
50000
40489
50000
50000
50000
47556
50000
44383
42720
50000
45993
46041
50000
42450
50000
50000
50000
50000
50000
50000
50000
50000
49036
50000
45572
50000
50000
46674
48378
50000
50000
46426
50000
50000
47270
50000
50000
50000
45900
50000
42648
48482
50000
50000
48409
50000
50000
46836
50000
50000
46151
49199
50000
48704
50000
50000
45269
50000
50000
50000
50000
50000
46832
45618
50000
50000
50000
45839
50000
50000
50000
43553
50000
50000
50000
41597
50000
50000
43134
48748
50000
50000
49579
50000
44946
48995
50000
50000
42583
46562
48045
50000
50000
42635
50000
49722
50000
46871
50000
50000
50000
50000
44886
47341
50000
50000
50000
50000
49709
44474
47589
43931
50000
49019
41879
44864
48119
43895
50000
50000
49523
47839
50000
44679
50000
50000
50000
47904
50000
50000
46114
50000
47943
47278
50000
50000
50000
50000
46556
48431
50000
45983
50000
50000
50000
50000
49769
50000
50000
43881
50000
50000
45229
48333
50000
48322
48277
50000
50000
50000
47304
50000
50000
50000
50000
48787
50000
41830
50000
44300
50000
50000
50000
50000
50000
49170
49609
50000
50000
47177
47374
49716
47633
50000
49303
50000
46635
50000
50000
50000
47240
50000
43837
50000
46741
49857
50000
49401
50000
50000
50000
48672
44388
50000
50000
50000
50000
50000
49269
47910
44054
49727
50000
47771
47869
42841
50000
46687
50000
47297
47945
50000
50000
47527
50000
43079
50000
50000
47382
45566
50000
44902
50000
47573
50000
44351
50000
50000
50000
46496
50000
47041
47963
50000
45949
50000
49229
50000
49321
50000
47911
50000
50000
47129
50000
50000
50000
48824
50000
37143
50000
49826
50000
48999
45824
50000
44546
44596
50000
43641
45802
50000
50000
44262
48392
49253
48122
47597
50000
50000
50000
50000
43693
50000
50000
50000
50000
49405
50000
50000
50000
45645
46625
48990
46073
50000
50000
50000
50000
48975
50000
50000
45387
50000
50000
48849
50000
43195
50000
50000
46586
50000
50000
50000
50000
43666
47335
44358
49400
50000
39295
47265
50000
50000
50000
48623
50000
46321
50000
50000
49121
50000
50000
50000
47307
50000
43335
49501
50000
44472
50000
50000
44743
50000
50000
48114
46144
49416
50000
50000
50000
46300
48568
50000
50000
50000
50000
50000
46970
50000
49686
50000
50000
50000
50000
48978
48089
46002
46394
48704
50000
50000
42430
48000
50000
48445
47684
50000
48549
50000
44453
49547
50000
45924
45481
48428
49740
50000
50000
50000
50000
50000
48973
50000
42997
50000
50000
46774
50000
49981
47032
50000
50000
50000
48596
46312
50000
47610
50000
50000
46705
50000
50000
50000
47743
50000
50000
50000
46748
45709
45405
50000
46435
49570
44898
49039
47276
45335
50000
43845
50000
50000
50000
50000
50000
50000
50000
48671
45089
49483
49494
50000
49685
50000
49043
48877
50000
50000
50000
50000
41952
50000
50000
50000
50000
50000
50000
45358
50000
49283
50000
48260
50000
50000
48370
50000
48804
47453
42527
50000
50000
42459
50000
44634
50000
48439
45681
48835
50000
50000
47750
47769
50000
46943
47769
50000
45010
50000
49818
44813
50000
50000
48074
43644
46233
50000
48832
50000
50000
41945
48795
48132
44437
50000
46443
50000
48243
49398
50000
48926
50000
50000
50000
47845
50000
50000
48173
47259
50000
50000
49009
41943
42735
46248
48470
50000
47392
42286
47558
47191
50000
40141
50000
50000
45162
49186
50000
50000
50000
47265
50000
50000
50000
50000
46540
50000
50000
46272
50000
48916
50000
48513
44987
50000
45794
48973
50000
50000
46350
50000
41946
45797
50000
47093
50000
45688
50000
50000
50000
48805
50000
50000
50000
50000
42976
50000
50000
46723
50000
46425
49451
46223
47948
50000
50000
50000
47630
46445
50000
48276
50000
48175
50000
50000
49129
45436
50000
44246
50000
48934
50000
50000
50000
50000
50000
50000
48172
45023
50000
50000
50000
50000
50000
50000
42538
50000
50000
50000
45619
50000
45189
50000
50000
50000
50000
47542
49064
36907
48450
50000
43643
47690
49814
50000
50000
44681
44943
50000
47482
50000
50000
40689
47594
50000
50000
49866
50000
49567
50000
50000
44133
50000
46522
48394
50000
50000
50000
49486
49666
44999
50000
50000
47181
47072
50000
49481
50000
50000
50000
48226
48200
50000
44560
50000
50000
48172
50000
50000
46947
42609
50000
50000
44572
50000
48840
49304
49033
46898
50000
50000
50000
50000
50000
49539
50000
48391
45233
50000
50000
50000
46807
50000
49143
50000
50000
50000
46827
50000
46218
50000
50000
49702
48698
50000
50000
48407
50000
50000
50000
50000
43324
50000
49630
50000
47929
50000
50000
50000
50000
45897
45925
47863
49775
38176
50000
50000
50000
50000
49161
50000
46637
49933
50000
49826
48633
49929
49838
50000
50000
49675
50000
49249
46254
50000
50000
47233
50000
49276
50000
49966
50000
47429
50000
50000
50000
50000
47788
50000
47100
49351
50000
50000
48634
47286
50000
50000
48519
50000
47525
50000
47751
50000
50000
50000
47082
50000
50000
47946
50000
50000
46438
50000
50000
49981
50000
43224
49286
49170
45658
50000
50000
50000
50000
50000
50000
50000
49865
50000
46497
50000
50000
50000
50000
50000
41442
50000
50000
43065
50000
44527
50000
50000
50000
46928
43527
50000
46802
50000
49255
50000
44624
50000
43739
50000
45770
50000
45803
45614
50000
50000
48375
50000
50000
43643
50000
48896
50000
44793
50000
49420
48903
50000
50000
50000
48054
50000
50000
45810
50000
42576
50000
50000
48825
50000
50000
50000
43803
50000
50000
50000
46958
50000
50000
47328
50000
50000
50000
41310
50000
50000
41010
50000
47238
50000
50000
50000
50000
45195
50000
50000
50000
48052
50000
45460
49412
46742
50000
46144
50000
50000
49536
50000
45206
48204
49624
50000
50000
50000
47497
50000
50000
45601
50000
47042
47755
49576
50000
50000
48858
50000
50000
49157
49960
50000
50000
48761
50000
50000
50000
50000
47055
48569
50000
49270
47261
50000
44005
38588
50000
50000
50000
45630
48653
46056
50000
49965
50000
41410
50000
41866
50000
48278
50000
50000
50000
45484
50000
45000
50000
50000
50000
50000
49205
49137
46274
50000
49009
50000
50000
47216
50000
49915
49869
50000
46392
50000
50000
50000
50000
50000
47404
50000
50000
44786
50000
49341
48601
46660
50000
48626
50000
44948
50000
50000
50000
48548
47979
50000
50000
45200
50000
50000
50000
50000
39321
50000
48707
50000
49615
43564
49405
50000
50000
50000
50000
50000
47650
50000
50000
50000
50000
50000
46445
50000
50000
50000
50000
47983
50000
50000
50000
50000
47765
44271
47130
50000
50000
46085
43370
45595
45924
45491
50000
47685
50000
49473
50000
50000
47645
50000
44786
50000
48048
50000
45745
50000
50000
42891
50000
50000
50000
48555
49809
50000
50000
45654
45512
50000
50000
50000
49787
50000
50000
49009
50000
50000
48761
50000
45906
50000
46573
48568
49920
50000
47445
50000
50000
49475
47648
50000
46217
40982
50000
50000
49397
48453
50000
50000
48025
50000
50000
48185
47696
49634
50000
50000
44465
50000
50000
47960
50000
50000
46244
48688
50000
50000
43602
50000
50000
44142
50000
50000
50000
44770
50000
50000
45131
50000
50000
47513
50000
50000
50000
50000
42269
50000
50000
50000
50000
50000
46353
50000
44008
42574
50000
50000
44228
44658
50000
50000
50000
46009
50000
50000
50000
49950
48506
50000
49050
47666
50000
50000
43229
50000
47782
50000
50000
42307
50000
50000
50000
50000
49292
50000
48192
50000
50000
48738
42494
50000
50000
50000
50000
50000
48311
45958
50000
50000
50000
49198
46239
47992
50000
47815
50000
50000
50000
43842
50000
44353
50000
50000
50000
50000
47011
44163
50000
50000
50000
50000
50000
45100
50000
50000
43987
44786
50000
41074
50000
47099
50000
50000
50000
43814
50000
36371
48727
50000
49080
50000
50000
42766
50000
50000
47931
50000
50000
50000
48131
50000
50000
49140
44108
50000
48130
42219
48956
44146
45732
50000
43471
50000
50000
50000
50000
44280
50000
45570
50000
50000
49470
49736
50000
44851
50000
50000
47065
50000
50000
50000
49838
50000
45844
50000
45418
44556
50000
50000
50000
50000
48551
50000
48360
50000
46896
50000
50000
48482
49790
50000
44418
50000
41129
50000
48887
50000
50000
44954
50000
50000
50000
49476
47917
50000
48456
50000
50000
43502
50000
50000
50000
50000
47759
48990
50000
50000
46831
50000
47751
50000
49702
47949
50000
49737
48783
50000
50000
49703
45640
47197
50000
50000
50000
46464
50000
50000
48700
50000
50000
50000
50000
50000
50000
47311
48242
50000
50000
47439
49311
38107
50000
50000
47009
43876
50000
50000
45868
50000
37666
50000
50000
45214
50000
50000
50000
43498
50000
50000
43955
50000
49588
42388
50000
46545
50000
50000
42653
50000
50000
47337
50000
50000
48913
50000
50000
47818
46198
50000
50000
49030
50000
50000
43693
50000
50000
46048
50000
49451
42795
50000
44062
50000
46291
50000
50000
40473
50000
47398
45577
50000
50000
50000
50000
48399
50000
50000
49230
50000
50000
50000
43331
50000
50000
50000
48659
44509
50000
50000
50000
47412
50000
50000
50000
47886
50000
50000
50000
48352
50000
50000
39577
50000
47848
50000
50000
48859
50000
39308
50000
50000
49196
50000
50000
31544
50000
50000
42361
46787
49525
50000
41474
50000
49892
48713
50000
50000
50000
50000
45045
48605
50000
48068
45495
50000
46383
50000
45850
49979
50000
50000
50000
42047
48213
45669
50000
48439
50000
47130
50000
50000
44768
50000
49398
48651
49094
45853
50000
50000
50000
50000
50000
48713
50000
49886
43008
50000
46950
50000
50000
48652
50000
47693
50000
50000
50000
49715
50000
50000
46615
45590
50000
48660
50000
50000
50000
50000
50000
49762
49407
50000
49744
46710
50000
48609
50000
49175
50000
50000
50000
50000
50000
47184
50000
50000
50000
50000
49990
48972
50000
42527
50000
50000
42379
45773
48184
48708
38289
48078
50000
41636
50000
37676
49179
46794
50000
46101
48388
50000
47141
50000
50000
41816
50000
50000
49208
50000
50000
44691
50000
50000
50000
47801
50000
50000
49149
50000
49837
46155
47957
49356
48149
50000
50000
47933
50000
50000
49664
49125
50000
50000
45595
50000
48165
48125
50000
50000
50000
50000
48351
50000
50000
49814
50000
50000
48262
46461
50000
50000
50000
50000
45778
50000
50000
45489
49190
45748
46883
50000
47554
46797
50000
50000
46452
50000
50000
49220
41495
50000
50000
47817
50000
50000
43150
47679
50000
43558
50000
50000
43705
47269
50000
50000
50000
50000
48651
50000
49070
48851
46325
42976
47745
50000
43808
50000
50000
46623
50000
50000
50000
47944
50000
45322
50000
50000
44585
47009
48779
50000
43501
50000
48964
50000
44663
50000
50000
50000
50000
50000
46295
45679
50000
48647
50000
46019
50000
50000
47016
50000
50000
50000
48390
49495
50000
50000
44914
50000
48646
50000
50000
50000
47518
50000
50000
49312
49804
45880
50000
49763
50000
50000
50000
50000
47808
50000
46038
50000
46465
50000
49889
50000
49232
50000
50000
50000
46832
44282
48655
50000
50000
49477
44182
50000
50000
43971
50000
43405
50000
48646
50000
45861
50000
50000
48798
46139
40790
50000
50000
46885
49887
43077
50000
41795
46718
45487
50000
47550
44603
47460
50000
41143
50000
50000
49242
50000
50000
50000
48826
49646
50000
44554
50000
50000
50000
50000
46985
45014
50000
50000
50000
48753
50000
50000
50000
46136
50000
50000
47657
50000
48786
50000
45111
50000
47967
44937
45780
50000
50000
50000
50000
48378
50000
50000
48252
47549
50000
50000
48724
50000
50000
48905
50000
50000
48803
50000
50000
48238
50000
50000
45065
50000
48297
50000
50000
42619
44674
50000
49669
50000
50000
50000
50000
50000
49593
50000
50000
47301
50000
50000
49605
50000
50000
50000
46231
50000
45133
50000
48126
46579
50000
48516
50000
50000
47790
50000
49456
50000
43593
47283
47944
50000
50000
50000
44203
47522
48339
50000
50000
50000
50000
44947
50000
49798
49389
50000
44768
50000
50000
46849
47197
50000
43067
50000
45369
50000
41959
45635
50000
48178
50000
47111
50000
49773
50000
50000
50000
47714
50000
49291
48825
50000
48975
50000
50000
50000
50000
47731
50000
50000
50000
49901
50000
50000
50000
50000
50000
50000
50000
50000
50000
50000
50000
50000
50000
50000
50000
50000
50000
50000
50000
50000
50000
50000
50000
50000
50000
50000
50000
50000
50000
50000
50000
50000
50000
50000
50000
50000
0
