526
1203
518
671
966
745
423
623
602
946
697
527
640
387
453
567
550
868
655
702
654
449
464
481
411
706
450
599
480
650
690
364
794
798
368
837
421
594
682
583
472
546
429
537
555
283
665
650
433
603
593
516
562
524
629
508
408
566
654
574
558
648
502
775
549
584
541
550
371
704
450
510
556
515
515
508
687
384
519
464
473
678
590
388
675
565
482
481
526
653
436
507
667
482
658
566
416
513
517
674
666
499
523
462
601
523
696
435
524
538
521
568
642
612
596
640
511
746
603
592
523
482
629
411
611
546
401
693
457
604
741
424
568
393
549
549
633
476
443
567
572
437
499
581
494
625
387
605
521
482
600
408
599
537
428
506
498
577
551
463
548
742
449
517
559
370
789
302
514
557
446
557
587
495
507
562
608
439
447
508
446
667
524
509
466
513
528
549
544
392
477
536
469
605
393
595
504
553
568
535
522
527
456
465
599
298
642
514
546
476
550
611
509
542
456
467
739
456
889
553
708
476
807
584
469
572
380
768
302
782
320
645
511
464
563
543
483
748
520
417
613
598
524
545
517
555
501
677
448
552
472
568
416
426
650
423
515
408
590
524
693
382
700
362
719
388
528
553
468
509
534
691
551
517
521
600
535
402
657
455
526
513
319
691
555
514
476
552
586
336
617
456
611
344
667
519
675
472
648
366
559
520
566
615
411
653
345
629
463
697
478
491
467
453
469
647
478
541
471
502
511
627
408
604
350
620
485
589
434
491
521
510
495
480
467
452
667
327
635
379
561
473
859
481
606
559
424
691
478
556
508
666
559
447
605
525
431
520
405
548
704
409
658
344
613
611
582
379
467
559
564
478
390
633
390
543
437
746
432
578
516
538
480
490
423
554
555
397
832
451
529
423
629
467
481
610
362
617
440
618
460
556
493
674
637
463
387
577
582
358
598
429
601
512
512
620
358
622
382
578
473
539
571
684
695
609
295
712
438
558
677
560
601
777
489
649
593
623
416
612
510
566
385
662
334
696
557
536
510
641
479
607
629
525
485
497
781
333
553
672
529
468
482
590
417
483
429
551
595
564
482
461
653
390
663
379
665
466
655
532
482
554
431
466
537
500
404
488
548
556
513
420
552
616
464
527
640
395
601
557
487
758
636
414
659
437
649
419
658
246
695
432
513
506
620
499
436
675
286
608
507
387
560
425
540
437
638
362
761
295
842
333
574
562
386
625
642
335
624
381
523
615
720
542
611
545
452
583
412
654
407
607
503
651
382
584
527
463
500
384
545
577
503
679
454
576
629
582
420
624
496
558
575
409
538
560
454
721
378
637
569
657
371
712
325
518
491
617
424
570
483
528
628
465
538
531
537
555
505
507
527
558
424
508
544
527
500
569
387
564
605
346
546
746
309
557
569
565
513
499
469
453
647
307
829
372
575
441
590
519
593
585
407
514
470
594
393
547
559
479
608
425
525
444
606
442
588
483
592
474
516
537
544
372
470
519
545
464
367
695
408
498
400
605
578
446
665
538
677
389
563
372
715
625
487
513
505
798
394
659
500
511
483
740
392
647
498
381
679
470
593
708
509
474
478
593
480
617
492
578
426
636
499
364
588
510
382
611
522
570
580
468
462
544
540
546
562
713
218
814
252
649
453
501
583
340
685
472
562
399
640
332
563
549
603
536
463
413
523
565
369
650
384
694
350
528
538
672
435
620
482
562
483
412
602
564
519
548
440
585
470
458
510
472
749
378
684
344
653
654
534
470
664
473
613
401
666
452
458
707
429
643
521
516
396
731
544
490
399
617
570
398
685
290
524
562
515
463
411
642
616
295
570
461
540
320
657
542
587
400
733
339
605
530
484
589
404
743
426
424
537
455
608
587
377
437
593
439
732
320
553
423
783
511
567
491
513
540
605
566
515
417
624
520
614
584
594
534
750
477
495
540
476
583
509
545
491
525
543
562
471
495
556
501
460
449
622
470
650
522
526
560
587
348
629
541
560
654
467
439
655
592
495
473
557
503
611
499
566
454
549
575
470
583
389
657
595
400
702
497
517
506
592
495
482
601
512
522
609
377
727
396
610
453
428
673
389
687
429
590
546
417
550
724
609
685
382
855
470
694
359
713
692
415
559
492
634
542
533
615
387
640
485
409
600
461
719
518
525
435
748
297
614
459
602
518
572
586
380
570
498
517
499
446
715
519
640
442
574
444
500
582
442
473
648
401
609
482
399
802
325
616
377
814
230
646
477
493
679
449
546
394
595
525
433
799
297
717
459
464
473
517
487
593
586
510
519
437
584
626
512
476
435
534
816
381
578
416
320
689
450
464
537
575
522
560
401
602
399
655
608
388
401
679
523
716
420
574
387
644
381
642
395
606
645
456
411
513
474
491
417
483
507
434
724
312
549
474
485
590
472
712
468
580
455
618
451
536
568
363
530
467
409
630
521
374
507
554
464
566
459
713
554
538
535
417
479
604
647
579
360
564
494
597
342
737
538
511
510
599
532
470
494
625
365
633
602
402
474
709
500
499
553
448
663
366
556
514
471
501
507
562
589
471
620
585
588
505
547
533
581
410
513
547
496
500
528
583
295
750
500
469
483
667
417
556
596
519
326
641
372
740
396
490
412
496
571
306
618
384
682
392
676
657
366
710
534
554
730
277
757
348
616
539
529
550
568
596
655
508
563
536
510
671
413
629
484
567
553
551
525
623
499
396
636
733
477
763
588
492
616
643
533
508
568
424
611
396
535
438
663
418
458
620
704
380
672
468
519
610
371
615
378
608
644
509
542
391
511
515
563
476
634
364
741
455
748
240
637
332
593
464
678
365
466
455
602
523
530
486
715
439
640
429
460
638
632
255
641
302
709
172
820
168
726
534
530
648
449
531
516
424
645
466
608
412
571
589
352
658
344
698
389
695
426
565
483
558
488
622
498
486
636
308
618
432
786
399
581
449
494
572
427
627
382
554
537
495
501
681
508
666
517
565
605
521
481
544
417
764
384
425
532
590
394
641
502
494
553
703
283
742
335
550
446
643
435
535
516
581
516
378
617
437
566
557
490
502
677
399
579
461
390
782
376
582
429
625
408
620
418
483
520
587
417
684
429
717
406
439
614
448
575
336
548
518
581
519
381
563
418
633
660
374
574
532
580
550
490
649
469
757
484
480
426
608
389
798
493
647
421
479
689
378
673
507
289
677
427
590
463
454
537
375
807
387
477
558
463
608
409
557
393
561
511
571
472
608
677
712
548
357
710
576
631
509
471
566
718
449
725
537
431
494
712
462
455
693
395
641
387
710
537
620
470
458
496
406
653
454
519
588
513
407
644
397
651
535
549
594
537
546
534
466
591
421
614
576
440
571
746
395
714
334
685
292
768
490
483
545
564
569
399
491
568
595
458
627
442
713
494
500
669
536
633
481
651
511
506
468
467
521
513
484
574
493
643
445
623
490
466
488
435
563
528
479
567
473
692
338
641
473
574
519
349
553
559
674
390
525
404
607
503
478
573
526
621
393
673
514
654
370
737
399
590
626
633
489
355
566
516
509
587
464
718
564
518
549
683
612
409
598
447
522
421
527
531
669
404
608
507
435
517
402
638
468
515
640
342
695
315
588
385
673
530
465
485
713
309
798
341
560
511
476
671
400
538
326
638
576
544
440
632
500
656
395
680
490
453
575
377
550
478
471
652
425
528
496
525
668
428
589
475
604
504
489
540
513
568
314
804
307
789
353
699
295
638
436
592
335
510
460
680
477
526
556
541
393
777
383
560
426
614
545
403
485
671
384
578
535
563
415
673
485
556
574
537
644
560
766
448
632
370
791
591
597
555
557
351
838
471
691
520
578
490
742
437
473
653
390
539
654
477
626
550
528
391
541
492
614
359
677
469
591
558
577
736
572
488
529
508
461
504
472
509
413
544
404
578
441
573
489
435
534
735
493
494
606
466
513
407
491
568
472
664
455
514
554
429
803
338
658
516
547
385
685
511
537
496
412
539
724
395
568
616
409
647
555
459
538
478
363
598
620
484
458
566
470
558
557
514
553
511
501
516
582
645
334
729
267
654
341
683
408
587
543
554
464
587
415
568
518
502
524
506
435
514
443
566
530
541
451
436
568
513
424
544
399
538
533
516
522
570
443
535
508
521
704
301
707
561
415
538
617
539
685
341
571
499
612
374
621
524
484
816
170
781
467
445
614
526
639
387
570
606
540
637
289
641
557
414
616
397
695
469
551
569
571
472
356
651
393
559
474
557
413
738
411
557
455
630
461
577
584
525
636
500
573
584
619
395
690
354
479
643
561
538
493
513
702
461
347
703
487
552
395
575
434
691
296
848
398
537
527
562
547
576
426
499
491
659
361
443
704
395
507
499
304
793
474
730
680
579
573
522
524
405
795
341
459
708
528
551
549
568
600
643
445
400
603
631
433
591
551
559
374
440
577
621
346
630
587
535
568
409
662
458
383
660
575
644
412
652
478
569
678
465
489
555
806
384
703
439
464
560
584
443
655
295
774
378
654
475
495
583
369
676
424
592
431
529
479
524
436
526
566
519
526
546
498
523
496
502
369
734
324
421
531
599
495
516
480
567
312
679
233
617
525
473
683
388
489
555
623
286
597
522
427
531
438
693
653
520
547
677
437
477
649
333
587
659
245
636
417
577
685
507
468
550
536
552
546
476
694
297
611
482
547
429
822
447
447
519
488
603
473
536
545
539
426
501
380
537
718
502
608
541
482
510
512
592
653
356
600
442
632
462
512
558
453
580
565
460
468
586
435
576
516
570
350
723
160
684
198
607
676
426
438
523
730
420
493
434
856
269
604
524
532
396
675
609
595
611
543
483
674
294
613
429
550
626
485
629
421
618
344
515
519
671
522
519
560
459
495
622
581
582
550
493
750
437
636
487
664
469
712
531
435
595
431
558
424
585
547
678
391
661
428
495
503
547
607
518
557
608
599
431
673
411
663
724
297
654
393
658
262
838
567
423
531
419
605
454
638
396
612
335
792
393
733
319
618
338
675
507
462
557
752
433
353
721
378
523
528
505
546
494
595
423
499
510
479
414
527
311
719
738
540
521
437
682
419
700
396
595
514
555
502
462
507
336
651
589
555
620
389
648
441
592
482
563
481
768
358
465
581
593
406
697
500
577
664
393
673
504
329
550
598
394
573
476
381
597
309
774
384
559
480
420
558
441
494
418
600
573
538
555
255
709
400
532
445
609
492
570
491
607
445
507
412
654
479
520
504
473
468
709
453
659
571
436
621
459
552
478
538
552
427
605
340
641
586
675
388
510
458
607
421
525
598
384
693
212
592
338
643
463
596
454
415
614
421
560
621
397
625
396
666
455
554
675
389
565
484
388
614
567
720
382
654
264
788
431
500
471
703
427
654
412
567
454
582
332
661
461
662
568
430
615
412
766
393
665
391
666
319
470
596
335
649
388
663
287
719
440
548
523
588
383
456
594
480
520
507
476
595
663
493
567
383
566
627
362
704
458
415
744
432
639
603
650
680
345
861
515
554
456
680
658
436
548
350
791
338
662
380
599
529
519
510
403
706
380
821
507
513
523
648
472
509
439
569
509
618
427
549
525
491
611
399
633
656
367
629
466
509
538
452
632
421
693
425
493
478
477
555
390
646
461
630
446
692
322
684
586
566
458
574
522
613
543
535
490
334
638
464
653
293
701
257
701
518
517
437
453
539
467
510
456
545
753
252
635
462
505
432
583
547
482
643
343
713
410
590
497
590
451
625
589
572
527
663
454
655
464
480
659
565
601
343
641
344
603
405
638
338
594
522
372
578
255
704
576
403
577
481
561
733
429
458
575
539
670
404
847
396
586
405
599
579
519
785
466
399
539
503
522
605
594
364
637
599
557
558
438
620
523
440
635
533
472
674
457
549
324
627
590
459
623
620
430
573
220
772
215
652
357
796
502
431
616
378
720
300
587
501
669
532
615
489
480
521
409
409
434
549
633
472
464
625
400
559
476
640
501
614
581
512
591
667
564
472
542
608
302
679
518
448
488
621
559
295
649
523
598
524
616
589
516
438
479
522
461
690
645
652
561
603
597
372
671
540
412
713
691
606
637
469
613
561
541
593
350
1024
399
586
392
513
477
467
693
286
567
383
676
436
535
477
611
364
604
694
273
745
366
676
301
842
166
729
405
613
565
565
496
458
430
472
503
496
616
515
518
427
595
682
430
572
464
374
639
436
620
474
517
721
238
753
459
564
530
544
372
467
513
624
295
725
342
721
473
433
616
481
501
599
561
547
436
645
426
628
332
666
421
562
615
451
919
445
458
598
547
403
573
556
538
422
498
495
495
595
386
576
623
386
604
543
584
495
558
442
481
553
491
447
560
444
652
482
505
435
449
678
475
464
494
668
384
429
519
604
515
598
374
623
409
436
642
477
744
387
491
491
505
488
586
544
453
571
500
699
480
732
347
593
384
569
584
487
677
433
674
485
627
357
760
369
555
648
489
475
498
648
484
507
615
422
599
378
613
384
732
424
688
474
474
377
731
375
518
482
437
700
380
644
335
564
415
618
380
635
514
484
620
390
698
307
587
485
593
446
578
512
503
554
626
476
327
638
515
385
576
568
665
559
585
477
571
430
574
396
645
500
538
239
657
512
579
414
589
510
711
561
653
464
835
519
384
759
658
464
497
811
458
670
299
674
604
383
747
445
514
490
487
614
553
522
603
369
636
366
559
423
554
540
640
547
540
524
515
606
338
597
392
643
421
491
454
476
498
613
462
565
520
717
313
671
344
499
431
561
570
515
423
604
507
632
507
502
487
676
435
575
460
571
441
488
599
551
502
666
341
565
525
517
649
398
425
588
533
410
632
541
519
654
539
494
642
614
259
822
486
555
431
708
372
641
552
463
472
527
664
379
642
416
537
565
348
590
571
599
452
528
672
480
566
500
635
417
458
462
842
344
562
509
552
476
579
446
514
432
577
413
646
572
532
546
571
436
562
509
416
644
481
512
561
541
583
384
731
385
696
217
785
442
539
427
556
685
492
505
470
653
627
513
696
561
517
473
569
405
652
476
483
366
634
298
686
474
534
388
693
365
589
589
458
584
493
542
610
355
488
614
553
438
712
521
378
554
387
663
465
469
537
674
551
570
550
513
584
526
609
406
554
530
593
666
510
536
524
486
615
355
548
498
492
498
589
301
658
473
710
354
522
490
601
527
504
502
638
455
618
477
517
657
561
618
578
489
661
514
728
571
505
605
390
642
553
663
645
510
589
577
605
420
615
384
514
463
628
338
519
434
575
516
537
589
548
515
585
367
636
354
677
527
608
432
480
503
472
483
575
489
500
338
616
545
414
589
519
687
344
775
365
664
410
697
338
727
465
570
477
717
458
514
634
544
347
614
674
386
445
676
426
694
599
339
550
486
458
593
433
608
420
648
566
563
421
558
339
572
474
545
588
550
565
421
687
505
498
673
384
538
612
437
655
478
512
638
466
575
469
696
336
665
476
684
441
509
523
572
645
330
653
421
582
476
616
436
625
621
520
563
438
394
703
400
596
531
507
660
584
326
693
517
428
603
535
613
457
516
487
578
411
602
548
522
593
589
629
547
447
583
482
497
714
267
683
387
563
627
488
618
416
552
538
553
408
628
430
533
564
409
475
504
376
540
664
296
533
602
330
585
445
565
489
506
468
573
651
368
738
410
525
573
507
530
427
528
467
526
559
470
748
304
647
415
454
541
433
694
473
424
610
496
439
717
249
731
569
367
883
478
437
574
473
584
491
523
554
528
512
663
421
681
504
693
617
376
792
413
563
689
428
749
288
883
415
707
662
365
507
455
512
298
707
509
543
430
486
421
575
521
479
602
324
575
383
513
529
547
432
641
460
597
443
636
447
716
516
553
476
518
511
634
372
644
430
562
622
336
551
438
740
492
570
600
431
566
422
464
582
611
595
424
550
559
548
516
524
561
565
587
426
666
622
379
826
367
591
357
700
422
503
518
519
626
329
724
293
736
209
679
349
743
369
520
424
628
355
697
476
552
448
684
498
513
585
448
589
337
718
351
588
551
432
570
563
465
602
484
439
603
423
669
432
472
488
581
477
516
669
485
710
247
843
485
507
602
452
502
667
355
767
240
661
462
443
493
544
428
680
508
637
558
351
521
470
552
474
504
694
529
546
425
542
475
405
777
488
529
618
504
523
518
467
478
544
277
724
506
537
585
658
475
602
543
340
629
564
527
417
639
472
594
534
634
695
493
409
486
524
461
360
898
417
743
249
499
647
593
521
637
440
641
467
522
542
460
617
417
495
588
452
637
440
558
585
444
775
438
535
470
558
380
654
390
737
468
582
495
498
547
515
673
712
574
572
641
635
386
574
492
735
471
878
383
656
476
643
659
482
519
715
512
507
478
553
376
564
493
653
395
544
440
467
626
479
654
565
555
418
576
414
545
471
580
573
471
539
402
559
446
638
481
573
473
444
731
465
573
476
719
394
566
563
467
560
525
430
520
506
607
571
462
773
341
568
603
399
748
252
733
429
426
535
608
635
312
521
434
428
679
486
524
463
562
462
622
509
521
602
639
494
515
530
526
685
466
570
579
597
536
464
479
652
476
618
577
448
609
471
446
518
528
611
500
553
580
442
336
748
452
479
449
566
432
599
472
563
505
499
672
464
650
692
582
404
648
295
711
443
647
382
628
349
572
524
477
565
640
360
607
522
538
555
344
767
304
759
451
604
467
633
572
571
428
688
504
513
727
466
651
536
450
464
572
490
294
830
467
570
618
498
480
624
471
501
405
488
467
774
353
636
339
692
476
570
529
356
645
541
485
645
441
581
584
655
421
516
591
376
713
291
665
423
514
651
409
421
737
504
767
365
495
523
674
306
700
365
701
387
518
535
476
679
418
480
725
694
433
473
640
567
551
600
586
516
647
492
594
519
721
512
605
608
629
549
422
439
694
507
533
621
525
522
366
559
638
447
652
528
519
530
393
635
557
415
566
457
470
512
561
538
525
704
522
403
571
617
582
479
518
477
499
603
512
393
677
395
718
373
553
695
464
516
451
577
578
524
484
419
519
486
632
637
445
646
519
459
622
504
590
722
331
554
306
626
367
693
378
538
583
449
537
363
612
609
465
408
479
467
566
347
608
397
690
487
595
437
678
554
351
587
606
406
714
427
852
461
509
577
577
433
593
506
550
624
435
552
566
602
470
457
679
549
564
466
590
337
534
552
513
519
702
531
625
344
603
380
563
544
733
301
608
724
525
714
374
543
524
519
596
476
593
377
556
365
584
420
686
349
600
424
800
257
648
475
652
454
518
476
494
525
479
645
356
566
489
556
648
568
434
527
558
611
543
581
467
666
509
647
561
601
569
390
545
465
605
390
468
401
577
471
504
612
572
427
491
521
656
416
623
571
492
430
550
482
583
519
514
461
597
496
474
670
408
549
431
649
466
534
566
549
308
665
501
520
427
640
467
723
433
647
485
600
421
719
592
628
589
461
632
557
365
670
688
585
551
601
381
688
442
512
627
443
675
474
471
394
571
639
422
550
442
527
463
542
428
600
335
643
474
570
405
555
440
549
393
625
439
617
422
553
506
752
477
605
526
433
413
711
393
635
437
614
463
585
509
648
390
600
570
471
671
301
574
567
697
509
496
653
488
628
434
455
574
411
427
472
579
547
567
496
585
616
538
648
336
635
458
498
432
558
518
510
402
586
559
473
737
249
679
429
599
477
532
514
441
591
325
642
298
634
319
648
508
507
557
685
518
732
577
441
547
604
556
528
574
602
495
509
498
578
495
661
557
386
470
574
556
516
749
435
425
562
530
456
506
675
396
808
517
593
535
378
705
318
667
297
835
569
476
551
629
528
531
542
615
419
518
524
571
552
487
552
496
496
644
292
691
389
665
427
599
542
678
573
647
464
604
387
506
526
619
518
505
679
473
739
341
658
358
592
428
593
563
426
494
558
511
614
495
653
424
523
548
555
569
565
559
501
398
547
393
756
498
592
478
542
516
567
449
512
549
530
574
555
601
569
536
528
431
496
721
385
788
406
536
473
670
696
421
846
426
455
673
510
440
685
632
344
826
424
614
567
601
602
605
537
635
501
642
437
606
431
579
527
418
524
416
576
448
541
573
458
470
393
506
497
620
577
606
579
680
429
679
341
628
603
422
558
487
591
513
518
370
678
454
710
362
587
416
450
480
483
511
427
660
457
551
441
696
582
578
391
467
430
475
716
482
514
419
556
523
418
528
425
683
421
603
491
651
445
587
542
548
348
594
541
526
654
455
502
452
502
379
582
447
514
628
500
487
757
475
498
637
673
555
473
475
341
663
838
392
501
590
482
663
529
495
465
728
396
713
338
651
409
777
496
342
544
481
439
580
568
429
613
534
565
609
618
424
656
504
569
544
435
492
446
674
478
527
538
354
649
387
773
307
673
307
653
339
673
439
573
554
725
538
683
340
557
524
592
571
538
475
433
594
362
789
513
562
512
799
384
672
492
603
562
464
673
386
747
368
602
601
387
672
344
739
488
566
595
301
737
390
550
559
567
427
604
606
357
637
433
637
495
473
498
515
545
534
518
428
726
550
474
531
541
459
448
633
674
500
652
386
817
426
718
516
751
334
671
550
675
407
719
638
433
671
452
676
630
431
430
513
703
452
573
475
691
437
700
371
543
604
512
488
548
462
539
507
469
569
497
651
378
561
648
369
640
483
586
542
453
479
445
615
486
547
543
464
449
611
439
651
465
662
461
506
754
334
479
408
725
428
616
560
587
584
478
692
324
621
401
702
386
643
572
462
508
581
460
528
464
617
625
628
617
574
479
574
518
503
610
424
581
430
602
614
402
674
602
523
454
533
391
422
662
648
371
561
352
615
387
645
334
713
541
425
519
684
336
520
427
589
468
618
617
467
532
579
700
330
559
481
713
575
622
373
698
369
690
506
486
546
456
591
353
723
475
605
466
688
520
468
498
497
661
393
610
511
627
535
471
524
346
770
317
814
595
394
637
575
398
519
708
678
316
559
522
496
649
385
535
585
464
555
255
627
509
500
599
496
558
447
492
339
732
332
789
383
709
608
503
509
288
596
483
481
388
511
522
521
559
403
444
601
626
492
763
378
595
522
466
571
375
628
523
620
396
525
561
729
423
485
388
555
481
507
404
535
713
440
574
561
485
645
674
714
667
348
783
625
434
545
661
655
538
554
540
416
674
456
573
554
481
599
422
569
663
413
568
489
531
553
544
603
471
520
560
376
685
592
519
734
424
581
499
614
513
464
470
588
529
272
679
636
477
427
570
519
499
564
515
631
482
456
510
461
836
346
634
481
476
513
578
393
549
550
571
396
627
551
596
515
698
476
591
420
535
530
443
542
502
636
510
587
408
550
589
699
531
408
686
338
603
521
558
488
653
508
583
448
487
557
646
685
509
454
638
510
470
503
520
565
501
541
517
431
713
427
649
427
770
438
677
467
533
520
593
421
404
737
378
712
381
481
689
669
345
666
539
578
519
693
352
661
399
523
504
502
535
603
468
484
417
552
506
512
631
442
457
453
598
480
754
443
550
517
412
578
588
463
600
433
621
522
427
628
433
553
589
432
616
343
678
451
486
449
622
637
504
520
329
567
590
722
379
562
479
576
447
477
424
595
360
754
401
579
461
627
405
646
526
638
435
648
438
577
549
378
590
388
627
355
867
394
623
249
738
290
680
472
467
564
511
563
588
382
531
507
563
464
625
522
412
591
510
617
710
452
558
706
564
491
616
669
553
602
553
515
419
497
559
554
492
567
537
569
485
618
565
384
674
639
521
494
550
515
530
613
464
466
470
623
486
649
512
622
415
479
504
353
497
522
400
612
512
620
454
725
266
670
523
581
430
554
392
501
515
637
485
472
526
492
500
539
737
474
462
435
687
315
613
559
374
652
411
524
545
436
479
469
649
620
392
646
369
477
731
442
498
481
785
399
651
378
549
533
629
612
389
654
565
308
512
519
570
507
600
407
570
493
469
554
511
428
477
543
562
678
596
481
541
468
621
409
656
577
396
513
547
485
562
468
610
459
456
564
593
369
490
633
402
602
445
541
609
370
666
293
558
482
393
661
457
693
386
610
729
671
452
518
671
404
685
589
383
642
427
630
395
601
462
564
563
502
636
272
653
389
606
543
387
476
687
407
525
560
547
541
573
554
603
440
640
477
485
453
513
562
405
568
714
319
680
632
489
378
692
412
473
562
725
386
580
465
566
596
458
585
407
557
517
486
495
751
473
648
599
538
470
527
516
435
551
589
467
489
702
379
549
564
463
614
469
623
409
718
650
422
654
498
653
387
501
637
600
515
765
270
781
473
447
518
569
566
409
545
709
499
522
563
433
601
675
633
426
459
555
621
417
488
504
479
713
544
372
666
370
643
583
550
437
505
644
307
551
435
665
405
606
408
588
522
512
479
574
732
494
519
512
560
591
639
599
438
579
511
479
457
590
398
570
478
372
662
438
584
406
695
471
524
599
421
563
446
561
532
518
524
626
375
604
503
472
422
500
570
601
526
472
683
424
568
444
459
552
798
197
686
249
905
119
756
476
439
478
554
512
539
470
566
514
435
580
427
617
544
584
381
638
446
552
460
486
592
390
621
432
663
332
592
397
650
380
661
510
686
375
684
525
627
484
461
644
597
403
544
441
549
538
470
645
514
329
626
614
500
632
580
491
824
451
468
531
479
508
451
497
462
386
527
646
476
551
544
385
576
685
436
608
572
573
605
406
533
430
616
556
579
562
658
414
513
358
485
544
562
414
591
472
489
523
649
249
866
273
673
280
567
322
678
454
587
484
522
537
530
510
386
605
509
505
574
407
659
492
558
539
579
606
448
477
641
375
713
300
903
385
499
514
679
544
796
504
551
508
538
635
501
547
683
421
534
600
435
732
486
582
492
572
651
246
614
376
546
633
412
771
361
668
473
599
347
680
562
597
348
676
379
542
545
654
400
594
473
402
707
375
529
518
617
581
641
545
426
558
566
368
433
537
502
546
597
483
587
385
716
633
468
501
380
687
439
671
398
466
513
497
491
617
476
479
580
470
575
423
586
492
510
681
393
731
277
632
607
439
502
485
615
537
485
465
452
528
519
568
508
623
425
693
350
591
431
509
644
522
636
551
390
718
607
538
456
634
618
387
648
440
613
511
385
649
516
482
641
224
809
365
645
394
384
715
463
620
488
480
643
419
568
443
461
609
481
596
597
644
230
654
563
385
706
286
514
417
720
600
444
599
481
481
510
533
530
519
703
312
614
637
580
509
589
569
548
491
574
494
430
538
485
523
578
418
446
642
437
631
596
467
544
510
387
729
415
490
388
605
418
570
594
355
770
433
609
393
539
609
497
554
464
516
593
377
643
396
533
578
479
542
527
455
533
544
648
644
378
584
528
820
335
735
341
716
341
677
335
701
457
932
300
909
557
601
395
722
620
448
472
605
544
810
337
691
467
524
378
653
506
469
637
516
507
568
390
518
520
489
641
474
561
427
694
570
623
556
475
551
522
573
519
467
447
623
502
618
609
399
583
524
485
463
527
466
465
768
430
519
617
468
509
526
457
561
614
515
538
488
801
381
654
437
598
334
647
339
512
479
654
493
330
518
599
470
498
606
415
565
580
420
479
663
455
614
393
658
423
544
709
497
455
522
617
342
676
613
615
603
573
545
369
623
463
560
516
635
326
591
479
669
537
471
595
587
493
500
692
470
596
774
295
548
606
390
505
489
440
616
542
642
291
713
320
637
589
398
589
514
480
631
458
558
546
498
599
379
580
630
403
691
297
514
504
593
478
558
468
509
699
430
707
529
370
602
587
427
513
536
398
692
489
654
372
588
425
657
254
598
356
713
562
596
413
447
525
427
601
450
693
458
530
493
518
534
523
516
581
427
532
532
577
363
574
611
449
543
466
519
604
448
460
564
540
404
562
570
390
554
385
740
341
635
382
722
530
436
621
418
508
442
550
355
578
595
494
472
397
704
446
584
573
458
499
923
490
494
548
522
644
464
554
697
458
686
517
768
356
703
403
566
360
615
422
558
636
650
585
346
527
388
682
558
392
639
341
658
448
593
498
457
596
463
552
610
446
565
508
441
496
653
414
648
504
513
557
582
507
486
516
521
578
541
669
470
569
604
372
494
484
609
451
546
488
463
520
627
450
763
251
676
328
678
403
658
471
530
313
643
430
621
519
597
448
591
378
552
511
539
479
471
565
614
421
455
645
459
565
648
531
507
507
505
427
502
431
535
454
482
627
470
692
492
690
380
495
597
472
570
587
433
661
548
501
420
604
325
648
556
526
497
535
655
576
359
731
512
513
277
651
506
499
563
535
597
533
607
472
543
621
442
607
322
655
535
598
346
645
409
539
503
573
566
418
571
392
418
637
721
407
751
335
607
553
304
663
610
447
558
496
496
578
395
687
391
630
488
498
467
705
335
778
328
568
734
776
505
598
348
642
302
647
469
393
624
442
390
483
651
442
561
660
387
641
424
472
648
598
330
455
701
432
560
418
547
476
618
470
443
449
602
387
592
677
402
619
408
624
454
533
554
627
738
347
636
705
542
636
558
597
723
518
510
439
787
525
620
447
542
592
384
544
448
522
568
390
688
556
352
621
499
494
616
558
552
370
575
375
621
378
746
464
471
477
463
516
560
618
550
580
414
652
617
321
604
392
604
503
556
418
672
276
649
456
551
491
578
500
519
591
473
504
606
431
699
454
622
461
556
467
334
627
351
647
458
441
425
554
527
420
600
427
504
603
493
617
393
658
461
438
647
420
558
498
455
694
462
605
523
446
555
577
684
370
608
510
685
676
479
523
448
624
462
474
508
695
452
496
638
421
690
508
401
428
510
513
541
521
423
596
521
473
657
611
347
593
525
542
372
586
442
662
531
487
642
550
406
592
442
567
714
339
554
563
385
679
368
589
513
615
421
620
489
463
511
506
568
571
577
425
660
480
481
625
534
688
383
553
570
495
645
466
449
468
668
341
839
295
644
409
585
424
600
338
727
481
626
503
689
437
536
391
611
625
524
433
664
451
598
388
676
345
649
358
583
485
574
519
634
362
657
390
583
436
496
563
465
526
523
460
493
648
441
645
438
715
449
434
565
428
570
753
486
428
678
619
505
801
446
668
501
542
493
460
640
529
643
424
514
455
513
515
686
506
570
460
520
424
950
392
691
464
669
435
565
453
655
451
534
540
579
383
573
507
660
551
475
402
603
546
588
697
440
450
547
574
433
599
761
510
525
748
427
538
588
366
683
411
699
405
790
473
539
591
389
514
427
538
687
350
568
529
469
578
522
447
511
515
424
572
580
490
588
383
654
526
491
374
609
601
468
542
475
576
502
458
412
586
491
540
491
737
397
697
409
487
596
534
525
528
427
637
415
606
599
462
516
545
515
476
623
516
504
572
583
501
526
456
574
463
706
595
497
634
446
831
287
567
590
434
649
507
323
670
387
614
518
330
691
470
641
504
627
347
605
570
429
578
475
401
496
597
509
686
419
558
485
485
632
402
657
466
469
476
615
426
653
512
435
687
602
457
484
566
387
605
288
762
395
463
808
381
483
494
544
548
692
322
601
540
508
491
586
433
656
368
586
537
423
489
626
310
771
450
682
401
591
613
752
267
674
384
531
853
402
474
679
501
519
417
642
386
545
576
467
485
508
553
462
686
350
628
354
528
574
596
446
957
524
525
625
535
426
642
376
705
492
688
498
695
424
658
477
699
516
503
577
606
511
458
602
466
748
287
606
394
488
525
541
580
421
693
657
424
635
429
457
651
615
376
608
510
590
596
593
633
444
680
464
593
504
464
467
662
456
635
377
618
384
644
386
681
474
285
786
522
612
500
629
476
542
535
445
551
496
553
436
568
669
445
593
419
547
555
331
653
470
614
489
471
646
424
461
684
562
720
243
839
310
773
504
332
749
338
680
526
502
437
544
476
568
561
479
610
554
732
440
513
423
602
564
656
534
267
802
398
673
362
575
571
544
476
556
576
400
608
454
513
518
719
511
436
553
508
483
419
600
429
631
533
551
457
445
547
587
567
649
365
671
396
678
523
461
550
601
459
543
572
420
554
349
617
532
561
481
492
390
517
750
463
460
490
567
567
531
467
600
711
393
459
560
586
389
663
412
462
396
690
511
544
683
412
642
419
571
418
561
561
579
377
446
530
653
331
472
559
424
628
458
430
537
408
519
577
591
436
662
461
602
549
529
570
719
327
554
512
646
583
521
597
593
592
379
723
494
711
372
835
701
483
670
422
743
298
820
543
592
618
434
725
560
644
423
718
508
473
677
415
620
543
648
383
522
492
522
530
664
352
560
685
405
534
632
495
544
464
569
508
528
572
587
439
549
583
436
635
425
628
567
515
436
412
502
501
557
528
539
569
486
449
654
491
654
384
552
474
573
536
505
584
559
602
390
742
590
543
692
320
720
414
597
431
675
523
435
535
531
563
530
400
517
529
417
504
705
324
562
598
409
575
484
695
460
653
415
656
498
476
628
530
532
514
502
525
457
605
399
522
571
557
458
541
641
429
604
478
517
511
534
470
599
455
584
411
539
499
547
467
727
400
589
406
672
396
515
439
612
479
596
458
595
573
607
468
549
390
660
384
608
163
915
414
486
558
577
655
692
399
636
517
670
471
434
547
482
538
609
287
655
399
598
562
301
779
392
663
316
824
270
709
379
623
645
523
505
547
617
363
585
482
538
462
476
509
405
663
412
806
374
729
255
751
459
686
455
511
576
563
444
559
716
482
652
464
410
565
407
656
422
518
503
508
615
381
749
292
650
342
661
483
643
428
429
577
719
449
906
259
737
556
615
704
439
533
621
566
471
606
595
561
495
497
571
415
552
598
405
505
593
351
696
530
560
455
522
690
351
694
304
603
463
519
493
541
714
476
579
465
544
683
614
313
706
434
769
396
504
650
439
464
654
443
530
646
387
568
679
469
462
479
567
632
298
516
408
610
411
696
427
583
562
573
455
668
340
730
459
506
579
433
619
504
561
439
783
299
652
437
509
536
578
512
347
642
341
642
486
573
736
415
559
306
674
471
559
598
414
707
393
713
354
405
656
316
606
336
763
384
653
549
451
611
527
348
491
657
561
550
384
607
449
695
537
601
528
520
574
551
429
617
531
494
606
439
409
554
606
285
685
435
560
532
452
531
526
461
731
248
705
669
482
386
551
515
512
518
604
288
621
477
446
562
414
721
334
562
488
616
534
378
528
717
527
700
436
694
519
446
606
350
550
592
410
560
627
630
504
688
451
482
552
480
694
596
634
564
402
606
577
497
526
538
590
421
605
409
641
468
512
557
426
683
488
555
523
771
436
688
466
664
556
445
531
657
360
678
498
515
482
689
492
615
702
253
824
349
876
154
684
564
721
548
568
539
724
692
384
734
331
689
415
563
601
646
565
508
625
481
607
416
543
691
437
482
538
345
654
426
559
583
653
366
683
585
467
592
429
588
605
499
654
447
608
365
544
537
509
607
360
686
492
756
354
710
287
710
523
590
417
522
497
635
393
579
347
598
606
511
428
511
477
595
482
497
620
506
504
381
649
531
633
440
533
627
347
706
375
660
498
678
492
537
635
553
474
723
590
560
395
756
332
632
612
262
707
569
418
615
440
511
459
577
559
476
560
476
485
654
449
492
658
604
550
430
501
506
542
463
588
471
507
549
623
513
349
686
448
704
465
412
679
423
650
242
724
364
713
340
583
390
501
572
391
709
350
574
472
639
389
626
558
438
615
397
610
454
565
587
308
745
416
851
469
559
424
611
614
568
483
504
461
616
455
520
332
643
576
585
426
492
326
885
233
606
534
439
573
433
547
549
507
539
525
466
639
430
481
557
484
370
595
573
477
375
591
529
509
763
342
700
376
568
594
521
625
350
661
582
532
608
563
603
461
564
467
513
282
608
555
557
501
430
721
476
487
343
614
625
507
542
453
785
511
671
614
445
576
622
436
653
381
592
576
538
501
423
735
390
751
349
872
454
562
562
565
308
590
599
353
546
561
534
404
666
375
488
509
599
530
497
530
473
640
400
690
522
442
587
518
608
336
676
293
857
527
502
448
587
623
518
594
581
537
433
512
577
500
575
490
529
818
464
577
623
494
443
617
568
372
634
483
492
448
594
563
421
610
473
438
546
480
623
483
343
605
480
438
575
495
495
459
519
569
574
595
639
464
551
508
351
622
430
418
498
463
467
423
676
396
655
462
650
313
620
301
607
330
590
436
528
638
333
470
508
350
594
295
618
248
480
399
577
308
583
381
507
341
438
451
259
620
224
427
554
344
201
301
256
372
423
288
439
141
384
284
160
402
258
301
304
251
209
217
366
249
203
443
132
313
151
265
135
371
274
209
274
174
307
172
210
160
219
28
196
108
122
163
34
117
43
92
80
89
83
77
34
71
40
40
43
92
90
43
40
83
43
