37
438
689
511
293
222
277
391
515
448
309
433
254
166
298
322
247
352
478
465
481
213
265
259
345
292
120
264
239
211
215
349
277
270
216
649
257
395
286
413
311
340
271
175
331
130
275
203
230
178
366
337
157
290
297
299
222
255
433
214
429
258
155
206
631
160
86
709
195
170
479
355
213
205
505
86
308
371
126
454
337
132
163
380
128
298
411
123
273
279
209
71
456
206
297
350
313
117
334
266
332
258
295
218
218
341
263
258
264
362
126
379
248
157
305
258
337
314
408
163
242
313
259
386
342
157
478
294
380
166
298
283
273
265
215
332
263
105
445
256
168
279
390
117
215
338
329
183
260
252
307
198
251
433
84
297
264
252
258
203
298
172
270
405
200
387
134
251
297
375
264
298
255
224
254
224
314
209
352
298
218
215
344
160
285
379
301
178
437
218
294
269
232
181
310
200
391
123
336
335
344
319
207
289
225
295
178
281
347
251
259
261
567
126
251
181
348
173
252
283
348
170
383
182
435
204
345
264
166
427
370
267
331
177
529
214
341
259
429
160
307
213
129
350
363
263
202
206
341
267
308
235
230
168
377
313
105
349
292
309
174
564
95
326
187
378
113
277
202
344
288
258
283
347
170
303
310
130
262
302
375
194
132
302
359
137
286
292
411
80
340
282
230
154
439
163
352
166
310
169
381
216
108
297
385
211
254
280
351
74
255
248
357
138
322
252
379
169
170
290
425
120
169
570
114
332
201
313
322
234
122
245
486
300
130
169
339
172
273
281
240
203
302
252
404
180
295
197
363
141
353
206
255
350
129
307
196
248
302
203
292
151
447
217
312
209
341
165
174
289
281
229
175
350
331
215
120
421
126
263
250
224
284
249
385
81
320
282
263
127
243
349
254
247
249
301
80
485
177
355
236
283
127
397
160
293
156
306
212
384
172
123
342
297
209
302
368
175
163
310
264
283
117
491
296
210
331
208
292
161
258
206
489
247
342
111
462
424
384
166
389
316
335
138
366
438
184
397
265
201
264
305
302
75
352
413
169
130
400
379
120
197
255
387
206
302
249
212
376
184
245
295
265
215
464
281
211
306
165
249
450
160
224
371
300
221
235
307
249
265
298
254
246
252
310
364
319
126
252
297
254
215
221
344
124
289
300
123
306
341
129
291
248
264
230
175
321
266
261
260
286
404
173
206
316
381
132
227
366
350
80
305
392
133
299
251
229
236
338
168
233
298
338
350
86
462
351
163
257
261
200
397
194
338
175
224
398
256
117
335
261
262
168
342
190
126
562
126
132
420
198
313
252
221
209
340
151
432
129
204
294
320
276
177
132
476
163
178
375
289
209
307
229
443
126
343
440
205
151
212
387
169
286
231
316
247
176
436
153
255
270
380
164
178
368
258
125
335
351
343
172
303
195
293
252
212
216
234
334
132
438
206
258
217
120
418
132
336
318
181
166
342
387
237
119
286
448
153
221
126
289
328
135
347
408
178
123
308
273
215
219
299
345
162
212
280
400
77
169
295
326
123
194
470
202
122
136
496
303
73
256
302
304
166
443
413
219
259
379
224
291
265
335
86
330
358
165
310
305
248
258
247
197
466
255
301
201
243
224
378
271
251
247
181
433
84
217
185
465
80
246
455
129
277
372
283
28
295
484
126
218
390
205
374
126
250
249
215
215
341
258
303
303
172
307
80
293
337
224
163
246
294
184
250
300
443
220
209
295
280
253
260
366
169
307
170
233
254
184
236
345
206
309
243
161
233
403
426
132
316
317
209
38
379
446
180
86
378
306
172
310
297
141
218
258
356
120
317
317
298
211
246
289
264
256
234
442
229
117
517
117
343
307
77
236
338
410
169
134
221
374
221
254
172
425
173
261
248
377
132
158
459
227
128
280
339
131
248
206
369
129
341
138
398
439
129
293
388
346
346
227
379
166
126
377
332
268
167
394
161
430
244
425
132
389
209
371
403
271
215
349
297
366
224
224
396
284
129
172
437
209
298
299
264
259
123
296
363
162
169
351
342
348
206
175
358
221
286
303
335
219
257
352
252
265
361
221
301
224
258
206
288
252
526
43
289
424
126
298
371
283
243
132
333
335
144
172
415
181
233
317
163
215
211
439
109
257
335
294
267
205
274
301
157
316
334
212
175
349
311
111
265
392
270
84
379
518
134
184
345
218
261
249
302
132
296
245
218
242
292
169
328
189
212
227
258
290
255
467
86
344
166
291
126
252
297
232
381
290
171
310
214
269
368
219
173
326
272
344
210
224
260
415
340
375
258
251
160
371
285
237
197
326
320
172
244
219
436
43
200
443
249
34
389
341
169
322
181
350
267
183
313
255
178
254
418
120
163
439
166
221
283
254
130
175
382
302
120
166
371
215
219
301
334
132
227
282
476
176
116
374
465
28
284
322
249
175
384
154
229
536
86
296
343
157
175
243
378
209
169
345
175
317
295
362
355
218
321
248
360
105
437
127
322
301
279
216
193
391
260
240
164
305
299
224
276
258
390
255
124
217
364
301
223
160
300
298
199
258
123
397
145
331
243
418
82
246
430
250
201
320
253
350
276
252
327
242
175
342
279
234
259
297
258
360
212
161
245
370
165
282
275
365
86
217
501
206
169
164
470
381
185
270
384
251
117
160
549
157
165
254
261
408
80
285
329
212
209
385
182
132
348
362
163
240
385
85
377
292
243
40
485
494
43
215
337
204
298
215
289
174
350
234
321
85
336
208
297
178
363
225
299
214
283
299
267
240
144
163
398
387
215
126
217
369
174
349
394
88
218
227
327
253
313
399
163
218
292
281
215
252
214
181
269
293
351
212
92
388
438
189
180
330
242
318
120
292
295
184
332
209
381
145
437
126
278
219
292
166
301
212
379
123
267
202
342
294
262
129
347
209
396
250
172
266
256
315
126
264
339
273
166
299
286
322
158
404
185
182
289
353
160
377
157
335
206
163
206
267
200
209
307
366
176
206
255
323
37
267
425
212
193
288
207
148
249
418
184
165
410
315
128
267
395
283
252
175
499
135
251
298
262
126
243
329
383
240
382
166
318
305
205
427
34
338
457
167
224
238
418
293
204
350
158
348
132
432
305
119
270
392
252
221
274
298
80
328
348
210
257
418
172
273
432
212
294
194
277
275
200
132
458
214
263
410
204
139
350
188
387
218
205
295
338
200
296
184
177
334
251
221
286
253
126
352
256
212
307
364
203
264
313
107
358
209
250
129
412
233
304
288
255
344
215
323
387
38
178
405
406
169
80
391
255
264
186
378
120
191
389
258
79
419
263
220
249
217
342
178
218
249
388
123
206
252
308
390
156
252
348
259
274
205
255
284
126
199
321
301
261
197
169
344
303
79
302
288
403
65
282
203
322
243
292
231
438
178
254
194
423
270
209
256
303
303
177
295
114
341
258
258
303
250
266
208
337
267
170
255
327
254
213
307
148
421
86
295
174
475
271
211
164
333
348
246
95
466
184
357
294
302
229
236
231
214
447
289
181
344
266
163
235
396
267
215
234
378
77
360
344
178
248
299
341
318
200
129
384
218
175
309
419
224
317
157
330
83
313
318
296
256
311
278
117
242
440
155
132
210
311
286
273
300
212
209
251
28
368
211
428
258
355
28
246
361
206
252
206
288
249
197
120
347
307
270
269
175
409
234
163
361
369
173
163
260
342
365
162
198
283
261
325
256
145
270
470
129
294
218
203
297
237
317
135
353
252
326
258
205
169
323
111
365
225
221
215
341
388
160
157
215
335
294
126
336
444
212
296
308
256
322
166
206
304
241
296
338
264
339
224
165
347
249
165
409
212
253
264
408
203
360
221
247
344
313
218
299
448
169
305
412
80
293
244
313
160
368
212
291
215
204
338
169
319
298
224
179
361
172
387
166
302
117
375
347
206
123
375
288
169
210
236
267
352
292
175
298
349
206
313
170
353
262
295
298
286
121
224
466
160
227
311
212
345
249
402
166
298
221
215
393
259
211
378
223
269
351
119
298
256
417
83
95
513
246
250
208
355
277
174
291
255
388
184
259
208
340
240
95
291
402
252
258
334
213
184
328
371
228
266
253
261
383
120
325
264
200
292
308
171
259
339
255
254
301
218
212
394
242
132
338
386
126
267
405
202
175
275
262
163
251
419
303
83
208
476
297
129
291
296
252
291
250
164
332
215
251
470
347
259
302
380
260
119
252
600
83
384
356
335
227
129
544
166
313
376
169
243
249
307
293
196
157
474
335
204
263
267
420
192
163
221
456
181
86
396
292
114
123
474
203
255
352
364
174
341
172
350
297
135
394
351
169
125
380
231
269
187
378
221
258
257
295
274
206
377
215
162
353
214
271
224
305
209
312
184
224
219
390
322
173
343
475
162
175
264
389
182
187
254
337
160
499
80
267
172
439
43
338
307
138
260
357
249
215
264
307
89
313
486
227
95
413
200
328
37
511
300
230
437
206
264
210
425
65
439
237
206
240
309
234
173
218
248
344
168
354
264
166
301
495
163
131
310
404
327
129
215
246
298
172
443
71
195
289
282
308
126
457
206
301
338
178
234
200
411
170
454
169
252
257
167
306
160
272
417
114
492
321
166
212
221
354
157
256
197
120
306
380
206
241
212
249
199
335
358
214
86
433
345
212
43
352
354
245
233
163
385
267
206
399
185
200
312
86
338
338
301
219
355
358
246
171
132
439
225
159
295
346
170
208
464
175
212
180
443
160
393
249
308
145
207
201
430
80
342
129
199
289
258
156
154
326
295
209
348
83
472
249
171
138
285
261
254
217
310
172
230
357
334
135
314
395
251
214
270
307
298
154
289
326
203
245
235
298
159
406
80
280
210
317
203
261
200
206
249
378
88
430
166
205
206
298
211
340
90
371
397
166
160
296
553
157
197
354
261
274
162
370
202
212
175
301
334
267
325
319
347
229
114
243
370
191
181
310
200
394
127
212
271
463
307
228
178
330
344
163
267
329
302
227
197
270
332
159
365
257
208
154
310
320
135
464
307
92
175
296
401
305
161
336
372
124
286
264
310
135
353
307
114
249
243
310
213
298
206
262
246
252
335
169
172
387
219
367
215
253
285
332
214
368
206
379
244
258
209
335
181
349
249
329
86
321
304
206
307
237
174
319
203
294
399
126
319
261
219
73
411
336
129
368
293
173
205
275
258
406
211
203
137
416
258
335
166
350
237
86
335
303
204
165
386
351
172
221
159
328
249
160
274
219
170
398
177
126
317
298
212
169
428
251
269
120
338
335
209
445
83
280
335
372
284
247
295
256
382
345
120
154
463
291
86
259
328
285
324
212
400
126
165
382
179
386
279
314
291
361
290
215
164
396
269
264
249
258
496
172
324
86
300
326
180
301
358
206
308
242
339
209
299
223
300
320
186
310
206
187
241
392
424
306
212
262
364
396
79
506
279
210
446
167
195
445
283
247
306
199
157
408
252
169
176
432
120
273
249
283
215
220
258
402
215
200
148
307
298
319
304
397
80
297
271
398
175
290
215
301
257
350
168
200
250
362
289
86
430
175
215
426
295
211
224
315
218
170
254
254
304
208
253
307
292
181
203
428
320
40
311
427
316
136
338
407
120
117
210
424
206
123
320
270
350
111
249
426
171
191
169
294
240
212
445
154
232
288
246
281
311
172
365
347
255
181
300
337
181
245
199
258
264
371
252
377
120
132
276
362
170
129
313
393
80
89
334
483
36
128
327
396
89
442
397
130
310
335
205
241
321
207
246
267
166
255
298
344
163
300
440
165
252
157
435
133
163
423
263
86
293
362
221
120
386
309
174
212
373
319
71
352
424
138
170
310
350
205
264
221
324
295
243
252
178
305
374
259
213
92
364
251
313
116
390
393
212
184
395
183
329
117
365
126
302
267
298
126
297
327
214
165
312
239
274
260
255
237
289
209
436
242
252
253
344
319
228
286
223
339
246
356
291
227
302
176
151
390
328
86
201
560
169
212
243
179
320
209
224
363
257
134
391
247
265
234
175
316
287
263
175
525
154
126
402
337
77
255
338
209
188
255
329
311
225
207
329
203
167
346
284
294
128
385
218
157
375
239
166
268
221
342
353
201
154
333
253
246
339
335
206
190
182
394
227
231
262
125
429
350
117
256
416
163
211
215
207
415
181
224
227
390
295
120
261
219
354
163
353
231
255
159
426
255
226
200
301
413
202
201
224
212
256
355
248
197
235
337
170
163
385
160
251
264
341
237
215
301
206
172
209
351
255
160
443
187
183
474
169
202
224
347
439
90
228
349
331
216
287
200
340
306
355
111
499
255
175
306
302
175
156
267
430
175
217
169
304
491
246
244
254
390
221
197
292
184
351
335
209
166
317
353
218
286
117
169
292
382
246
178
383
204
210
250
380
71
184
350
332
28
294
510
249
135
207
267
333
222
178
282
300
305
185
221
204
350
255
135
216
342
255
253
344
224
204
265
474
131
379
295
367
342
209
336
90
264
347
360
275
298
302
326
300
206
241
227
312
251
333
382
283
163
219
503
125
409
262
166
294
197
342
367
178
281
231
221
478
212
169
223
413
225
252
132
317
390
298
236
350
267
169
298
289
166
138
355
200
203
284
366
254
197
307
209
330
255
384
126
281
123
335
306
197
197
249
399
271
261
288
258
210
381
396
138
289
254
275
256
208
255
304
284
138
280
228
383
264
309
154
283
276
292
359
384
312
80
309
402
204
127
351
331
126
163
401
364
181
306
215
265
293
249
212
349
243
323
175
221
326
162
295
270
380
212
316
139
301
323
310
129
443
267
255
236
321
176
377
289
379
154
421
209
392
86
360
288
245
263
300
203
164
301
198
266
349
169
265
245
184
297
309
262
178
312
302
338
226
216
260
360
227
260
343
120
218
267
241
191
205
355
215
310
212
264
354
210
246
224
350
339
34
298
341
297
216
254
316
255
221
295
208
138
298
252
286
270
203
468
83
304
246
276
168
233
261
343
250
250
298
177
218
352
302
221
258
360
178
212
403
267
339
172
270
381
201
166
396
338
135
261
418
169
356
267
341
289
255
231
174
178
307
256
219
294
420
86
301
283
255
206
388
327
219
342
197
318
287
259
322
358
391
218
89
317
417
178
187
257
295
224
301
117
139
385
308
220
405
261
95
306
393
212
165
339
192
240
247
267
267
132
346
289
121
344
263
249
164
473
255
84
256
436
43
273
383
202
105
277
319
351
115
412
203
259
139
343
496
214
177
129
534
261
132
206
350
207
340
168
264
209
307
361
117
280
255
280
71
252
334
301
301
272
292
249
176
261
346
283
322
175
203
450
205
187
203
474
321
166
285
165
218
354
173
201
265
282
263
212
204
264
327
322
120
302
295
230
344
149
237
285
399
266
295
130
337
249
224
248
393
208
37
470
405
81
203
334
267
243
264
301
265
40
488
313
89
215
343
443
138
212
281
415
295
341
294
169
264
148
441
151
181
255
252
293
164
319
358
268
206
353
170
261
292
182
356
175
215
352
422
135
245
302
255
137
286
301
310
223
319
139
261
218
264
299
369
77
304
449
126
178
354
304
256
207
205
458
212
125
357
292
261
219
352
301
233
386
255
290
267
316
447
408
40
271
358
284
83
307
481
366
222
268
326
373
179
157
397
176
172
426
409
259
209
388
300
258
259
263
312
399
88
401
338
310
124
347
123
432
218
166
221
372
164
390
261
292
182
316
307
267
280
179
346
299
89
286
252
412
77
288
323
270
86
425
249
297
169
459
129
344
211
356
218
338
395
261
308
86
399
262
264
120
385
295
163
169
332
303
166
220
286
217
193
206
335
134
267
332
243
128
310
322
248
231
255
172
260
414
117
271
461
398
92
303
188
336
267
157
306
353
157
160
244
261
227
169
396
173
296
200
461
151
301
351
160
241
310
198
228
492
308
114
221
393
262
172
341
356
188
204
178
420
262
123
385
319
215
239
254
197
212
352
184
434
287
95
297
292
273
248
365
242
164
407
237
245
307
174
282
256
279
178
297
202
158
469
126
286
331
263
218
261
194
167
396
305
162
347
208
268
286
363
148
261
289
330
178
239
259
291
222
318
261
166
476
125
206
230
496
83
181
353
298
125
213
295
385
288
117
409
175
222
318
345
206
135
326
266
318
212
200
302
263
264
251
335
164
220
301
159
344
203
229
288
223
203
237
260
303
246
281
43
498
126
322
343
90
248
317
374
136
178
243
311
230
135
261
364
171
238
292
169
344
304
215
233
334
283
157
320
212
166
339
390
128
203
498
132
166
522
182
255
303
212
200
348
187
261
353
280
256
264
418
255
83
246
322
336
160
255
354
40
334
374
244
161
360
270
211
256
557
86
81
372
406
251
213
359
83
295
316
307
216
159
477
117
267
180
387
343
260
89
448
257
377
126
160
390
248
215
339
282
129
312
301
280
114
406
286
155
311
297
251
256
310
184
384
221
248
129
224
344
304
261
129
339
217
308
163
249
305
240
170
356
379
202
206
208
346
114
338
327
300
172
286
307
267
316
265
292
230
224
409
322
175
316
254
351
230
286
330
254
138
168
519
92
259
224
252
425
215
220
338
375
160
288
202
295
215
306
393
215
243
221
123
361
339
157
327
322
227
162
230
342
230
256
175
353
335
84
209
512
333
226
169
215
319
307
217
163
396
301
243
117
456
162
261
216
280
178
310
246
410
83
275
295
145
378
323
83
309
261
243
245
251
215
86
441
349
296
175
487
240
170
507
353
223
181
389
297
222
222
299
359
40
405
387
255
83
370
86
566
139
263
262
163
385
291
255
309
256
119
478
223
417
210
232
188
209
344
256
249
379
86
344
226
362
328
220
200
356
132
239
253
184
330
244
320
298
260
83
261
366
261
323
336
196
433
132
169
237
224
435
209
246
257
123
371
286
221
351
215
426
157
252
477
172
175
300
354
212
248
427
260
202
257
229
438
114
357
446
166
215
312
388
221
215
292
169
315
242
175
406
268
172
297
355
129
163
357
414
117
258
316
335
294
178
329
163
120
460
188
178
408
265
209
212
294
295
221
207
305
221
243
233
304
217
350
83
311
212
379
184
200
316
255
268
255
288
316
179
267
253
184
309
338
161
335
43
436
295
200
121
175
243
355
173
217
379
247
245
169
344
295
182
223
341
174
135
424
252
157
73
323
291
251
271
141
329
297
383
135
250
259
227
170
382
357
263
120
163
290
304
296
223
263
161
316
212
270
165
469
221
387
263
262
255
330
214
238
436
244
190
301
173
406
240
126
204
381
203
209
447
114
128
422
211
208
206
396
178
383
299
175
329
295
170
246
301
292
241
298
251
249
294
347
126
295
396
121
173
300
308
132
347
326
218
252
174
430
389
230
214
158
286
258
258
178
307
314
286
169
301
194
339
201
341
253
283
193
230
298
200
300
77
414
120
503
212
285
214
243
362
332
206
120
359
366
141
126
383
459
130
92
558
178
175
303
294
224
215
292
337
226
233
263
246
247
308
272
178
313
264
256
306
206
251
219
246
288
295
211
221
324
249
387
126
221
346
267
80
307
413
71
86
418
263
81
114
419
185
224
449
206
217
226
209
437
83
489
238
247
170
203
287
218
213
312
541
269
209
392
210
311
289
240
264
129
375
297
400
206
423
169
344
264
168
372
268
212
385
286
163
128
364
246
208
218
178
369
300
323
218
264
258
368
178
240
263
352
175
166
340
172
289
227
407
261
307
212
252
264
290
267
160
296
366
126
425
194
316
262
167
412
349
198
141
349
446
301
135
299
318
315
266
218
356
305
297
169
385
324
258
270
214
218
333
259
247
181
398
157
203
218
348
234
473
71
352
323
259
129
356
302
165
260
289
203
196
304
291
253
257
347
343
172
259
295
307
298
171
425
135
293
366
304
165
243
401
259
377
344
297
487
164
218
172
261
394
171
88
495
340
136
428
166
254
270
258
241
175
255
347
297
154
218
417
350
38
217
392
203
129
267
522
126
264
271
459
132
184
243
372
123
212
310
362
246
258
117
342
304
250
401
348
261
169
191
159
459
259
119
256
310
210
123
402
207
295
258
285
315
176
282
310
300
120
339
157
248
259
258
218
332
79
185
339
311
340
376
297
438
174
363
224
294
251
183
427
252
216
200
300
397
224
169
386
206
218
293
211
341
206
293
203
256
219
285
203
130
427
221
300
286
269
283
227
390
214
172
378
267
164
274
201
388
260
219
273
287
353
125
341
424
316
37
379
83
369
209
174
416
282
121
310
384
267
230
286
288
225
436
221
169
209
461
151
350
178
148
372
175
261
334
128
263
214
356
77
396
214
164
210
384
269
37
304
467
175
206
180
376
212
265
206
211
261
294
205
233
280
211
292
123
312
285
362
208
203
332
284
268
80
172
460
246
172
225
323
206
181
261
336
270
359
130
392
175
221
267
423
181
279
163
210
294
203
206
299
352
172
304
181
336
288
213
353
117
270
195
370
336
183
267
447
209
221
347
312
121
342
276
126
330
267
282
260
215
280
255
258
291
295
129
421
181
156
181
460
178
166
417
331
341
129
256
249
258
130
325
401
203
249
169
347
175
292
303
43
350
224
466
114
95
245
344
206
129
349
291
162
298
255
338
229
222
157
255
433
178
295
123
348
209
267
351
263
131
289
333
261
132
285
378
223
229
265
286
412
260
161
225
344
218
270
211
253
132
254
357
298
266
408
309
165
214
396
255
89
172
433
352
223
205
210
287
200
268
390
310
298
126
353
298
241
168
453
111
166
285
498
81
237
92
449
209
155
303
349
310
206
359
252
175
341
271
280
129
348
415
175
215
292
370
128
260
365
298
117
199
301
166
215
378
218
114
255
391
295
90
309
351
176
108
335
381
141
296
465
80
307
213
333
252
181
199
300
153
287
304
185
292
221
296
218
286
353
120
381
211
261
399
117
373
207
357
111
269
339
224
246
378
175
184
243
458
246
209
295
117
391
350
300
129
341
295
332
268
289
358
297
380
173
169
341
517
334
178
250
301
364
89
357
320
366
289
239
194
255
290
258
89
461
327
163
172
300
359
162
215
270
326
286
240
347
169
155
352
326
74
304
399
114
263
404
414
180
324
203
307
397
123
208
437
248
221
65
441
178
258
263
303
210
296
252
363
245
179
283
263
172
350
295
193
253
355
80
316
433
197
484
169
201
163
466
160
163
300
294
212
280
255
243
206
377
252
301
117
341
349
131
291
248
242
297
178
219
255
334
218
178
209
178
465
218
240
338
289
262
181
390
299
208
111
479
202
305
278
166
397
253
202
319
252
279
240
276
334
201
339
239
293
195
292
123
208
450
185
166
295
349
301
158
132
390
308
172
82
498
200
257
258
393
121
259
175
247
203
250
286
111
353
295
212
166
287
423
119
286
464
34
203
374
258
120
339
296
206
223
206
319
261
221
323
169
310
259
381
217
123
391
319
166
241
338
249
245
249
354
233
111
337
270
352
374
212
410
159
319
205
255
405
190
261
391
261
163
298
261
216
389
267
301
261
133
465
165
175
263
375
221
120
126
474
264
138
172
463
243
92
244
347
172
347
289
80
372
203
209
43
535
166
313
260
126
274
497
77
301
177
311
247
361
369
83
343
287
168
157
415
382
154
407
260
330
71
485
359
221
172
296
287
169
233
381
215
348
228
430
86
357
425
166
297
132
264
367
169
291
209
246
273
301
301
177
414
275
86
251
383
350
246
320
234
335
220
135
300
371
246
204
316
354
83
411
221
235
295
252
217
284
387
132
322
344
202
173
148
412
212
296
291
247
209
354
266
221
396
304
123
92
478
129
88
373
396
92
120
253
396
228
126
486
307
169
330
120
308
302
311
206
169
450
267
138
159
507
77
319
179
390
276
243
286
209
403
197
289
82
395
168
350
218
188
212
194
219
212
304
242
458
172
163
306
213
248
174
448
197
200
261
295
256
217
333
304
160
338
366
245
249
329
161
348
211
377
504
160
171
390
295
174
209
330
258
347
162
137
335
341
223
292
252
193
184
301
243
375
209
347
172
120
250
396
215
305
390
205
86
435
349
264
273
313
230
283
79
356
275
201
218
301
301
157
442
245
304
338
231
418
332
226
353
247
288
306
286
83
488
180
160
377
332
77
324
386
390
298
379
224
159
475
211
255
309
301
169
389
377
161
307
283
264
83
472
549
71
325
274
309
132
257
286
224
172
302
381
83
214
476
120
163
256
308
203
177
233
440
298
135
171
361
354
120
306
302
132
229
398
203
252
439
92
178
337
405
278
85
271
402
212
86
408
431
123
43
542
184
141
261
338
272
261
301
264
298
237
256
280
175
92
335
310
159
212
288
288
205
243
370
303
209
298
217
252
172
288
304
386
293
181
246
220
349
213
248
249
122
442
194
166
267
293
324
206
265
246
268
380
338
124
111
396
354
71
385
257
304
275
252
258
283
157
212
353
111
169
341
330
291
166
126
324
398
254
85
340
378
212
258
171
259
169
444
306
172
285
213
335
261
214
344
212
332
224
209
292
350
202
221
125
500
258
71
178
485
215
203
433
126
151
461
273
175
529
387
172
270
261
194
331
264
296
248
249
151
181
389
340
213
315
220
210
209
418
77
261
231
446
34
245
347
263
120
267
306
375
245
251
132
218
383
322
218
243
338
289
203
254
301
258
181
212
266
163
387
184
304
198
246
298
259
217
224
340
309
255
224
185
317
269
163
243
203
385
290
127
345
259
202
346
145
391
274
246
135
297
129
342
174
297
304
177
335
302
293
171
200
302
318
128
278
160
273
400
239
300
174
270
471
34
344
236
252
215
273
370
132
307
178
346
237
206
335
259
191
304
264
288
209
307
389
260
217
300
429
166
178
292
298
267
114
265
301
329
252
339
145
393
281
170
260
465
206
267
215
366
258
200
154
323
434
218
148
346
206
349
296
351
135
224
248
372
123
399
246
207
274
292
212
226
386
162
257
200
396
123
252
206
404
200
181
332
397
123
298
435
250
220
251
234
237
245
129
381
347
71
301
208
307
181
298
348
86
258
439
251
126
261
380
169
163
392
169
292
120
244
371
254
123
166
466
219
292
304
177
246
371
218
169
433
262
95
209
386
198
175
307
261
329
155
288
292
283
252
257
293
207
252
299
270
353
175
298
155
169
335
300
257
255
222
160
291
282
325
240
196
466
263
293
289
293
161
313
209
359
165
262
212
359
218
175
237
405
233
264
166
369
159
77
353
301
249
260
311
265
208
203
352
234
347
160
463
245
170
388
345
305
169
292
443
389
296
220
219
162
494
262
303
352
235
226
181
313
414
394
166
289
316
351
208
88
381
290
167
434
138
242
390
354
172
270
343
168
284
203
203
281
442
169
332
218
301
218
206
394
237
129
255
378
203
160
337
219
202
218
471
80
359
178
437
200
254
290
292
245
172
349
185
327
229
374
126
209
517
77
172
217
398
242
129
289
371
117
242
209
267
206
320
175
453
157
376
83
258
304
387
130
479
235
129
181
288
380
138
203
294
202
215
213
346
212
224
343
347
165
291
129
386
215
207
297
298
331
338
166
226
273
353
131
286
387
179
253
356
216
89
368
307
261
132
306
304
181
267
329
272
276
180
319
415
248
124
214
267
295
254
268
339
175
296
350
77
318
302
120
247
338
217
313
200
207
501
128
258
280
354
162
393
258
208
328
178
313
280
359
131
480
170
86
564
255
213
270
206
346
252
176
182
523
244
125
371
267
255
294
157
303
282
187
262
262
316
345
128
248
338
301
169
244
236
298
184
378
255
90
313
274
301
267
259
337
154
295
259
266
267
402
218
259
313
250
193
304
294
338
164
250
338
117
369
90
397
442
184
157
353
206
319
187
117
432
215
258
356
220
129
314
297
214
204
225
353
221
130
280
298
345
245
324
175
354
175
368
296
272
260
173
429
130
244
262
334
79
300
341
217
261
255
254
345
213
244
294
291
289
253
128
215
513
218
164
233
460
79
135
476
306
214
225
348
188
263
161
298
255
323
359
180
309
255
247
301
166
356
294
306
318
218
292
340
353
172
386
293
221
135
335
305
261
208
194
483
166
255
218
301
179
191
172
263
368
126
169
313
370
214
257
263
268
305
80
340
350
185
177
299
287
331
255
215
240
446
135
264
226
342
197
205
402
134
218
260
225
258
353
295
255
265
170
292
417
123
395
246
129
274
277
270
114
301
359
299
163
263
203
323
211
372
299
190
358
224
343
173
374
172
338
272
309
132
391
335
271
173
230
385
166
207
320
329
261
347
316
256
251
223
310
301
220
332
151
279
333
132
220
345
200
219
276
183
306
295
200
163
423
80
218
259
396
206
264
311
396
132
219
402
117
361
126
312
286
318
206
337
164
286
213
278
357
406
43
303
312
170
304
262
252
361
293
160
398
391
224
292
283
255
231
356
302
331
180
268
457
349
219
163
339
300
302
157
230
470
169
253
297
336
324
220
422
127
380
181
405
433
141
77
525
254
163
178
434
172
209
166
345
282
178
135
490
215
120
298
218
309
122
335
237
261
252
279
255
200
386
247
298
336
176
292
290
235
129
283
350
267
84
345
329
305
219
295
310
128
301
212
265
125
375
181
288
280
200
324
248
220
266
295
202
249
86
438
175
331
211
237
174
309
277
304
212
209
475
264
77
466
306
279
83
207
454
330
77
344
350
169
166
502
222
162
300
268
299
234
240
184
530
283
172
191
320
273
358
250
291
177
167
320
291
218
453
77
306
279
163
260
413
198
225
353
338
262
334
43
293
298
249
258
225
293
162
238
352
221
209
343
262
248
169
304
341
313
250
83
477
166
252
157
398
295
38
306
263
267
204
281
261
227
358
169
378
216
346
243
175
289
395
249
253
329
166
357
313
255
126
244
291
394
215
139
295
346
306
123
352
380
129
386
249
250
213
369
203
341
125
350
343
117
216
323
339
217
256
319
362
175
263
263
243
221
299
262
307
344
298
242
85
243
407
297
121
328
251
310
163
207
406
275
158
312
310
262
356
262
255
252
308
181
254
237
154
396
304
176
221
313
280
206
322
431
73
373
284
287
294
203
120
409
281
219
295
296
129
180
420
295
237
260
350
119
335
80
433
389
95
266
309
316
92
252
347
367
178
348
171
377
213
276
310
369
257
83
461
225
219
304
276
90
389
193
301
178
533
135
129
314
366
172
212
388
172
342
282
316
169
276
339
157
256
386
163
224
311
248
302
118
287
203
422
225
202
242
288
160
401
117
289
135
337
95
406
218
155
183
354
208
453
81
212
274
256
292
307
201
126
269
313
215
227
390
172
164
322
251
252
197
268
380
190
387
261
279
86
333
402
196
211
207
315
258
312
160
344
205
322
160
264
178
347
264
200
181
342
169
387
178
289
248
497
255
28
254
390
252
160
145
306
285
253
166
264
343
348
126
344
176
245
396
211
87
406
178
258
132
582
203
43
388
340
231
335
287
77
227
653
256
219
283
151
260
311
215
255
261
320
222
266
351
169
285
266
264
261
344
165
178
482
246
172
247
431
177
324
430
260
213
401
178
195
486
303
167
243
302
258
347
339
308
117
303
443
124
161
497
383
169
243
402
302
80
579
86
276
378
126
206
246
258
251
83
212
491
213
164
342
287
253
212
215
181
302
166
252
324
248
212
306
172
304
298
301
114
207
206
366
163
217
289
221
323
203
299
245
178
251
478
160
249
208
290
304
222
218
301
332
163
281
295
418
174
339
132
418
172
301
121
394
201
307
222
409
200
169
288
353
243
184
378
181
234
385
207
126
246
302
294
141
334
403
240
249
388
179
222
375
207
221
259
304
175
244
341
120
331
248
225
383
343
249
252
169
295
252
355
201
325
220
172
341
263
258
205
353
229
333
175
409
224
199
301
362
177
442
165
211
392
431
114
250
185
403
154
200
301
396
120
299
332
168
258
257
211
305
200
423
212
114
178
543
207
83
345
388
80
126
298
378
211
135
367
373
80
286
218
299
212
209
206
419
175
177
334
360
255
218
340
209
273
172
475
206
169
326
361
149
296
286
326
119
329
257
128
206
415
300
117
231
210
375
158
390
269
160
300
267
315
245
164
298
295
304
211
270
261
175
249
351
158
262
283
383
168
261
262
207
181
304
439
139
265
209
390
123
369
297
445
43
266
441
213
40
493
347
187
295
378
126
467
132
169
280
207
292
306
358
263
89
359
405
37
206
330
328
132
327
194
246
244
246
295
246
256
169
454
223
345
160
453
181
222
333
235
113
315
203
301
166
331
218
174
297
221
280
172
519
305
221
83
460
208
214
242
297
267
205
198
204
503
271
193
292
305
221
256
359
210
291
354
166
395
120
208
256
254
221
200
341
194
80
469
252
294
209
402
132
226
356
348
307
217
255
430
169
71
469
298
37
256
370
252
309
261
263
221
193
369
267
212
257
415
176
269
262
379
252
221
471
259
231
283
123
234
249
303
218
240
218
181
176
487
408
139
275
258
482
123
123
281
215
263
381
369
221
342
176
212
422
134
303
255
383
172
292
209
310
327
212
233
224
342
272
82
332
160
332
221
364
203
246
508
126
247
190
298
257
374
208
306
135
304
468
127
308
169
363
208
259
255
300
128
249
339
312
132
255
347
387
209
256
340
239
280
212
253
242
295
249
236
276
315
355
362
347
173
398
163
406
418
220
253
379
209
174
169
402
282
207
415
317
262
206
663
212
166
214
451
202
243
230
394
246
199
457
212
267
397
119
400
312
257
252
114
390
137
338
341
209
157
216
297
264
309
181
350
300
261
131
455
86
212
225
338
126
332
291
350
126
359
292
221
341
332
220
163
252
325
248
166
245
251
291
181
287
443
134
362
208
256
212
283
253
183
216
338
218
197
246
402
233
260
218
254
316
92
378
198
243
434
294
232
230
266
304
292
181
445
271
132
259
382
181
298
262
252
212
366
191
169
353
396
34
256
261
386
117
268
336
307
261
332
127
467
303
258
80
307
258
345
255
169
227
303
442
86
163
519
211
429
217
206
203
329
258
347
212
420
36
263
220
298
222
209
268
157
313
363
105
378
214
307
340
120
295
264
342
117
422
197
292
214
303
215
344
255
300
336
183
308
303
209
270
257
246
277
363
319
223
240
349
218
375
201
291
303
273
260
114
347
215
261
297
352
135
338
314
301
252
322
89
356
313
293
256
212
266
177
163
352
397
128
254
354
288
209
379
171
261
316
199
240
218
115
521
224
184
265
252
224
283
163
300
263
208
221
352
244
218
251
283
277
285
217
295
201
369
300
179
282
305
342
307
382
178
401
247
154
245
400
255
34
484
224
178
262
427
217
159
220
405
220
131
215
329
240
349
172
203
271
301
261
209
428
222
135
266
338
166
353
321
214
163
389
172
169
464
300
169
132
345
411
132
316
395
206
209
255
321
309
200
369
209
359
253
172
329
356
333
168
341
169
316
408
263
200
303
345
181
352
109
338
200
261
138
431
202
285
135
156
517
310
206
258
354
213
216
399
255
240
169
308
291
330
169
299
252
246
242
160
274
211
334
130
397
374
126
224
384
249
209
127
252
437
301
172
310
257
328
198
177
176
467
175
168
370
350
132
200
442
257
181
134
444
288
293
310
342
175
243
350
163
284
304
117
256
367
343
82
206
423
239
166
254
301
210
318
330
130
276
335
83
307
427
387
114
333
431
40
323
289
203
265
255
221
450
217
86
314
383
175
187
86
612
212
172
159
356
269
263
240
233
321
355
168
247
259
218
463
259
388
303
120
310
393
77
274
363
310
254
290
258
367
230
172
411
350
163
298
346
274
215
343
248
439
77
398
320
248
261
304
298
264
341
286
340
123
423
129
290
226
210
344
347
249
255
330
200
351
267
178
344
257
262
77
286
381
175
215
420
273
171
215
434
252
273
215
301
179
348
172
218
361
271
294
260
237
175
276
287
337
117
338
129
294
215
240
318
445
90
263
259
488
213
246
273
243
157
299
269
399
215
382
197
301
175
352
163
265
209
287
209
327
273
234
275
259
131
257
417
187
205
171
544
175
195
261
289
525
167
120
341
356
157
179
269
405
169
130
445
353
168
217
264
330
86
272
244
273
210
313
316
376
258
178
264
357
286
344
172
224
232
285
334
243
258
330
257
302
417
79
249
126
425
171
132
316
307
171
193
376
314
160
215
280
255
266
314
132
314
228
306
79
281
440
169
224
382
211
251
340
65
264
212
369
95
171
392
255
89
224
381
348
28
248
439
220
264
157
435
303
131
366
309
356
195
174
174
401
183
252
351
268
135
459
252
206
218
595
254
292
166
332
174
372
202
187
387
166
264
356
234
291
212
255
292
229
392
203
229
301
248
208
355
338
261
168
299
291
163
255
421
289
257
200
361
161
302
387
200
40
294
274
257
202
347
209
301
344
172
457
242
323
205
272
350
218
123
219
381
211
166
265
295
384
157
430
300
80
218
390
215
333
388
343
179
157
554
242
129
373
167
407
114
154
362
398
195
175
298
430
160
36
328
343
210
126
236
295
286
234
183
344
339
168
178
255
342
335
86
341
456
122
132
273
372
340
132
302
347
303
148
163
352
307
166
256
235
221
301
255
221
258
384
194
159
394
169
178
308
384
169
210
435
262
303
158
273
317
207
266
289
169
439
224
316
274
304
210
254
473
190
331
175
386
258
308
250
178
420
258
308
80
307
206
336
120
342
222
380
123
264
215
250
250
148
280
294
117
351
263
238
304
305
305
264
166
258
261
227
263
255
352
301
123
290
316
304
190
378
237
252
207
220
261
286
313
166
258
322
212
304
185
326
206
252
378
216
200
293
171
300
214
453
199
206
292
254
253
175
474
172
169
294
315
216
408
155
325
221
225
80
499
163
255
243
221
296
218
206
404
233
289
175
436
284
115
315
300
344
285
197
256
341
177
241
426
290
123
466
246
379
201
385
255
203
374
255
201
353
240
122
413
254
250
435
358
224
89
459
292
306
210
168
339
346
264
175
352
157
304
320
226
214
251
421
138
333
218
250
201
190
298
270
260
376
222
197
212
335
86
353
264
260
160
300
272
267
344
81
169
428
289
34
422
218
154
317
293
274
86
316
285
267
178
259
341
205
230
160
279
343
349
87
387
227
348
71
297
253
335
168
304
445
351
123
197
405
259
264
176
254
244
166
484
224
89
301
469
163
132
302
335
276
160
300
297
285
208
298
304
341
209
178
285
312
219
348
163
305
308
360
89
209
457
114
237
327
562
132
173
333
266
227
208
442
159
326
129
496
169
262
123
329
319
252
129
279
393
43
340
129
289
287
412
132
303
261
271
222
425
157
126
487
351
184
289
356
173
160
170
462
111
344
28
458
223
206
371
184
212
303
258
249
206
193
206
377
337
219
344
126
427
307
132
114
510
166
83
343
307
289
165
309
203
326
297
214
270
168
295
293
153
169
292
347
80
215
344
287
38
279
311
334
225
280
255
249
383
171
251
431
258
257
301
428
160
414
145
293
390
154
214
387
318
235
178
347
261
310
259
340
400
92
130
376
209
286
348
227
209
283
404
254
382
172
201
182
295
172
221
350
393
160
295
218
297
449
174
258
219
203
295
264
310
217
84
369
380
123
341
331
264
129
379
426
219
295
248
342
197
335
258
117
446
256
95
220
401
263
160
134
562
270
400
166
227
246
463
85
135
491
305
220
341
187
263
276
213
399
252
164
217
298
304
217
315
253
165
384
355
129
310
239
305
188
212
281
242
399
74
215
341
347
162
224
369
293
126
298
372
224
313
226
414
261
306
264
260
384
252
209
215
386
157
227
331
172
393
130
392
224
178
337
238
264
286
390
252
218
209
527
163
175
252
403
183
172
257
332
172
253
336
254
267
293
306
117
189
302
289
266
340
168
254
357
178
314
299
351
252
169
174
346
320
225
332
220
311
255
310
252
134
422
213
285
197
198
289
255
273
117
375
378
141
354
205
384
122
353
287
252
336
177
209
355
179
267
281
228
197
349
313
214
353
218
291
261
239
359
224
342
364
169
129
396
302
126
214
279
500
218
135
247
490
295
151
252
376
157
302
168
458
209
212
481
290
128
461
382
194
229
207
245
154
516
173
334
304
133
344
338
363
266
221
120
399
424
224
197
255
356
303
261
259
339
338
261
220
382
246
288
368
264
227
271
242
397
89
345
309
294
92
336
227
349
257
267
116
299
257
264
201
212
266
307
166
279
174
364
362
208
206
249
243
224
218
172
466
43
316
178
400
217
374
200
292
311
306
270
259
418
215
211
286
390
126
212
446
179
166
434
253
166
301
254
252
232
216
372
215
295
172
343
154
213
401
274
169
282
302
405
43
328
277
307
155
258
275
172
212
265
221
259
346
162
249
175
386
271
166
288
246
302
239
199
264
429
328
251
216
359
214
174
268
196
258
169
435
34
281
432
130
349
339
172
170
246
304
249
295
225
341
74
359
166
216
206
320
360
203
215
211
389
217
271
304
344
86
356
203
381
120
419
307
238
215
130
382
209
335
203
200
323
273
378
271
181
295
204
206
243
167
332
222
154
224
355
337
107
326
185
255
370
283
214
373
111
510
244
285
187
297
198
246
388
335
335
86
466
169
301
126
346
298
43
422
238
492
343
181
208
341
157
277
310
343
136
295
365
323
203
284
208
416
34
293
432
218
175
451
259
126
209
361
287
243
163
352
422
170
323
144
195
240
301
233
245
298
138
335
242
252
313
249
177
368
242
276
255
309
253
379
227
181
434
135
286
307
346
243
258
178
388
267
274
175
257
126
363
166
277
300
371
217
258
307
217
270
265
271
80
330
316
175
209
408
362
138
166
257
413
114
190
311
339
167
169
331
339
170
266
257
313
358
193
350
372
77
458
203
477
177
160
336
218
264
257
329
260
299
269
268
267
165
307
252
178
235
356
164
195
527
259
303
207
382
177
255
254
270
526
169
212
295
374
317
172
350
250
301
258
332
129
270
400
162
221
222
522
43
319
258
341
208
390
261
123
332
337
221
120
478
258
199
286
359
204
184
408
166
132
291
443
216
171
204
343
312
244
172
392
304
120
197
404
212
391
120
234
421
213
212
218
459
175
117
375
249
221
298
197
260
252
212
330
206
325
297
218
154
271
428
295
82
465
163
308
264
264
218
320
202
254
313
132
273
357
329
342
227
270
335
314
263
120
557
257
130
293
387
328
234
279
234
514
165
166
450
218
313
234
246
426
160
244
539
177
416
219
148
282
277
391
264
185
344
329
213
414
170
258
304
123
212
298
476
224
369
80
293
277
275
197
433
255
256
178
170
527
285
83
237
303
328
273
200
309
295
190
289
256
241
218
329
207
126
378
200
266
340
226
242
252
395
253
163
212
433
125
230
415
252
114
218
419
179
301
246
337
206
333
200
250
83
393
335
107
375
237
238
245
286
258
166
374
212
249
243
203
291
317
144
292
388
260
129
333
208
451
288
170
254
249
326
425
86
245
231
245
181
224
203
519
254
171
262
351
126
431
323
261
187
394
261
214
132
557
115
206
165
453
204
194
256
443
139
244
385
255
344
225
166
293
392
113
289
289
334
123
307
218
381
80
292
322
425
197
221
404
365
249
163
408
301
175
249
322
308
207
294
206
296
311
212
209
286
292
215
212
387
212
263
348
221
178
474
197
163
436
280
240
202
249
273
257
218
170
299
120
306
353
310
335
210
158
313
245
223
126
343
269
252
132
348
294
208
123
264
446
179
359
191
231
316
200
160
521
164
169
207
310
212
212
255
331
379
86
288
327
343
271
172
292
363
166
197
379
249
448
114
213
350
206
232
246
331
379
175
397
166
453
201
169
391
304
203
163
237
450
264
239
131
352
377
166
205
248
409
179
173
177
418
302
204
268
347
255
265
198
394
291
199
318
175
290
175
320
211
283
370
288
132
258
398
209
250
258
255
369
182
350
253
215
255
266
132
211
471
296
178
136
516
295
129
463
256
135
175
459
230
342
34
358
304
212
399
306
331
344
90
223
341
215
319
200
316
177
314
332
271
111
92
440
330
252
124
337
83
469
80
172
384
240
206
300
280
217
262
334
120
373
201
354
138
306
71
418
214
122
468
261
144
185
490
296
77
303
494
212
209
396
240
260
169
337
119
166
186
407
184
296
84
394
268
117
226
282
337
182
252
266
214
342
172
228
292
149
344
254
341
282
252
237
369
391
122
253
277
315
351
168
166
297
388
180
126
246
330
295
201
319
457
160
261
132
384
138
429
129
250
476
209
211
175
307
253
132
157
395
191
287
341
163
214
187
412
120
258
452
308
129
344
227
347
211
304
178
262
380
273
398
284
427
270
394
80
265
498
282
262
360
127
304
323
219
268
390
368
284
255
280
169
382
329
208
204
209
301
370
120
333
358
212
123
428
248
230
126
470
197
222
89
477
341
319
174
236
341
224
145
341
270
258
381
169
168
373
253
347
302
166
253
264
212
345
255
118
389
293
240
349
236
280
292
439
246
175
246
332
241
255
384
227
209
301
172
289
310
157
239
346
317
209
83
186
418
258
175
458
203
271
212
212
312
255
252
264
290
206
206
355
375
137
292
336
319
160
206
247
390
117
169
289
305
528
202
141
258
373
361
117
126
347
200
310
220
355
141
249
329
217
252
295
243
325
175
218
178
446
210
338
353
240
206
306
401
294
310
163
296
292
298
119
289
243
169
358
320
120
160
379
361
138
387
246
298
209
460
124
282
123
424
123
301
285
389
307
212
316
175
230
301
382
211
124
261
339
347
171
159
396
304
181
430
220
258
247
206
374
248
197
321
163
252
302
467
176
172
510
206
300
224
227
320
315
242
265
117
350
368
132
223
294
224
338
227
271
336
202
111
403
305
123
541
169
135
289
168
478
128
296
297
470
113
322
489
185
132
332
371
159
71
446
378
212
114
304
316
85
387
347
289
86
392
317
167
211
257
221
291
395
260
406
173
169
369
294
185
351
295
280
175
341
346
344
131
218
231
427
86
310
237
283
375
126
249
250
292
240
213
387
166
299
178
303
129
285
350
199
265
238
287
222
243
385
173
266
154
300
244
206
359
236
276
201
480
271
194
246
353
194
252
262
151
258
344
231
291
294
126
334
299
298
261
169
271
347
215
304
175
249
298
327
216
214
329
221
247
339
358
71
274
339
252
88
435
240
285
163
182
301
200
246
359
260
327
307
74
427
297
220
212
114
323
241
265
322
274
445
83
293
221
338
132
344
390
183
177
267
305
169
234
187
219
373
224
133
427
324
177
221
415
161
212
246
227
397
224
178
397
246
353
170
300
335
309
123
300
345
266
169
306
268
200
346
34
332
298
289
86
299
452
172
220
132
243
621
267
124
256
364
206
37
476
259
216
71
447
230
156
313
181
283
349
212
222
286
298
262
246
339
171
208
178
350
252
252
346
214
251
210
268
354
157
362
159
250
302
286
258
249
370
244
355
352
316
133
425
130
442
261
176
385
267
221
221
392
403
263
339
211
262
337
135
415
423
89
197
219
340
154
273
283
273
278
200
289
226
338
279
255
293
273
309
173
409
206
132
430
264
117
358
313
260
376
247
271
138
353
365
182
171
341
308
219
354
256
286
175
303
160
279
188
264
356
264
219
208
438
288
221
343
276
209
203
267
209
194
307
197
153
331
163
246
273
200
197
385
224
387
122
307
310
205
246
168
554
132
131
449
218
224
296
267
311
313
114
363
188
159
230
347
151
214
298
312
322
194
288
132
337
276
247
255
234
294
203
346
190
217
517
162
309
206
253
176
256
475
209
88
224
435
175
159
397
215
156
266
383
128
280
266
255
209
333
209
224
304
172
344
122
428
218
240
377
260
129
203
440
192
174
240
234
374
354
86
353
172
323
130
348
126
656
279
117
248
400
203
172
292
254
313
217
420
206
251
358
40
347
310
341
157
405
168
137
310
199
338
178
272
295
299
205
295
302
164
240
331
236
286
204
209
257
391
160
297
211
295
130
237
237
414
126
322
237
402
273
356
237
183
295
304
234
242
223
197
421
277
129
381
272
217
357
301
92
207
303
373
171
224
258
439
120
268
197
300
307
129
327
237
216
258
303
289
301
206
160
273
214
406
224
111
288
339
260
86
356
283
255
245
361
281
86
301
362
169
121
336
219
175
304
267
123
203
455
334
120
300
390
168
215
349
258
323
403
246
422
157
292
254
261
307
361
263
138
365
317
260
326
256
124
298
341
212
212
289
338
179
213
260
338
202
257
377
184
219
341
213
286
218
415
86
183
437
213
222
164
386
217
316
224
267
117
310
163
429
255
280
124
273
249
297
260
298
246
218
320
386
184
422
129
175
425
299
138
283
354
253
221
166
316
178
272
246
264
212
347
188
214
253
312
354
357
86
230
375
302
227
402
305
181
209
166
404
285
119
290
255
215
513
43
351
371
85
298
187
390
291
171
341
222
301
292
256
199
225
357
158
246
356
198
247
267
261
222
320
172
394
354
304
166
352
293
318
278
320
215
169
298
216
308
255
258
256
176
424
124
374
212
283
181
267
219
434
265
155
221
375
171
168
393
263
197
398
213
254
212
352
268
228
178
589
126
288
359
348
71
268
383
188
307
409
241
259
125
200
298
312
322
304
293
300
212
436
326
132
135
382
396
213
257
250
194
264
251
388
178
163
400
206
200
391
151
433
273
77
419
302
217
211
349
251
179
347
251
243
429
339
291
203
220
246
210
279
273
368
250
210
204
189
296
240
261
310
166
386
324
212
329
166
203
331
332
246
121
342
298
408
172
311
236
231
203
333
169
254
387
83
221
259
289
170
262
268
394
135
267
256
347
144
261
406
179
224
295
264
245
212
264
313
258
207
522
267
224
217
299
258
251
219
338
281
307
199
437
254
342
86
349
361
215
252
256
160
316
319
135
258
329
324
71
270
297
247
228
206
163
313
346
174
261
203
378
272
131
388
304
127
341
325
196
289
307
301
117
219
341
37
397
255
303
176
353
135
380
264
257
160
463
246
126
175
426
244
256
220
249
333
86
319
178
435
132
346
252
287
236
218
251
301
379
212
209
221
344
194
247
200
256
340
209
259
536
77
117
230
453
123
123
503
399
36
73
328
425
200
273
261
175
214
261
333
218
226
283
227
309
233
234
323
240
222
289
224
208
334
243
172
252
353
261
221
320
236
345
178
200
362
273
279
164
307
242
95
362
222
261
108
481
261
126
263
355
220
209
215
445
209
120
191
398
311
83
295
352
132
245
320
338
252
255
468
215
205
167
281
400
224
298
172
452
166
315
203
255
334
307
120
474
225
175
246
295
267
171
319
227
320
215
289
178
430
212
168
343
237
89
369
254
275
336
270
227
255
374
325
252
273
215
506
315
135
313
175
290
273
255
261
215
375
130
206
242
256
238
249
210
180
203
306
218
425
218
310
163
331
217
154
387
212
170
438
135
308
374
212
221
246
359
311
258
227
343
166
436
157
246
246
284
216
211
352
261
335
218
218
358
255
304
268
387
95
316
218
292
161
194
310
172
267
274
313
246
157
254
469
119
304
165
246
240
116
404
267
379
126
120
431
432
95
175
343
327
198
79
253
311
237
82
396
279
246
205
200
384
166
315
304
215
414
120
352
175
339
168
252
131
399
203
258
248
246
256
185
386
192
212
338
318
366
123
304
251
315
221
246
330
317
286
184
261
216
258
355
283
126
246
406
304
211
86
425
475
43
342
254
242
166
345
282
394
363
178
304
489
295
206
124
424
285
220
86
449
552
80
200
298
344
200
170
510
252
166
126
405
83
514
300
132
336
393
111
372
164
415
169
320
298
271
222
426
120
123
224
387
215
158
206
337
336
294
212
197
381
387
180
178
169
496
300
170
169
427
307
28
289
388
218
341
350
244
148
197
385
288
167
209
418
121
262
280
276
375
268
129
372
219
194
276
319
80
479
225
162
210
360
166
288
227
341
273
215
363
264
374
169
373
109
314
261
294
71
492
117
248
128
302
417
117
256
243
307
236
261
333
261
219
253
331
303
79
409
304
169
461
213
252
224
274
257
120
172
512
233
203
219
449
152
243
276
187
203
307
233
261
233
255
313
301
301
172
289
187
401
176
215
252
313
259
207
213
340
243
168
321
415
92
284
394
86
304
396
332
108
166
378
251
171
433
151
285
331
168
218
264
402
210
221
313
212
270
287
175
323
126
347
178
224
292
347
218
370
135
228
392
385
36
248
442
180
167
334
254
265
163
268
238
427
214
286
233
271
362
166
382
261
126
279
436
173
431
262
273
135
318
292
339
190
425
169
215
341
304
177
260
304
306
219
289
252
130
524
122
169
344
301
178
229
409
132
89
274
532
184
178
260
382
178
213
175
206
373
339
120
340
335
282
215
270
316
161
221
419
173
243
218
347
215
225
246
212
298
308
304
174
378
215
258
336
315
326
138
89
335
316
294
266
155
227
331
372
34
240
346
165
211
203
388
329
163
434
270
171
292
304
275
203
358
120
384
123
406
124
236
291
359
157
310
390
179
130
291
320
246
388
320
257
371
135
273
313
260
306
287
258
245
243
353
218
153
338
316
111
321
214
273
209
344
176
237
338
203
212
370
73
378
261
209
225
154
474
298
295
258
206
261
280
221
286
209
175
261
465
83
329
173
314
209
176
430
172
160
255
259
308
257
334
126
226
559
208
181
249
308
298
79
311
209
327
303
303
249
245
318
233
194
267
344
169
178
412
294
80
168
472
150
243
240
290
262
313
249
227
331
208
362
162
156
296
290
240
233
308
400
245
289
352
221
154
272
309
279
246
426
391
215
117
343
389
166
172
322
391
261
77
420
254
215
117
394
304
270
184
545
384
34
251
532
374
38
464
79
519
219
173
319
400
260
357
177
268
304
165
297
305
320
221
304
503
174
160
274
414
255
209
212
309
170
205
389
261
126
377
217
249
345
289
300
213
169
335
310
255
123
264
430
85
205
312
329
157
289
349
245
226
393
165
267
157
528
163
306
261
301
319
249
304
224
248
206
342
71
448
266
304
212
304
92
372
223
221
316
304
296
203
334
281
122
484
276
120
181
399
227
294
221
261
208
252
270
254
292
171
285
177
455
310
215
212
313
203
306
308
217
248
121
385
255
268
73
381
396
162
264
347
302
210
242
293
224
261
379
419
129
249
246
405
257
177
264
331
115
216
338
306
121
215
301
208
213
263
286
365
236
254
201
126
344
171
332
264
212
255
275
220
210
393
212
200
344
218
297
280
230
187
184
292
302
358
167
285
219
392
218
172
228
427
246
174
366
175
442
264
236
258
292
160
312
207
216
398
256
83
264
409
482
128
351
261
315
285
166
404
168
374
249
117
245
375
309
151
302
255
286
227
298
334
154
169
336
252
160
316
365
301
169
365
307
161
290
302
332
252
205
285
163
334
393
296
160
307
330
263
310
461
126
166
295
250
269
334
205
182
244
258
222
264
135
302
437
176
319
220
372
267
156
132
430
280
164
153
293
341
257
329
157
238
298
288
220
291
253
224
300
328
73
382
385
170
199
344
369
126
175
421
247
129
336
241
387
240
117
283
346
342
73
221
351
160
286
215
311
279
34
438
343
212
201
264
420
86
309
387
298
129
372
332
133
393
282
85
341
258
277
307
218
206
240
270
37
496
174
221
356
333
317
169
251
400
198
171
286
299
247
175
273
381
121
130
377
218
224
129
361
349
221
338
252
341
89
321
120
324
261
261
157
267
481
117
275
172
430
260
123
332
309
218
116
374
129
386
175
356
228
292
138
375
397
181
219
205
449
80
218
311
348
226
157
203
402
169
396
212
184
262
419
121
161
302
267
249
312
289
276
169
254
203
337
224
330
207
223
178
216
343
219
348
123
264
293
258
253
129
479
258
166
172
429
203
138
241
461
258
135
392
258
175
330
288
163
252
351
154
301
138
326
221
270
82
301
274
436
156
230
261
306
163
225
169
381
320
185
258
321
260
386
184
252
203
261
235
545
375
213
274
359
132
434
111
301
218
333
308
268
193
339
212
395
299
382
73
289
394
207
307
323
442
83
270
393
307
163
237
327
236
277
80
351
261
160
259
297
258
236
397
251
396
123
459
37
303
352
172
170
215
289
390
254
301
303
86
381
255
157
181
350
305
178
267
303
287
165
330
319
135
250
343
380
80
211
338
429
178
224
219
382
180
209
296
218
220
252
241
309
341
172
239
344
301
292
209
344
166
437
117
168
411
170
334
292
191
258
255
316
202
259
316
387
151
181
485
347
120
215
351
344
257
126
243
374
117
154
327
383
223
224
224
264
279
233
252
331
129
264
253
298
326
284
163
309
451
122
126
338
335
160
165
429
246
175
225
356
299
172
296
305
222
89
221
406
234
255
172
332
286
253
263
391
203
134
311
362
226
163
212
323
226
299
209
249
287
208
268
294
174
266
296
229
382
162
256
285
167
277
365
206
250
353
209
425
220
169
359
169
335
234
270
235
267
169
255
197
302
86
342
221
311
86
365
344
135
268
356
307
160
257
432
224
265
265
422
211
166
226
266
335
259
341
128
324
243
342
242
179
251
266
392
219
326
123
375
257
160
350
251
162
160
473
172
166
387
258
265
154
340
314
218
440
212
294
279
83
273
520
208
223
286
203
307
237
37
298
350
297
206
199
297
306
254
228
304
288
306
132
398
389
215
203
266
452
88
228
390
287
152
171
433
224
95
354
298
334
198
211
384
37
300
427
215
129
277
297
239
229
271
314
256
169
394
197
218
206
362
260
129
209
206
523
111
243
475
315
89
401
347
289
43
533
71
212
338
221
80
341
319
217
390
275
169
350
205
210
283
315
178
298
277
141
251
385
299
179
209
368
259
306
179
243
252
304
160
298
404
160
172
396
379
212
113
439
126
470
261
261
512
202
300
244
351
223
122
225
414
268
43
221
423
300
166
261
129
304
317
273
166
166
221
344
136
393
255
295
144
472
86
387
270
261
123
343
295
206
215
218
251
448
197
206
389
252
75
236
216
434
264
257
172
213
344
138
277
332
212
248
225
196
419
225
242
128
312
280
166
323
276
175
209
316
273
302
372
266
133
265
351
185
220
415
206
181
270
341
189
241
310
338
286
288
447
132
212
424
209
326
376
329
210
468
165
386
169
375
219
431
289
259
256
335
172
259
177
556
228
276
246
254
363
287
157
211
328
283
306
161
220
280
261
310
135
298
221
227
338
126
261
262
423
237
316
175
174
406
212
178
318
267
224
266
347
310
245
207
342
152
215
175
397
209
163
126
492
207
168
347
396
154
307
89
379
267
207
125
335
442
71
283
274
393
222
211
336
215
362
122
289
397
252
130
484
241
77
300
301
264
125
359
242
285
215
238
315
286
129
375
294
122
151
303
343
80
373
378
170
274
214
308
267
212
285
267
249
337
251
217
253
369
132
292
311
225
203
364
332
454
311
308
40
421
212
341
157
307
123
208
381
243
123
225
414
230
151
304
221
217
214
208
305
246
309
215
257
160
376
221
206
218
381
120
284
316
278
212
234
380
218
172
361
294
255
203
182
253
421
223
155
262
227
328
129
366
271
181
163
528
245
214
266
336
253
267
219
224
301
251
255
319
278
403
252
115
298
307
379
128
249
433
347
326
227
249
297
223
405
34
446
175
244
215
349
122
295
210
406
286
120
329
327
166
83
552
197
221
352
335
175
330
223
175
259
166
298
209
359
151
219
319
132
386
169
251
292
301
306
212
215
255
430
224
113
495
212
132
166
424
304
218
212
327
262
107
176
407
178
261
297
362
127
401
218
266
296
343
209
338
245
158
347
242
111
328
220
344
282
429
80
256
267
284
83
477
201
181
378
298
147
218
330
256
132
378
362
250
129
289
172
445
222
264
126
334
123
385
355
148
302
263
338
230
199
375
201
221
428
229
170
307
395
83
407
215
304
227
252
433
36
343
427
123
175
392
293
199
286
356
162
301
197
249
349
116
336
329
258
80
399
437
80
212
299
342
105
301
359
223
178
243
306
291
120
215
523
201
171
307
317
306
164
336
316
370
176
258
296
237
212
176
295
313
318
304
169
352
348
82
258
403
138
310
306
289
204
181
348
325
172
170
434
212
144
211
245
335
213
269
301
270
379
137
203
428
184
175
491
163
178
209
236
344
231
202
330
163
277
283
219
243
311
212
211
309
337
120
379
111
340
305
210
228
286
356
223
212
301
411
156
290
258
173
388
174
136
289
429
138
298
452
267
216
127
298
381
294
223
393
182
320
308
490
250
193
285
380
255
243
278
261
197
293
180
277
304
333
353
173
252
388
256
165
250
261
225
227
344
166
383
129
348
335
184
319
255
312
233
224
338
179
215
206
667
280
184
205
430
258
169
292
399
267
217
215
397
165
241
209
486
166
190
258
335
196
325
212
211
365
148
232
307
263
307
197
283
374
296
252
168
304
153
246
246
354
209
334
163
422
424
270
237
200
189
258
292
252
267
304
148
282
302
294
304
454
206
301
304
218
371
374
86
338
243
292
169
416
188
175
223
457
208
200
306
390
208
194
433
354
80
390
253
283
253
335
211
175
335
176
181
243
456
79
424
260
215
132
384
181
396
130
385
81
246
329
129
390
154
290
125
383
349
163
160
261
310
259
233
344
77
410
344
241
126
254
427
224
155
368
236
252
203
168
354
252
351
247
215
250
285
254
300
172
281
292
293
206
145
310
292
117
270
313
307
181
290
247
359
129
434
300
170
224
351
343
135
271
350
134
267
326
359
172
218
304
221
304
261
163
130
504
246
166
262
341
265
331
289
170
246
267
178
364
170
342
233
240
412
208
313
200
163
338
347
222
298
282
250
248
170
353
210
243
211
360
223
237
522
181
252
340
319
175
193
438
263
180
384
444
167
117
264
300
224
363
308
123
333
313
298
206
166
154
307
360
92
292
390
221
37
472
210
117
267
421
159
308
346
292
222
279
392
232
80
264
402
200
236
331
223
203
323
252
129
343
154
244
204
289
381
213
168
338
308
375
92
324
288
267
132
350
298
184
309
320
276
123
236
418
211
252
95
371
260
213
264
348
175
248
221
429
248
261
261
171
412
272
338
261
224
230
173
308
293
270
218
166
163
439
199
86
396
363
162
230
285
175
265
540
206
172
324
156
234
257
218
323
241
304
301
388
111
208
297
301
165
372
125
380
230
258
288
295
215
215
346
307
135
230
270
313
194
340
251
169
294
192
329
294
175
132
307
461
200
247
319
360
135
263
387
201
364
246
177
572
126
138
326
345
86
295
316
212
337
513
313
86
265
206
413
263
120
378
298
218
134
280
282
357
86
297
73
469
266
307
338
126
264
218
464
38
335
215
327
132
239
444
144
203
206
419
132
219
174
351
362
209
344
249
274
169
654
300
353
168
356
166
407
215
197
335
175
248
209
430
210
163
478
224
296
193
430
255
228
267
385
307
221
200
296
359
224
250
354
342
135
378
215
285
218
356
332
271
289
219
298
157
311
288
236
227
405
340
79
205
259
344
314
77
255
230
360
162
212
326
268
309
160
258
349
341
126
528
378
43
175
457
249
177
259
195
426
222
302
310
211
162
357
248
224
283
408
179
168
425
338
252
240
390
225
216
330
347
246
215
249
341
218
283
184
277
338
126
168
491
242
211
141
491
257
117
391
224
181
200
304
337
168
215
209
469
204
267
129
153
479
304
216
303
292
317
329
168
276
350
299
174
367
172
207
325
157
285
115
433
159
334
245
305
86
347
402
163
202
464
254
188
148
442
327
89
284
260
224
328
167
161
266
384
191
276
264
347
151
335
207
261
255
388
86
335
222
236
310
371
240
319
315
402
77
163
448
388
132
175
378
392
203
298
114
215
494
252
89
246
422
255
363
160
135
364
228
206
234
307
262
211
353
212
258
300
169
307
266
341
287
264
267
462
114
323
120
390
221
199
172
427
304
257
300
353
347
184
218
34
433
366
132
263
318
352
230
129
243
329
249
319
278
263
221
252
283
270
227
346
171
226
299
306
297
154
301
209
347
168
440
276
255
253
221
212
384
166
253
252
200
280
161
255
298
299
214
212
325
303
242
288
178
370
247
207
166
276
381
163
352
232
215
349
337
309
95
267
422
246
181
212
402
273
181
339
206
252
370
177
216
382
180
276
185
355
305
264
80
337
323
228
77
269
473
141
268
261
309
249
166
312
173
316
177
210
350
164
273
474
203
257
129
328
352
135
245
319
224
340
243
285
197
267
348
249
416
292
160
230
379
77
308
249
332
251
174
212
377
283
255
154
333
126
264
129
303
384
304
204
384
157
311
369
279
130
258
381
125
291
253
315
255
160
249
309
334
224
167
409
211
163
209
234
248
279
128
522
79
249
350
119
175
381
282
139
160
465
105
350
273
154
135
399
203
202
249
267
252
322
425
163
117
316
273
386
163
295
253
346
215
331
267
259
271
296
289
427
86
238
431
120
306
203
440
203
135
445
209
309
208
386
304
286
288
301
295
81
450
270
329
162
419
289
163
206
289
543
392
306
176
304
281
386
241
178
291
449
172
123
428
389
339
201
346
243
406
209
116
315
409
313
336
221
175
466
178
242
346
369
83
422
298
172
335
339
175
237
399
218
215
325
189
456
160
220
390
129
129
360
295
224
220
307
263
398
123
226
345
212
221
461
212
190
220
311
420
209
323
169
422
119
215
246
478
88
345
160
219
306
304
265
369
215
181
255
264
282
173
407
172
261
337
295
210
212
123
502
304
260
154
358
169
264
323
86
324
175
252
246
258
296
312
213
238
298
255
311
218
265
246
200
340
311
224
264
353
298
132
249
291
258
338
133
279
291
355
178
343
159
415
166
434
122
267
332
221
166
403
336
301
286
409
131
381
308
209
108
338
379
166
245
389
205
126
302
478
194
181
339
215
217
237
295
90
438
224
336
284
243
177
220
293
221
254
272
247
167
283
218
338
364
40
284
250
309
338
257
251
155
401
171
217
264
394
298
170
287
350
300
122
290
353
300
168
327
199
274
206
419
302
225
249
280
293
218
382
117
295
227
233
221
436
166
310
86
264
255
249
319
282
272
298
157
317
221
162
476
166
260
432
169
307
168
385
129
381
127
320
211
286
181
273
323
200
252
197
384
239
169
269
267
243
253
188
356
209
255
329
395
111
286
414
172
268
135
490
179
105
288
276
236
218
218
310
299
304
172
416
177
200
255
254
338
217
353
168
436
172
293
202
344
86
301
230
427
221
160
253
352
74
86
502
410
163
248
175
308
387
168
326
248
445
207
178
511
135
261
212
421
295
219
341
326
79
389
219
212
120
424
310
169
372
163
427
179
196
88
384
268
193
203
244
351
209
350
86
212
429
347
169
220
355
305
172
141
391
430
132
135
441
265
34
339
448
172
264
378
300
220
332
170
258
286
171
443
105
255
215
367
324
155
340
195
330
129
393
80
284
222
331
71
255
405
301
108
447
356
236
135
421
305
117
135
478
270
250
206
310
373
166
286
346
162
315
258
292
268
251
190
424
132
442
271
298
181
419
230
163
298
321
86
344
218
214
190
305
348
81
338
230
285
243
257
287
218
221
391
209
169
411
335
163
126
377
270
213
126
396
262
311
169
385
255
120
305
211
215
317
257
342
374
203
243
365
538
84
172
388
346
210
343
310
302
528
173
28
393
356
174
226
392
224
339
175
293
351
252
316
276
215
343
169
323
242
252
270
298
126
286
242
307
260
335
132
270
308
194
210
380
188
160
361
332
188
339
301
256
174
278
295
224
296
391
212
136
262
429
172
129
343
257
123
337
341
175
120
370
253
285
216
495
264
209
491
85
378
84
285
256
499
181
282
329
175
135
411
292
274
157
431
335
95
298
341
160
469
178
178
258
378
83
368
283
243
197
370
157
259
384
212
172
258
307
307
369
79
387
217
242
206
270
383
181
170
459
132
163
83
430
197
208
261
346
160
248
206
487
105
319
219
361
258
301
370
200
123
329
337
328
174
163
340
387
171
285
223
280
178
398
258
172
264
352
292
209
381
177
252
184
244
536
161
135
276
373
157
277
337
169
298
235
203
372
205
304
126
218
381
258
174
164
350
289
186
297
433
137
377
356
197
215
301
255
260
28
549
122
255
213
384
172
209
386
223
188
225
479
209
181
175
535
40
308
175
227
258
395
86
227
274
329
160
173
297
463
240
141
246
404
291
255
122
326
379
229
249
275
184
161
319
169
304
350
294
264
176
371
123
258
292
312
274
172
385
307
169
365
302
296
224
301
250
267
314
257
211
337
306
120
344
270
304
224
319
172
135
468
121
315
120
286
126
425
215
388
108
174
354
328
169
263
264
293
206
323
249
200
261
267
323
200
286
172
396
332
166
79
387
315
215
451
178
301
206
177
383
165
259
253
299
210
248
267
249
352
159
126
317
301
89
385
219
224
286
273
251
160
437
281
125
206
292
267
218
267
344
269
212
319
175
200
353
172
387
327
255
269
337
360
221
212
294
397
260
256
163
280
400
203
89
258
306
241
209
380
123
284
215
342
351
273
193
434
276
225
295
390
230
218
301
178
302
247
191
286
257
434
307
286
246
385
206
355
166
233
402
201
444
130
319
175
243
280
365
170
326
261
209
209
304
298
255
151
378
260
254
211
279
230
293
261
242
181
209
471
257
228
312
240
320
200
295
473
167
266
350
335
199
264
416
245
181
372
83
359
341
187
175
479
80
277
242
433
130
365
316
196
261
218
348
338
179
310
387
225
304
395
170
80
342
479
218
128
458
415
105
34
510
171
303
258
539
179
468
77
360
205
283
253
500
221
198
491
164
217
314
417
83
245
178
508
294
118
208
352
398
200
311
332
227
335
248
257
419
203
132
346
479
125
134
279
359
181
353
335
178
256
197
282
92
443
213
129
298
353
214
209
219
337
326
254
132
518
194
169
376
304
134
448
175
289
244
345
253
173
234
351
266
336
334
162
215
436
230
214
261
344
71
291
363
178
160
374
303
203
211
393
178
179
260
423
304
185
320
433
259
92
406
301
157
127
405
302
202
318
157
430
169
245
118
401
265
229
209
423
298
92
171
405
203
141
442
153
263
340
284
224
130
295
256
252
262
212
257
335
343
136
200
294
353
264
386
117
209
292
203
175
390
256
182
346
326
304
126
311
362
168
344
280
181
163
340
363
333
43
227
430
265
230
381
294
268
221
293
241
259
373
319
231
86
385
253
467
292
295
268
289
223
169
229
524
292
34
292
337
299
310
222
37
426
278
151
415
326
89
348
264
228
209
201
307
249
207
135
439
267
289
206
267
292
265
243
230
325
157
215
436
165
281
265
224
411
244
298
303
250
297
71
356
163
335
289
214
379
160
177
283
275
310
168
300
221
283
235
311
223
397
117
393
86
260
343
340
133
312
385
316
244
218
126
283
335
341
153
267
165
482
157
82
301
420
226
135
445
265
169
168
338
242
221
166
381
117
163
406
215
173
248
458
218
129
304
267
224
245
218
418
166
220
417
206
217
338
312
123
200
412
174
220
349
258
160
291
399
163
246
338
216
89
376
366
172
241
433
415
132
334
301
255
289
132
396
212
351
260
356
209
258
222
301
200
375
83
367
246
252
200
162
355
169
160
477
163
121
452
382
200
208
215
249
240
197
126
433
449
233
431
172
298
233
356
80
309
261
264
166
341
203
117
429
200
304
267
269
166
356
235
228
252
384
212
215
347
131
386
168
358
123
157
210
298
294
273
297
212
262
194
178
237
351
347
179
298
208
231
529
122
217
448
249
121
252
354
211
422
169
214
304
214
408
221
126
338
320
292
287
289
240
304
301
259
301
168
432
89
369
358
203
127
337
270
240
197
82
427
178
210
342
416
138
163
335
175
252
332
386
86
387
275
209
40
300
494
117
220
402
212
292
238
301
286
164
259
523
350
158
354
314
255
356
203
239
251
322
315
304
258
175
323
327
203
175
413
176
166
407
360
175
166
332
243
177
473
259
206
181
396
352
211
135
601
268
195
256
406
153
223
336
348
214
79
226
458
129
157
439
270
80
340
203
435
123
154
377
224
177
360
303
71
301
353
132
237
269
289
307
160
367
279
215
236
291
384
86
265
372
216
181
487
200
166
353
248
191
261
323
268
247
264
341
256
77
405
268
157
133
566
288
197
327
281
218
197
248
461
123
255
365
332
183
423
168
341
237
169
365
224
206
190
319
405
169
245
252
128
444
218
269
311
215
431
384
215
246
362
212
325
295
134
357
211
229
218
396
215
350
205
164
289
342
240
240
342
147
199
246
251
340
252
308
160
258
260
347
83
387
167
268
279
264
218
259
266
354
268
212
132
208
257
345
124
353
305
130
237
335
289
203
291
201
224
232
267
249
353
213
359
212
337
255
292
344
121
340
429
119
126
379
126
222
352
267
178
249
166
249
292
203
257
203
205
259
251
169
301
372
43
353
391
261
120
339
319
328
135
175
218
399
163
135
301
303
288
43
280
307
298
135
351
174
466
169
181
149
295
172
166
339
221
126
329
262
212
80
225
390
43
202
133
344
325
71
175
399
89
216
343
237
166
212
292
212
209
129
245
190
254
194
176
80
369
248
89
132
295
129
343
208
83
258
117
81
126
172
214
37
295
74
123
297
212
73
178
258
141
175
206
77
204
80
77
237
162
123
132
181
117
255
34
162
86
86
120
126
88
135
228
95
151
163
43
180
260
40
89
83
227
71
77
34
222
95
38
172
196
191
80
34
175
43
225
125
37
129
175
123
34
71
136
71
86
135
81
28
113
80
37
74
73
34
114
43
34
117
43
40
34
37
43
37
40
83
77
34
28
43
40
40
43
92
38
40
43
40
34
43
43
