1477
1364
1361
1071
1320
1382
1170
846
1213
1390
1359
873
849
1248
952
1341
1293
1169
1143
1351
969
978
1190
945
1132
1122
1112
1113
974
1257
1051
1203
1321
984
1034
1133
1087
1079
1148
904
977
1176
1079
1086
991
1166
1097
1171
982
1088
1255
1153
1020
1219
1011
933
1342
1029
1296
1268
1075
1154
1060
953
1242
1087
1078
985
1233
1012
1099
982
995
981
1206
1042
967
1051
955
1103
1091
1145
1140
1196
770
963
1197
952
1222
886
972
1139
898
1127
1059
903
1058
1043
1022
1032
1149
987
1109
900
1100
1041
1067
1051
1205
1182
1383
1121
1108
1125
974
1158
1156
975
1084
1138
1132
1052
1119
1064
1170
898
1039
1024
941
999
1208
1097
1031
1059
995
950
1129
1237
1067
1181
1019
844
1078
1124
1049
983
963
1103
1187
1177
924
1045
1067
998
1021
1170
1058
956
1083
983
1052
1005
1037
1065
931
980
1187
899
921
1021
1129
1204
1274
977
994
1158
1317
884
1082
983
1082
1119
1078
988
971
1081
1005
985
977
1145
1043
1068
942
1053
1226
1017
1050
1051
837
1044
1069
1064
1120
1238
1036
1042
992
1022
985
967
1016
1190
1209
1123
1118
1201
1203
1207
1251
1131
1002
1080
999
1133
1083
1038
1175
1116
1060
1248
1179
963
921
888
1153
982
1182
1085
1043
1216
940
1033
838
1021
1045
1112
929
1090
973
1185
1058
1310
1213
1025
952
1165
871
1117
990
1047
973
932
966
1078
945
1150
1126
1035
1098
958
1039
1253
1167
1123
998
1102
1011
1136
1109
937
1010
998
1097
1142
1060
1212
1001
963
1145
1010
1197
1132
955
1097
964
942
1186
1053
1234
937
853
1036
1068
1082
1006
1141
942
1097
905
1191
1003
1106
1123
966
947
1124
997
1059
1037
1050
1047
1004
976
1086
1133
1055
1084
811
1008
1013
1008
796
1050
1232
1152
1107
928
1180
1175
1095
1133
1162
953
1095
1152
1128
1092
1132
975
1075
1014
1181
952
974
915
1196
1027
999
1283
842
1167
1090
833
1300
867
944
1025
1154
1015
864
1098
895
1107
1105
1062
1150
1082
894
1078
1214
934
1052
1137
1019
1035
1234
1060
1087
1103
1023
1044
1139
980
1170
911
1143
1058
956
1163
791
1118
1051
912
1063
999
1127
1046
992
1091
983
1147
965
1044
1011
1023
978
1197
1125
1089
1056
921
1219
1238
1043
1177
1257
945
1120
901
1115
1055
1009
1087
933
1132
1051
1208
1106
873
1174
1139
1099
1068
908
1232
956
1141
941
1292
1080
1001
1181
1026
1037
1040
1068
1059
963
1191
1027
1020
1006
1292
1207
1109
1225
1201
1098
997
1158
1100
993
1069
1233
942
1271
942
1169
1037
1031
1016
1019
1167
1166
1058
876
1015
1035
1025
1090
1078
1045
863
1146
1240
949
922
1105
1088
1181
980
851
1157
1262
977
1045
1008
1167
1074
816
1021
1036
1072
949
1139
1085
970
1156
1201
920
977
1077
1225
949
1028
881
992
1060
867
962
1240
1051
1130
986
870
1077
929
1029
1021
809
1153
1160
1220
854
1184
1070
954
1092
1198
1104
1116
974
964
1048
1001
1238
1082
1108
833
1042
1141
1052
989
1171
1095
1221
1003
939
1169
927
1039
931
1248
1029
962
1105
1004
877
990
958
1076
1058
1056
1268
1334
1035
997
1074
989
1223
1111
1098
1164
950
1173
1100
1085
998
1385
1134
1250
1099
958
1103
994
1031
974
1151
1094
1087
1079
1076
989
1135
956
994
1204
897
1321
808
1229
886
916
1215
948
1208
1039
975
1065
998
991
1038
1029
1063
1121
892
1207
1044
1067
942
1054
955
984
1139
1094
1140
1068
931
1091
1147
1083
968
961
1008
1007
1277
1098
1115
1142
1057
1022
1015
967
1046
1067
1166
911
1088
1028
881
1188
1061
908
1010
1220
931
1120
1018
1113
935
1228
880
1085
1047
1119
960
1041
1064
1038
946
990
945
1130
1106
1184
1130
1190
847
1138
1181
1193
999
1002
983
1049
1070
931
1071
987
1079
1045
1005
951
1043
1258
1213
1187
1063
1131
1213
1004
1230
1054
1066
1125
1086
1198
967
948
1012
1179
1138
880
961
1179
1300
999
1086
979
1053
1151
1054
1093
1208
980
1033
1051
1019
1283
980
1063
1193
1178
1218
943
964
1101
1042
1007
1114
1100
969
947
1187
1044
947
1132
856
1069
1036
954
1139
1007
1004
1248
1140
1107
1176
1004
958
1047
1155
1162
1137
1097
1062
1022
1132
912
990
1168
944
1181
900
1116
922
874
1299
843
1230
1025
1112
1083
1022
860
1135
1170
956
1046
1210
919
1069
967
1051
1012
1168
998
966
1085
1163
1069
1046
1092
965
997
998
920
1194
1052
1142
1030
987
1049
1073
1048
1063
1077
1053
1158
1105
1373
993
1197
1213
952
1275
1120
1237
1149
1081
946
1073
1164
1025
1136
967
1017
1159
1090
1101
1054
978
1031
953
1034
939
991
1111
1263
957
945
950
1040
1261
921
1194
1057
1014
1027
1174
1026
1049
1119
1092
1025
1046
1044
1064
891
1219
1088
997
1062
976
1046
1122
897
1251
1020
942
1048
1130
887
1073
932
879
1258
992
929
984
888
1145
1059
1114
976
1174
1032
1090
1242
956
855
1122
1063
1148
1238
1010
938
1226
1063
1062
1093
1031
970
1080
1152
868
1094
980
997
1047
1132
1116
1149
1148
1151
1109
926
1126
1158
956
1129
957
1163
1010
1023
1106
946
1064
1066
1055
1072
943
1067
1023
962
1400
1190
1095
1082
1132
900
1105
1200
1124
1100
953
1019
1258
894
1136
862
1274
1055
936
1055
1128
1179
1053
1247
1043
1192
1142
994
1192
918
1104
1096
832
1188
959
1205
927
1004
910
1137
1016
1136
923
898
945
1101
1007
988
921
1037
1104
964
1088
969
1065
1086
1224
919
1307
954
957
1077
1076
1090
975
1166
1009
1055
1004
1035
1214
974
1032
1045
1137
1053
1000
1043
1164
1102
1084
1041
1005
1030
963
1121
1035
982
1000
994
1015
1055
865
1082
1054
1109
928
1118
1043
1030
1200
1201
1127
1058
904
991
1157
1061
1043
1140
1001
1039
1130
1080
1109
1148
1214
1187
1188
927
1126
1017
1084
1030
1086
1052
1243
956
1124
1091
1157
1232
812
1082
1123
1071
1167
1148
822
1055
1175
931
1139
939
1222
1079
873
1077
1088
1062
962
951
962
1022
1242
1084
1106
1051
988
1086
975
1087
1071
1117
970
1100
983
1339
811
1045
1228
1210
1057
888
1110
839
989
995
1034
1163
931
1028
1094
950
858
1088
1014
1154
969
1051
1060
969
1097
1112
1150
1092
932
1188
1017
976
1067
1107
984
1065
983
945
1163
899
940
1129
864
904
1271
1063
1030
1106
971
1046
1048
1155
1002
1149
1000
1182
1000
987
1082
938
1095
1139
1111
1075
1025
1067
1030
1064
892
1017
1019
1126
817
1056
1208
933
1194
918
1150
1100
984
1083
1316
1266
1272
1108
1153
1066
1065
964
1015
1257
962
909
1261
1247
947
942
1049
1211
857
1109
1187
1104
914
1095
1145
980
1062
945
902
1119
1184
1133
1072
1097
1052
1109
955
999
1084
1113
980
1028
823
1025
906
1167
1094
1033
948
1035
1082
1142
994
1044
1293
1158
1015
1134
1044
1056
1035
894
1051
946
1155
996
1057
987
1054
1118
872
1364
1027
1152
995
1233
1206
992
967
1049
1085
1193
1050
1043
1098
1128
1026
1046
1042
1099
1209
957
958
957
1057
1072
1140
999
940
1189
978
995
831
1192
902
1094
1043
1155
1164
1013
1217
1129
1112
1030
887
1057
944
1257
1222
1037
944
1094
1200
1131
1204
1115
1074
1225
1074
1282
1178
1147
1193
1031
996
948
983
1056
921
1160
1018
1074
1207
979
1072
950
1018
1112
929
893
1097
1214
990
1118
1000
981
1031
1084
1204
941
1139
930
888
1094
1069
1020
949
1213
992
1167
1034
1095
1001
900
1259
1361
961
1011
1092
991
950
1007
1020
1003
1261
928
1086
960
978
1091
1062
937
1041
1074
1116
819
1086
1070
1000
992
1027
1125
1025
1057
1085
1023
1196
1132
1023
944
1138
1148
1075
1036
1087
1165
1050
1023
1043
1071
900
1040
1208
1116
897
1060
1101
1182
853
945
1082
1022
1083
838
1085
1047
1128
958
1109
1136
932
1027
979
1273
1019
1102
1032
991
959
1132
857
1232
1231
1215
1260
1106
1121
1311
1216
937
1123
1111
906
1245
903
975
1138
990
1097
1144
1009
1090
987
989
949
948
1105
1246
984
1079
754
995
1088
1070
1145
1015
1169
1013
1031
929
1110
1171
951
1003
1183
974
904
1127
1218
1086
1213
1118
1004
1146
1095
935
1118
970
1030
1148
889
1133
1069
1216
1014
1058
862
1204
1025
1031
1113
950
999
1129
1163
1238
966
861
1126
1017
928
1119
1054
1270
960
1075
1040
1177
1052
1294
1043
981
1089
855
966
1165
889
1144
1187
910
1072
980
1059
1078
1152
1030
1085
903
1161
1128
1065
1276
812
1167
1228
1167
892
1015
1059
941
986
1041
1107
1067
1094
1051
1005
1181
1079
1197
1196
1086
1263
1109
995
1265
1161
1120
1028
1045
937
1100
956
1012
1207
1022
872
1082
1158
1049
1035
954
976
1028
977
1166
1089
1177
1060
1033
1062
1127
1068
1021
1175
1059
1011
1041
1212
1061
954
930
1044
1267
936
982
1000
936
1187
1026
1244
1091
916
1107
1259
1019
1006
1122
1004
1341
821
1052
978
1111
1073
1137
1208
1048
1059
833
1176
1247
885
1167
1074
1142
936
1126
1009
1065
1268
1013
1077
987
1015
1042
1144
1229
851
1094
1039
1012
930
982
965
951
1138
884
1056
989
1096
1022
1065
1101
1040
1090
864
1074
1135
943
1038
1173
857
1118
1150
983
1009
1334
1023
1062
1040
1100
1135
1068
1151
1085
1236
1272
1090
1130
1125
1153
885
856
1133
1016
912
1146
1029
914
1056
876
1162
1064
1069
1089
1161
982
1074
1099
989
970
1080
1159
1170
994
843
1196
1062
1146
1002
1127
1116
1046
1053
1240
901
1125
1021
1108
1090
998
925
1104
932
972
1138
1138
1043
916
1156
886
1090
1089
1095
992
996
1088
1095
907
1122
977
1083
1144
1270
1029
917
1099
1020
1076
1000
929
1185
1235
835
985
981
1226
1020
1048
1227
1035
1133
981
872
907
1248
1158
1122
1071
981
1091
1053
1029
1214
1280
806
1037
1270
1149
756
1234
1123
1088
1032
1008
948
1086
1219
957
1032
1173
1131
867
1047
1119
1120
1116
1132
1280
1216
984
1109
1267
1166
1302
1227
1029
1116
988
1023
1009
1152
935
1231
958
1111
1012
1057
950
1047
944
1008
1122
1092
1190
1038
1106
1006
1085
1122
1001
939
1156
1187
1082
1052
988
892
1158
904
1041
1061
1064
1032
998
1076
1201
1061
1093
1295
968
1136
1001
1110
1170
1048
886
1098
1149
1129
830
1077
1017
1090
979
1031
1134
1160
1268
1107
1006
1052
971
973
1050
1113
1019
1048
917
1071
1339
985
1165
1036
1189
1316
1025
983
1075
1067
1079
1096
1030
1098
869
958
1161
990
1299
882
1004
1029
1089
1208
1128
1107
1006
1039
906
1091
1256
1147
996
1115
968
1069
905
1085
1076
1158
1293
1045
1156
1062
1197
1110
1275
1167
1066
1062
1048
1089
1237
846
1111
1148
1048
971
1232
944
933
1079
1020
1183
1106
1073
1049
964
1177
1029
1147
1018
1067
979
1247
839
1082
1056
1150
1171
1066
1060
967
949
1035
1069
1097
936
984
1194
857
946
1038
1010
1088
1167
944
1114
1157
1202
973
1197
1075
1017
1190
1032
1113
1095
1079
1062
831
1114
1316
1113
943
905
1236
1091
1113
1174
1030
1081
1026
936
1026
1035
1155
1024
992
1134
979
1056
866
1112
1123
1086
1103
993
1111
1143
1043
1260
1124
1027
984
941
901
978
1233
921
1214
1002
1109
995
1062
947
1095
979
1090
980
1164
1079
881
1171
902
1150
1076
1135
1073
1352
1182
1127
934
1360
1174
905
1172
1060
1121
988
977
1061
949
1035
1020
889
1114
993
949
994
1064
1038
1109
1226
1051
1024
1048
1005
1077
1094
1001
1173
1188
835
1310
1060
1049
1065
1032
978
1053
1076
989
1206
1018
1016
1013
1039
875
1191
1216
928
988
1095
924
959
1020
879
1070
1107
1292
1220
957
1206
1108
1144
969
1125
1210
855
1191
1176
860
1049
1047
1070
1299
1082
1135
1025
1227
916
1232
967
1206
989
1003
1091
1085
1094
994
1015
1161
1169
1191
1071
890
1108
1072
1195
1040
1061
1018
1211
877
1035
1105
1084
1028
1213
1075
991
945
1175
1123
1060
1044
1040
1105
1154
1022
1048
1183
1167
905
1146
1204
1275
1135
948
1329
1127
1077
1173
1166
1135
1146
1046
1190
866
848
1027
1163
934
945
1068
1146
1306
1107
966
1074
1012
1063
937
1132
1109
963
988
994
1044
971
1140
1163
1033
818
1217
878
1165
826
1111
1027
1145
1078
1096
988
1076
1063
911
933
983
1145
1039
1277
1093
1231
1034
1091
1020
1140
1180
1029
1116
1112
1158
1072
792
1074
1019
1037
1159
1088
1174
1034
1165
921
1083
1008
939
1084
1028
949
1118
1038
1173
1297
946
1134
1076
1056
1033
1199
1085
1219
1173
1064
949
1062
1207
1166
1013
1128
1058
1030
956
1112
1037
1213
1000
1070
1014
1019
996
998
1273
1091
917
1044
1220
1179
1203
1099
1137
1263
1040
1317
1107
1131
1104
1001
1103
1093
1049
1074
1193
1034
939
1123
1050
1068
1037
1002
1172
1008
1027
971
1070
1016
1072
1044
1179
921
1140
918
1162
1272
1167
1078
908
1165
1028
997
1120
1081
1006
1301
1143
1022
975
1111
983
1225
1076
1082
990
850
1328
1020
876
1029
1109
925
1200
859
1050
1055
1229
978
1082
1034
1205
1090
978
1241
1037
1046
1088
1127
1064
1034
1044
1060
1192
1094
909
1165
1131
949
1255
1018
1251
927
1015
994
1167
978
974
957
1110
962
914
1065
1097
1363
972
979
875
951
997
965
1048
1167
1138
1080
1040
1046
1106
964
1253
994
949
951
945
1156
1089
1182
1342
1018
1362
898
1318
1057
1051
1000
1208
1005
1123
1065
1069
1136
1063
1041
976
1187
1318
996
1156
952
995
846
1161
1122
1083
987
1193
991
962
1087
1262
909
1057
1062
961
1116
1144
1184
1091
979
967
1209
1142
921
1150
1043
1107
1039
1091
1210
942
1055
1174
1161
1156
1020
965
1075
1001
1069
1110
1150
1294
884
1039
1206
1052
951
1355
931
1172
1108
991
1057
1045
1053
1043
976
1018
1036
956
1005
1145
1069
1116
989
1027
1183
1053
982
1088
947
1095
858
1345
979
830
1110
1217
1050
935
909
1188
1027
939
1210
1087
990
1098
977
1014
1087
1177
959
1034
1060
1080
975
1075
875
1205
1055
1053
1091
1196
1274
963
1385
945
1319
937
909
1085
1091
1216
998
1057
1081
1089
1182
1072
906
1007
1299
1007
873
948
1018
1095
892
1275
1149
975
933
984
988
1115
1150
997
953
1086
953
1083
1109
932
1053
1017
1021
1058
1051
1071
1294
977
1040
1103
1063
1129
944
1095
973
1106
1026
1012
1036
1047
1092
1050
1161
974
1061
1034
1045
942
1090
1065
1108
1057
862
1151
927
958
808
1252
1097
1331
1042
1201
1089
1047
1167
861
1183
1049
931
1064
1092
927
1136
1001
1031
1272
1086
988
936
1046
965
1075
1189
1100
992
1233
951
1132
1087
892
1210
988
1027
1234
1212
864
1086
1107
992
1042
1036
1292
958
1230
1170
928
1176
1028
1144
1115
1135
974
989
1206
943
1158
1181
1225
1011
1137
822
1162
1051
1121
1056
1149
972
942
908
1068
1023
1079
1074
1051
1239
1027
1134
1137
1171
1026
1055
894
965
1027
1142
1139
1025
732
1140
1141
1135
1110
937
1027
1026
1015
1079
1019
999
1012
1168
852
1168
992
1045
1066
944
966
1096
1128
1123
863
876
1186
1045
935
1101
1009
1322
926
1100
1099
1114
1080
1061
1020
1037
1007
1190
1144
1301
945
1084
937
992
917
1171
914
1176
1044
1189
914
1094
1072
1084
1151
1025
966
1078
1092
886
1082
1025
1073
872
1001
899
1227
1101
903
1000
1036
1085
1080
1042
1126
1167
1002
1165
990
1130
1211
1074
1024
1290
1061
1023
1311
1021
1180
1029
1034
892
1216
1123
1148
1040
941
1092
1046
1019
1208
972
1157
923
1031
1173
1034
900
1043
1052
1099
1032
1260
1073
1019
1071
998
921
1046
1133
1102
964
985
1156
911
1103
975
1249
1021
965
1064
927
1193
1149
916
1073
1103
1109
1042
1023
1243
1058
1208
962
1075
1034
981
913
1203
917
1093
1135
977
1062
1088
1085
1117
1090
1043
1019
973
982
1156
1091
1034
938
1172
953
1325
963
1175
1154
988
968
935
1132
930
1246
977
971
993
1074
990
1005
1254
1041
854
1157
1048
918
1003
1074
1123
1137
913
1190
1116
1066
1244
1024
1155
975
1094
1208
1260
1335
1115
1072
1096
1211
1152
943
916
1237
940
1081
993
1093
1216
1126
1089
1016
1014
1141
960
1146
949
1070
1193
957
1011
1166
1043
947
989
1169
1110
1209
1104
1059
1013
946
973
1031
982
1057
1036
1077
890
1085
1169
1036
1212
1013
904
1010
1379
1036
1170
1089
954
1022
975
1160
1090
1142
1184
1062
1209
947
1016
888
1243
1024
1015
1053
1031
1015
980
1071
1048
1148
1037
1053
987
851
1243
1088
1195
1065
1054
980
986
1236
1027
1012
959
909
1118
1029
992
1218
1003
1033
846
1154
1167
1024
1049
997
924
1018
1046
1090
1054
882
1042
1031
1047
945
1110
1204
1023
968
800
1145
1007
1030
1268
866
1380
1248
972
1117
1297
972
1164
1099
1042
948
1059
1176
1163
855
1215
930
1023
1031
1043
1023
1178
999
995
1023
1234
1131
909
1084
961
1124
1096
1167
863
1056
1153
985
1170
1020
1002
978
1107
921
1125
1052
1000
1071
1069
922
1051
1038
991
1177
1038
1115
935
898
969
1121
1040
1244
1034
1210
1046
947
1023
1197
1055
992
1082
1173
1034
1059
888
1061
1094
1039
1180
1077
925
1153
1056
1112
969
1071
1065
1015
1116
1153
1135
868
989
1210
943
1083
1029
1006
1054
1008
1190
1103
1127
1276
970
894
1208
992
906
1088
1138
917
989
1108
1007
1092
918
1078
1071
1020
949
1109
1001
1224
961
1133
1162
1180
1392
1104
1161
1077
1157
1248
902
976
1059
912
1192
1089
935
1205
961
950
1006
1114
1057
805
1377
944
1179
1165
908
975
1062
984
920
1204
1010
1071
1141
957
951
1119
1100
1068
931
958
953
1036
1012
885
1136
1033
1090
1019
997
950
1207
1145
1034
1257
1021
1254
1151
991
1078
1008
1108
968
1085
1005
959
992
1058
1046
1077
889
1252
881
1100
1209
1123
1008
909
1200
933
1077
1171
1048
892
1112
1206
1011
1063
918
1209
1012
1151
1216
1012
932
1172
1054
933
1104
969
1079
1143
1207
1012
1111
1052
971
1124
1078
969
971
1147
989
1022
979
933
1210
994
1039
1002
1088
1219
831
1172
1111
1047
1328
1146
1288
896
1280
1118
861
1096
1041
1125
974
1346
1062
1190
996
990
1144
1068
986
1207
970
1064
1238
979
1118
1045
1180
1244
967
1169
1106
1113
1030
1145
1059
1105
852
1200
897
968
1239
860
965
1130
1069
1028
1130
1010
1007
960
1032
1100
1178
956
1123
1089
924
912
1185
1201
858
1115
1188
1103
1104
944
1049
1118
1162
1225
1010
1204
1027
838
1236
911
975
1175
1036
1111
1003
973
1004
1045
1168
1047
1095
1043
896
1100
1115
1154
1064
961
875
1080
1012
1324
861
1082
1073
940
1150
1071
1006
1062
1023
996
1112
1064
1182
1169
953
1125
1181
1026
1071
965
1035
1043
1025
949
1150
953
1275
1262
1236
1037
933
1203
1101
1242
1070
1242
1033
1206
1086
958
1143
1087
837
1031
1169
1297
1018
1032
999
1040
1050
1236
1244
1066
986
925
1136
1102
995
938
1072
1204
1176
1182
842
1021
1053
1242
1086
1031
989
843
1169
1092
999
1023
1202
1105
1054
1179
1059
1083
1065
1061
1043
1008
1113
1037
945
1383
1034
1023
1074
1014
998
1133
1012
983
1249
1018
986
1025
1039
1058
1085
910
1131
1234
1027
1031
1196
1000
954
1080
970
1054
1084
1015
1092
1015
885
1101
1110
1183
989
978
1128
908
1239
1098
1016
1043
1019
1096
951
979
849
1023
1190
829
1028
1033
1135
1121
1133
1200
1052
1033
1060
1193
1055
1266
1163
1337
1232
1137
1118
1188
1152
1150
1068
1310
1059
998
1243
902
1023
1108
1007
1135
1084
1039
1166
995
1128
942
1145
974
1155
1034
1003
855
1159
1092
1066
1108
1154
918
1106
1087
1010
1382
1087
1003
1014
1109
961
1115
1099
915
947
1170
935
964
1155
1105
1071
1117
1193
979
1019
985
1007
1096
1058
1145
1082
952
1048
1112
1002
999
1052
1182
1084
989
880
1054
1112
1022
1232
971
1053
995
1081
903
1182
1346
1044
1144
951
989
1150
945
1000
866
1174
1016
1063
1091
1320
982
1207
960
974
941
917
1078
1183
987
1213
1193
1041
1010
1278
1137
972
920
1041
1024
1126
1133
988
963
1129
903
1256
1358
999
1076
1244
1157
1040
1204
1059
1071
970
908
1199
1050
1093
980
1044
952
1118
1015
1258
1058
968
1344
978
1216
937
1092
1121
976
1036
1250
934
1049
933
927
1024
1126
1148
991
1051
1192
1088
1055
1068
1225
911
949
1077
945
986
1131
1312
937
1023
993
1055
1103
1070
1064
925
1102
1040
1003
1141
842
1221
937
1059
1235
1132
1097
983
1151
1103
851
1163
973
998
987
1060
1195
956
1154
940
1030
1091
906
966
979
1012
1099
1153
909
1247
1139
1216
1055
903
1005
1150
1134
1185
1037
1177
1233
969
1140
989
1214
1029
1053
983
986
1174
1081
1210
1157
1174
1028
1020
1179
1000
1184
1277
1123
1228
841
1239
1168
1220
1125
1068
1107
1127
1254
1136
1091
962
1131
1023
1002
954
1273
1052
1055
1024
1156
1196
1058
912
1049
970
1181
1067
1046
1236
1010
1022
1031
929
1158
991
991
1080
1120
1013
1033
1167
976
977
1084
1161
1173
1132
1073
1316
958
1091
1207
1012
990
1058
973
1096
1082
964
1106
1153
1157
934
1051
1054
981
1135
905
1137
1172
1094
1076
969
1080
926
894
966
1013
1098
1031
1187
1056
1010
979
941
1164
1323
986
1228
1054
968
1074
855
1222
1014
821
1121
1143
1015
934
1108
1021
1111
957
1044
968
1053
969
1041
1108
1079
1073
1198
1023
1151
1174
1067
1034
798
1166
1061
1120
1000
960
1092
1041
1299
1288
1024
1061
1037
1171
1042
1161
1144
1224
1019
1130
855
1001
1110
941
1044
1000
1132
1030
1116
1093
967
1108
947
972
1387
953
1213
1115
1121
948
1080
1068
1350
1044
1077
1106
943
1120
943
1160
1034
880
1063
1109
951
921
1073
957
1091
1132
1100
1023
1012
900
930
927
1075
1080
1006
924
940
1029
1169
757
870
932
835
882
922
967
851
892
882
654
901
505
631
714
583
671
565
562
558
429
618
649
448
419
475
520
451
433
422
259
273
156
212
157
175
89
163
34
120
89
185
92
83
43
