1389
1141
1444
1041
965
1346
1052
976
717
1130
1263
1143
1043
746
902
919
1055
1112
1070
1045
1137
983
1038
776
1128
779
905
1046
855
989
960
1020
752
1085
1051
1077
1185
886
885
1118
832
976
839
882
1041
805
979
905
1073
817
896
1037
841
1074
1020
929
890
1093
1025
934
998
927
834
1095
811
1174
983
1270
1028
785
1003
962
939
942
998
909
865
1016
983
895
819
1059
835
981
1028
785
846
970
892
826
974
1048
908
892
774
1120
873
868
1016
903
881
875
918
1019
870
883
844
887
849
854
963
869
826
1038
937
813
887
774
1119
752
983
1043
921
1117
966
1067
1187
1034
1050
869
938
949
927
852
934
1167
806
989
1033
972
903
1018
865
880
934
945
772
818
882
989
967
900
1055
903
816
1000
985
1067
857
826
989
808
1071
898
847
933
817
951
894
1108
955
924
913
997
991
807
900
953
921
830
874
930
927
984
847
724
1065
802
931
910
929
882
830
931
810
1081
1072
909
930
1016
769
1188
926
858
835
865
940
923
1052
1015
726
992
922
888
756
920
1087
882
847
860
793
952
1019
838
967
991
800
881
1020
934
1033
848
779
1116
919
897
889
983
816
749
897
1200
1020
961
974
900
1071
1144
1164
982
1002
824
1012
979
916
922
951
990
1014
926
933
991
1093
794
909
918
790
893
1021
827
957
872
931
1129
796
941
896
829
809
1104
810
809
950
890
1021
946
1131
967
1022
932
810
919
994
755
1039
779
956
915
692
760
1035
779
1059
1018
912
856
1016
832
937
1033
992
986
886
993
934
923
970
978
773
929
756
952
1012
1013
1032
919
934
819
870
973
1019
1108
968
919
846
779
969
877
1042
843
1102
850
892
807
874
929
1030
812
1012
735
1090
745
1086
860
880
925
828
986
896
817
1036
927
858
858
1016
793
1036
843
879
966
921
987
878
738
878
840
671
1014
778
970
1055
976
900
901
1038
1001
900
1095
1049
802
1184
916
927
802
1066
966
908
984
926
893
804
1024
913
808
906
971
825
778
1121
991
846
1028
818
871
926
908
952
904
766
1025
840
837
971
882
800
925
995
893
1058
909
855
903
956
820
1018
922
944
793
936
1062
1070
898
949
980
1017
882
934
840
914
1052
892
876
828
862
853
1043
799
1047
782
838
793
1067
864
1029
845
912
913
909
844
872
1158
743
842
1079
713
1071
995
881
882
1078
868
958
1063
868
1137
1048
886
925
931
916
987
826
966
799
836
993
1037
977
929
943
830
1085
826
918
1050
893
994
888
901
989
930
926
888
1116
848
951
888
963
942
903
991
926
838
1019
868
967
886
884
1214
858
1248
1004
1073
922
972
1054
957
828
907
774
1063
1017
917
1054
798
969
933
957
925
820
870
1064
989
887
873
926
898
985
782
1022
818
857
866
1051
838
1042
866
834
980
875
1133
854
807
925
970
885
1115
857
827
1118
843
853
676
961
1018
915
828
970
990
830
969
1004
818
921
900
991
1007
963
801
722
820
925
974
738
913
906
974
911
1017
862
924
812
846
888
773
926
1001
843
1000
961
891
1000
996
960
713
831
1204
932
1036
774
1082
834
941
775
1025
953
937
764
898
984
848
1068
919
922
1057
871
838
1087
757
936
847
1039
774
1108
852
843
885
810
1090
791
832
796
827
1043
962
897
1179
1022
794
890
1075
820
1103
1064
1034
874
1062
869
977
1021
902
997
823
1157
987
1127
1176
885
853
912
854
779
925
1025
1041
939
895
854
905
909
1082
758
907
1069
1012
920
940
664
913
912
960
749
1010
863
1115
916
806
1069
760
854
924
912
848
983
989
775
943
845
1089
808
864
928
903
1005
994
879
863
1048
857
808
959
915
953
921
783
966
932
867
1068
1002
1005
1077
699
878
1151
797
925
866
907
964
928
856
965
905
753
1100
821
820
1055
872
1010
765
1074
910
872
857
746
992
874
1051
906
1015
799
948
868
809
1013
854
781
965
870
1143
891
867
965
1190
807
970
951
937
906
1082
882
756
987
882
886
906
1019
747
883
928
919
813
1007
1078
1047
942
1021
930
995
961
1009
978
883
1127
920
905
1002
925
1120
802
819
951
890
1018
662
958
1020
1026
952
1048
861
845
920
1066
1009
1009
776
1057
797
938
977
903
938
926
977
957
1074
1058
1056
802
931
957
780
914
970
927
1026
740
864
834
957
1045
906
957
853
783
1018
863
769
978
965
876
1118
828
947
1004
900
1167
807
872
888
972
1201
848
1155
940
836
912
870
1029
926
742
904
899
900
984
824
904
928
924
984
776
979
983
865
856
867
976
878
1025
1002
715
1215
826
853
768
910
958
982
966
854
950
954
978
824
985
991
831
830
874
930
806
1074
828
928
1044
900
868
932
796
932
974
919
1003
883
916
1098
1008
1080
823
1200
1115
872
1059
1165
926
927
966
1037
894
950
894
950
891
842
924
983
1064
924
1095
882
944
844
810
824
957
814
900
928
1136
845
908
752
745
1000
993
976
1152
863
916
717
1036
992
886
965
902
929
976
852
933
903
972
905
917
840
914
1027
884
878
862
907
874
1061
925
842
997
815
1010
796
850
952
849
988
840
952
689
826
859
986
1043
735
1024
930
916
979
842
1033
927
914
735
1042
1012
860
1211
827
845
980
1060
925
795
1044
803
1025
934
906
921
828
908
868
930
983
938
1005
863
1008
960
1000
999
716
967
1036
1157
785
1006
765
863
1047
857
1030
948
769
944
1069
919
711
1070
739
943
904
636
1221
1042
1094
1003
932
1096
768
973
968
874
1115
952
926
829
1119
733
986
964
885
950
897
917
877
993
976
995
959
977
1007
1055
973
848
950
940
859
1010
988
790
982
870
940
910
981
740
910
877
927
1010
748
937
869
907
744
927
819
783
905
933
947
874
912
980
845
696
1260
1022
1017
834
741
1057
860
846
1090
891
892
971
976
818
922
986
1036
857
869
913
978
921
927
704
1097
788
989
912
1107
923
916
892
852
916
936
893
885
894
854
932
745
848
828
1013
918
1023
798
1118
784
942
814
1121
1071
952
972
860
860
983
892
1005
767
1058
869
1005
868
1025
940
909
1110
1034
1013
1016
837
928
948
852
997
1024
819
919
925
1001
949
954
933
1185
931
729
874
1115
949
769
1062
991
822
966
1006
829
839
918
900
1181
898
781
870
855
926
911
807
985
837
900
1023
938
1087
903
908
1029
788
815
944
1005
939
943
861
988
805
1083
929
921
960
990
968
910
774
1061
747
874
941
909
817
905
844
813
861
1083
795
884
812
907
1028
801
975
888
857
989
858
1010
981
970
889
885
969
936
903
944
926
849
774
1022
872
810
810
899
898
1024
787
958
769
941
889
1119
919
833
978
866
1065
780
921
1057
868
1014
1044
942
836
736
869
966
1013
809
987
971
969
795
857
981
849
962
945
948
772
830
812
1054
847
1064
828
906
875
1033
1076
906
1100
1090
855
1165
982
1162
770
991
876
831
1002
920
772
1051
1157
957
905
853
925
850
953
963
1017
911
984
871
858
996
936
896
881
786
816
990
965
1008
977
880
945
972
1026
921
701
889
1038
910
887
988
561
995
851
1011
875
930
930
754
943
996
970
874
842
966
1125
937
1015
1008
867
1003
993
908
809
758
811
1072
821
919
785
943
925
943
828
1144
942
1154
890
878
1018
1038
948
786
924
1044
938
989
874
959
964
1000
977
893
895
854
1043
969
831
912
777
939
852
1047
969
856
811
1014
901
817
928
765
1100
768
882
920
900
1045
953
1151
893
948
980
893
855
922
955
895
1002
958
1049
724
915
1038
994
1112
1163
863
895
956
1202
998
951
1018
818
1228
913
865
901
902
856
939
842
964
810
1074
881
910
898
821
870
1132
857
849
862
880
1045
861
764
1078
954
763
797
1055
1009
830
902
1023
919
765
977
782
1000
942
964
864
888
1032
1007
588
927
998
1057
1148
1057
921
673
1070
878
848
944
901
911
800
1015
1020
764
877
907
937
911
929
857
966
901
867
887
854
787
1070
868
778
1098
970
838
907
889
911
852
1023
1093
819
863
1021
1003
976
955
910
1012
841
1042
939
820
957
862
896
949
1030
960
872
798
922
871
929
826
891
893
918
983
914
789
965
897
903
1027
891
954
878
802
860
929
1089
937
856
924
998
862
875
894
891
898
1130
1062
907
1143
1142
988
806
1102
1053
893
999
931
886
970
927
977
864
840
910
959
897
959
916
815
904
912
900
850
1003
843
1002
898
861
730
921
1003
940
894
930
900
950
880
1031
797
1101
847
852
998
954
835
885
904
1007
998
886
1001
925
1035
960
924
1016
844
824
1114
844
841
1032
815
951
878
1119
963
837
976
665
1149
924
920
914
789
1023
803
960
1001
914
856
852
1043
992
793
845
1075
862
1100
816
897
954
995
993
920
1049
955
950
980
904
770
749
947
978
915
818
939
1004
852
845
1018
908
1011
776
867
1082
872
977
989
915
965
1046
871
951
1061
1042
815
830
858
943
866
787
972
967
889
1005
919
940
991
830
980
1117
926
1090
1088
992
785
1021
1049
1121
1120
862
870
855
962
771
866
889
985
982
968
885
868
957
822
955
774
887
818
1000
824
1028
945
1088
796
944
891
995
878
1129
833
1077
875
843
893
972
1173
717
1034
758
1001
856
910
901
900
842
933
1006
903
1059
896
878
1015
972
1033
903
794
1022
891
901
994
867
1175
677
1033
979
971
878
972
922
964
747
940
1157
959
850
908
990
884
936
896
893
1030
940
1001
995
849
938
935
902
999
853
903
947
911
961
966
726
823
785
1047
782
895
835
973
829
977
1016
842
841
891
997
826
783
1085
1120
745
726
936
1093
733
824
897
1052
1008
760
1254
943
888
928
818
1000
909
1151
1001
854
1079
1082
828
942
1267
1002
1027
750
687
1092
919
833
831
872
895
874
853
875
1117
666
951
967
1021
1024
735
943
923
953
960
807
956
1073
869
948
943
833
1125
802
971
870
999
832
1142
1027
907
856
953
938
853
933
853
839
859
982
964
843
901
951
1043
789
933
935
891
852
835
998
950
922
981
837
868
1051
694
1149
963
795
1103
967
1038
820
837
1013
893
956
779
916
804
982
1032
835
881
824
1066
830
976
926
1019
888
1011
953
726
943
781
1030
939
1015
894
939
968
1020
827
949
1171
957
717
1028
640
1135
1147
714
1114
816
920
1059
978
900
732
997
1049
830
1062
1005
847
857
859
914
1029
955
913
960
1149
884
1183
891
1029
1080
1127
962
1006
990
1075
944
939
762
1006
960
859
830
1062
875
942
964
717
927
1027
843
821
845
941
931
1047
895
960
986
923
947
848
1006
866
1008
1143
786
947
978
856
781
922
1068
796
791
901
948
890
982
933
1073
792
1001
986
1094
842
1003
902
959
974
792
1193
695
918
1033
980
850
909
845
979
827
905
891
885
973
1093
1084
977
920
1010
832
822
847
880
990
914
928
825
1024
941
969
974
1011
892
1029
1074
941
918
849
967
952
1097
834
889
888
965
817
993
908
803
1090
971
875
901
902
838
1084
947
1015
788
981
874
913
833
1204
849
950
842
926
766
1045
964
883
881
1112
964
965
1134
901
1065
970
1033
1103
864
1060
907
815
1121
970
969
806
860
1005
916
1052
942
846
912
805
941
989
1039
802
1151
975
740
880
943
837
946
920
1167
941
985
873
846
736
965
1080
980
869
1014
980
841
854
935
923
756
881
860
938
994
758
807
791
1008
1048
1033
858
862
931
995
913
1177
973
819
1035
841
1057
808
1052
850
1051
988
938
757
838
1188
1009
834
817
950
1062
866
1160
1097
759
784
1087
808
887
832
887
863
938
977
1037
903
905
721
943
986
808
919
1042
1017
851
1074
837
1103
1025
1076
695
944
984
701
890
946
944
864
846
994
1002
897
865
908
926
944
877
816
1041
845
996
1048
864
844
857
1038
789
893
1195
946
1055
1048
930
918
934
1130
819
1227
908
883
1016
855
939
885
951
795
926
870
853
814
948
858
862
909
883
973
852
902
1082
1066
714
972
979
870
1002
967
776
995
1055
869
964
851
988
1022
933
989
850
758
877
982
832
1160
901
976
887
770
945
763
1094
961
879
948
757
947
897
794
861
794
934
1018
995
1032
1058
988
870
1102
968
742
968
1169
816
783
1075
1012
818
1049
879
979
1124
804
1056
837
976
954
934
858
1154
910
944
943
840
999
937
856
865
911
871
1093
1074
970
986
857
868
970
1003
870
997
970
859
987
811
969
947
933
955
844
1053
960
969
779
937
1047
958
968
749
948
1048
917
1001
840
959
1174
969
946
843
1116
1014
901
1089
865
1051
831
1084
1092
1031
977
1021
1060
869
829
1016
774
902
758
1075
799
948
765
1015
1007
1036
933
966
920
929
953
945
903
925
912
800
804
969
895
870
900
1105
836
908
739
923
916
940
898
835
918
913
1056
814
1069
775
968
993
814
865
844
962
747
1008
1247
809
982
1099
816
889
1229
712
985
1079
941
956
1072
915
832
970
849
871
927
825
1070
990
894
1092
755
988
838
994
974
846
861
1034
934
798
807
907
1035
938
1191
895
862
973
825
993
1027
982
919
1091
951
1080
820
878
1075
945
943
862
1012
876
920
922
1070
1005
638
1101
889
846
934
979
947
770
1039
982
915
984
762
1137
998
990
1113
1131
962
968
1041
1032
1067
885
999
830
1075
886
1015
828
1074
874
1043
784
912
802
1037
952
896
983
812
1072
831
895
799
996
812
956
969
979
958
924
888
801
954
870
1119
967
936
957
995
933
871
923
1016
771
1171
1030
952
979
941
951
919
912
875
978
995
868
816
1065
784
797
870
945
1021
836
1031
672
949
931
1017
1057
877
870
994
934
1105
1034
839
826
976
966
1039
871
938
991
846
995
960
923
1008
907
822
836
1118
775
1077
1018
1027
884
820
1112
750
841
978
802
966
860
891
979
948
933
746
1271
858
585
946
834
987
738
923
873
1004
1054
966
916
814
1013
979
836
994
816
818
953
758
1016
1100
881
873
1215
1057
1180
927
1125
1040
923
839
877
909
1038
1024
1008
944
802
1001
886
939
959
898
957
1146
913
1036
823
795
1084
782
928
930
945
856
1061
772
895
1040
867
986
952
843
846
1007
976
988
1173
772
912
902
738
1148
876
921
1016
988
862
987
1039
953
966
879
901
1150
944
791
1018
931
833
872
852
1215
725
993
972
1137
868
1073
783
948
1016
776
1084
871
1048
961
920
971
995
806
844
858
996
842
925
898
805
950
1067
895
836
1135
897
700
1097
967
850
998
903
852
897
802
1044
1027
699
993
944
863
936
782
994
983
938
723
1038
997
993
906
886
896
757
1108
1002
819
1005
837
794
991
929
904
825
950
824
879
1052
1084
1029
1053
1006
944
1171
828
1050
802
968
814
1007
881
1021
918
1089
972
948
924
980
737
1013
991
1008
774
787
853
725
1078
877
1109
844
1023
840
801
893
913
871
949
915
908
911
944
889
936
783
1019
864
825
926
883
983
956
917
781
1175
900
960
926
970
863
931
858
989
789
1038
934
766
868
908
1053
945
920
1076
885
840
1019
927
848
889
900
894
902
831
919
922
867
870
875
725
1089
917
1203
875
989
951
1056
890
1029
821
905
951
938
825
901
974
878
1031
763
953
964
907
1046
896
841
837
930
1057
876
1072
784
903
1008
999
828
950
991
876
967
871
894
1045
1044
880
1000
736
1143
777
1000
946
859
951
934
1034
1035
894
1130
767
1028
1117
833
1102
759
915
1030
946
902
983
868
1182
845
1009
744
921
975
976
866
1028
973
893
810
821
878
1061
832
959
862
873
1144
906
976
1028
1056
820
893
963
730
911
876
984
917
917
928
701
1011
1009
850
850
1024
860
880
986
947
960
886
932
957
852
1040
567
1168
732
870
938
899
1027
676
964
1045
884
912
857
902
934
779
880
883
907
996
1112
955
1011
778
986
1000
828
946
998
969
761
1034
1034
959
1031
962
897
704
842
876
1039
791
909
959
942
1047
1108
696
988
952
972
986
812
863
965
925
804
821
852
921
1006
889
763
911
973
832
957
871
890
979
918
963
834
1077
888
838
1010
992
930
1104
949
1040
969
1093
931
1018
826
989
984
997
938
857
919
876
1003
918
1104
949
812
991
864
925
884
919
929
994
800
927
921
1050
931
961
674
1006
933
855
1066
896
966
810
1071
846
908
880
896
937
914
999
892
912
934
878
907
975
830
977
838
941
780
1007
822
905
1010
976
981
925
962
979
1004
987
1040
866
879
949
948
961
822
993
924
643
1053
966
842
951
1017
873
881
934
1007
948
780
786
857
1012
1056
822
1034
809
945
935
945
1092
938
982
1031
942
741
879
962
824
879
1138
808
836
1128
686
957
855
905
1045
913
734
1065
965
860
882
906
810
952
1012
832
901
1032
910
938
1115
947
1075
837
950
1134
995
1161
959
1071
983
1053
912
825
1015
774
1029
1024
906
992
783
894
966
1014
903
1043
970
882
1021
657
979
1060
1050
714
1021
908
770
1146
736
1097
710
915
1040
1072
791
1099
1120
778
855
858
779
1021
759
860
802
1027
933
899
920
984
965
924
1007
834
880
872
1250
1027
906
884
974
903
841
886
1068
927
968
881
1065
986
986
900
811
922
966
1053
733
905
881
1009
886
938
973
964
944
871
831
936
858
891
1039
891
921
1007
902
956
838
877
1093
835
938
761
914
825
977
1029
728
820
1103
954
871
837
1022
949
756
870
971
983
768
919
962
920
892
858
878
828
942
909
905
1061
871
879
890
868
804
917
921
919
858
1037
1013
1120
999
858
984
1134
926
1058
982
845
929
824
964
1145
839
792
982
871
894
931
945
913
979
1033
757
897
897
920
1093
768
1047
943
891
924
989
999
908
826
967
838
1070
686
1006
928
928
886
932
911
903
711
999
878
1028
856
973
852
790
1037
875
954
943
1001
837
802
874
814
1035
893
1060
903
957
888
969
961
917
988
892
949
762
1107
791
1142
890
755
973
903
911
1109
1062
924
647
955
961
866
1013
771
887
947
917
993
1073
963
905
817
926
929
845
920
899
903
1075
851
985
953
816
1081
1143
869
904
1045
642
894
876
949
972
868
986
923
973
656
1004
824
998
892
827
904
905
993
935
955
881
876
1203
944
1126
963
945
1158
982
1065
1015
785
1001
948
740
877
987
834
893
1002
995
833
909
880
945
861
863
928
1063
919
1069
861
908
855
940
838
833
890
868
970
1029
963
821
930
974
935
817
936
845
866
740
946
882
786
1015
825
944
1041
915
776
1014
927
891
970
954
1046
903
880
1256
821
989
985
788
1026
972
825
934
824
832
878
970
914
1093
866
946
855
764
945
1025
1040
833
835
950
915
989
931
894
846
907
1026
807
928
1010
879
918
979
1064
819
986
939
944
971
959
1094
729
901
867
801
999
1017
1118
877
815
1031
796
1066
909
851
871
895
1016
949
793
918
896
856
974
829
922
939
1012
976
843
827
994
1030
1022
891
1207
1077
911
814
1141
908
898
928
777
1111
812
993
1131
1028
1001
972
813
918
951
813
986
1026
903
792
1020
1248
767
817
1045
1058
948
1022
910
871
971
996
1030
972
983
732
1054
736
1060
958
728
973
782
962
944
864
1032
771
1001
894
928
967
876
795
824
1179
822
1032
782
1008
1015
803
892
1067
734
1023
977
758
1174
826
899
960
1001
966
1034
1050
914
882
1003
787
1063
742
812
1123
1013
760
1006
882
843
841
925
941
860
1008
867
957
856
1008
818
1036
1065
865
860
826
908
902
901
1100
806
917
892
940
981
942
994
779
895
833
890
974
978
995
1083
869
1017
1117
796
876
997
925
826
1065
949
731
980
688
910
1017
907
1356
745
957
844
935
1074
1060
1091
1002
995
808
1126
963
885
1011
755
833
964
989
868
1210
853
769
1076
868
942
933
1092
1088
930
943
928
917
968
820
869
818
1066
855
1036
967
961
954
689
1010
914
1034
802
1022
947
775
949
1005
954
839
976
1122
1005
868
839
1059
929
788
917
958
960
881
1084
890
905
1087
1088
707
950
949
916
909
992
933
954
891
1019
910
849
812
948
848
929
922
903
979
925
1076
942
855
901
983
979
885
917
811
910
672
1006
989
904
1009
859
996
981
819
966
967
788
1003
984
966
934
814
893
915
916
813
858
767
943
1006
651
942
967
935
923
1029
995
1023
987
905
962
898
1107
840
1063
917
1399
953
934
958
1248
981
824
1202
908
1098
898
975
958
1065
819
879
885
972
1044
786
1148
806
946
859
1124
783
1009
1031
594
1112
914
788
891
867
1071
775
1044
1007
853
923
1009
869
1041
930
1158
1047
828
981
988
843
810
928
919
824
865
970
819
993
904
1016
939
983
932
907
982
839
988
896
835
878
969
1004
1045
823
858
866
943
967
825
963
885
942
854
866
941
1005
906
886
914
950
899
958
774
1047
860
969
1005
1005
1064
973
728
1032
1027
748
843
965
1034
839
929
975
819
1019
1018
910
885
1036
905
741
784
1010
1079
977
933
975
977
946
805
1183
999
811
864
939
782
1047
786
1085
758
833
975
897
883
1096
1235
959
958
1009
929
1202
859
890
1019
946
745
948
913
827
1007
990
892
1044
869
778
942
878
1140
1015
744
1224
847
982
915
1022
955
857
859
953
961
932
853
952
634
930
935
890
1080
960
1043
896
813
1003
963
930
824
1025
905
852
982
869
771
1088
996
820
822
1006
913
849
1008
1027
758
834
825
1052
1045
831
1019
710
1086
817
994
1021
968
959
965
949
958
819
950
831
852
954
906
941
903
805
841
1012
1056
860
901
872
827
861
965
934
833
976
886
823
1110
1150
955
805
815
940
922
1150
949
959
893
786
1253
1052
840
1053
876
901
934
931
984
936
776
992
1016
1061
1084
1011
764
982
931
974
938
996
1070
915
1088
1007
841
1239
911
1063
1152
912
675
1052
1047
1078
1106
954
713
1102
818
953
872
826
880
1052
1106
900
828
1122
993
975
771
938
942
788
1036
1055
775
1187
811
914
991
834
933
969
735
908
1024
869
896
839
837
1157
847
811
1208
837
1004
946
1034
973
1100
875
1085
888
710
935
1113
831
849
1022
888
833
971
986
999
856
934
968
824
913
881
1014
820
920
1092
830
855
819
950
980
932
796
840
930
933
921
984
913
878
867
945
898
963
1184
896
918
1139
911
752
994
772
930
960
952
762
898
979
877
915
789
1015
914
934
917
826
802
905
806
1006
1056
1012
813
888
971
961
1114
894
1089
893
906
614
1003
886
884
1044
796
914
1045
865
1299
929
972
1033
885
1004
936
861
1028
922
1046
943
917
901
902
872
1064
807
846
866
930
993
926
938
1053
813
871
1039
852
981
905
910
1023
1134
838
887
969
754
1113
1174
909
895
886
1105
836
961
770
1028
865
812
817
1066
869
732
911
956
923
860
1047
986
1061
637
896
802
801
884
891
1011
977
672
841
802
934
1092
631
855
809
661
690
799
787
887
771
733
673
752
742
721
459
600
589
641
359
536
568
476
509
387
506
406
532
433
443
377
382
540
356
385
338
197
191
122
212
157
132
132
83
77
86
80
89
141
136
83
43
