40000	1168	904	19
80000	674	904	14
1.2e+005	1192	904	21
1.6e+005	609	904	14
2e+005	1162	904	20
2.4e+005	618	904	14
2.8e+005	984	904	21
3.2e+005	748	904	17
3.6e+005	872	904	17
4e+005	1026	904	20
4.4e+005	907	904	20
4.8e+005	959	904	22
5.2e+005	835	904	19
5.6e+005	811	904	18
6e+005	944	904	21
6.4e+005	611	904	14
6.8e+005	835	904	16
7.2e+005	985	904	21
7.6e+005	861	904	19
8e+005	861	904	21
8.4e+005	698	904	17
8.8e+005	874	904	20
9.2e+005	784	904	18
9.6e+005	760	904	18
1e+006	815	904	19
1.04e+006	820	904	19
1.08e+006	923	904	21
1.12e+006	745	904	17
1.16e+006	876	904	17
1.2e+006	655	904	15
1.24e+006	960	904	21
1.28e+006	791	904	17
1.32e+006	814	904	18
1.36e+006	1043	904	25
1.4e+006	634	904	15
1.44e+006	651	904	15
1.48e+006	713	904	17
1.52e+006	796	904	19
1.56e+006	743	904	17
1.6e+006	821	904	19
1.64e+006	785	904	18
1.68e+006	617	904	15
1.72e+006	752	904	17
1.76e+006	810	904	19
1.8e+006	775	904	18
1.84e+006	676	904	16
1.88e+006	724	904	17
1.92e+006	835	904	19
1.96e+006	799	904	19
2e+006	742	904	17
2.04e+006	813	904	19
2.08e+006	672	904	16
2.12e+006	817	904	19
2.16e+006	829	904	20
2.2e+006	751	904	17
2.24e+006	783	904	17
2.28e+006	1019	904	22
2.32e+006	779	904	18
2.36e+006	858	904	19
2.4e+006	808	904	18
2.44e+006	814	904	18
2.48e+006	704	904	16
2.52e+006	691	904	17
2.56e+006	834	904	20
2.6e+006	865	904	20
2.64e+006	665	904	16
2.68e+006	843	904	20
2.72e+006	881	904	20
2.76e+006	774	904	18
2.8e+006	694	904	17
2.84e+006	746	904	17
2.88e+006	928	904	21
2.92e+006	815	904	19
2.96e+006	843	904	20
3e+006	785	904	18
3.04e+006	841	904	20
3.08e+006	877	904	20
3.12e+006	734	904	17
3.16e+006	880	904	20
3.2e+006	771	904	18
3.24e+006	724	904	17
3.28e+006	972	904	23
3.32e+006	758	904	17
3.36e+006	741	904	17
3.4e+006	835	904	20
3.44e+006	709	904	16
3.48e+006	1023	904	24
3.52e+006	626	904	15
3.56e+006	761	904	17
3.6e+006	910	904	21
3.64e+006	664	904	16
3.68e+006	952	904	23
3.72e+006	648	904	16
3.76e+006	757	904	18
3.8e+006	803	904	19
3.84e+006	747	904	18
3.88e+006	847	904	19
3.92e+006	846	904	20
3.96e+006	586	904	14
4e+006	742	904	18
4.04e+006	673	904	16
4.08e+006	921	904	21
4.12e+006	807	904	18
4.16e+006	838	904	19
4.2e+006	939	904	21
4.24e+006	676	904	16
4.28e+006	743	904	18
4.32e+006	748	904	17
4.36e+006	925	904	21
4.4e+006	722	904	17
4.44e+006	964	904	21
4.48e+006	929	904	20
4.52e+006	881	904	19
4.56e+006	688	904	16
4.6e+006	1027	904	23
4.64e+006	692	904	16
4.68e+006	866	904	20
4.72e+006	743	904	17
4.76e+006	895	904	21
4.8e+006	682	904	16
4.84e+006	860	904	20
4.88e+006	889	904	21
4.92e+006	734	904	17
4.96e+006	714	904	17
5e+006	778	904	18
5.04e+006	776	904	18
5.08e+006	725	904	17
5.12e+006	755	904	18
5.16e+006	959	904	22
5.2e+006	567	904	13
5.24e+006	765	904	18
5.28e+006	866	904	21
5.32e+006	830	904	20
5.36e+006	821	904	19
5.4e+006	769	904	18
5.44e+006	782	904	19
5.48e+006	743	904	17
5.52e+006	752	904	18
5.56e+006	987	904	23
5.6e+006	803	904	19
5.64e+006	856	904	21
5.68e+006	816	904	19
5.72e+006	664	904	15
5.76e+006	872	904	20
5.8e+006	639	904	15
5.84e+006	795	904	19
5.88e+006	675	904	16
5.92e+006	966	904	22
5.96e+006	737	904	17
6e+006	709	904	17
6.04e+006	825	904	19
6.08e+006	799	904	19
6.12e+006	705	904	16
6.16e+006	734	904	17
6.2e+006	734	904	17
6.24e+006	982	904	23
6.28e+006	731	904	17
6.32e+006	805	904	20
6.36e+006	964	904	22
6.4e+006	729	904	17
6.44e+006	636	904	15
6.48e+006	766	904	18
6.52e+006	1043	904	25
6.56e+006	675	904	15
6.6e+006	770	904	18
6.64e+006	832	904	20
6.68e+006	655	904	15
6.72e+006	891	904	21
6.76e+006	800	904	18
6.8e+006	878	904	21
6.84e+006	778	904	18
6.88e+006	794	904	19
6.92e+006	665	904	16
6.96e+006	903	904	21
7e+006	741	904	18
7.04e+006	755	904	18
7.08e+006	637	904	15
7.12e+006	909	904	21
7.16e+006	747	904	17
7.2e+006	730	904	17
7.24e+006	827	904	19
7.28e+006	650	904	15
7.32e+006	978	904	23
7.36e+006	666	904	16
7.4e+006	744	904	18
7.44e+006	805	904	19
7.48e+006	789	904	19
7.52e+006	718	904	17
7.56e+006	772	904	17
7.6e+006	856	904	20
7.64e+006	685	904	16
7.68e+006	843	904	19
7.72e+006	765	904	18
7.76e+006	840	904	19
7.8e+006	822	904	19
7.84e+006	773	904	18
7.88e+006	698	904	16
7.92e+006	839	904	20
7.96e+006	914	904	21
8e+006	752	904	18
8.04e+006	671	904	16
8.08e+006	758	904	17
8.12e+006	699	904	16
8.16e+006	771	904	18
8.2e+006	901	904	21
8.24e+006	770	904	18
8.28e+006	706	904	17
8.32e+006	679	904	16
8.36e+006	811	904	19
8.4e+006	767	904	18
8.44e+006	1037	904	22
8.48e+006	814	904	18
8.52e+006	732	904	17
8.56e+006	966	904	22
8.6e+006	851	904	19
8.64e+006	732	904	17
8.68e+006	794	904	19
8.72e+006	739	904	16
8.76e+006	832	904	18
8.8e+006	706	904	16
8.84e+006	718	904	17
8.88e+006	955	904	21
8.92e+006	553	904	13
8.96e+006	787	904	18
9e+006	986	904	22
9.04e+006	675	904	16
9.08e+006	728	904	18
9.12e+006	860	904	20
9.16e+006	740	904	17
9.2e+006	905	904	21
9.24e+006	673	904	16
9.28e+006	600	904	14
9.32e+006	833	904	19
9.36e+006	843	904	20
9.4e+006	765	904	18
9.44e+006	766	904	18
9.48e+006	680	904	16
9.52e+006	733	904	17
9.56e+006	905	904	21
9.6e+006	985	904	23
9.64e+006	874	904	21
9.68e+006	736	904	17
9.72e+006	762	904	18
9.76e+006	777	904	18
9.8e+006	903	904	21
9.84e+006	733	904	17
9.88e+006	897	904	21
9.92e+006	686	904	16
9.96e+006	685	904	16
1e+007	851	904	20
1.004e+007	846	904	20
1.008e+007	982	904	23
1.012e+007	766	904	18
1.016e+007	880	904	20
1.02e+007	893	904	21
1.024e+007	698	904	16
1.028e+007	960	904	23
1.032e+007	836	904	20
1.036e+007	722	904	17
1.04e+007	712	904	17
1.044e+007	802	904	19
1.048e+007	902	904	21
1.052e+007	682	904	16
1.056e+007	848	904	20
1.06e+007	653	904	15
1.064e+007	831	904	19
1.068e+007	751	904	18
1.072e+007	767	904	17
1.076e+007	844	904	20
1.08e+007	873	904	21
1.084e+007	735	904	18
1.088e+007	707	904	17
1.092e+007	704	904	16
1.096e+007	735	904	17
1.1e+007	943	904	22
1.104e+007	732	904	17
1.108e+007	726	904	18
1.112e+007	761	904	18
1.116e+007	733	904	17
1.12e+007	782	904	18
1.124e+007	895	904	21
1.128e+007	729	904	18
1.132e+007	658	904	15
1.136e+007	865	904	20
1.14e+007	868	904	20
1.144e+007	850	904	20
1.148e+007	833	904	19
1.152e+007	761	904	18
1.156e+007	956	904	23
1.16e+007	726	904	17
1.164e+007	848	904	20
1.168e+007	811	904	19
1.172e+007	751	904	19
1.176e+007	851	904	20
1.18e+007	731	904	17
1.184e+007	659	904	15
1.188e+007	847	904	19
1.192e+007	753	904	17
1.196e+007	711	904	17
1.2e+007	772	904	18
1.204e+007	745	904	17
1.208e+007	756	904	17
1.212e+007	876	904	20
1.216e+007	769	904	17
1.22e+007	763	904	18
1.224e+007	714	904	18
1.228e+007	691	904	16
1.232e+007	868	904	20
1.236e+007	702	904	16
1.24e+007	831	904	19
1.244e+007	819	904	20
1.248e+007	935	904	22
1.252e+007	608	904	14
1.256e+007	729	904	18
1.26e+007	801	904	20
1.264e+007	771	904	19
1.268e+007	700	904	17
1.272e+007	768	904	18
1.276e+007	624	904	15
1.28e+007	904	904	21
1.284e+007	753	904	17
1.288e+007	860	904	20
1.292e+007	775	904	19
1.296e+007	724	904	17
1.3e+007	695	904	16
1.304e+007	899	904	20
1.308e+007	715	904	16
1.312e+007	751	904	18
1.316e+007	837	904	20
1.32e+007	964	904	22
1.324e+007	720	904	17
1.328e+007	822	904	19
1.332e+007	845	904	19
1.336e+007	870	904	20
1.34e+007	846	904	19
1.344e+007	677	904	15
1.348e+007	924	904	19
1.352e+007	802	904	19
1.356e+007	703	904	17
1.36e+007	674	904	14
1.364e+007	834	904	19
1.368e+007	888	904	20
1.372e+007	875	904	20
1.376e+007	711	904	15
1.38e+007	956	904	22
1.384e+007	803	904	18
1.388e+007	821	904	19
1.392e+007	825	904	20
1.396e+007	694	904	16
1.4e+007	689	904	16
1.404e+007	885	904	21
1.408e+007	713	904	17
1.412e+007	854	904	19
1.416e+007	839	904	20
1.42e+007	830	904	19
1.424e+007	744	904	17
1.428e+007	742	904	17
1.432e+007	753	904	18
1.436e+007	918	904	21
1.44e+007	892	904	20
1.444e+007	888	904	20
1.448e+007	802	904	19
1.452e+007	626	904	15
1.456e+007	741	904	17
1.46e+007	787	904	18
1.464e+007	842	904	20
1.468e+007	765	904	18
1.472e+007	783	904	19
1.476e+007	774	904	18
1.48e+007	798	904	19
1.484e+007	734	904	17
1.488e+007	834	904	20
1.492e+007	951	904	22
1.496e+007	623	904	15
1.5e+007	739	904	18
1.504e+007	833	904	20
1.508e+007	775	904	18
1.512e+007	773	904	19
1.516e+007	775	904	18
1.52e+007	835	904	20
1.524e+007	651	904	15
1.528e+007	856	904	19
1.532e+007	762	904	17
1.536e+007	831	904	19
1.54e+007	735	904	17
1.544e+007	908	904	21
1.548e+007	790	904	18
1.552e+007	713	904	17
1.556e+007	833	904	20
1.56e+007	696	904	17
1.564e+007	817	904	19
1.568e+007	733	904	18
1.572e+007	933	904	22
1.576e+007	769	904	18
1.58e+007	751	904	18
1.584e+007	891	904	21
1.588e+007	772	904	18
1.592e+007	809	904	19
1.596e+007	907	904	21
1.6e+007	810	904	18
1.604e+007	763	904	18
1.608e+007	638	904	15
1.612e+007	829	904	19
1.616e+007	806	904	19
1.62e+007	713	904	16
1.624e+007	715	904	17
1.628e+007	915	904	20
1.632e+007	868	904	20
1.636e+007	750	904	18
1.64e+007	896	904	21
1.644e+007	615	904	14
1.648e+007	912	904	21
1.652e+007	806	904	19
1.656e+007	873	904	20
1.66e+007	856	904	19
1.664e+007	630	904	15
1.668e+007	791	904	18
1.672e+007	690	904	16
1.676e+007	753	904	17
1.68e+007	794	904	18
1.684e+007	749	904	17
1.688e+007	769	904	18
1.692e+007	689	904	16
1.696e+007	816	904	19
1.7e+007	819	904	19
1.704e+007	800	904	20
1.708e+007	679	904	16
1.712e+007	797	904	18
1.716e+007	829	904	19
1.72e+007	757	904	18
1.724e+007	905	904	21
1.728e+007	675	904	15
1.732e+007	767	904	19
1.736e+007	771	904	18
1.74e+007	789	904	18
1.744e+007	854	904	20
1.748e+007	677	904	16
1.752e+007	990	904	23
1.756e+007	957	904	22
1.76e+007	682	904	16
1.764e+007	788	904	18
1.768e+007	637	904	15
1.772e+007	777	904	19
1.776e+007	834	904	19
1.78e+007	812	904	19
1.784e+007	853	904	20
1.788e+007	780	904	18
1.792e+007	900	904	20
1.796e+007	746	904	17
1.8e+007	849	904	19
1.804e+007	794	904	18
1.808e+007	737	904	17
1.812e+007	759	904	17
1.816e+007	760	904	18
1.82e+007	886	904	21
1.824e+007	791	904	18
1.828e+007	821	904	19
1.832e+007	738	904	17
1.836e+007	837	904	19
1.84e+007	812	904	18
1.844e+007	668	904	16
1.848e+007	811	904	18
1.852e+007	786	904	17
1.856e+007	798	904	19
1.86e+007	832	904	18
1.864e+007	668	904	15
1.868e+007	767	904	18
1.872e+007	982	904	21
1.876e+007	776	904	17
1.88e+007	701	904	15
1.884e+007	817	904	19
1.888e+007	644	904	16
1.892e+007	1070	904	24
1.896e+007	676	904	16
1.9e+007	871	904	20
1.904e+007	871	904	20
1.908e+007	751	904	17
1.912e+007	677	904	16
1.916e+007	835	904	19
1.92e+007	777	904	18
1.924e+007	725	904	17
1.928e+007	782	904	18
1.932e+007	665	904	16
1.936e+007	777	904	18
1.94e+007	931	904	21
1.944e+007	781	904	18
1.948e+007	789	904	18
1.952e+007	887	904	21
1.956e+007	716	904	17
1.96e+007	749	904	17
1.964e+007	770	904	18
1.968e+007	760	904	18
1.972e+007	1003	904	23
1.976e+007	700	904	16
1.98e+007	962	904	22
1.984e+007	851	904	21
1.988e+007	739	904	18
1.992e+007	682	904	16
1.996e+007	746	904	17
2e+007	857	904	20
2.004e+007	661	904	16
2.008e+007	879	904	21
2.012e+007	791	904	18
2.016e+007	772	904	18
2.02e+007	818	904	19
2.024e+007	766	904	18
2.028e+007	739	904	18
2.032e+007	683	904	16
2.036e+007	840	904	19
2.04e+007	792	904	18
2.044e+007	707	904	16
2.048e+007	806	904	19
2.052e+007	805	904	19
2.056e+007	668	904	16
2.06e+007	795	904	18
2.064e+007	794	904	18
2.068e+007	907	904	21
2.072e+007	849	904	20
2.076e+007	852	904	20
2.08e+007	870	904	20
2.084e+007	806	904	19
2.088e+007	830	904	20
2.092e+007	924	904	22
2.096e+007	828	904	19
2.1e+007	824	904	20
2.104e+007	681	904	16
2.108e+007	923	904	21
2.112e+007	793	904	18
2.116e+007	779	904	18
2.12e+007	825	904	19
2.124e+007	695	904	16
2.128e+007	829	904	19
2.132e+007	731	904	17
2.136e+007	812	904	19
2.14e+007	677	904	16
2.144e+007	857	904	19
2.148e+007	913	904	20
2.152e+007	712	904	16
2.156e+007	822	904	19
2.16e+007	729	904	17
2.164e+007	805	904	18
2.168e+007	900	904	21
2.172e+007	800	904	18
2.176e+007	776	904	18
2.18e+007	828	904	18
2.184e+007	769	904	18
2.188e+007	757	904	17
2.192e+007	826	904	19
2.196e+007	635	904	15
2.2e+007	889	904	21
2.204e+007	867	904	20
2.208e+007	913	904	21
2.212e+007	771	904	18
2.216e+007	764	904	18
2.22e+007	796	904	18
2.224e+007	740	904	18
2.228e+007	666	904	15
2.232e+007	738	904	18
2.236e+007	982	904	23
2.24e+007	879	904	21
2.244e+007	626	904	15
2.248e+007	638	904	15
2.252e+007	752	904	18
2.256e+007	847	904	19
2.26e+007	843	904	20
2.264e+007	957	904	22
2.268e+007	805	904	19
2.272e+007	784	904	18
2.276e+007	812	904	19
2.28e+007	825	904	19
2.284e+007	791	904	18
2.288e+007	816	904	19
2.292e+007	681	904	16
2.296e+007	702	904	17
2.3e+007	800	904	19
2.304e+007	864	904	20
2.308e+007	791	904	18
2.312e+007	728	904	17
2.316e+007	744	904	18
2.32e+007	728	904	17
2.324e+007	841	904	20
2.328e+007	889	904	21
2.332e+007	632	904	15
2.336e+007	867	904	20
2.34e+007	726	904	17
2.344e+007	885	904	20
2.348e+007	905	904	20
2.352e+007	738	904	17
2.356e+007	839	904	19
2.36e+007	779	904	18
2.364e+007	790	904	17
2.368e+007	748	904	17
2.372e+007	693	904	16
2.376e+007	871	904	19
2.38e+007	785	904	18
2.384e+007	775	904	17
2.388e+007	853	904	20
2.392e+007	871	904	19
2.396e+007	795	904	19
2.4e+007	842	904	19
2.404e+007	738	904	17
2.408e+007	868	904	20
2.412e+007	961	904	22
2.416e+007	646	904	15
2.42e+007	990	904	24
2.424e+007	765	904	18
2.428e+007	861	904	21
2.432e+007	761	904	17
2.436e+007	933	904	22
2.44e+007	781	904	18
2.444e+007	718	904	17
2.448e+007	841	904	19
2.452e+007	961	904	22
2.456e+007	716	904	18
2.46e+007	645	904	15
2.464e+007	761	904	18
2.468e+007	669	904	16
2.472e+007	908	904	21
2.476e+007	747	904	18
2.48e+007	935	904	22
2.484e+007	719	904	16
2.488e+007	730	904	17
2.492e+007	765	904	18
2.496e+007	811	904	19
2.5e+007	851	904	20
2.504e+007	858	904	20
2.508e+007	735	904	17
2.512e+007	685	904	16
2.516e+007	734	904	17
2.52e+007	710	904	17
2.524e+007	796	904	19
2.528e+007	990	904	23
2.532e+007	569	904	13
2.536e+007	1061	904	25
2.54e+007	843	904	19
2.544e+007	677	904	16
2.548e+007	834	904	20
2.552e+007	811	904	19
2.556e+007	748	904	17
2.56e+007	891	904	21
2.564e+007	700	904	17
2.568e+007	767	904	18
2.572e+007	806	904	19
2.576e+007	846	904	19
2.58e+007	859	904	20
2.584e+007	760	904	18
2.588e+007	792	904	18
2.592e+007	898	904	21
2.596e+007	661	904	16
2.6e+007	819	904	19
2.604e+007	694	904	16
2.608e+007	815	904	19
2.612e+007	942	904	22
2.616e+007	664	904	16
2.62e+007	866	904	20
2.624e+007	759	904	18
2.628e+007	780	904	18
2.632e+007	691	904	16
2.636e+007	839	904	19
2.64e+007	717	904	17
2.644e+007	810	904	19
2.648e+007	819	904	20
2.652e+007	794	904	19
2.656e+007	933	904	22
2.66e+007	708	904	16
2.664e+007	831	904	19
2.668e+007	793	904	19
2.672e+007	917	904	22
2.676e+007	672	904	16
2.68e+007	806	904	19
2.684e+007	597	904	14
2.688e+007	738	904	18
2.692e+007	951	904	22
2.696e+007	783	904	18
2.7e+007	797	904	18
2.704e+007	797	904	19
2.708e+007	885	904	20
2.712e+007	855	904	20
2.716e+007	719	904	17
2.72e+007	745	904	17
2.724e+007	769	904	18
2.728e+007	773	904	18
2.732e+007	819	904	19
2.736e+007	828	904	19
2.74e+007	787	904	18
2.744e+007	742	904	18
2.748e+007	790	904	19
2.752e+007	848	904	19
2.756e+007	696	904	17
2.76e+007	832	904	19
2.764e+007	930	904	21
2.768e+007	760	904	18
2.772e+007	889	904	21
2.776e+007	718	904	17
2.78e+007	709	904	16
2.784e+007	720	904	17
2.788e+007	831	904	19
2.792e+007	858	904	20
2.796e+007	812	904	19
2.8e+007	803	904	19
2.804e+007	719	904	17
2.808e+007	773	904	18
2.812e+007	958	904	22
2.816e+007	765	904	18
2.82e+007	776	904	18
2.824e+007	787	904	18
2.828e+007	849	904	20
2.832e+007	833	904	19
2.836e+007	895	904	21
2.84e+007	864	904	20
2.844e+007	773	904	18
2.848e+007	833	904	19
2.852e+007	785	904	17
2.856e+007	916	904	21
2.86e+007	800	904	18
2.864e+007	785	904	18
2.868e+007	773	904	18
2.872e+007	740	904	17
2.876e+007	891	904	19
2.88e+007	844	904	19
2.884e+007	734	904	16
2.888e+007	829	904	19
2.892e+007	825	904	19
2.896e+007	674	904	16
2.9e+007	963	904	23
2.904e+007	726	904	16
2.908e+007	919	904	21
2.912e+007	931	904	22
2.916e+007	836	904	19
2.92e+007	719	904	17
2.924e+007	756	904	18
2.928e+007	761	904	17
2.932e+007	712	904	17
2.936e+007	732	904	17
2.94e+007	832	904	19
2.944e+007	903	904	21
2.948e+007	755	904	18
2.952e+007	670	904	16
2.956e+007	850	904	20
2.96e+007	810	904	19
2.964e+007	705	904	16
2.968e+007	816	904	19
2.972e+007	788	904	19
2.976e+007	952	904	22
2.98e+007	722	904	16
2.984e+007	845	904	20
2.988e+007	656	904	15
2.992e+007	882	904	20
2.996e+007	927	904	21
3e+007	660	904	16
3.004e+007	823	904	19
3.008e+007	780	904	18
3.012e+007	819	904	19
3.016e+007	733	904	17
3.02e+007	632	904	15
3.024e+007	883	904	20
3.028e+007	809	904	19
3.032e+007	719	904	17
3.036e+007	859	904	20
3.04e+007	768	904	18
3.044e+007	736	904	17
3.048e+007	714	904	17
3.052e+007	860	904	20
3.056e+007	848	904	19
3.06e+007	734	904	17
3.064e+007	790	904	18
3.068e+007	792	904	19
3.072e+007	750	904	17
3.076e+007	882	904	21
3.08e+007	871	904	21
3.084e+007	608	904	14
3.088e+007	797	904	18
3.092e+007	804	904	19
3.096e+007	845	904	20
3.1e+007	779	904	18
3.104e+007	770	904	18
3.108e+007	795	904	19
3.112e+007	760	904	17
3.116e+007	772	904	18
3.12e+007	753	904	18
3.124e+007	767	904	18
3.128e+007	803	904	19
3.132e+007	746	904	18
3.136e+007	736	904	18
3.14e+007	758	904	18
3.144e+007	999	904	23
3.148e+007	826	904	20
3.152e+007	773	904	17
3.156e+007	866	904	21
3.16e+007	697	904	16
3.164e+007	816	904	19
3.168e+007	770	904	19
3.172e+007	783	904	18
3.176e+007	627	904	15
3.18e+007	809	904	19
3.184e+007	850	904	20
3.188e+007	876	904	21
3.192e+007	847	904	19
3.196e+007	650	904	15
3.2e+007	716	904	17
3.204e+007	890	904	21
3.208e+007	675	904	16
3.212e+007	800	904	18
3.216e+007	855	904	19
3.22e+007	688	904	17
3.224e+007	705	904	16
3.228e+007	768	904	18
3.232e+007	773	904	17
3.236e+007	840	904	20
3.24e+007	796	904	19
3.244e+007	964	904	23
3.248e+007	745	904	17
3.252e+007	878	904	20
3.256e+007	912	904	21
3.26e+007	636	904	15
3.264e+007	905	904	21
3.268e+007	800	904	19
3.272e+007	722	904	17
3.276e+007	660	904	16
3.28e+007	783	904	19
3.284e+007	795	904	18
3.288e+007	778	904	18
3.292e+007	735	904	18
3.296e+007	849	904	19
3.3e+007	787	904	18
3.304e+007	737	904	18
3.308e+007	851	904	20
3.312e+007	689	904	16
3.316e+007	776	904	18
3.32e+007	928	904	21
3.324e+007	854	904	20
3.328e+007	719	904	17
3.332e+007	668	904	16
3.336e+007	687	904	16
3.34e+007	1029	904	24
3.344e+007	661	904	15
3.348e+007	876	904	19
3.352e+007	871	904	19
3.356e+007	792	904	19
3.36e+007	734	904	16
3.364e+007	902	904	21
3.368e+007	1089	904	24
3.372e+007	726	904	17
3.376e+007	793	904	18
3.38e+007	896	904	20
3.384e+007	855	904	19
3.388e+007	840	904	19
3.392e+007	739	904	17
3.396e+007	898	904	20
3.4e+007	729	904	16
3.404e+007	898	904	20
3.408e+007	799	904	19
3.412e+007	1043	904	24
3.416e+007	669	904	15
3.42e+007	789	904	19
3.424e+007	689	904	17
3.428e+007	740	904	17
3.432e+007	824	904	19
3.436e+007	916	904	21
3.44e+007	837	904	20
3.444e+007	699	904	17
3.448e+007	643	904	15
3.452e+007	927	904	21
3.456e+007	718	904	17
3.46e+007	693	904	16
3.464e+007	649	904	16
3.468e+007	854	904	20
3.472e+007	722	904	17
3.476e+007	878	904	21
3.48e+007	701	904	16
3.484e+007	892	904	21
3.488e+007	685	904	16
3.492e+007	785	904	18
3.496e+007	912	904	20
3.5e+007	924	904	22
3.504e+007	782	904	18
3.508e+007	756	904	18
3.512e+007	910	904	21
3.516e+007	804	904	19
3.52e+007	721	904	17
3.524e+007	864	904	21
3.528e+007	816	904	19
3.532e+007	875	904	20
3.536e+007	736	904	17
3.54e+007	766	904	18
3.544e+007	720	904	16
3.548e+007	780	904	19
3.552e+007	817	904	19
3.556e+007	992	904	23
3.56e+007	776	904	18
3.564e+007	831	904	19
3.568e+007	708	904	17
3.572e+007	724	904	16
3.576e+007	968	904	22
3.58e+007	771	904	18
3.584e+007	822	904	19
3.588e+007	896	904	21
3.592e+007	698	904	17
3.596e+007	830	904	19
3.6e+007	761	904	18
3.604e+007	777	904	18
3.608e+007	823	904	19
3.612e+007	654	904	15
3.616e+007	783	904	18
3.62e+007	820	904	20
3.624e+007	798	904	19
3.628e+007	654	904	15
3.632e+007	777	904	18
3.636e+007	818	904	19
3.64e+007	810	904	19
3.644e+007	793	904	18
3.648e+007	800	904	18
3.652e+007	774	904	18
3.656e+007	719	904	17
3.66e+007	860	904	20
3.664e+007	839	904	19
3.668e+007	710	904	16
3.672e+007	871	904	20
3.676e+007	706	904	17
3.68e+007	841	904	20
3.684e+007	784	904	18
3.688e+007	745	904	18
3.692e+007	771	904	18
3.696e+007	794	904	19
3.7e+007	752	904	17
3.704e+007	851	904	20
3.708e+007	769	904	18
3.712e+007	733	904	17
3.716e+007	862	904	20
3.72e+007	759	904	18
3.724e+007	837	904	19
3.728e+007	746	904	17
3.732e+007	713	904	17
3.736e+007	730	904	16
3.74e+007	665	904	15
3.744e+007	732	904	18
3.748e+007	876	904	20
3.752e+007	760	904	18
3.756e+007	833	904	19
3.76e+007	875	904	21
3.764e+007	833	904	19
3.768e+007	635	904	15
3.772e+007	855	904	19
3.776e+007	670	904	16
3.78e+007	784	904	18
3.784e+007	777	904	18
3.788e+007	772	904	17
3.792e+007	857	904	21
3.796e+007	902	904	21
3.8e+007	695	904	16
3.804e+007	740	904	17
3.808e+007	703	904	16
3.812e+007	843	904	20
3.816e+007	737	904	17
3.82e+007	733	904	17
3.824e+007	1009	904	23
3.828e+007	901	904	21
3.832e+007	715	904	17
3.836e+007	775	904	18
3.84e+007	874	904	20
3.844e+007	834	904	19
3.848e+007	649	904	15
3.852e+007	903	904	20
3.856e+007	672	904	15
3.86e+007	921	904	21
3.864e+007	951	904	21
3.868e+007	737	904	16
3.872e+007	878	904	20
3.876e+007	853	904	19
3.88e+007	779	904	18
3.884e+007	936	904	21
3.888e+007	800	904	18
3.892e+007	761	904	18
3.896e+007	812	904	19
3.9e+007	787	904	18
3.904e+007	828	904	19
3.908e+007	764	904	18
3.912e+007	830	904	19
3.916e+007	698	904	16
3.92e+007	782	904	18
3.924e+007	735	904	18
3.928e+007	816	904	20
3.932e+007	972	904	22
3.936e+007	758	904	18
3.94e+007	770	904	18
3.944e+007	835	904	19
3.948e+007	801	904	19
3.952e+007	761	904	18
3.956e+007	882	904	20
3.96e+007	713	904	16
3.964e+007	927	904	21
3.968e+007	663	904	16
3.972e+007	689	904	16
3.976e+007	680	904	16
3.98e+007	832	904	19
3.984e+007	838	904	19
3.988e+007	991	904	24
3.992e+007	654	904	16
3.996e+007	813	904	19
4e+007	728	904	17
4.004e+007	670	904	16
4.008e+007	834	904	19
4.012e+007	716	904	17
4.016e+007	903	904	21
4.02e+007	775	904	17
4.024e+007	836	904	19
4.028e+007	802	904	18
4.032e+007	680	904	16
4.036e+007	874	904	20
4.04e+007	681	904	15
4.044e+007	851	904	20
4.048e+007	810	904	19
4.052e+007	795	904	18
4.056e+007	770	904	18
4.06e+007	772	904	18
4.064e+007	739	904	18
4.068e+007	708	904	17
4.072e+007	779	904	18
4.076e+007	834	904	20
4.08e+007	726	904	17
4.084e+007	1023	904	23
4.088e+007	787	904	19
4.092e+007	945	904	21
4.096e+007	776	904	18
4.1e+007	899	904	21
4.104e+007	714	904	17
4.108e+007	835	904	19
4.112e+007	827	904	19
4.116e+007	782	904	18
4.12e+007	689	904	16
4.124e+007	767	904	17
4.128e+007	840	904	20
4.132e+007	720	904	17
4.136e+007	864	904	20
4.14e+007	732	904	17
4.144e+007	625	904	15
4.148e+007	852	904	20
4.152e+007	682	904	16
4.156e+007	902	904	21
4.16e+007	1023	904	23
4.164e+007	791	904	18
4.168e+007	694	904	17
4.172e+007	799	904	18
4.176e+007	805	904	19
4.18e+007	735	904	18
4.184e+007	958	904	22
4.188e+007	776	904	18
4.192e+007	826	904	19
4.196e+007	745	904	17
4.2e+007	783	904	18
4.204e+007	861	904	20
4.208e+007	766	904	18
4.212e+007	657	904	15
4.216e+007	744	904	17
4.22e+007	834	904	19
4.224e+007	902	904	22
4.228e+007	786	904	18
4.232e+007	916	904	22
4.236e+007	652	904	15
4.24e+007	764	904	18
4.244e+007	846	904	20
4.248e+007	779	904	18
4.252e+007	708	904	17
4.256e+007	667	904	16
4.26e+007	748	904	17
4.264e+007	879	904	20
4.268e+007	759	904	18
4.272e+007	850	904	20
4.276e+007	798	904	19
4.28e+007	595	904	14
4.284e+007	728	904	17
4.288e+007	961	904	22
4.292e+007	767	904	18
4.296e+007	729	904	17
4.3e+007	820	904	19
4.304e+007	779	904	18
4.308e+007	941	904	21
4.312e+007	800	904	19
4.316e+007	937	904	21
4.32e+007	764	904	17
4.324e+007	1081	904	25
4.328e+007	835	904	20
4.332e+007	624	904	15
4.336e+007	788	904	19
4.34e+007	720	904	17
4.344e+007	848	904	20
4.348e+007	724	904	17
4.352e+007	819	904	18
4.356e+007	868	904	19
4.36e+007	806	904	18
4.364e+007	819	904	20
4.368e+007	827	904	18
4.372e+007	850	904	19
4.376e+007	685	904	16
4.38e+007	884	904	20
4.384e+007	743	904	17
4.388e+007	748	904	17
4.392e+007	1209	904	26
4.396e+007	776	904	19
4.4e+007	845	904	19
4.404e+007	783	904	19
4.408e+007	837	904	19
4.412e+007	733	904	17
4.416e+007	866	904	20
4.42e+007	1003	904	23
4.424e+007	686	904	16
4.428e+007	1011	904	23
4.432e+007	888	904	20
4.436e+007	795	904	18
4.44e+007	785	904	18
4.444e+007	720	904	17
4.448e+007	699	904	16
4.452e+007	812	904	19
4.456e+007	733	904	17
4.46e+007	829	904	19
4.464e+007	772	904	18
4.468e+007	765	904	18
4.472e+007	756	904	18
4.476e+007	747	904	17
4.48e+007	823	904	19
4.484e+007	834	904	20
4.488e+007	775	904	18
4.492e+007	776	904	19
4.496e+007	858	904	20
4.5e+007	691	904	16
4.504e+007	836	904	20
4.508e+007	706	904	17
4.512e+007	877	904	20
4.516e+007	714	904	17
4.52e+007	801	904	19
4.524e+007	707	904	17
4.528e+007	827	904	19
4.532e+007	825	904	19
4.536e+007	905	904	21
4.54e+007	773	904	18
4.544e+007	669	904	16
4.548e+007	748	904	18
4.552e+007	852	904	19
4.556e+007	830	904	19
4.56e+007	783	904	18
4.564e+007	782	904	19
4.568e+007	698	904	16
4.572e+007	1046	904	24
4.576e+007	785	904	18
4.58e+007	698	904	16
4.584e+007	828	904	19
4.588e+007	1040	904	24
4.592e+007	661	904	15
4.596e+007	764	904	18
4.6e+007	717	904	17
4.604e+007	682	904	16
4.608e+007	661	904	16
4.612e+007	964	904	22
4.616e+007	699	904	16
4.62e+007	892	904	20
4.624e+007	909	904	21
4.628e+007	714	904	16
4.632e+007	770	904	18
4.636e+007	676	904	16
4.64e+007	998	904	23
4.644e+007	857	904	20
4.648e+007	764	904	18
4.652e+007	797	904	19
4.656e+007	726	904	17
4.66e+007	862	904	20
4.664e+007	637	904	15
4.668e+007	812	904	18
4.672e+007	1006	904	23
4.676e+007	744	904	17
4.68e+007	833	904	19
4.684e+007	925	904	22
4.688e+007	752	904	17
4.692e+007	888	904	20
4.696e+007	837	904	19
4.7e+007	767	904	18
4.704e+007	748	904	17
4.708e+007	773	904	18
4.712e+007	772	904	18
4.716e+007	762	904	17
4.72e+007	719	904	17
4.724e+007	706	904	17
4.728e+007	796	904	19
4.732e+007	742	904	18
4.736e+007	812	904	19
4.74e+007	830	904	19
4.744e+007	957	904	22
4.748e+007	760	904	18
4.752e+007	890	904	21
4.756e+007	773	904	18
4.76e+007	760	904	18
4.764e+007	847	904	19
4.768e+007	835	904	20
4.772e+007	709	904	16
4.776e+007	750	904	17
4.78e+007	860	904	20
4.784e+007	635	904	15
4.788e+007	910	904	21
4.792e+007	927	904	21
4.796e+007	689	904	16
4.8e+007	777	904	18
4.804e+007	926	904	21
4.808e+007	804	904	18
4.812e+007	730	904	17
4.816e+007	683	904	16
4.82e+007	647	904	15
4.824e+007	763	904	17
4.828e+007	854	904	20
4.832e+007	831	904	19
4.836e+007	738	904	18
4.84e+007	777	904	19
4.844e+007	743	904	18
4.848e+007	769	904	18
4.852e+007	822	904	19
4.856e+007	820	904	18
4.86e+007	850	904	18
4.864e+007	691	904	16
4.868e+007	760	904	17
4.872e+007	717	904	16
4.876e+007	857	904	20
4.88e+007	726	904	17
4.884e+007	921	904	20
4.888e+007	682	904	16
4.892e+007	917	904	20
4.896e+007	839	904	19
4.9e+007	887	904	19
4.904e+007	706	904	17
4.908e+007	902	904	20
4.912e+007	775	904	18
4.916e+007	752	904	18
4.92e+007	832	904	19
4.924e+007	894	904	21
4.928e+007	803	904	19
4.932e+007	731	904	17
4.936e+007	1036	904	24
4.94e+007	541	904	13
4.944e+007	1075	904	25
4.948e+007	887	904	20
4.952e+007	857	904	20
4.956e+007	848	904	20
4.96e+007	777	904	18
4.964e+007	746	904	18
4.968e+007	809	904	19
4.972e+007	882	904	20
4.976e+007	831	904	20
4.98e+007	744	904	17
4.984e+007	829	904	19
4.988e+007	768	904	18
4.992e+007	922	904	21
4.996e+007	809	904	19
5e+007	805	904	19
5.004e+007	766	904	18
5.008e+007	830	904	19
5.012e+007	636	904	15
5.016e+007	745	904	17
5.02e+007	885	904	21
5.024e+007	790	904	18
5.028e+007	796	904	18
5.032e+007	696	904	17
5.036e+007	707	904	16
5.04e+007	861	904	20
5.044e+007	750	904	17
5.048e+007	875	904	20
5.052e+007	663	904	15
5.056e+007	741	904	17
5.06e+007	709	904	17
5.064e+007	850	904	20
5.068e+007	948	904	22
5.072e+007	742	904	18
5.076e+007	915	904	21
5.08e+007	798	904	18
5.084e+007	831	904	20
5.088e+007	743	904	18
5.092e+007	782	904	18
5.096e+007	761	904	18
5.1e+007	784	904	18
5.104e+007	903	904	21
5.108e+007	666	904	15
5.112e+007	824	904	19
5.116e+007	817	904	19
5.12e+007	916	904	21
5.124e+007	704	904	17
5.128e+007	846	904	19
5.132e+007	803	904	19
5.136e+007	1017	904	23
5.14e+007	772	904	18
5.144e+007	746	904	18
5.148e+007	776	904	18
5.152e+007	731	904	17
5.156e+007	740	904	18
5.16e+007	876	904	20
5.164e+007	788	904	18
5.168e+007	786	904	18
5.172e+007	637	904	16
5.176e+007	905	904	22
5.18e+007	923	904	21
5.184e+007	743	904	17
5.188e+007	892	904	20
5.192e+007	892	904	21
5.196e+007	915	904	21
5.2e+007	780	904	18
5.204e+007	724	904	18
5.208e+007	799	904	19
5.212e+007	671	904	16
5.216e+007	790	904	18
5.22e+007	689	904	17
5.224e+007	935	904	22
5.228e+007	810	904	19
5.232e+007	780	904	18
5.236e+007	672	904	16
5.24e+007	754	904	18
5.244e+007	703	904	17
5.248e+007	893	904	21
5.252e+007	730	904	17
5.256e+007	697	904	16
5.26e+007	856	904	20
5.264e+007	771	904	17
5.268e+007	901	904	20
5.272e+007	690	904	16
5.276e+007	906	904	21
5.28e+007	786	904	18
5.284e+007	654	904	16
5.288e+007	874	904	20
5.292e+007	735	904	17
5.296e+007	967	904	22
5.3e+007	823	904	19
5.304e+007	950	904	22
5.308e+007	757	904	18
5.312e+007	848	904	20
5.316e+007	812	904	19
5.32e+007	788	904	19
5.324e+007	833	904	19
5.328e+007	682	904	16
5.332e+007	896	904	21
5.336e+007	770	904	18
5.34e+007	640	904	15
5.344e+007	1004	904	24
5.348e+007	776	904	18
5.352e+007	857	904	19
5.356e+007	761	904	18
5.36e+007	685	904	15
5.364e+007	839	904	18
5.368e+007	793	904	18
5.372e+007	938	904	21
5.376e+007	829	904	19
5.38e+007	937	904	22
5.384e+007	906	904	20
5.388e+007	740	904	17
5.392e+007	901	904	21
5.396e+007	876	904	19
5.4e+007	907	904	21
5.404e+007	869	904	20
5.408e+007	790	904	18
5.412e+007	689	904	16
5.416e+007	644	904	15
5.42e+007	813	904	19
5.424e+007	835	904	20
5.428e+007	867	904	19
5.432e+007	717	904	17
5.436e+007	694	904	16
5.44e+007	725	904	17
5.444e+007	943	904	21
5.448e+007	868	904	20
5.452e+007	676	904	16
5.456e+007	1039	904	24
5.46e+007	737	904	17
5.464e+007	930	904	21
5.468e+007	827	904	19
5.472e+007	829	904	19
5.476e+007	722	904	17
5.48e+007	778	904	18
5.484e+007	556	904	14
5.488e+007	776	904	18
5.492e+007	949	904	22
5.496e+007	818	904	19
5.5e+007	735	904	17
5.504e+007	579	904	13
5.508e+007	754	904	19
5.512e+007	755	904	17
5.516e+007	709	904	17
5.52e+007	776	904	18
5.524e+007	938	904	21
5.528e+007	704	904	16
5.532e+007	741	904	17
5.536e+007	663	904	16
5.54e+007	875	904	21
5.544e+007	916	904	21
5.548e+007	860	904	20
5.552e+007	787	904	18
5.556e+007	791	904	18
5.56e+007	939	904	22
5.564e+007	799	904	19
5.568e+007	722	904	17
5.572e+007	829	904	19
5.576e+007	908	904	21
5.58e+007	842	904	20
5.584e+007	688	904	16
5.588e+007	844	904	20
5.592e+007	745	904	17
5.596e+007	732	904	17
5.6e+007	793	904	19
5.604e+007	865	904	20
5.608e+007	760	904	18
5.612e+007	932	904	22
5.616e+007	565	904	13
5.62e+007	821	904	20
5.624e+007	746	904	17
5.628e+007	915	904	21
5.632e+007	734	904	17
5.636e+007	837	904	19
5.64e+007	771	904	19
5.644e+007	831	904	19
5.648e+007	810	904	19
5.652e+007	819	904	19
5.656e+007	675	904	16
5.66e+007	1062	904	24
5.664e+007	780	904	18
5.668e+007	810	904	19
5.672e+007	692	904	17
5.676e+007	804	904	18
5.68e+007	714	904	16
5.684e+007	773	904	18
5.688e+007	719	904	17
5.692e+007	816	904	19
5.696e+007	817	904	19
5.7e+007	965	904	23
5.704e+007	726	904	17
5.708e+007	810	904	18
5.712e+007	852	904	20
5.716e+007	755	904	17
5.72e+007	927	904	22
5.724e+007	743	904	17
5.728e+007	898	904	21
5.732e+007	793	904	19
5.736e+007	777	904	18
5.74e+007	753	904	17
5.744e+007	824	904	19
5.748e+007	792	904	18
5.752e+007	801	904	19
5.756e+007	883	904	20
5.76e+007	765	904	18
5.764e+007	775	904	19
5.768e+007	851	904	20
5.772e+007	652	904	16
5.776e+007	745	904	18
5.78e+007	738	904	17
5.784e+007	1051	904	25
5.788e+007	702	904	16
5.792e+007	776	904	18
5.796e+007	722	904	17
5.8e+007	818	904	19
5.804e+007	835	904	20
5.808e+007	745	904	18
5.812e+007	680	904	16
5.816e+007	790	904	18
5.82e+007	793	904	19
5.824e+007	765	904	17
5.828e+007	813	904	19
5.832e+007	738	904	17
5.836e+007	919	904	21
5.84e+007	805	904	19
5.844e+007	729	904	17
5.848e+007	828	904	19
5.852e+007	810	904	19
5.856e+007	821	904	19
5.86e+007	886	904	19
5.864e+007	769	904	17
5.868e+007	892	904	21
5.872e+007	793	904	18
5.876e+007	795	904	18
5.88e+007	908	904	21
5.884e+007	750	904	16
5.888e+007	948	904	22
5.892e+007	715	904	17
5.896e+007	860	904	19
5.9e+007	966	904	21
5.904e+007	864	904	19
5.908e+007	864	904	19
5.912e+007	942	904	21
5.916e+007	766	904	18
5.92e+007	762	904	18
5.924e+007	740	904	17
5.928e+007	829	904	20
5.932e+007	757	904	18
5.936e+007	947	904	22
5.94e+007	667	904	15
5.944e+007	856	904	20
5.948e+007	785	904	18
5.952e+007	743	904	17
5.956e+007	738	904	17
5.96e+007	755	904	18
5.964e+007	645	904	15
5.968e+007	854	904	20
5.972e+007	844	904	19
5.976e+007	802	904	19
5.98e+007	593	904	14
5.984e+007	908	904	21
5.988e+007	651	904	15
5.992e+007	825	904	19
5.996e+007	942	904	22
6e+007	857	904	20
6.004e+007	770	904	18
6.008e+007	936	904	21
6.012e+007	645	904	15
6.016e+007	784	904	18
6.02e+007	794	904	19
6.024e+007	753	904	17
6.028e+007	881	904	21
6.032e+007	828	904	20
6.036e+007	734	904	17
6.04e+007	763	904	18
6.044e+007	729	904	17
6.048e+007	757	904	18
6.052e+007	832	904	19
6.056e+007	730	904	17
6.06e+007	780	904	18
6.064e+007	918	904	21
6.068e+007	716	904	17
6.072e+007	745	904	18
6.076e+007	875	904	20
6.08e+007	693	904	16
6.084e+007	578	904	14
6.088e+007	733	904	17
6.092e+007	919	904	22
6.096e+007	648	904	15
6.1e+007	882	904	20
6.104e+007	817	904	19
6.108e+007	921	904	21
6.112e+007	726	904	17
6.116e+007	753	904	18
6.12e+007	849	904	19
6.124e+007	672	904	16
6.128e+007	739	904	17
6.132e+007	761	904	18
6.136e+007	845	904	20
6.14e+007	750	904	18
6.144e+007	867	904	20
6.148e+007	771	904	18
6.152e+007	840	904	20
6.156e+007	764	904	18
6.16e+007	785	904	18
6.164e+007	798	904	19
6.168e+007	861	904	20
6.172e+007	714	904	17
6.176e+007	889	904	21
6.18e+007	801	904	19
6.184e+007	810	904	19
6.188e+007	963	904	22
6.192e+007	701	904	16
6.196e+007	1025	904	24
6.2e+007	647	904	15
6.204e+007	807	904	19
6.208e+007	670	904	15
6.212e+007	734	904	17
6.216e+007	775	904	18
6.22e+007	719	904	17
6.224e+007	777	904	18
6.228e+007	966	904	22
6.232e+007	872	904	20
6.236e+007	899	904	22
6.24e+007	743	904	17
6.244e+007	807	904	19
6.248e+007	881	904	21
6.252e+007	739	904	17
6.256e+007	773	904	18
6.26e+007	818	904	19
6.264e+007	680	904	16
6.268e+007	880	904	20
6.272e+007	802	904	19
6.276e+007	674	904	16
6.28e+007	849	904	20
6.284e+007	855	904	19
6.288e+007	643	904	16
6.292e+007	840	904	19
6.296e+007	718	904	17
6.3e+007	861	904	20
6.304e+007	926	904	21
6.308e+007	817	904	19
6.312e+007	928	904	22
6.316e+007	805	904	19
6.32e+007	729	904	17
6.324e+007	730	904	17
6.328e+007	662	904	16
6.332e+007	940	904	22
6.336e+007	737	904	17
6.34e+007	929	904	22
6.344e+007	812	904	19
6.348e+007	664	904	16
6.352e+007	943	904	22
6.356e+007	632	904	14
6.36e+007	709	904	17
6.364e+007	768	904	17
6.368e+007	779	904	18
6.372e+007	699	904	16
6.376e+007	895	904	20
6.38e+007	913	904	21
6.384e+007	764	904	18
6.388e+007	690	904	15
6.392e+007	709	904	17
6.396e+007	900	904	21
6.4e+007	721	904	16
6.404e+007	952	904	22
6.408e+007	738	904	17
6.412e+007	847	904	20
6.416e+007	779	904	17
6.42e+007	747	904	19
6.424e+007	873	904	21
6.428e+007	773	904	18
6.432e+007	691	904	16
6.436e+007	907	904	21
6.44e+007	960	904	22
6.444e+007	805	904	19
6.448e+007	843	904	20
6.452e+007	743	904	17
6.456e+007	762	904	18
6.46e+007	686	904	16
6.464e+007	787	904	18
6.468e+007	962	904	23
6.472e+007	836	904	19
6.476e+007	728	904	17
6.48e+007	622	904	15
6.484e+007	940	904	22
6.488e+007	729	904	17
6.492e+007	660	904	15
6.496e+007	701	904	17
6.5e+007	760	904	18
6.504e+007	816	904	19
6.508e+007	900	904	21
6.512e+007	759	904	18
6.516e+007	820	904	19
6.52e+007	693	904	16
6.524e+007	682	904	16
6.528e+007	677	904	16
6.532e+007	637	904	15
6.536e+007	904	904	21
6.54e+007	862	904	21
6.544e+007	899	904	21
6.548e+007	698	904	16
6.552e+007	719	904	17
6.556e+007	815	904	19
6.56e+007	930	904	22
6.564e+007	763	904	18
6.568e+007	898	904	20
6.572e+007	652	904	15
6.576e+007	738	904	17
6.58e+007	710	904	16
6.584e+007	859	904	20
6.588e+007	834	904	19
6.592e+007	894	904	21
6.596e+007	783	904	18
6.6e+007	709	904	17
6.604e+007	763	904	18
6.608e+007	793	904	18
6.612e+007	803	904	18
6.616e+007	767	904	17
6.62e+007	887	904	21
6.624e+007	725	904	17
6.628e+007	723	904	17
6.632e+007	824	904	19
6.636e+007	858	904	20
6.64e+007	726	904	17
6.644e+007	780	904	18
6.648e+007	790	904	19
6.652e+007	759	904	18
6.656e+007	857	904	20
6.66e+007	720	904	17
6.664e+007	894	904	20
6.668e+007	764	904	18
6.672e+007	800	904	18
6.676e+007	717	904	17
6.68e+007	857	904	20
6.684e+007	861	904	20
6.688e+007	704	904	17
6.692e+007	827	904	19
6.696e+007	1018	904	24
6.7e+007	802	904	19
6.704e+007	765	904	17
6.708e+007	878	904	20
6.712e+007	845	904	20
6.716e+007	809	904	19
6.72e+007	723	904	17
6.724e+007	769	904	18
6.728e+007	819	904	19
6.732e+007	818	904	19
6.736e+007	889	904	21
6.74e+007	732	904	17
6.744e+007	831	904	19
6.748e+007	834	904	20
6.752e+007	863	904	20
6.756e+007	915	904	21
6.76e+007	828	904	19
6.764e+007	802	904	19
6.768e+007	866	904	20
6.772e+007	737	904	17
6.776e+007	785	904	19
6.78e+007	769	904	18
6.784e+007	738	904	18
6.788e+007	807	904	19
6.792e+007	733	904	17
6.796e+007	784	904	18
6.8e+007	781	904	18
6.804e+007	639	904	15
6.808e+007	851	904	20
6.812e+007	729	904	17
6.816e+007	667	904	16
6.82e+007	801	904	18
6.824e+007	862	904	21
6.828e+007	664	904	16
6.832e+007	787	904	18
6.836e+007	807	904	19
6.84e+007	949	904	22
6.844e+007	748	904	18
6.848e+007	729	904	17
6.852e+007	779	904	18
6.856e+007	887	904	20
6.86e+007	816	904	19
6.864e+007	940	904	21
6.868e+007	556	904	13
6.872e+007	912	904	20
6.876e+007	824	904	19
6.88e+007	813	904	18
6.884e+007	908	904	21
6.888e+007	781	904	18
6.892e+007	814	904	19
6.896e+007	737	904	17
6.9e+007	747	904	16
6.904e+007	885	904	20
6.908e+007	686	904	16
6.912e+007	899	904	21
6.916e+007	752	904	18
6.92e+007	806	904	18
6.924e+007	732	904	17
6.928e+007	809	904	19
6.932e+007	727	904	17
6.936e+007	682	904	16
6.94e+007	871	904	20
6.944e+007	752	904	18
6.948e+007	757	904	19
6.952e+007	705	904	16
6.956e+007	740	904	17
6.96e+007	943	904	22
6.964e+007	762	904	17
6.968e+007	667	904	17
6.972e+007	844	904	19
6.976e+007	845	904	20
6.98e+007	652	904	15
6.984e+007	884	904	20
6.988e+007	727	904	17
6.992e+007	857	904	20
6.996e+007	756	904	18
7e+007	773	904	17
7.004e+007	857	904	21
7.008e+007	852	904	19
7.012e+007	718	904	17
7.016e+007	639	904	15
7.02e+007	878	904	20
7.024e+007	828	904	19
7.028e+007	862	904	20
7.032e+007	913	904	21
7.036e+007	673	904	16
7.04e+007	683	904	17
7.044e+007	782	904	19
7.048e+007	741	904	17
7.052e+007	950	904	22
7.056e+007	679	904	16
7.06e+007	751	904	17
7.064e+007	710	904	17
7.068e+007	1103	904	26
7.072e+007	685	904	16
7.076e+007	721	904	17
7.08e+007	787	904	18
7.084e+007	867	904	20
7.088e+007	849	904	19
7.092e+007	876	904	20
7.096e+007	770	904	18
7.1e+007	673	904	15
7.104e+007	853	904	20
7.108e+007	828	904	19
7.112e+007	775	904	18
7.116e+007	703	904	16
7.12e+007	836	904	19
7.124e+007	878	904	20
7.128e+007	702	904	16
7.132e+007	879	904	20
7.136e+007	836	904	20
7.14e+007	797	904	18
7.144e+007	896	904	21
7.148e+007	674	904	16
7.152e+007	613	904	15
7.156e+007	766	904	18
7.16e+007	811	904	19
7.164e+007	848	904	20
7.168e+007	773	904	18
7.172e+007	912	904	21
7.176e+007	730	904	17
7.18e+007	735	904	17
7.184e+007	912	904	21
7.188e+007	839	904	19
7.192e+007	810	904	19
7.196e+007	703	904	16
7.2e+007	782	904	19
7.204e+007	687	904	16
7.208e+007	749	904	17
7.212e+007	632	904	15
7.216e+007	848	904	20
7.22e+007	792	904	18
7.224e+007	653	904	15
7.228e+007	831	904	19
7.232e+007	724	904	17
7.236e+007	807	904	19
7.24e+007	782	904	18
7.244e+007	971	904	22
7.248e+007	765	904	18
7.252e+007	678	904	16
7.256e+007	839	904	20
7.26e+007	741	904	18
7.264e+007	583	904	14
7.268e+007	909	904	21
7.272e+007	791	904	19
7.276e+007	853	904	19
7.28e+007	666	904	16
7.284e+007	915	904	21
7.288e+007	880	904	20
7.292e+007	803	904	19
7.296e+007	813	904	20
7.3e+007	844	904	19
7.304e+007	895	904	21
7.308e+007	673	904	16
7.312e+007	856	904	19
7.316e+007	796	904	18
7.32e+007	836	904	19
7.324e+007	863	904	20
7.328e+007	811	904	19
7.332e+007	694	904	16
7.336e+007	799	904	19
7.34e+007	883	904	21
7.344e+007	848	904	20
7.348e+007	806	904	18
7.352e+007	655	904	16
7.356e+007	813	904	18
7.36e+007	727	904	17
7.364e+007	812	904	19
7.368e+007	793	904	17
7.372e+007	825	904	19
7.376e+007	1062	904	24
7.38e+007	670	904	14
7.384e+007	766	904	18
7.388e+007	1121	904	25
7.392e+007	826	904	19
7.396e+007	735	904	17
7.4e+007	831	904	19
7.404e+007	692	904	15
7.408e+007	801	904	18
7.412e+007	823	904	20
7.416e+007	711	904	16
7.42e+007	781	904	18
7.424e+007	860	904	20
7.428e+007	728	904	17
7.432e+007	853	904	20
7.436e+007	796	904	19
7.44e+007	713	904	17
7.444e+007	837	904	19
7.448e+007	789	904	18
7.452e+007	833	904	20
7.456e+007	719	904	16
7.46e+007	783	904	18
7.464e+007	823	904	19
7.468e+007	785	904	18
7.472e+007	681	904	16
7.476e+007	905	904	21
7.48e+007	812	904	19
7.484e+007	772	904	18
7.488e+007	739	904	17
7.492e+007	937	904	21
7.496e+007	903	904	21
7.5e+007	679	904	16
7.504e+007	721	904	17
7.508e+007	829	904	19
7.512e+007	703	904	16
7.516e+007	795	904	18
7.52e+007	863	904	20
7.524e+007	868	904	21
7.528e+007	690	904	16
7.532e+007	884	904	20
7.536e+007	784	904	18
7.54e+007	792	904	18
7.544e+007	824	904	18
7.548e+007	818	904	19
7.552e+007	747	904	17
7.556e+007	761	904	18
7.56e+007	850	904	19
7.564e+007	840	904	20
7.568e+007	795	904	19
7.572e+007	726	904	17
7.576e+007	802	904	19
7.58e+007	951	904	22
7.584e+007	765	904	18
7.588e+007	842	904	19
7.592e+007	719	904	16
7.596e+007	593	904	14
7.6e+007	883	904	21
7.604e+007	737	904	17
7.608e+007	905	904	21
7.612e+007	894	904	21
7.616e+007	850	904	19
7.62e+007	780	904	18
7.624e+007	818	904	19
7.628e+007	739	904	17
7.632e+007	808	904	20
7.636e+007	820	904	19
7.64e+007	790	904	19
7.644e+007	775	904	18
7.648e+007	749	904	17
7.652e+007	915	904	21
7.656e+007	821	904	20
7.66e+007	669	904	16
7.664e+007	845	904	19
7.668e+007	679	904	16
7.672e+007	809	904	19
7.676e+007	772	904	19
7.68e+007	724	904	17
7.684e+007	784	904	18
7.688e+007	832	904	19
7.692e+007	668	904	16
7.696e+007	784	904	19
7.7e+007	619	904	15
7.704e+007	940	904	22
7.708e+007	777	904	18
7.712e+007	889	904	21
7.716e+007	961	904	22
7.72e+007	765	904	18
7.724e+007	675	904	16
7.728e+007	884	904	20
7.732e+007	794	904	18
7.736e+007	846	904	20
7.74e+007	864	904	20
7.744e+007	810	904	19
7.748e+007	741	904	18
7.752e+007	695	904	16
7.756e+007	1004	904	24
7.76e+007	756	904	18
7.764e+007	1010	904	23
7.768e+007	653	904	15
7.772e+007	896	904	21
7.776e+007	955	904	21
7.78e+007	637	904	15
7.784e+007	888	904	21
7.788e+007	782	904	18
7.792e+007	837	904	20
7.796e+007	799	904	19
7.8e+007	788	904	18
7.804e+007	867	904	20
7.808e+007	891	904	21
7.812e+007	787	904	19
7.816e+007	607	904	14
7.82e+007	812	904	19
7.824e+007	853	904	20
7.828e+007	611	904	14
7.832e+007	749	904	17
7.836e+007	721	904	17
7.84e+007	793	904	19
7.844e+007	940	904	22
7.848e+007	738	904	17
7.852e+007	830	904	20
7.856e+007	757	904	18
7.86e+007	781	904	18
7.864e+007	811	904	19
7.868e+007	824	904	18
7.872e+007	753	904	17
7.876e+007	873	904	20
7.88e+007	1007	904	22
7.884e+007	880	904	19
7.888e+007	623	904	14
7.892e+007	884	904	19
7.896e+007	785	904	19
7.9e+007	675	904	15
7.904e+007	833	904	19
7.908e+007	717	904	16
7.912e+007	824	904	19
7.916e+007	928	904	21
7.92e+007	677	904	16
7.924e+007	749	904	18
7.928e+007	842	904	20
7.932e+007	878	904	20
7.936e+007	937	904	22
7.94e+007	664	904	16
7.944e+007	880	904	21
7.948e+007	788	904	18
7.952e+007	709	904	17
7.956e+007	801	904	19
7.96e+007	769	904	18
7.964e+007	796	904	18
7.968e+007	759	904	18
7.972e+007	722	904	17
7.976e+007	750	904	18
7.98e+007	744	904	18
7.984e+007	811	904	19
7.988e+007	932	904	22
7.992e+007	787	904	18
7.996e+007	647	904	15
8e+007	837	904	19
8.004e+007	759	904	17
8.008e+007	908	904	21
8.012e+007	767	904	18
8.016e+007	814	904	19
8.02e+007	862	904	20
8.024e+007	713	904	17
8.028e+007	958	904	22
8.032e+007	766	904	18
8.036e+007	859	904	20
8.04e+007	940	904	22
8.044e+007	749	904	18
8.048e+007	844	904	20
8.052e+007	783	904	18
8.056e+007	769	904	18
8.06e+007	882	904	21
8.064e+007	697	904	17
8.068e+007	912	904	21
8.072e+007	808	904	18
8.076e+007	755	904	18
8.08e+007	879	904	21
8.084e+007	796	904	19
8.088e+007	783	904	18
8.092e+007	928	904	21
8.096e+007	748	904	18
8.1e+007	834	904	20
8.104e+007	767	904	19
8.108e+007	622	904	15
8.112e+007	830	904	20
8.116e+007	767	904	17
8.12e+007	679	904	16
8.124e+007	626	904	15
8.128e+007	858	904	20
8.132e+007	890	904	20
8.136e+007	805	904	18
8.14e+007	874	904	20
8.144e+007	829	904	19
8.148e+007	661	904	16
8.152e+007	806	904	19
8.156e+007	848	904	20
8.16e+007	636	904	15
8.164e+007	667	904	15
8.168e+007	839	904	19
8.172e+007	1024	904	24
8.176e+007	755	904	18
8.18e+007	743	904	18
8.184e+007	761	904	18
8.188e+007	727	904	17
8.192e+007	694	904	16
8.196e+007	734	904	17
8.2e+007	991	904	23
8.204e+007	736	904	17
8.208e+007	751	904	17
8.212e+007	827	904	19
8.216e+007	719	904	17
8.22e+007	600	904	14
8.224e+007	968	904	22
8.228e+007	789	904	18
8.232e+007	809	904	18
8.236e+007	791	904	19
8.24e+007	834	904	19
8.244e+007	603	904	14
8.248e+007	698	904	17
8.252e+007	1113	904	25
8.256e+007	721	904	16
8.26e+007	889	904	20
8.264e+007	810	904	19
8.268e+007	800	904	18
8.272e+007	950	904	21
8.276e+007	736	904	17
8.28e+007	874	904	20
8.284e+007	819	904	19
8.288e+007	906	904	21
8.292e+007	654	904	15
8.296e+007	872	904	20
8.3e+007	704	904	17
8.304e+007	740	904	17
8.308e+007	757	904	17
8.312e+007	684	904	16
8.316e+007	828	904	19
8.32e+007	917	904	22
8.324e+007	773	904	18
8.328e+007	853	904	20
8.332e+007	888	904	21
8.336e+007	601	904	14
8.34e+007	791	904	19
8.344e+007	783	904	19
8.348e+007	909	904	22
8.352e+007	785	904	19
8.356e+007	694	904	16
8.36e+007	798	904	17
8.364e+007	800	904	18
8.368e+007	685	904	16
8.372e+007	911	904	20
8.376e+007	1082	904	24
8.38e+007	751	904	17
8.384e+007	615	904	14
8.388e+007	1070	904	25
8.392e+007	723	904	17
8.396e+007	857	904	19
8.4e+007	702	904	16
8.404e+007	756	904	17
8.408e+007	918	904	19
8.412e+007	815	904	19
8.416e+007	846	904	20
8.42e+007	846	904	19
8.424e+007	778	904	19
8.428e+007	744	904	17
8.432e+007	704	904	16
8.436e+007	755	904	17
8.44e+007	809	904	19
8.444e+007	856	904	20
8.448e+007	719	904	17
8.452e+007	603	904	14
8.456e+007	814	904	19
8.46e+007	681	904	16
8.464e+007	875	904	20
8.468e+007	985	904	23
8.472e+007	855	904	20
8.476e+007	896	904	21
8.48e+007	772	904	18
8.484e+007	708	904	17
8.488e+007	690	904	16
8.492e+007	685	904	16
8.496e+007	751	904	17
8.5e+007	1091	904	26
8.504e+007	688	904	17
8.508e+007	732	904	17
8.512e+007	752	904	17
8.516e+007	854	904	20
8.52e+007	664	904	16
8.524e+007	856	904	19
8.528e+007	857	904	20
8.532e+007	753	904	17
8.536e+007	850	904	20
8.54e+007	924	904	22
8.544e+007	954	904	22
8.548e+007	575	904	14
8.552e+007	768	904	18
8.556e+007	736	904	18
8.56e+007	718	904	17
8.564e+007	688	904	16
8.568e+007	724	904	18
8.572e+007	707	904	16
8.576e+007	814	904	19
8.58e+007	868	904	20
8.584e+007	809	904	18
8.588e+007	771	904	18
8.592e+007	877	904	21
8.596e+007	952	904	22
8.6e+007	857	904	20
8.604e+007	721	904	17
8.608e+007	824	904	19
8.612e+007	875	904	21
8.616e+007	987	904	22
8.62e+007	872	904	20
8.624e+007	647	904	15
8.628e+007	787	904	19
8.632e+007	681	904	16
8.636e+007	871	904	20
8.64e+007	918	904	21
8.644e+007	683	904	16
8.648e+007	649	904	16
8.652e+007	772	904	17
8.656e+007	732	904	17
8.66e+007	861	904	20
8.664e+007	793	904	18
8.668e+007	778	904	19
8.672e+007	739	904	17
8.676e+007	910	904	21
8.68e+007	870	904	20
8.684e+007	690	904	16
8.688e+007	759	904	18
8.692e+007	773	904	18
8.696e+007	873	904	20
8.7e+007	736	904	17
8.704e+007	777	904	18
8.708e+007	868	904	21
8.712e+007	831	904	19
8.716e+007	651	904	16
8.72e+007	916	904	21
8.724e+007	892	904	20
8.728e+007	654	904	16
8.732e+007	847	904	19
8.736e+007	711	904	16
8.74e+007	709	904	17
8.744e+007	812	904	19
8.748e+007	633	904	15
8.752e+007	700	904	17
8.756e+007	809	904	19
8.76e+007	693	904	16
8.764e+007	994	904	23
8.768e+007	643	904	16
8.772e+007	748	904	18
8.776e+007	678	904	16
8.78e+007	849	904	19
8.784e+007	811	904	20
8.788e+007	702	904	17
8.792e+007	690	904	16
8.796e+007	803	904	19
8.8e+007	837	904	20
8.804e+007	833	904	20
8.808e+007	839	904	20
8.812e+007	766	904	18
8.816e+007	809	904	19
8.82e+007	820	904	19
8.824e+007	748	904	18
8.828e+007	891	904	20
8.832e+007	756	904	17
8.836e+007	800	904	19
8.84e+007	884	904	21
8.844e+007	793	904	18
8.848e+007	763	904	18
8.852e+007	819	904	19
8.856e+007	821	904	19
8.86e+007	735	904	18
8.864e+007	827	904	19
8.868e+007	890	904	20
8.872e+007	725	904	16
8.876e+007	746	904	16
8.88e+007	1052	904	24
8.884e+007	762	904	17
8.888e+007	917	904	21
8.892e+007	706	904	17
8.896e+007	842	904	19
8.9e+007	933	904	21
8.904e+007	793	904	18
8.908e+007	916	904	19
8.912e+007	818	904	19
8.916e+007	694	904	16
8.92e+007	913	904	21
8.924e+007	834	904	19
8.928e+007	638	904	15
8.932e+007	741	904	18
8.936e+007	615	904	15
8.94e+007	848	904	20
8.944e+007	920	904	21
8.948e+007	680	904	16
8.952e+007	602	904	14
8.956e+007	909	904	21
8.96e+007	754	904	18
8.964e+007	707	904	17
8.968e+007	946	904	22
8.972e+007	820	904	19
8.976e+007	700	904	17
8.98e+007	986	904	22
8.984e+007	971	904	22
8.988e+007	809	904	19
8.992e+007	926	904	21
8.996e+007	743	904	18
9e+007	790	904	18
9.004e+007	969	904	22
9.008e+007	773	904	18
9.012e+007	744	904	17
9.016e+007	767	904	18
9.02e+007	983	904	23
9.024e+007	821	904	19
9.028e+007	847	904	19
9.032e+007	672	904	16
9.036e+007	872	904	20
9.04e+007	752	904	18
9.044e+007	946	904	22
9.048e+007	778	904	18
9.052e+007	777	904	19
9.056e+007	653	904	15
9.06e+007	750	904	18
9.064e+007	693	904	16
9.068e+007	977	904	22
9.072e+007	744	904	17
9.076e+007	719	904	17
9.08e+007	844	904	20
9.084e+007	804	904	18
9.088e+007	852	904	20
9.092e+007	731	904	17
9.096e+007	687	904	16
9.1e+007	825	904	19
9.104e+007	919	904	22
9.108e+007	817	904	19
9.112e+007	736	904	18
9.116e+007	771	904	18
9.12e+007	800	904	19
9.124e+007	896	904	21
9.128e+007	811	904	20
9.132e+007	688	904	16
9.136e+007	862	904	20
9.14e+007	965	904	22
9.144e+007	645	904	15
9.148e+007	724	904	16
9.152e+007	743	904	17
9.156e+007	836	904	19
9.16e+007	584	904	14
9.164e+007	809	904	18
9.168e+007	691	904	16
9.172e+007	837	904	20
9.176e+007	624	904	15
9.18e+007	838	904	20
9.184e+007	847	904	20
9.188e+007	746	904	17
9.192e+007	856	904	20
9.196e+007	691	904	16
9.2e+007	777	904	19
9.204e+007	922	904	22
9.208e+007	906	904	21
9.212e+007	814	904	19
9.216e+007	747	904	17
9.22e+007	874	904	21
9.224e+007	839	904	19
9.228e+007	870	904	20
9.232e+007	656	904	15
9.236e+007	794	904	19
9.24e+007	654	904	15
9.244e+007	717	904	17
9.248e+007	904	904	21
9.252e+007	765	904	17
9.256e+007	718	904	17
9.26e+007	797	904	19
9.264e+007	782	904	18
9.268e+007	715	904	17
9.272e+007	756	904	18
9.276e+007	792	904	18
9.28e+007	815	904	19
9.284e+007	633	904	14
9.288e+007	867	904	21
9.292e+007	666	904	16
9.296e+007	675	904	16
9.3e+007	848	904	20
9.304e+007	746	904	17
9.308e+007	692	904	16
9.312e+007	842	904	20
9.316e+007	672	904	16
9.32e+007	784	904	19
9.324e+007	768	904	18
9.328e+007	906	904	21
9.332e+007	792	904	18
9.336e+007	881	904	21
9.34e+007	813	904	19
9.344e+007	799	904	19
9.348e+007	812	904	19
9.352e+007	725	904	17
9.356e+007	867	904	21
9.36e+007	751	904	17
9.364e+007	711	904	17
9.368e+007	832	904	19
9.372e+007	766	904	17
9.376e+007	776	904	17
9.38e+007	808	904	18
9.384e+007	759	904	16
9.388e+007	808	904	19
9.392e+007	748	904	17
9.396e+007	682	904	16
9.4e+007	920	904	20
9.404e+007	812	904	19
9.408e+007	1015	904	21
9.412e+007	667	904	15
9.416e+007	814	904	20
9.42e+007	648	904	16
9.424e+007	850	904	19
9.428e+007	764	904	18
9.432e+007	818	904	19
9.436e+007	732	904	17
9.44e+007	743	904	18
9.444e+007	765	904	18
9.448e+007	879	904	21
9.452e+007	683	904	16
9.456e+007	725	904	17
9.46e+007	813	904	19
9.464e+007	739	904	17
9.468e+007	762	904	19
9.472e+007	593	904	14
9.476e+007	884	904	21
9.48e+007	670	904	16
9.484e+007	870	904	20
9.488e+007	726	904	17
9.492e+007	938	904	22
9.496e+007	760	904	18
9.5e+007	789	904	18
9.504e+007	805	904	18
9.508e+007	705	904	17
9.512e+007	648	904	15
9.516e+007	999	904	23
9.52e+007	842	904	20
9.524e+007	839	904	19
9.528e+007	843	904	19
9.532e+007	666	904	16
9.536e+007	747	904	18
9.54e+007	821	904	19
9.544e+007	834	904	19
9.548e+007	837	904	20
9.552e+007	793	904	18
9.556e+007	690	904	16
9.56e+007	767	904	18
9.564e+007	813	904	20
9.568e+007	830	904	19
9.572e+007	920	904	21
9.576e+007	766	904	18
9.58e+007	815	904	18
9.584e+007	865	904	21
9.588e+007	766	904	18
9.592e+007	803	904	19
9.596e+007	775	904	18
9.6e+007	852	904	19
9.604e+007	960	904	22
9.608e+007	670	904	16
9.612e+007	810	904	18
9.616e+007	845	904	21
9.62e+007	828	904	20
9.624e+007	812	904	18
9.628e+007	897	904	21
9.632e+007	781	904	19
9.636e+007	801	904	19
9.64e+007	759	904	18
9.644e+007	862	904	21
9.648e+007	748	904	17
9.652e+007	865	904	19
9.656e+007	813	904	19
9.66e+007	887	904	21
9.664e+007	816	904	19
9.668e+007	703	904	16
9.672e+007	694	904	16
9.676e+007	734	904	17
9.68e+007	649	904	15
9.684e+007	793	904	18
9.688e+007	835	904	20
9.692e+007	734	904	17
9.696e+007	714	904	16
9.7e+007	759	904	17
9.704e+007	910	904	21
9.708e+007	664	904	15
9.712e+007	831	904	20
9.716e+007	907	904	22
9.72e+007	745	904	17
9.724e+007	905	904	21
9.728e+007	683	904	16
9.732e+007	827	904	19
9.736e+007	887	904	21
9.74e+007	704	904	16
9.744e+007	748	904	17
9.748e+007	815	904	19
9.752e+007	908	904	21
9.756e+007	871	904	20
9.76e+007	801	904	19
9.764e+007	868	904	20
9.768e+007	695	904	16
9.772e+007	779	904	19
9.776e+007	993	904	23
9.78e+007	788	904	18
9.784e+007	830	904	19
9.788e+007	672	904	16
9.792e+007	731	904	17
9.796e+007	726	904	18
9.8e+007	763	904	18
9.804e+007	809	904	19
9.808e+007	751	904	17
9.812e+007	973	904	23
9.816e+007	826	904	20
9.82e+007	733	904	17
9.824e+007	645	904	15
9.828e+007	810	904	19
9.832e+007	785	904	18
9.836e+007	852	904	20
9.84e+007	742	904	17
9.844e+007	834	904	19
9.848e+007	773	904	18
9.852e+007	955	904	22
9.856e+007	758	904	17
9.86e+007	810	904	19
9.864e+007	687	904	16
9.868e+007	782	904	18
9.872e+007	837	904	19
9.876e+007	737	904	17
9.88e+007	842	904	20
9.884e+007	879	904	19
9.888e+007	817	904	18
9.892e+007	807	904	19
9.896e+007	719	904	17
9.9e+007	855	904	19
9.904e+007	814	904	18
9.908e+007	747	904	17
9.912e+007	955	904	20
9.916e+007	879	904	21
9.92e+007	609	904	14
9.924e+007	840	904	20
9.928e+007	792	904	18
9.932e+007	796	904	19
9.936e+007	884	904	20
9.94e+007	883	904	20
9.944e+007	748	904	17
9.948e+007	859	904	20
9.952e+007	897	904	21
9.956e+007	939	904	22
9.96e+007	689	904	16
9.964e+007	745	904	17
9.968e+007	766	904	18
9.972e+007	732	904	17
9.976e+007	903	904	21
9.98e+007	614	904	15
9.984e+007	800	904	19
9.988e+007	830	904	19
9.992e+007	760	904	18
9.996e+007	835	904	20
1e+008	671	904	16
1.0004e+008	657	904	16
1.0008e+008	997	904	23
1.0012e+008	847	904	19
1.0016e+008	674	904	16
1.002e+008	736	904	18
1.0024e+008	692	904	16
1.0028e+008	777	904	19
1.0032e+008	656	904	16
1.0036e+008	795	904	18
1.004e+008	922	904	22
1.0044e+008	791	904	18
1.0048e+008	634	904	15
1.0052e+008	941	904	22
1.0056e+008	778	904	19
1.006e+008	725	904	16
1.0064e+008	812	904	19
1.0068e+008	757	904	19
1.0072e+008	767	904	19
1.0076e+008	786	904	18
1.008e+008	792	904	19
1.0084e+008	801	904	19
1.0088e+008	815	904	19
1.0092e+008	783	904	19
1.0096e+008	906	904	22
1.01e+008	844	904	19
1.0104e+008	971	904	23
1.0108e+008	844	904	20
1.0112e+008	641	904	15
1.0116e+008	779	904	18
1.012e+008	690	904	16
1.0124e+008	878	904	21
1.0128e+008	807	904	19
1.0132e+008	780	904	18
1.0136e+008	685	904	16
1.014e+008	858	904	19
1.0144e+008	752	904	17
1.0148e+008	974	904	22
1.0152e+008	696	904	17
1.0156e+008	639	904	15
1.016e+008	739	904	17
1.0164e+008	707	904	17
1.0168e+008	949	904	21
1.0172e+008	927	904	21
1.0176e+008	572	904	13
1.018e+008	876	904	21
1.0184e+008	972	904	23
1.0188e+008	750	904	18
1.0192e+008	803	904	19
1.0196e+008	722	904	17
1.02e+008	727	904	17
1.0204e+008	834	904	19
1.0208e+008	778	904	19
1.0212e+008	635	904	15
1.0216e+008	827	904	19
1.022e+008	858	904	20
1.0224e+008	789	904	18
1.0228e+008	690	904	16
1.0232e+008	851	904	20
1.0236e+008	874	904	20
1.024e+008	822	904	19
1.0244e+008	836	904	20
1.0248e+008	639	904	15
1.0252e+008	995	904	23
1.0256e+008	719	904	16
1.026e+008	713	904	17
1.0264e+008	773	904	18
1.0268e+008	882	904	20
1.0272e+008	821	904	20
1.0276e+008	776	904	18
1.028e+008	796	904	18
1.0284e+008	795	904	18
1.0288e+008	673	904	16
1.0292e+008	697	904	16
1.0296e+008	1015	904	25
1.03e+008	929	904	21
1.0304e+008	783	904	18
1.0308e+008	950	904	22
1.0312e+008	940	904	21
1.0316e+008	706	904	16
1.032e+008	631	904	16
1.0324e+008	925	904	22
1.0328e+008	888	904	20
1.0332e+008	749	904	17
1.0336e+008	913	904	22
1.034e+008	791	904	18
1.0344e+008	929	904	21
1.0348e+008	788	904	19
1.0352e+008	818	904	19
1.0356e+008	817	904	19
1.036e+008	892	904	20
1.0364e+008	648	904	15
1.0368e+008	896	904	20
1.0372e+008	689	904	16
1.0376e+008	644	904	15
1.038e+008	910	904	20
1.0384e+008	868	904	19
1.0388e+008	882	904	20
1.0392e+008	613	904	14
1.0396e+008	994	904	23
1.04e+008	693	904	16
1.0404e+008	771	904	18
1.0408e+008	689	904	15
1.0412e+008	919	904	19
1.0416e+008	997	904	23
1.042e+008	784	904	19
1.0424e+008	882	904	21
1.0428e+008	779	904	18
1.0432e+008	769	904	18
1.0436e+008	771	904	18
1.044e+008	798	904	19
1.0444e+008	793	904	18
1.0448e+008	808	904	19
1.0452e+008	733	904	17
1.0456e+008	962	904	22
1.046e+008	847	904	20
1.0464e+008	856	904	20
1.0468e+008	983	904	23
1.0472e+008	870	904	20
1.0476e+008	722	904	17
1.048e+008	686	904	16
1.0484e+008	982	904	22
1.0488e+008	659	904	16
1.0492e+008	865	904	20
1.0496e+008	709	904	16
1.05e+008	765	904	18
1.0504e+008	804	904	19
1.0508e+008	811	904	19
1.0512e+008	789	904	18
1.0516e+008	770	904	18
1.052e+008	792	904	19
1.0524e+008	716	904	17
1.0528e+008	1000	904	23
1.0532e+008	643	904	15
1.0536e+008	824	904	19
1.054e+008	942	904	22
1.0544e+008	562	904	14
1.0548e+008	803	904	18
1.0552e+008	758	904	18
1.0556e+008	684	904	16
1.056e+008	910	904	22
1.0564e+008	812	904	18
1.0568e+008	861	904	20
1.0572e+008	957	904	22
1.0576e+008	727	904	17
1.058e+008	737	904	17
1.0584e+008	843	904	19
1.0588e+008	756	904	17
1.0592e+008	917	904	22
1.0596e+008	847	904	20
1.06e+008	658	904	15
1.0604e+008	873	904	21
1.0608e+008	731	904	17
1.0612e+008	895	904	20
1.0616e+008	716	904	17
1.062e+008	797	904	19
1.0624e+008	754	904	17
1.0628e+008	810	904	20
1.0632e+008	734	904	17
1.0636e+008	814	904	19
1.064e+008	985	904	23
1.0644e+008	543	904	13
1.0648e+008	1021	904	24
1.0652e+008	707	904	17
1.0656e+008	689	904	16
1.066e+008	797	904	19
1.0664e+008	754	904	18
1.0668e+008	814	904	19
1.0672e+008	837	904	19
1.0676e+008	797	904	20
1.068e+008	757	904	18
1.0684e+008	749	904	17
1.0688e+008	764	904	18
1.0692e+008	778	904	18
1.0696e+008	856	904	20
1.07e+008	770	904	18
1.0704e+008	923	904	21
1.0708e+008	981	904	23
1.0712e+008	797	904	19
1.0716e+008	738	904	17
1.072e+008	741	904	17
1.0724e+008	861	904	21
1.0728e+008	624	904	14
1.0732e+008	720	904	18
1.0736e+008	857	904	20
1.074e+008	804	904	18
1.0744e+008	928	904	22
1.0748e+008	824	904	19
1.0752e+008	624	904	14
1.0756e+008	820	904	19
1.076e+008	857	904	20
1.0764e+008	847	904	20
1.0768e+008	740	904	17
1.0772e+008	795	904	18
1.0776e+008	1045	904	24
1.078e+008	694	904	17
1.0784e+008	660	904	16
1.0788e+008	854	904	20
1.0792e+008	909	904	22
1.0796e+008	729	904	17
1.08e+008	767	904	18
1.0804e+008	669	904	16
1.0808e+008	792	904	19
1.0812e+008	827	904	19
1.0816e+008	865	904	20
1.082e+008	776	904	18
1.0824e+008	652	904	16
1.0828e+008	1076	904	25
1.0832e+008	730	904	16
1.0836e+008	734	904	17
1.084e+008	721	904	17
1.0844e+008	877	904	21
1.0848e+008	588	904	14
1.0852e+008	846	904	20
1.0856e+008	840	904	20
1.086e+008	792	904	18
1.0864e+008	704	904	16
1.0868e+008	777	904	18
1.0872e+008	824	904	19
1.0876e+008	845	904	20
1.088e+008	940	904	21
1.0884e+008	809	904	17
1.0888e+008	856	904	18
1.0892e+008	777	904	17
1.0896e+008	821	904	19
1.09e+008	967	904	22
1.0904e+008	748	904	18
1.0908e+008	861	904	20
1.0912e+008	816	904	18
1.0916e+008	817	904	18
1.092e+008	859	904	20
1.0924e+008	800	904	18
1.0928e+008	732	904	16
1.0932e+008	799	904	19
1.0936e+008	938	904	21
1.094e+008	874	904	20
1.0944e+008	789	904	19
1.0948e+008	675	904	16
1.0952e+008	752	904	18
1.0956e+008	816	904	19
1.096e+008	669	904	16
1.0964e+008	765	904	18
1.0968e+008	744	904	18
1.0972e+008	775	904	18
1.0976e+008	738	904	17
1.098e+008	890	904	21
1.0984e+008	692	904	16
1.0988e+008	716	904	17
1.0992e+008	783	904	19
1.0996e+008	910	904	22
1.1e+008	860	904	20
1.1004e+008	777	904	19
1.1008e+008	767	904	17
1.1012e+008	803	904	19
1.1016e+008	977	904	22
1.102e+008	831	904	20
1.1024e+008	689	904	16
1.1028e+008	789	904	18
1.1032e+008	769	904	18
1.1036e+008	844	904	20
1.104e+008	825	904	19
1.1044e+008	716	904	17
1.1048e+008	729	904	17
1.1052e+008	654	904	15
1.1056e+008	799	904	20
1.106e+008	666	904	16
1.1064e+008	769	904	18
1.1068e+008	860	904	20
1.1072e+008	725	904	17
1.1076e+008	676	904	16
1.108e+008	676	904	16
1.1084e+008	1037	904	23
1.1088e+008	664	904	15
1.1092e+008	825	904	19
1.1096e+008	720	904	17
1.11e+008	742	904	17
1.1104e+008	756	904	18
1.1108e+008	866	904	20
1.1112e+008	837	904	19
1.1116e+008	565	904	13
1.112e+008	1114	904	26
1.1124e+008	771	904	18
1.1128e+008	821	904	20
1.1132e+008	699	904	17
1.1136e+008	870	904	20
1.114e+008	690	904	16
1.1144e+008	737	904	17
1.1148e+008	786	904	19
1.1152e+008	668	904	16
1.1156e+008	802	904	19
1.116e+008	783	904	18
1.1164e+008	719	904	17
1.1168e+008	874	904	20
1.1172e+008	785	904	18
1.1176e+008	760	904	18
1.118e+008	729	904	17
1.1184e+008	877	904	20
1.1188e+008	798	904	19
1.1192e+008	829	904	19
1.1196e+008	691	904	16
1.12e+008	897	904	21
1.1204e+008	853	904	20
1.1208e+008	819	904	18
1.1212e+008	765	904	18
1.1216e+008	818	904	19
1.122e+008	765	904	18
1.1224e+008	759	904	18
1.1228e+008	779	904	19
1.1232e+008	722	904	17
1.1236e+008	815	904	19
1.124e+008	773	904	18
1.1244e+008	713	904	17
1.1248e+008	785	904	18
1.1252e+008	825	904	19
1.1256e+008	789	904	19
1.126e+008	859	904	20
1.1264e+008	894	904	20
1.1268e+008	688	904	17
1.1272e+008	850	904	20
1.1276e+008	765	904	18
1.128e+008	800	904	19
1.1284e+008	966	904	23
1.1288e+008	667	904	16
1.1292e+008	852	904	20
1.1296e+008	930	904	22
1.13e+008	820	904	19
1.1304e+008	778	904	18
1.1308e+008	681	904	16
1.1312e+008	921	904	22
1.1316e+008	656	904	16
1.132e+008	823	904	20
1.1324e+008	747	904	18
1.1328e+008	764	904	18
1.1332e+008	856	904	20
1.1336e+008	714	904	17
1.134e+008	766	904	18
1.1344e+008	754	904	18
1.1348e+008	812	904	19
1.1352e+008	693	904	16
1.1356e+008	737	904	17
1.136e+008	800	904	19
1.1364e+008	933	904	22
1.1368e+008	862	904	20
1.1372e+008	738	904	17
1.1376e+008	773	904	18
1.138e+008	884	904	20
1.1384e+008	849	904	19
1.1388e+008	795	904	18
1.1392e+008	899	904	20
1.1396e+008	820	904	19
1.14e+008	724	904	16
1.1404e+008	903	904	21
1.1408e+008	699	904	16
1.1412e+008	871	904	20
1.1416e+008	742	904	16
1.142e+008	840	904	19
1.1424e+008	889	904	21
1.1428e+008	753	904	18
1.1432e+008	771	904	17
1.1436e+008	659	904	16
1.144e+008	838	904	20
1.1444e+008	771	904	18
1.1448e+008	842	904	19
1.1452e+008	756	904	18
1.1456e+008	787	904	18
1.146e+008	738	904	17
1.1464e+008	832	904	20
1.1468e+008	938	904	21
1.1472e+008	737	904	17
1.1476e+008	846	904	19
1.148e+008	777	904	18
1.1484e+008	773	904	18
1.1488e+008	816	904	19
1.1492e+008	791	904	18
1.1496e+008	777	904	19
1.15e+008	728	904	17
1.1504e+008	902	904	21
1.1508e+008	1062	904	25
1.1512e+008	737	904	17
1.1516e+008	781	904	18
1.152e+008	677	904	16
1.1524e+008	741	904	17
1.1528e+008	793	904	19
1.1532e+008	737	904	17
1.1536e+008	741	904	18
1.154e+008	842	904	20
1.1544e+008	767	904	18
1.1548e+008	833	904	19
1.1552e+008	879	904	20
1.1556e+008	742	904	17
1.156e+008	869	904	20
1.1564e+008	815	904	19
1.1568e+008	777	904	18
1.1572e+008	676	904	16
1.1576e+008	1002	904	24
1.158e+008	694	904	16
1.1584e+008	764	904	18
1.1588e+008	821	904	19
1.1592e+008	613	904	15
1.1596e+008	693	904	16
1.16e+008	841	904	19
1.1604e+008	672	904	16
1.1608e+008	716	904	16
1.1612e+008	997	904	22
1.1616e+008	861	904	20
1.162e+008	734	904	17
1.1624e+008	840	904	19
1.1628e+008	835	904	20
1.1632e+008	932	904	22
1.1636e+008	796	904	19
1.164e+008	764	904	18
1.1644e+008	772	904	18
1.1648e+008	722	904	17
1.1652e+008	738	904	17
1.1656e+008	812	904	18
1.166e+008	920	904	21
1.1664e+008	842	904	19
1.1668e+008	737	904	18
1.1672e+008	737	904	17
1.1676e+008	742	904	17
1.168e+008	765	904	18
1.1684e+008	731	904	17
1.1688e+008	704	904	16
1.1692e+008	871	904	20
1.1696e+008	816	904	19
1.17e+008	723	904	16
1.1704e+008	855	904	20
1.1708e+008	786	904	18
1.1712e+008	758	904	17
1.1716e+008	943	904	22
1.172e+008	727	904	17
1.1724e+008	755	904	17
1.1728e+008	777	904	17
1.1732e+008	809	904	19
1.1736e+008	789	904	18
1.174e+008	706	904	17
1.1744e+008	728	904	17
1.1748e+008	810	904	19
1.1752e+008	639	904	15
1.1756e+008	1016	904	24
1.176e+008	674	904	16
1.1764e+008	805	904	19
1.1768e+008	709	904	17
1.1772e+008	713	904	17
1.1776e+008	942	904	22
1.178e+008	798	904	18
1.1784e+008	835	904	20
1.1788e+008	721	904	17
1.1792e+008	653	904	16
1.1796e+008	700	904	17
1.18e+008	785	904	19
1.1804e+008	794	904	19
1.1808e+008	866	904	20
1.1812e+008	750	904	17
1.1816e+008	656	904	16
1.182e+008	953	904	22
1.1824e+008	771	904	18
1.1828e+008	823	904	19
1.1832e+008	810	904	19
1.1836e+008	771	904	18
1.184e+008	721	904	17
1.1844e+008	801	904	19
1.1848e+008	854	904	19
1.1852e+008	810	904	19
1.1856e+008	659	904	16
1.186e+008	702	904	17
1.1864e+008	808	904	19
1.1868e+008	779	904	18
1.1872e+008	654	904	15
1.1876e+008	855	904	19
1.188e+008	863	904	20
1.1884e+008	624	904	15
1.1888e+008	765	904	18
1.1892e+008	804	904	18
1.1896e+008	735	904	17
1.19e+008	810	904	19
1.1904e+008	675	904	16
1.1908e+008	831	904	18
1.1912e+008	767	904	18
1.1916e+008	981	904	21
1.192e+008	879	904	19
1.1924e+008	717	904	17
1.1928e+008	835	904	20
1.1932e+008	796	904	18
1.1936e+008	821	904	19
1.194e+008	792	904	18
1.1944e+008	847	904	19
1.1948e+008	905	904	21
1.1952e+008	870	904	21
1.1956e+008	775	904	18
1.196e+008	876	904	20
1.1964e+008	719	904	17
1.1968e+008	879	904	20
1.1972e+008	796	904	19
1.1976e+008	691	904	16
1.198e+008	749	904	18
1.1984e+008	890	904	21
1.1988e+008	619	904	15
1.1992e+008	862	904	20
1.1996e+008	769	904	18
1.2e+008	732	904	18
1.2004e+008	760	904	18
1.2008e+008	764	904	18
1.2012e+008	908	904	21
1.2016e+008	756	904	17
1.202e+008	824	904	20
1.2024e+008	782	904	18
1.2028e+008	655	904	15
1.2032e+008	867	904	21
1.2036e+008	609	904	14
1.204e+008	891	904	21
1.2044e+008	677	904	16
1.2048e+008	728	904	17
1.2052e+008	725	904	17
1.2056e+008	706	904	16
1.206e+008	736	904	17
1.2064e+008	726	904	18
1.2068e+008	858	904	20
1.2072e+008	871	904	21
1.2076e+008	663	904	16
1.208e+008	733	904	17
1.2084e+008	873	904	20
1.2088e+008	799	904	18
1.2092e+008	689	904	16
1.2096e+008	839	904	19
1.21e+008	978	904	23
1.2104e+008	808	904	19
1.2108e+008	579	904	14
1.2112e+008	831	904	19
1.2116e+008	648	904	15
1.212e+008	767	904	18
1.2124e+008	831	904	20
1.2128e+008	763	904	18
1.2132e+008	802	904	19
1.2136e+008	987	904	22
1.214e+008	795	904	19
1.2144e+008	765	904	18
1.2148e+008	762	904	18
1.2152e+008	808	904	19
1.2156e+008	717	904	16
1.216e+008	723	904	17
1.2164e+008	783	904	19
1.2168e+008	766	904	19
1.2172e+008	796	904	18
1.2176e+008	796	904	19
1.218e+008	930	904	22
1.2184e+008	770	904	18
1.2188e+008	726	904	17
1.2192e+008	746	904	17
1.2196e+008	831	904	19
1.22e+008	849	904	20
1.2204e+008	727	904	17
1.2208e+008	852	904	20
1.2212e+008	921	904	21
1.2216e+008	782	904	18
1.222e+008	717	904	16
1.2224e+008	763	904	18
1.2228e+008	781	904	18
1.2232e+008	789	904	18
1.2236e+008	756	904	17
1.224e+008	730	904	17
1.2244e+008	706	904	17
1.2248e+008	908	904	21
1.2252e+008	687	904	16
1.2256e+008	759	904	17
1.226e+008	775	904	18
1.2264e+008	587	904	14
1.2268e+008	810	904	18
1.2272e+008	791	904	19
1.2276e+008	891	904	21
1.228e+008	793	904	18
1.2284e+008	804	904	19
1.2288e+008	798	904	19
1.2292e+008	780	904	18
1.2296e+008	795	904	18
1.23e+008	822	904	19
1.2304e+008	868	904	20
1.2308e+008	658	904	15
1.2312e+008	911	904	21
1.2316e+008	732	904	17
1.232e+008	901	904	21
1.2324e+008	725	904	17
1.2328e+008	659	904	15
1.2332e+008	938	904	21
1.2336e+008	794	904	18
1.234e+008	845	904	19
1.2344e+008	780	904	18
1.2348e+008	814	904	19
1.2352e+008	734	904	17
1.2356e+008	700	904	17
1.236e+008	801	904	19
1.2364e+008	649	904	15
1.2368e+008	774	904	18
1.2372e+008	782	904	18
1.2376e+008	860	904	20
1.238e+008	843	904	19
1.2384e+008	759	904	18
1.2388e+008	767	904	17
1.2392e+008	781	904	18
1.2396e+008	780	904	17
1.24e+008	842	904	20
1.2404e+008	866	904	20
1.2408e+008	691	904	16
1.2412e+008	843	904	19
1.2416e+008	822	904	17
1.242e+008	897	904	20
1.2424e+008	730	904	17
1.2428e+008	738	904	17
1.2432e+008	881	904	19
1.2436e+008	889	904	21
1.244e+008	853	904	19
1.2444e+008	1006	904	23
1.2448e+008	702	904	16
1.2452e+008	748	904	17
1.2456e+008	792	904	19
1.246e+008	688	904	16
1.2464e+008	752	904	17
1.2468e+008	757	904	18
1.2472e+008	804	904	19
1.2476e+008	784	904	18
1.248e+008	791	904	19
1.2484e+008	688	904	16
1.2488e+008	834	904	19
1.2492e+008	711	904	17
1.2496e+008	754	904	18
1.25e+008	858	904	20
1.2504e+008	800	904	18
1.2508e+008	699	904	17
1.2512e+008	851	904	20
1.2516e+008	788	904	19
1.252e+008	744	904	17
1.2524e+008	753	904	18
1.2528e+008	875	904	20
1.2532e+008	779	904	18
1.2536e+008	818	904	19
1.254e+008	736	904	17
1.2544e+008	804	904	19
1.2548e+008	774	904	19
1.2552e+008	771	904	18
1.2556e+008	891	904	21
1.256e+008	826	904	19
1.2564e+008	693	904	16
1.2568e+008	927	904	22
1.2572e+008	754	904	18
1.2576e+008	773	904	18
1.258e+008	1021	904	24
1.2584e+008	753	904	19
1.2588e+008	865	904	20
1.2592e+008	639	904	15
1.2596e+008	701	904	17
1.26e+008	775	904	19
1.2604e+008	621	904	15
1.2608e+008	752	904	17
1.2612e+008	909	904	21
1.2616e+008	916	904	21
1.262e+008	784	904	18
1.2624e+008	723	904	17
1.2628e+008	781	904	18
1.2632e+008	686	904	16
1.2636e+008	935	904	22
1.264e+008	804	904	19
1.2644e+008	700	904	16
1.2648e+008	824	904	19
1.2652e+008	760	904	18
1.2656e+008	751	904	18
1.266e+008	675	904	16
1.2664e+008	865	904	20
1.2668e+008	736	904	17
1.2672e+008	803	904	19
1.2676e+008	807	904	19
1.268e+008	761	904	18
1.2684e+008	667	904	16
1.2688e+008	910	904	21
1.2692e+008	758	904	18
1.2696e+008	713	904	17
1.27e+008	807	904	19
1.2704e+008	722	904	17
1.2708e+008	651	904	15
1.2712e+008	863	904	20
1.2716e+008	831	904	19
1.272e+008	791	904	18
1.2724e+008	894	904	21
1.2728e+008	887	904	20
1.2732e+008	734	904	17
1.2736e+008	775	904	18
1.274e+008	711	904	16
1.2744e+008	934	904	22
1.2748e+008	843	904	20
1.2752e+008	713	904	17
1.2756e+008	813	904	19
1.276e+008	810	904	18
1.2764e+008	876	904	20
1.2768e+008	806	904	19
1.2772e+008	817	904	19
1.2776e+008	848	904	20
1.278e+008	822	904	19
1.2784e+008	722	904	17
1.2788e+008	1039	904	24
1.2792e+008	644	904	15
1.2796e+008	911	904	21
1.28e+008	881	904	20
1.2804e+008	781	904	18
1.2808e+008	750	904	18
1.2812e+008	784	904	19
1.2816e+008	630	904	15
1.282e+008	739	904	17
1.2824e+008	637	904	15
1.2828e+008	848	904	19
1.2832e+008	827	904	19
1.2836e+008	961	904	22
1.284e+008	742	904	17
1.2844e+008	848	904	20
1.2848e+008	921	904	22
1.2852e+008	722	904	17
1.2856e+008	814	904	19
1.286e+008	849	904	20
1.2864e+008	664	904	15
1.2868e+008	805	904	19
1.2872e+008	644	904	15
1.2876e+008	843	904	18
1.288e+008	782	904	19
1.2884e+008	793	904	18
1.2888e+008	859	904	19
1.2892e+008	855	904	18
1.2896e+008	887	904	20
1.29e+008	788	904	18
1.2904e+008	673	904	16
1.2908e+008	860	904	20
1.2912e+008	725	904	17
1.2916e+008	859	904	19
1.292e+008	840	904	18
1.2924e+008	1059	904	23
1.2928e+008	613	904	14
1.2932e+008	771	904	18
1.2936e+008	898	904	20
1.294e+008	774	904	18
1.2944e+008	734	904	17
1.2948e+008	809	904	18
1.2952e+008	774	904	18
1.2956e+008	875	904	21
1.296e+008	711	904	17
1.2964e+008	749	904	18
1.2968e+008	792	904	18
1.2972e+008	781	904	18
1.2976e+008	879	904	20
1.298e+008	803	904	19
1.2984e+008	825	904	19
1.2988e+008	785	904	18
1.2992e+008	693	904	17
1.2996e+008	964	904	22
1.3e+008	628	904	15
1.3004e+008	963	904	22
1.3008e+008	774	904	18
1.3012e+008	734	904	17
1.3016e+008	950	904	22
1.302e+008	777	904	18
1.3024e+008	734	904	18
1.3028e+008	707	904	16
1.3032e+008	663	904	15
1.3036e+008	797	904	19
1.304e+008	708	904	16
1.3044e+008	782	904	18
1.3048e+008	890	904	21
1.3052e+008	685	904	16
1.3056e+008	838	904	19
1.306e+008	874	904	20
1.3064e+008	646	904	15
1.3068e+008	863	904	20
1.3072e+008	630	904	15
1.3076e+008	952	904	22
1.308e+008	794	904	19
1.3084e+008	828	904	20
1.3088e+008	735	904	17
1.3092e+008	838	904	19
1.3096e+008	721	904	17
1.31e+008	775	904	18
1.3104e+008	685	904	16
1.3108e+008	686	904	16
1.3112e+008	688	904	16
1.3116e+008	699	904	17
1.312e+008	910	904	21
1.3124e+008	810	904	19
1.3128e+008	880	904	21
1.3132e+008	699	904	17
1.3136e+008	765	904	18
1.314e+008	638	904	15
1.3144e+008	916	904	21
1.3148e+008	728	904	17
1.3152e+008	907	904	21
1.3156e+008	708	904	16
1.316e+008	720	904	17
1.3164e+008	829	904	19
1.3168e+008	706	904	17
1.3172e+008	849	904	20
1.3176e+008	743	904	18
1.318e+008	1000	904	23
1.3184e+008	723	904	17
1.3188e+008	809	904	19
1.3192e+008	754	904	18
1.3196e+008	559	904	13
1.32e+008	856	904	20
1.3204e+008	853	904	19
1.3208e+008	741	904	18
1.3212e+008	781	904	18
1.3216e+008	836	904	19
1.322e+008	693	904	17
1.3224e+008	689	904	17
1.3228e+008	789	904	18
1.3232e+008	742	904	18
1.3236e+008	747	904	18
1.324e+008	737	904	17
1.3244e+008	782	904	18
1.3248e+008	856	904	19
1.3252e+008	768	904	18
1.3256e+008	631	904	15
1.326e+008	747	904	18
1.3264e+008	860	904	20
1.3268e+008	871	904	20
1.3272e+008	727	904	17
1.3276e+008	756	904	17
1.328e+008	862	904	20
1.3284e+008	737	904	17
1.3288e+008	741	904	17
1.3292e+008	852	904	20
1.3296e+008	791	904	18
1.33e+008	914	904	21
1.3304e+008	791	904	18
1.3308e+008	893	904	20
1.3312e+008	757	904	18
1.3316e+008	884	904	21
1.332e+008	783	904	18
1.3324e+008	704	904	16
1.3328e+008	827	904	19
1.3332e+008	708	904	17
1.3336e+008	706	904	16
1.334e+008	757	904	18
1.3344e+008	769	904	18
1.3348e+008	681	904	16
1.3352e+008	873	904	20
1.3356e+008	974	904	23
1.336e+008	800	904	19
1.3364e+008	734	904	17
1.3368e+008	711	904	17
1.3372e+008	861	904	20
1.3376e+008	897	904	21
1.338e+008	764	904	17
1.3384e+008	750	904	18
1.3388e+008	846	904	20
1.3392e+008	980	904	22
1.3396e+008	739	904	16
1.34e+008	815	904	18
1.3404e+008	764	904	18
1.3408e+008	829	904	18
1.3412e+008	766	904	18
1.3416e+008	812	904	18
1.342e+008	740	904	16
1.3424e+008	795	904	17
1.3428e+008	731	904	17
1.3432e+008	844	904	19
1.3436e+008	855	904	20
1.344e+008	803	904	18
1.3444e+008	867	904	19
1.3448e+008	787	904	18
1.3452e+008	865	904	20
1.3456e+008	753	904	17
1.346e+008	868	904	20
1.3464e+008	729	904	18
1.3468e+008	883	904	20
1.3472e+008	869	904	20
1.3476e+008	810	904	19
1.348e+008	681	904	16
1.3484e+008	901	904	21
1.3488e+008	725	904	17
1.3492e+008	768	904	18
1.3496e+008	795	904	19
1.35e+008	770	904	18
1.3504e+008	782	904	19
1.3508e+008	889	904	20
1.3512e+008	664	904	16
1.3516e+008	729	904	17
1.352e+008	812	904	19
1.3524e+008	909	904	21
1.3528e+008	817	904	19
1.3532e+008	881	904	21
1.3536e+008	835	904	19
1.354e+008	691	904	16
1.3544e+008	909	904	21
1.3548e+008	779	904	18
1.3552e+008	654	904	16
1.3556e+008	673	904	16
1.356e+008	792	904	18
1.3564e+008	920	904	21
1.3568e+008	716	904	16
1.3572e+008	714	904	17
1.3576e+008	747	904	18
1.358e+008	741	904	18
1.3584e+008	826	904	19
1.3588e+008	828	904	19
1.3592e+008	647	904	16
1.3596e+008	735	904	18
1.36e+008	751	904	18
1.3604e+008	852	904	20
1.3608e+008	697	904	16
1.3612e+008	965	904	22
1.3616e+008	900	904	21
1.362e+008	717	904	17
1.3624e+008	668	904	17
1.3628e+008	824	904	20
1.3632e+008	957	904	22
1.3636e+008	704	904	17
1.364e+008	658	904	15
1.3644e+008	794	904	18
1.3648e+008	770	904	18
1.3652e+008	710	904	16
1.3656e+008	657	904	16
1.366e+008	865	904	20
1.3664e+008	709	904	17
1.3668e+008	1043	904	24
1.3672e+008	554	904	13
1.3676e+008	869	904	20
1.368e+008	734	904	17
1.3684e+008	810	904	19
1.3688e+008	868	904	20
1.3692e+008	716	904	17
1.3696e+008	886	904	20
1.37e+008	844	904	19
1.3704e+008	850	904	19
1.3708e+008	869	904	21
1.3712e+008	663	904	15
1.3716e+008	867	904	20
1.372e+008	749	904	18
1.3724e+008	724	904	17
1.3728e+008	909	904	20
1.3732e+008	807	904	19
1.3736e+008	684	904	17
1.374e+008	890	904	20
1.3744e+008	723	904	16
1.3748e+008	839	904	20
1.3752e+008	793	904	19
1.3756e+008	739	904	17
1.376e+008	772	904	18
1.3764e+008	795	904	19
1.3768e+008	877	904	20
1.3772e+008	717	904	17
1.3776e+008	798	904	19
1.378e+008	744	904	17
1.3784e+008	635	904	15
1.3788e+008	833	904	20
1.3792e+008	816	904	19
1.3796e+008	820	904	19
1.38e+008	809	904	20
1.3804e+008	694	904	16
1.3808e+008	736	904	17
1.3812e+008	894	904	20
1.3816e+008	717	904	17
1.382e+008	710	904	17
1.3824e+008	741	904	17
1.3828e+008	812	904	19
1.3832e+008	669	904	16
1.3836e+008	871	904	20
1.384e+008	684	904	16
1.3844e+008	908	904	21
1.3848e+008	783	904	19
1.3852e+008	866	904	20
1.3856e+008	734	904	17
1.386e+008	817	904	19
1.3864e+008	860	904	20
1.3868e+008	883	904	20
1.3872e+008	812	904	19
1.3876e+008	769	904	18
1.388e+008	737	904	17
1.3884e+008	867	904	19
1.3888e+008	960	904	22
1.3892e+008	736	904	16
1.3896e+008	808	904	17
1.39e+008	900	904	20
1.3904e+008	791	904	18
1.3908e+008	678	904	16
1.3912e+008	791	904	19
1.3916e+008	836	904	20
1.392e+008	766	904	18
1.3924e+008	814	904	18
1.3928e+008	860	904	19
1.3932e+008	698	904	16
1.3936e+008	847	904	19
1.394e+008	789	904	18
1.3944e+008	781	904	19
1.3948e+008	987	904	23
1.3952e+008	753	904	17
1.3956e+008	691	904	17
1.396e+008	767	904	17
1.3964e+008	722	904	17
1.3968e+008	834	904	19
1.3972e+008	718	904	17
1.3976e+008	860	904	20
1.398e+008	899	904	21
1.3984e+008	745	904	17
1.3988e+008	771	904	18
1.3992e+008	862	904	20
1.3996e+008	771	904	18
1.4e+008	714	904	17
1.4004e+008	968	904	22
1.4008e+008	889	904	21
1.4012e+008	743	904	17
1.4016e+008	758	904	18
1.402e+008	963	904	22
1.4024e+008	729	904	17
1.4028e+008	770	904	18
1.4032e+008	698	904	17
1.4036e+008	684	904	16
1.404e+008	931	904	21
1.4044e+008	743	904	17
1.4048e+008	916	904	21
1.4052e+008	784	904	19
1.4056e+008	714	904	16
1.406e+008	861	904	20
1.4064e+008	728	904	17
1.4068e+008	785	904	19
1.4072e+008	738	904	17
1.4076e+008	846	904	20
1.408e+008	771	904	18
1.4084e+008	867	904	20
1.4088e+008	736	904	17
1.4092e+008	784	904	18
1.4096e+008	786	904	18
1.41e+008	823	904	19
1.4104e+008	820	904	20
1.4108e+008	847	904	20
1.4112e+008	779	904	18
1.4116e+008	742	904	18
1.412e+008	946	904	22
1.4124e+008	700	904	17
1.4128e+008	798	904	18
1.4132e+008	991	904	23
1.4136e+008	665	904	16
1.414e+008	672	904	16
1.4144e+008	841	904	20
1.4148e+008	768	904	17
1.4152e+008	910	904	21
1.4156e+008	804	904	18
1.416e+008	903	904	20
1.4164e+008	898	904	21
1.4168e+008	803	904	19
1.4172e+008	804	904	19
1.4176e+008	793	904	18
1.418e+008	729	904	17
1.4184e+008	686	904	16
1.4188e+008	788	904	18
1.4192e+008	843	904	19
1.4196e+008	761	904	18
1.42e+008	791	904	19
1.4204e+008	812	904	19
1.4208e+008	750	904	18
1.4212e+008	760	904	18
1.4216e+008	783	904	18
1.422e+008	667	904	16
1.4224e+008	798	904	18
1.4228e+008	731	904	17
1.4232e+008	758	904	18
1.4236e+008	623	904	15
1.424e+008	790	904	19
1.4244e+008	752	904	18
1.4248e+008	838	904	20
1.4252e+008	739	904	17
1.4256e+008	824	904	19
1.426e+008	808	904	19
1.4264e+008	852	904	20
1.4268e+008	993	904	22
1.4272e+008	678	904	16
1.4276e+008	859	904	20
1.428e+008	792	904	19
1.4284e+008	620	904	15
1.4288e+008	750	904	17
1.4292e+008	608	904	15
1.4296e+008	859	904	20
1.43e+008	916	904	21
1.4304e+008	798	904	18
1.4308e+008	788	904	19
1.4312e+008	788	904	18
1.4316e+008	748	904	17
1.432e+008	882	904	21
1.4324e+008	828	904	19
1.4328e+008	747	904	17
1.4332e+008	756	904	17
1.4336e+008	918	904	21
1.434e+008	686	904	16
1.4344e+008	710	904	17
1.4348e+008	860	904	20
1.4352e+008	739	904	17
1.4356e+008	747	904	18
1.436e+008	735	904	17
1.4364e+008	699	904	16
1.4368e+008	819	904	19
1.4372e+008	794	904	18
1.4376e+008	745	904	18
1.438e+008	703	904	16
1.4384e+008	788	904	17
1.4388e+008	658	904	15
1.4392e+008	969	904	22
1.4396e+008	882	904	19
1.44e+008	772	904	18
1.4404e+008	750	904	17
1.4408e+008	896	904	21
1.4412e+008	673	904	16
1.4416e+008	829	904	19
1.442e+008	761	904	17
1.4424e+008	796	904	18
1.4428e+008	856	904	19
1.4432e+008	876	904	21
1.4436e+008	688	904	16
1.444e+008	661	904	15
1.4444e+008	656	904	15
1.4448e+008	796	904	18
1.4452e+008	853	904	20
1.4456e+008	858	904	20
1.446e+008	726	904	17
1.4464e+008	797	904	19
1.4468e+008	827	904	20
1.4472e+008	674	904	16
1.4476e+008	759	904	18
1.448e+008	897	904	20
1.4484e+008	807	904	19
1.4488e+008	798	904	19
1.4492e+008	741	904	17
1.4496e+008	707	904	16
1.45e+008	729	904	17
1.4504e+008	777	904	19
1.4508e+008	858	904	20
1.4512e+008	751	904	18
1.4516e+008	709	904	17
1.452e+008	707	904	17
1.4524e+008	1009	904	24
1.4528e+008	581	904	14
1.4532e+008	860	904	20
1.4536e+008	807	904	19
1.454e+008	772	904	18
1.4544e+008	630	904	15
1.4548e+008	986	904	23
1.4552e+008	790	904	19
1.4556e+008	732	904	17
1.456e+008	661	904	16
1.4564e+008	874	904	20
1.4568e+008	833	904	20
1.4572e+008	682	904	16
1.4576e+008	701	904	17
1.458e+008	863	904	20
1.4584e+008	852	904	20
1.4588e+008	865	904	20
1.4592e+008	748	904	18
1.4596e+008	691	904	16
1.46e+008	846	904	20
1.4604e+008	782	904	18
1.4608e+008	850	904	19
1.4612e+008	739	904	17
1.4616e+008	843	904	20
1.462e+008	805	904	19
1.4624e+008	724	904	17
1.4628e+008	744	904	17
1.4632e+008	793	904	18
1.4636e+008	871	904	21
1.464e+008	724	904	17
1.4644e+008	697	904	17
1.4648e+008	630	904	15
1.4652e+008	957	904	22
1.4656e+008	765	904	18
1.466e+008	725	904	17
1.4664e+008	783	904	18
1.4668e+008	768	904	18
1.4672e+008	800	904	19
1.4676e+008	889	904	21
1.468e+008	957	904	22
1.4684e+008	678	904	16
1.4688e+008	789	904	18
1.4692e+008	801	904	19
1.4696e+008	680	904	16
1.47e+008	688	904	16
1.4704e+008	689	904	16
1.4708e+008	768	904	19
1.4712e+008	775	904	18
1.4716e+008	692	904	17
1.472e+008	773	904	18
1.4724e+008	755	904	18
1.4728e+008	763	904	19
1.4732e+008	956	904	22
1.4736e+008	658	904	16
1.474e+008	781	904	19
1.4744e+008	715	904	17
1.4748e+008	921	904	21
1.4752e+008	833	904	19
1.4756e+008	857	904	20
1.476e+008	738	904	17
1.4764e+008	819	904	19
1.4768e+008	718	904	17
1.4772e+008	782	904	19
1.4776e+008	869	904	21
1.478e+008	871	904	21
1.4784e+008	707	904	16
1.4788e+008	926	904	21
1.4792e+008	745	904	17
1.4796e+008	637	904	15
1.48e+008	752	904	17
1.4804e+008	809	904	19
1.4808e+008	869	904	21
1.4812e+008	896	904	21
1.4816e+008	778	904	18
1.482e+008	650	904	15
1.4824e+008	896	904	21
1.4828e+008	837	904	20
1.4832e+008	881	904	21
1.4836e+008	731	904	17
1.484e+008	755	904	18
1.4844e+008	830	904	19
1.4848e+008	605	904	15
1.4852e+008	852	904	20
1.4856e+008	754	904	17
1.486e+008	778	904	18
1.4864e+008	682	904	16
1.4868e+008	954	904	22
1.4872e+008	654	904	15
1.4876e+008	893	904	20
1.488e+008	726	904	17
1.4884e+008	814	904	18
1.4888e+008	796	904	19
1.4892e+008	865	904	19
1.4896e+008	764	904	17
1.49e+008	994	904	22
1.4904e+008	731	904	16
1.4908e+008	864	904	20
1.4912e+008	968	904	22
1.4916e+008	767	904	18
1.492e+008	819	904	18
1.4924e+008	887	904	20
1.4928e+008	760	904	17
1.4932e+008	803	904	18
1.4936e+008	880	904	20
1.494e+008	777	904	18
1.4944e+008	671	904	15
1.4948e+008	836	904	20
1.4952e+008	835	904	19
1.4956e+008	909	904	21
1.496e+008	698	904	16
1.4964e+008	690	904	16
1.4968e+008	654	904	15
1.4972e+008	816	904	19
1.4976e+008	658	904	16
1.498e+008	776	904	19
1.4984e+008	815	904	19
1.4988e+008	747	904	18
1.4992e+008	826	904	19
1.4996e+008	741	904	17
1.5e+008	877	904	20
1.5004e+008	629	904	15
1.5008e+008	829	904	19
1.5012e+008	796	904	19
1.5016e+008	981	904	22
1.502e+008	810	904	19
1.5024e+008	758	904	18
1.5028e+008	733	904	17
1.5032e+008	756	904	18
1.5036e+008	803	904	19
1.504e+008	796	904	18
1.5044e+008	709	904	17
1.5048e+008	862	904	20
1.5052e+008	682	904	16
1.5056e+008	812	904	19
1.506e+008	666	904	16
1.5064e+008	811	904	19
1.5068e+008	802	904	19
1.5072e+008	859	904	20
1.5076e+008	900	904	20
1.508e+008	727	904	17
1.5084e+008	872	904	19
1.5088e+008	854	904	20
1.5092e+008	782	904	18
1.5096e+008	667	904	16
1.51e+008	842	904	20
1.5104e+008	777	904	18
1.5108e+008	861	904	20
1.5112e+008	890	904	21
1.5116e+008	793	904	18
1.512e+008	903	904	21
1.5124e+008	792	904	19
1.5128e+008	808	904	19
1.5132e+008	848	904	20
1.5136e+008	826	904	20
1.514e+008	875	904	20
1.5144e+008	758	904	18
1.5148e+008	771	904	18
1.5152e+008	749	904	17
1.5156e+008	858	904	19
1.516e+008	953	904	23
1.5164e+008	817	904	19
1.5168e+008	875	904	20
1.5172e+008	761	904	18
1.5176e+008	834	904	20
1.518e+008	854	904	20
1.5184e+008	804	904	19
1.5188e+008	812	904	19
1.5192e+008	785	904	19
1.5196e+008	757	904	18
1.52e+008	722	904	17
1.5204e+008	838	904	20
1.5208e+008	888	904	21
1.5212e+008	788	904	18
1.5216e+008	929	904	21
1.522e+008	709	904	17
1.5224e+008	802	904	19
1.5228e+008	725	904	18
1.5232e+008	710	904	17
1.5236e+008	833	904	19
1.524e+008	882	904	21
1.5244e+008	807	904	18
1.5248e+008	910	904	21
1.5252e+008	688	904	16
1.5256e+008	881	904	21
1.526e+008	700	904	16
1.5264e+008	737	904	18
1.5268e+008	798	904	18
1.5272e+008	755	904	18
1.5276e+008	734	904	18
1.528e+008	645	904	15
1.5284e+008	883	904	21
1.5288e+008	806	904	19
1.5292e+008	996	904	23
1.5296e+008	693	904	16
1.53e+008	751	904	18
1.5304e+008	838	904	20
1.5308e+008	637	904	15
1.5312e+008	821	904	19
1.5316e+008	773	904	18
1.532e+008	816	904	19
1.5324e+008	824	904	19
1.5328e+008	784	904	18
1.5332e+008	773	904	18
1.5336e+008	795	904	19
1.534e+008	771	904	18
1.5344e+008	803	904	19
1.5348e+008	756	904	18
1.5352e+008	697	904	17
1.5356e+008	803	904	19
1.536e+008	785	904	19
1.5364e+008	979	904	23
1.5368e+008	950	904	22
1.5372e+008	668	904	16
1.5376e+008	672	904	15
1.538e+008	840	904	19
1.5384e+008	687	904	16
1.5388e+008	916	904	20
1.5392e+008	739	904	17
1.5396e+008	898	904	21
1.54e+008	1008	904	21
1.5404e+008	745	904	17
1.5408e+008	939	904	20
1.5412e+008	759	904	18
1.5416e+008	736	904	18
1.542e+008	756	904	18
1.5424e+008	1077	904	23
1.5428e+008	730	904	17
1.5432e+008	947	904	20
1.5436e+008	694	904	16
1.544e+008	859	904	19
1.5444e+008	962	904	22
1.5448e+008	806	904	19
1.5452e+008	877	904	21
1.5456e+008	801	904	18
1.546e+008	922	904	21
1.5464e+008	687	904	16
1.5468e+008	985	904	23
1.5472e+008	628	904	15
1.5476e+008	753	904	18
1.548e+008	731	904	17
1.5484e+008	848	904	20
1.5488e+008	713	904	16
1.5492e+008	911	904	21
1.5496e+008	714	904	17
1.55e+008	823	904	19
1.5504e+008	937	904	22
1.5508e+008	945	904	22
1.5512e+008	806	904	18
1.5516e+008	841	904	19
1.552e+008	822	904	19
1.5524e+008	885	904	21
1.5528e+008	821	904	19
1.5532e+008	797	904	19
1.5536e+008	699	904	16
1.554e+008	951	904	22
1.5544e+008	721	904	17
1.5548e+008	659	904	16
1.5552e+008	706	904	16
1.5556e+008	761	904	18
1.556e+008	694	904	16
1.5564e+008	843	904	20
1.5568e+008	823	904	19
1.5572e+008	820	904	19
1.5576e+008	804	904	19
1.558e+008	757	904	18
1.5584e+008	836	904	20
1.5588e+008	891	904	20
1.5592e+008	858	904	20
1.5596e+008	977	904	22
1.56e+008	868	904	20
1.5604e+008	681	904	16
1.5608e+008	757	904	18
1.5612e+008	802	904	19
1.5616e+008	785	904	18
1.562e+008	840	904	20
1.5624e+008	882	904	20
1.5628e+008	820	904	19
1.5632e+008	782	904	18
1.5636e+008	817	904	19
1.564e+008	809	904	19
1.5644e+008	685	904	17
1.5648e+008	814	904	19
1.5652e+008	752	904	17
1.5656e+008	654	904	15
1.566e+008	792	904	18
1.5664e+008	788	904	18
1.5668e+008	704	904	17
1.5672e+008	732	904	17
1.5676e+008	917	904	21
1.568e+008	696	904	16
1.5684e+008	879	904	21
1.5688e+008	740	904	17
1.5692e+008	790	904	18
1.5696e+008	887	904	20
1.57e+008	745	904	17
1.5704e+008	642	904	15
1.5708e+008	782	904	19
1.5712e+008	702	904	17
1.5716e+008	695	904	16
1.572e+008	691	904	16
1.5724e+008	865	904	20
1.5728e+008	883	904	21
1.5732e+008	635	904	15
1.5736e+008	797	904	18
1.574e+008	940	904	21
1.5744e+008	691	904	16
1.5748e+008	678	904	16
1.5752e+008	901	904	21
1.5756e+008	802	904	19
1.576e+008	700	904	16
1.5764e+008	710	904	17
1.5768e+008	815	904	19
1.5772e+008	761	904	18
1.5776e+008	806	904	19
1.578e+008	817	904	19
1.5784e+008	774	904	18
1.5788e+008	869	904	20
1.5792e+008	685	904	16
1.5796e+008	852	904	19
1.58e+008	638	904	15
1.5804e+008	861	904	20
1.5808e+008	961	904	22
1.5812e+008	851	904	20
1.5816e+008	831	904	19
1.582e+008	785	904	18
1.5824e+008	786	904	18
1.5828e+008	735	904	17
1.5832e+008	800	904	19
1.5836e+008	731	904	17
1.584e+008	847	904	20
1.5844e+008	935	904	23
1.5848e+008	815	904	19
1.5852e+008	790	904	18
1.5856e+008	804	904	19
1.586e+008	916	904	21
1.5864e+008	816	904	19
1.5868e+008	913	904	21
1.5872e+008	851	904	20
1.5876e+008	890	904	21
1.588e+008	764	904	18
1.5884e+008	602	904	15
1.5888e+008	815	904	18
1.5892e+008	797	904	17
1.5896e+008	877	904	20
1.59e+008	751	904	17
1.5904e+008	925	904	21
1.5908e+008	793	904	18
1.5912e+008	820	904	18
1.5916e+008	872	904	20
1.592e+008	642	904	15
1.5924e+008	839	904	19
1.5928e+008	1076	904	22
1.5932e+008	902	904	19
1.5936e+008	852	904	19
1.594e+008	785	904	18
1.5944e+008	785	904	18
1.5948e+008	844	904	20
1.5952e+008	793	904	19
1.5956e+008	792	904	18
1.596e+008	786	904	18
1.5964e+008	901	904	21
1.5968e+008	781	904	18
1.5972e+008	677	904	16
1.5976e+008	682	904	16
1.598e+008	760	904	18
1.5984e+008	716	904	17
1.5988e+008	847	904	20
1.5992e+008	812	904	19
1.5996e+008	992	904	23
1.6e+008	918	904	21
1.6004e+008	640	904	16
1.6008e+008	757	904	18
1.6012e+008	740	904	17
1.6016e+008	727	904	17
1.602e+008	805	904	19
1.6024e+008	792	904	18
1.6028e+008	792	904	19
1.6032e+008	734	904	18
1.6036e+008	739	904	18
1.604e+008	869	904	20
1.6044e+008	763	904	18
1.6048e+008	766	904	18
1.6052e+008	651	904	16
1.6056e+008	865	904	20
1.606e+008	766	904	18
1.6064e+008	750	904	18
1.6068e+008	970	904	22
1.6072e+008	768	904	18
1.6076e+008	815	904	19
1.608e+008	570	904	14
1.6084e+008	860	904	20
1.6088e+008	817	904	19
1.6092e+008	718	904	17
1.6096e+008	855	904	21
1.61e+008	689	904	16
1.6104e+008	931	904	21
1.6108e+008	730	904	17
1.6112e+008	996	904	23
1.6116e+008	900	904	21
1.612e+008	781	904	19
1.6124e+008	743	904	17
1.6128e+008	842	904	19
1.6132e+008	737	904	17
1.6136e+008	793	904	19
1.614e+008	770	904	18
1.6144e+008	593	904	14
1.6148e+008	714	904	17
1.6152e+008	689	904	16
1.6156e+008	930	904	21
1.616e+008	873	904	20
1.6164e+008	765	904	18
1.6168e+008	680	904	17
1.6172e+008	707	904	16
1.6176e+008	660	904	15
1.618e+008	779	904	18
1.6184e+008	584	904	14
1.6188e+008	546	904	13
1.6192e+008	435	904	10
1.6196e+008	684	904	16
1.62e+008	563	904	14
1.6204e+008	560	904	13
1.6208e+008	526	904	12
1.6212e+008	513	904	12
1.6216e+008	741	904	17
1.622e+008	424	904	10
1.6224e+008	628	904	14
1.6228e+008	467	904	11
1.6232e+008	534	904	13
1.6236e+008	430	904	10
1.624e+008	474	904	11
1.6244e+008	636	904	15
1.6248e+008	572	904	13
1.6252e+008	543	904	13
1.6256e+008	495	904	12
1.626e+008	468	904	11
1.6264e+008	504	904	12
1.6268e+008	465	904	11
1.6272e+008	506	904	12
1.6276e+008	380	904	9
1.628e+008	388	904	9
1.6284e+008	347	904	8
1.6288e+008	380	904	9
1.6292e+008	267	904	6
1.6296e+008	396	904	9
1.63e+008	264	904	6
1.6304e+008	175	904	4
1.6308e+008	86	904	2
