789
732
647
863
430
778
640
538
810
637
599
555
851
656
718
664
525
713
641
708
611
584
631
602
649
738
547
483
530
693
601
591
642
617
619
677
438
585
644
606
734
625
716
487
601
528
579
617
544
600
586
519
650
562
507
501
614
562
602
556
559
626
393
654
580
510
696
565
417
676
646
576
573
780
606
591
589
476
790
587
512
600
575
519
668
418
686
589
631
654
529
681
529
742
568
526
585
641
549
665
701
389
714
645
562
647
685
478
627
698
534
609
577
701
560
726
411
663
472
748
539
620
531
571
570
593
511
630
580
507
732
457
579
534
529
691
492
717
710
662
590
536
413
625
759
478
496
875
745
667
589
494
785
510
507
780
621
579
616
501
770
472
786
452
674
476
551
564
485
749
578
624
485
515
613
582
630
583
558
646
532
565
708
469
735
643
735
530
431
739
574
605
515
547
496
548
623
548
697
541
555
581
804
386
608
600
629
610
522
659
514
802
460
599
557
512
715
503
767
500
531
661
586
597
705
632
476
640
589
574
671
525
531
581
461
557
687
794
616
286
683
536
736
497
586
517
557
552
568
541
535
632
638
648
464
631
504
701
572
647
641
566
571
529
582
773
608
371
583
530
595
517
723
522
510
619
599
504
509
642
721
645
651
563
637
691
732
486
413
641
623
685
531
565
479
801
464
483
607
769
426
620
485
729
514
450
678
673
471
485
600
717
409
645
474
680
653
646
638
683
665
512
553
639
593
678
499
640
682
475
466
642
645
544
852
635
720
498
705
613
612
657
509
713
608
447
526
652
598
656
490
685
438
616
638
540
675
543
608
655
447
575
553
568
553
707
622
525
561
496
647
513
536
498
855
514
485
650
732
521
548
730
647
516
658
509
641
719
688
478
622
622
557
569
537
571
614
524
642
453
521
621
482
750
545
600
590
508
436
733
623
466
705
535
515
827
526
537
554
518
442
655
445
694
544
548
654
532
595
592
584
585
695
487
455
669
665
505
642
737
473
454
790
667
648
627
693
422
768
526
580
552
585
521
598
689
698
529
721
591
677
672
670
427
482
573
580
630
511
690
529
673
609
572
519
613
675
493
672
720
572
639
519
583
609
694
483
581
553
619
493
654
578
593
619
573
642
535
480
653
789
352
648
589
557
599
586
516
678
572
612
584
419
761
540
710
550
577
548
564
467
729
688
596
637
608
476
687
643
513
560
769
576
608
515
509
565
605
655
520
503
662
640
690
618
556
647
437
686
621
620
661
539
602
477
656
573
486
682
493
497
508
698
501
644
654
525
609
556
476
536
734
665
567
476
626
562
613
575
574
679
464
616
759
695
591
580
558
546
585
582
532
694
574
608
566
679
540
602
671
665
566
530
526
591
548
691
604
700
561
630
502
551
600
553
584
694
511
635
573
407
641
701
665
652
522
475
642
610
663
561
553
573
644
620
653
467
600
559
660
565
626
531
447
568
717
599
602
703
490
564
632
577
593
566
540
823
702
574
563
620
526
524
599
435
790
465
571
756
600
520
563
608
684
451
577
515
824
400
573
575
523
507
710
455
602
621
576
738
555
500
812
870
588
542
503
543
770
640
620
435
654
594
711
551
731
497
517
645
618
432
674
514
521
725
684
390
739
568
563
636
758
474
634
504
622
685
559
452
695
559
509
648
666
479
873
562
735
418
613
527
511
630
473
798
678
551
457
546
638
476
574
683
546
746
627
606
523
735
554
616
460
685
524
579
551
449
784
521
672
532
535
605
613
508
729
493
526
603
600
632
738
748
407
570
517
611
707
656
429
680
544
656
623
481
650
647
739
593
526
664
681
393
826
600
529
658
611
515
680
691
666
644
495
575
623
625
573
562
559
594
524
573
644
538
499
682
679
514
466
669
654
555
473
853
560
594
477
542
513
665
644
563
480
806
643
759
370
666
558
593
573
570
629
521
635
595
472
894
547
634
658
521
634
504
672
515
480
766
524
582
546
666
453
650
633
473
584
647
540
586
619
465
750
761
485
552
671
663
527
551
638
646
464
624
404
778
665
552
533
500
748
681
605
511
570
469
680
601
648
512
656
654
622
603
437
673
583
559
558
475
781
596
724
555
461
576
552
745
550
471
732
499
642
701
450
663
581
657
595
707
557
680
522
548
659
632
690
661
585
682
603
521
612
580
642
393
764
684
631
601
579
658
547
634
682
528
516
689
482
820
692
540
557
550
586
580
517
571
605
555
639
620
511
650
498
723
491
512
713
723
605
547
477
769
427
653
757
479
577
612
659
463
685
544
652
433
616
546
693
559
586
634
266
681
634
639
761
437
602
522
712
657
438
669
699
431
559
616
512
550
765
610
575
603
553
631
469
594
588
644
466
629
574
365
650
651
824
589
461
669
743
617
544
540
579
617
526
525
548
546
777
658
589
513
551
540
649
503
651
621
552
458
619
489
592
724
597
614
471
798
695
570
521
605
599
608
638
686
503
496
494
663
460
673
557
495
650
617
606
563
522
592
597
560
705
748
542
550
599
551
371
783
603
625
552
737
542
623
492
771
742
475
726
562
678
617
684
650
450
564
810
634
559
784
446
659
652
554
633
483
563
641
563
658
551
541
699
523
510
654
598
427
638
624
504
638
396
639
625
719
551
580
509
679
738
586
612
584
496
632
755
678
630
452
638
658
610
613
493
677
543
576
518
860
559
615
562
533
527
631
706
513
608
632
733
510
593
508
675
525
638
569
519
518
637
494
749
445
685
513
603
685
653
428
634
679
605
547
519
637
597
583
600
529
552
637
610
545
621
610
531
574
654
627
514
601
653
513
584
616
574
547
556
635
539
461
489
689
611
545
621
512
619
654
555
579
636
475
616
603
761
468
571
699
456
604
575
445
729
498
608
555
781
544
760
513
511
650
687
566
710
457
650
508
689
528
816
642
494
697
632
520
591
735
666
547
637
718
455
592
497
595
735
529
559
629
495
660
502
748
633
606
575
587
635
556
614
735
448
575
544
606
551
563
556
666
562
701
659
551
544
639
500
512
578
578
648
512
653
614
568
717
416
605
625
607
566
592
526
672
582
599
535
584
498
647
635
539
515
790
724
563
675
590
705
499
592
737
581
472
651
518
536
562
677
508
591
620
594
545
628
461
522
684
655
668
706
504
544
647
600
649
611
507
699
608
608
536
599
572
553
729
427
664
779
588
446
614
590
495
652
610
576
597
603
530
510
514
566
643
571
670
601
543
471
680
424
695
595
605
559
648
516
614
759
631
489
801
577
854
605
500
578
617
545
610
581
523
578
681
626
553
657
649
590
509
590
638
679
612
695
679
711
480
595
801
525
753
507
522
651
611
596
830
660
709
520
580
656
475
682
523
548
650
519
559
603
636
514
504
611
650
670
564
545
496
704
600
522
483
647
667
619
547
578
591
503
606
602
628
718
474
649
445
619
665
677
417
703
577
567
517
862
516
712
478
602
707
455
659
641
471
544
588
454
743
610
528
671
648
534
702
506
627
605
608
688
604
552
713
415
687
609
477
535
872
664
521
523
585
518
666
793
607
637
654
451
558
596
657
493
636
470
568
544
533
672
718
458
653
760
546
645
681
554
577
565
545
628
680
438
696
627
378
701
621
633
448
688
748
624
537
548
431
650
516
493
653
453
693
621
531
537
688
530
655
459
721
654
471
618
617
459
741
552
612
596
562
492
669
712
498
629
722
643
554
615
625
562
716
645
563
501
690
626
723
610
608
663
637
681
467
682
620
560
750
509
684
511
562
690
569
695
560
629
554
634
600
531
511
566
558
686
642
582
435
482
661
683
581
547
728
429
606
594
607
490
859
524
666
553
574
717
589
489
610
571
574
569
633
675
551
531
777
561
601
495
619
714
485
845
592
514
636
549
519
685
539
601
601
546
578
483
742
662
554
610
725
633
641
697
552
660
452
636
557
541
477
572
624
633
608
657
536
472
569
549
474
707
574
562
510
520
772
723
558
738
420
663
654
524
536
546
789
596
767
585
540
635
766
473
561
612
611
516
556
567
617
563
735
625
508
766
672
364
548
698
710
658
501
688
683
787
629
481
726
613
567
775
621
540
581
603
512
639
587
551
685
516
454
620
636
641
610
646
553
550
780
566
708
566
741
568
560
592
588
313
727
603
649
561
554
449
591
471
546
586
542
563
589
611
557
623
497
586
638
730
603
562
572
698
582
692
636
547
573
735
672
596
467
685
503
619
640
582
647
518
451
687
600
516
741
552
450
736
570
602
604
563
700
645
578
534
546
706
531
731
633
408
602
660
530
625
456
592
511
606
792
686
541
641
563
640
568
574
767
513
809
556
323
777
661
481
573
651
552
691
617
586
537
472
774
492
656
526
505
844
516
560
611
510
591
603
613
588
452
671
501
636
540
643
657
473
788
469
626
567
608
624
643
581
536
653
748
607
468
729
609
687
545
595
595
675
600
711
650
726
591
678
580
720
639
520
506
663
631
778
372
587
647
598
586
550
609
567
493
466
519
724
581
673
511
442
634
562
695
646
654
626
565
564
663
556
523
559
535
711
589
632
645
574
428
495
825
498
574
559
602
604
694
562
502
618
538
460
665
480
473
705
505
614
615
614
604
784
591
539
671
524
420
681
560
508
760
417
596
686
562
581
640
589
487
757
692
505
591
570
635
605
810
479
662
520
763
651
507
555
624
427
562
563
547
736
478
698
589
640
727
555
463
707
680
574
479
679
513
597
561
614
633
545
584
682
702
376
617
689
460
650
704
649
700
615
584
640
513
524
582
725
556
473
638
598
582
584
728
371
559
623
575
559
539
570
656
725
664
524
564
466
633
633
607
592
520
689
685
591
543
551
744
438
548
604
596
829
568
676
632
564
685
464
646
427
703
656
446
565
639
533
769
464
568
525
487
602
550
635
556
765
498
657
428
513
553
555
551
653
579
617
653
560
427
673
555
808
428
714
626
530
648
481
577
700
584
539
533
628
631
591
569
780
433
574
577
706
543
550
586
645
522
649
572
546
590
585
368
789
657
519
579
655
592
629
517
616
776
523
541
735
609
661
667
578
595
602
686
614
510
564
680
686
505
532
640
663
530
616
542
706
673
688
564
769
492
668
519
579
510
680
491
628
601
555
481
647
477
596
589
554
643
458
620
643
594
467
646
525
759
610
534
419
647
653
720
509
643
768
310
851
372
756
591
617
718
573
572
491
620
612
707
556
560
644
540
574
525
648
546
552
629
488
710
499
599
569
574
568
515
728
483
565
463
759
631
528
633
586
589
655
509
584
629
617
476
757
506
596
523
607
653
600
692
655
519
498
597
521
600
577
600
590
653
510
682
716
511
594
476
609
705
714
377
793
549
492
521
731
705
501
572
525
802
610
486
515
747
562
535
665
644
588
580
368
631
606
460
725
502
693
744
473
621
458
648
756
635
556
648
453
504
536
590
435
768
571
424
527
693
451
530
685
558
752
523
682
467
570
560
658
463
556
668
593
580
591
636
624
599
607
662
625
623
728
480
578
632
727
518
608
660
632
520
553
556
673
649
649
487
562
620
602
519
578
604
628
566
743
691
554
628
801
571
710
569
481
676
529
678
523
650
481
692
534
541
599
591
579
562
627
654
538
569
695
497
566
504
755
655
417
698
598
683
526
620
491
710
747
558
501
508
523
599
620
664
575
624
660
515
602
715
523
620
673
539
599
492
684
516
663
600
701
584
473
679
641
599
596
704
311
623
513
676
598
474
774
719
540
658
604
631
529
606
596
519
682
544
637
528
611
805
538
500
474
629
587
548
677
528
549
528
508
577
668
735
415
654
536
645
600
550
829
516
581
527
697
622
744
560
575
590
546
586
521
722
574
737
734
387
692
645
777
417
733
514
640
635
657
577
552
652
635
545
710
463
574
554
678
473
590
630
385
507
759
587
615
621
594
679
471
596
609
841
339
733
656
620
748
433
508
734
614
474
566
598
584
548
620
658
600
589
705
503
669
651
535
633
659
571
623
667
434
545
624
517
635
584
495
519
615
633
590
737
567
472
578
523
667
696
516
664
610
733
605
664
528
598
708
574
682
555
700
548
570
606
845
411
483
648
655
546
623
641
564
682
568
759
497
577
674
560
546
617
493
593
553
513
410
769
580
592
609
523
796
596
446
634
513
587
553
621
623
602
681
529
505
535
687
542
492
644
474
739
614
598
524
606
659
495
383
800
340
889
534
587
526
650
462
654
522
809
544
717
513
604
662
637
718
595
607
650
513
599
614
513
693
497
610
631
605
509
521
745
564
645
586
719
465
582
511
578
664
582
650
425
781
611
472
609
582
717
767
533
654
616
630
598
554
605
522
557
738
506
685
587
565
679
636
618
566
474
542
590
691
584
516
521
513
558
503
648
672
808
584
589
652
562
570
509
494
543
577
679
621
614
594
583
479
661
544
709
672
634
448
547
825
611
742
455
516
546
559
586
477
503
561
489
647
674
576
689
584
726
455
835
516
572
604
574
534
812
763
615
524
584
580
555
573
596
743
430
481
647
543
605
570
504
704
490
646
689
599
516
560
589
651
613
673
579
514
645
717
449
662
525
553
794
584
443
608
582
576
576
440
634
501
574
582
470
573
782
496
470
634
507
701
556
571
461
631
548
552
622
672
671
541
522
694
534
642
619
488
842
443
634
546
596
698
474
543
642
741
701
437
617
694
691
497
609
723
492
745
601
544
690
664
585
626
632
642
589
562
727
631
481
543
627
437
550
587
567
579
491
562
691
583
709
384
771
685
465
542
717
576
796
674
576
503
808
569
597
841
476
569
629
561
811
567
706
567
679
436
666
546
663
598
451
668
611
447
521
642
629
619
599
604
584
577
646
547
560
514
736
584
639
599
573
656
496
579
685
636
611
460
647
630
596
596
540
586
468
706
294
701
484
602
542
572
600
582
722
418
668
638
427
587
583
790
598
621
678
567
709
703
421
747
397
594
576
534
554
621
584
624
636
587
421
650
495
641
541
583
605
572
486
649
568
607
372
639
697
481
463
636
574
557
682
408
636
475
755
710
500
442
847
632
603
496
661
580
551
657
503
595
436
704
531
669
614
599
506
516
740
643
619
742
417
542
559
608
672
424
730
603
519
646
519
553
632
514
788
350
589
556
586
580
430
543
664
507
559
604
648
720
557
549
714
531
705
519
488
637
802
402
799
518
529
548
622
532
521
594
777
569
601
488
540
638
475
647
668
723
602
512
637
692
665
402
778
582
642
733
523
539
532
805
661
484
648
755
536
537
587
585
590
604
721
759
419
663
580
632
476
522
688
523
451
511
687
504
607
482
575
561
702
492
580
638
563
699
742
412
643
615
552
596
658
530
612
631
653
695
623
508
666
564
745
578
710
524
554
570
542
564
569
632
529
565
573
702
661
611
499
487
691
508
559
577
586
654
704
606
494
755
623
430
604
595
549
672
748
384
630
582
788
535
535
567
684
592
653
637
535
688
629
504
696
496
545
616
688
620
711
653
522
601
590
826
543
563
525
555
737
423
726
426
632
530
692
598
583
549
486
557
586
693
565
526
638
525
566
520
506
530
540
741
571
653
588
593
545
624
535
556
511
689
693
511
560
578
631
650
575
540
578
684
762
694
497
663
580
521
383
641
626
722
381
611
691
637
614
676
507
622
418
602
615
447
820
448
787
390
611
850
559
575
415
668
571
595
739
550
516
439
645
700
512
614
570
581
519
742
604
575
656
459
728
618
580
498
686
699
559
529
561
566
660
577
578
571
424
809
623
696
687
653
674
487
639
474
747
617
535
660
679
588
607
756
609
561
639
611
466
746
457
764
444
595
544
657
676
592
604
488
691
555
699
510
597
540
731
734
513
680
689
560
337
781
586
631
534
538
753
506
702
671
636
653
760
651
516
645
551
742
558
473
685
586
586
479
593
589
746
473
502
655
623
495
602
659
698
505
729
449
504
622
595
498
634
622
579
757
637
654
586
618
628
472
621
457
715
724
472
573
611
603
672
601
544
588
628
624
572
471
685
660
546
448
772
538
539
565
632
667
471
592
659
535
603
591
492
693
447
656
603
662
571
710
680
559
628
646
480
670
668
405
545
565
700
568
627
654
607
485
685
633
607
596
577
586
627
787
492
608
582
523
651
627
431
693
543
608
653
481
524
699
538
529
698
645
721
473
472
676
489
546
668
607
623
577
568
579
689
466
535
678
827
551
595
629
452
775
614
707
545
707
485
732
669
603
454
624
767
483
674
692
566
666
427
633
496
684
635
627
608
305
637
612
596
555
603
467
619
499
702
586
667
589
531
666
646
701
455
577
627
647
588
598
513
736
417
513
598
568
587
520
533
591
774
553
421
510
587
586
754
447
687
554
574
469
581
601
752
522
473
683
641
650
542
645
563
637
555
559
551
545
454
644
621
531
621
620
569
565
549
592
706
516
586
560
552
617
672
732
520
642
557
638
597
553
588
518
559
592
505
649
641
503
509
659
485
743
559
737
580
562
687
628
592
505
683
692
531
576
663
654
652
556
527
568
621
539
611
582
595
543
601
587
507
638
544
537
650
525
532
661
729
545
687
655
460
568
627
649
534
715
518
694
636
592
679
560
535
696
485
613
616
754
455
681
552
492
585
542
618
703
539
611
567
561
618
665
527
694
668
570
603
552
552
705
549
575
642
654
687
706
560
657
517
458
615
556
581
516
544
701
516
586
580
725
677
469
544
767
508
639
545
706
590
528
583
530
469
613
570
602
442
589
587
630
662
692
590
637
583
596
803
591
630
465
618
565
483
563
579
785
633
574
526
570
552
565
628
530
536
503
691
562
621
533
735
428
509
724
632
644
514
632
639
461
609
663
547
558
587
549
426
720
641
539
627
601
653
343
755
675
470
672
449
651
528
443
619
623
504
696
532
591
547
686
645
519
598
639
545
646
473
626
590
599
588
543
539
639
495
613
565
628
396
780
421
560
531
678
615
542
508
552
482
677
675
742
665
706
547
510
709
484
592
621
716
691
502
710
601
633
623
510
649
528
614
572
700
565
498
492
678
673
463
546
671
518
532
708
528
576
562
693
609
548
497
474
759
554
388
592
507
668
462
527
521
568
621
742
497
601
431
737
403
745
507
669
761
438
584
579
602
665
426
550
748
518
451
676
760
601
546
637
421
615
712
536
543
752
528
446
615
627
669
608
497
716
594
432
527
608
674
595
637
479
792
644
580
614
464
600
654
435
751
432
583
501
641
573
544
568
539
467
632
548
747
562
657
508
649
578
642
528
566
658
610
639
496
689
603
515
694
543
659
493
577
659
573
529
683
651
597
494
426
715
649
344
630
579
612
652
596
599
611
597
675
442
596
667
554
579
666
757
487
649
506
566
669
605
583
849
527
786
528
614
554
543
593
488
560
553
593
634
607
542
550
564
542
574
473
622
693
621
521
562
711
541
575
620
599
575
514
615
541
660
589
476
586
695
546
631
577
653
586
533
602
730
809
491
655
681
387
599
563
563
489
522
658
610
656
554
659
551
519
691
558
631
552
636
534
603
633
498
586
466
655
731
500
515
549
644
542
497
652
343
753
630
567
619
478
513
608
676
570
628
681
701
485
645
649
565
578
625
579
686
605
496
671
708
616
494
590
634
610
650
639
502
617
644
825
531
590
624
553
538
615
455
568
417
607
629
778
484
734
531
627
654
611
596
559
639
462
664
605
509
559
616
604
560
626
641
632
767
509
619
540
617
626
472
733
553
695
774
475
550
612
642
685
516
525
588
556
592
622
587
626
422
659
612
658
607
574
665
617
563
654
605
548
482
764
568
694
603
677
484
565
484
754
298
674
570
439
601
673
570
419
748
577
595
658
550
507
692
630
544
570
547
581
700
475
607
494
602
514
470
641
445
738
546
599
714
533
455
630
481
501
638
676
733
564
387
597
706
595
486
788
426
604
759
446
720
468
544
516
638
585
603
490
694
543
462
720
490
564
637
560
514
519
712
472
669
602
577
457
507
677
656
549
573
575
580
546
651
477
724
555
625
750
562
608
675
504
717
604
596
425
681
634
496
540
537
547
605
583
593
588
761
542
600
518
582
735
691
562
531
630
585
626
732
501
633
613
568
561
509
606
728
541
541
628
553
749
476
784
490
546
754
744
472
532
662
762
391
529
711
629
690
457
624
642
581
565
569
540
656
477
562
761
532
557
545
750
595
455
650
768
657
571
603
561
641
368
531
557
660
656
538
564
589
537
533
673
568
745
455
423
584
587
582
695
433
832
571
613
563
492
483
724
747
489
481
512
671
638
481
561
454
559
588
689
778
339
616
642
557
675
580
623
513
647
632
641
657
618
552
574
652
532
560
658
629
547
611
508
712
493
636
774
449
516
615
598
574
704
542
474
669
535
497
640
537
650
658
570
564
470
500
546
805
422
507
590
646
685
581
436
647
555
601
678
538
691
593
575
555
663
580
626
683
594
608
497
671
568
631
686
616
592
746
553
475
674
435
702
579
544
623
716
486
602
587
708
517
679
668
558
523
582
544
655
539
586
547
531
810
398
720
643
614
512
590
689
659
540
733
515
599
742
559
473
685
620
538
593
559
526
701
595
618
668
566
590
476
586
577
629
574
489
587
719
576
661
513
660
556
668
518
686
571
590
715
583
497
521
759
684
487
461
552
718
547
691
634
650
639
645
548
674
635
582
551
555
517
569
605
578
637
585
521
537
707
532
575
592
508
709
600
517
458
489
552
618
503
626
597
612
563
671
700
608
671
435
641
618
632
484
530
520
441
682
740
442
706
502
606
640
573
670
526
649
609
538
700
599
520
458
605
641
602
538
499
623
518
516
695
475
669
516
538
526
566
708
462
817
633
596
528
716
476
685
597
600
501
627
635
633
522
486
601
526
497
736
488
754
456
711
418
575
591
630
622
564
644
550
522
648
523
640
578
538
605
603
618
534
409
868
411
609
559
534
688
486
498
759
547
590
609
547
545
557
716
559
415
609
660
667
639
689
467
553
503
638
622
522
627
677
603
639
499
612
520
710
361
590
724
507
451
677
646
510
531
529
700
636
643
670
505
465
747
595
614
515
579
667
405
562
524
537
606
529
409
696
583
646
683
547
498
618
620
484
692
607
614
644
560
607
684
443
582
469
777
706
492
754
421
539
591
706
603
603
515
514
686
604
517
687
645
570
709
512
646
541
614
399
564
628
617
575
674
386
776
436
632
559
643
594
699
596
583
632
678
697
479
603
781
619
593
604
660
645
554
539
574
699
645
493
512
591
743
746
373
565
610
611
519
463
532
531
664
686
454
620
547
572
702
505
583
637
526
788
539
461
758
528
619
548
594
612
444
609
699
546
477
710
424
587
562
676
644
615
656
667
558
643
456
789
412
714
590
490
683
638
595
797
553
614
411
656
764
567
701
781
407
642
430
727
576
655
679
663
645
640
602
565
639
632
588
565
613
714
370
690
540
727
642
533
700
491
580
551
611
535
775
482
630
627
539
677
559
489
706
505
615
589
710
426
559
550
779
361
641
686
549
651
551
494
630
511
658
684
415
618
693
656
505
614
574
507
593
595
632
572
487
741
482
684
781
535
594
488
569
593
546
696
603
676
575
784
613
616
676
498
666
545
539
781
544
690
736
620
569
586
737
585
498
597
801
513
624
734
720
418
539
553
599
636
574
601
658
634
596
697
544
650
662
525
752
648
601
634
642
624
468
753
599
406
651
449
577
534
482
605
674
692
562
646
544
507
591
584
799
652
544
811
693
381
552
723
581
564
765
511
664
392
688
652
684
545
516
774
470
355
699
570
571
619
366
504
732
645
661
599
584
461
611
699
643
432
654
678
402
508
683
329
565
554
700
534
592
635
687
633
470
427
723
509
719
433
564
539
686
681
387
582
731
642
565
608
510
665
699
561
423
695
733
516
696
650
473
632
548
642
496
688
549
775
552
639
571
617
721
413
782
606
718
661
666
512
480
757
429
668
534
598
622
738
702
358
737
605
697
529
519
851
557
738
681
521
571
565
754
422
676
705
565
723
474
556
603
552
642
461
500
696
496
647
809
572
626
580
534
562
668
391
648
666
589
532
528
564
740
478
586
591
498
494
696
551
710
493
729
421
719
514
496
728
550
648
466
561
727
476
708
506
694
696
727
576
518
656
613
550
603
417
727
593
413
415
572
752
702
564
547
410
537
668
429
556
429
453
468
301
505
359
514
349
429
431
387
516
437
307
530
384
316
436
292
434
458
332
455
380
387
352
384
326
480
285
381
211
252
302
347
300
221
261
258
166
181
138
40
43
