1009
793
835
701
669
875
735
787
748
774
869
736
807
837
613
771
855
700
697
852
759
659
661
609
711
738
677
661
890
619
677
745
674
783
726
707
765
670
851
594
525
670
682
550
779
687
653
577
712
642
625
746
619
571
743
710
659
635
587
767
760
631
745
620
970
638
562
792
815
624
658
611
791
679
563
694
775
676
761
614
617
876
677
730
680
697
721
834
636
660
775
646
724
769
758
609
715
743
638
715
741
561
748
664
952
481
611
719
600
670
841
723
544
621
583
686
700
825
833
711
630
700
593
773
595
609
1013
791
841
685
699
639
556
860
694
815
682
770
718
749
572
559
684
696
608
666
797
632
687
662
705
707
733
768
498
688
840
638
812
677
767
520
779
709
596
772
540
631
794
554
812
721
627
844
521
599
652
835
665
745
606
754
719
602
766
715
552
964
601
666
768
597
705
721
716
731
700
717
651
615
706
594
659
914
702
662
533
482
887
677
557
649
740
617
661
681
721
645
757
596
787
655
782
638
609
777
733
773
652
602
483
699
771
723
605
761
552
630
676
684
852
830
566
761
859
775
703
577
601
657
703
706
612
711
682
615
891
521
772
590
693
617
807
673
600
613
673
639
762
517
723
690
766
896
764
641
599
719
740
814
656
759
555
647
645
744
944
727
766
670
787
790
753
551
842
593
712
663
601
792
564
738
744
613
576
850
712
617
758
618
635
612
602
904
683
693
501
731
547
748
895
489
685
690
867
607
794
668
761
658
595
719
736
861
569
802
640
658
718
700
619
682
499
699
529
696
865
687
590
643
646
778
702
705
615
530
861
642
680
687
568
695
672
643
704
703
578
814
607
770
719
585
716
583
616
797
964
473
586
831
727
882
678
600
924
548
537
705
781
638
823
741
671
815
769
761
710
613
595
562
707
689
734
703
700
674
695
702
753
695
752
671
819
603
678
646
698
805
550
748
640
716
709
614
667
809
735
528
803
613
646
724
646
722
636
711
701
707
627
692
736
553
755
781
622
619
866
555
810
760
691
751
675
650
723
769
717
598
549
728
697
747
569
666
831
594
847
685
819
567
696
720
784
628
734
521
781
524
827
585
669
549
746
713
690
663
651
637
751
700
464
943
611
659
685
685
743
725
593
874
628
879
685
607
588
703
733
749
654
697
661
805
657
812
604
753
656
578
659
809
791
700
647
632
779
576
726
624
737
647
643
747
647
744
665
776
652
698
627
814
604
722
742
788
631
587
600
692
791
752
629
527
602
827
701
760
694
662
675
706
595
892
866
702
659
687
691
690
682
435
968
502
769
596
661
772
731
601
626
794
741
569
619
661
680
587
673
728
655
792
697
809
674
1048
677
625
622
853
736
696
681
715
706
680
639
755
668
678
682
626
577
693
863
721
653
706
551
814
804
697
752
607
659
720
632
595
826
617
779
562
907
737
688
660
663
587
704
772
738
750
626
546
681
611
783
625
831
762
606
766
834
656
593
727
601
625
673
737
732
715
572
719
544
801
754
628
655
767
691
642
942
560
695
601
827
741
537
772
708
621
741
761
635
877
719
740
567
699
791
770
612
760
675
854
559
893
690
692
688
806
572
652
642
678
627
687
647
653
777
630
809
640
678
688
571
837
809
604
604
590
714
680
690
706
925
848
588
616
682
694
671
711
563
817
708
720
769
724
746
831
556
598
605
651
815
770
527
716
668
694
761
563
716
717
660
668
588
861
828
579
831
663
619
742
707
589
705
495
911
789
713
575
653
819
692
632
607
703
805
648
723
697
670
607
663
800
583
688
689
830
642
847
595
786
588
692
532
720
816
719
676
689
701
670
657
725
747
759
744
637
739
810
797
532
991
646
683
724
612
732
684
764
778
587
743
582
874
771
577
849
709
759
707
669
720
525
764
686
528
746
732
710
720
559
681
797
666
641
739
795
569
661
769
694
759
783
539
733
659
714
769
608
560
745
669
656
718
587
565
773
718
776
802
642
580
792
749
726
628
745
467
757
691
727
801
596
644
712
631
684
740
751
500
718
616
694
623
876
675
633
755
737
740
693
686
701
624
648
631
850
741
678
608
715
726
575
599
808
594
646
656
731
810
597
785
608
696
705
755
728
685
798
657
721
626
540
743
657
657
623
726
712
655
688
726
617
674
788
840
622
581
634
641
829
686
767
627
739
820
538
860
781
821
694
718
700
767
757
671
831
671
657
869
640
852
581
743
529
737
719
624
727
713
699
563
706
685
638
721
664
673
553
761
778
674
636
718
644
734
829
604
762
708
704
819
720
566
767
704
738
723
659
690
659
687
823
687
611
637
732
720
789
685
736
847
559
684
615
692
651
826
562
651
621
712
776
602
682
646
767
793
622
768
694
683
569
788
575
704
696
641
680
710
638
867
573
654
820
680
660
589
736
673
748
697
621
681
634
578
632
700
676
652
693
714
639
698
718
630
738
693
810
615
677
723
647
658
620
711
688
736
781
633
815
660
686
745
695
710
666
867
526
730
862
642
694
790
788
576
824
666
761
687
710
614
677
595
826
702
687
655
740
591
862
731
746
638
721
642
734
666
633
757
649
597
634
743
715
824
748
625
648
645
575
653
759
728
659
653
832
720
539
740
723
542
837
589
765
662
692
653
680
622
774
708
662
707
787
732
803
865
728
570
635
747
695
562
664
614
610
770
795
637
582
711
688
686
788
668
804
726
669
756
698
703
676
752
644
662
734
652
681
632
813
860
677
633
599
824
666
501
763
685
693
653
544
616
775
703
668
683
630
726
553
832
631
606
815
531
820
851
708
798
679
785
898
632
652
751
551
753
618
671
806
645
825
652
738
678
599
762
901
686
779
837
650
707
769
735
677
657
749
770
686
919
801
569
678
735
670
744
591
650
777
556
775
637
593
709
725
788
698
619
704
640
761
648
615
714
710
811
538
584
686
751
859
652
750
590
688
761
508
837
648
649
794
731
798
681
660
821
619
684
551
719
582
722
830
494
794
860
576
713
746
632
706
811
641
668
726
641
784
609
756
785
612
698
720
742
704
786
909
575
613
733
557
748
695
680
568
632
654
647
875
648
885
636
773
686
629
717
675
766
637
868
507
503
870
795
738
673
708
666
722
592
639
604
668
748
496
739
686
795
614
680
744
505
925
623
732
632
585
741
756
671
721
626
712
712
887
626
568
852
731
799
635
733
717
642
779
675
760
828
884
640
764
691
788
596
699
777
724
554
786
627
755
828
669
674
637
799
544
656
647
815
647
565
668
707
772
716
639
685
771
677
607
637
801
592
805
800
751
623
661
730
607
707
710
724
689
599
829
738
615
708
714
754
762
748
722
598
682
672
723
734
634
618
667
818
786
743
725
756
782
750
583
767
636
597
729
618
658
805
608
782
547
634
608
649
747
614
691
733
725
764
695
738
772
610
569
758
637
878
774
681
757
825
766
648
613
652
641
689
656
699
693
792
776
768
761
510
711
887
593
680
789
765
900
737
703
726
658
852
792
600
738
558
734
636
589
824
673
660
670
862
648
513
808
827
691
884
738
797
477
701
729
433
656
906
636
653
575
671
661
625
569
678
687
703
560
743
658
714
867
649
737
692
816
640
814
627
749
868
635
543
856
675
742
606
624
865
451
773
766
633
550
778
785
614
819
677
766
777
612
657
552
918
834
542
589
716
681
661
691
593
637
686
860
720
626
854
726
706
676
684
709
803
535
826
704
782
521
789
767
706
546
800
777
612
696
661
653
692
656
857
556
683
795
627
711
569
637
682
719
592
833
750
633
721
791
687
632
647
710
653
935
729
891
609
687
677
678
753
612
755
899
726
864
770
689
763
645
589
654
770
860
624
690
736
675
610
617
635
599
688
737
694
601
693
674
640
747
767
866
562
733
703
737
609
748
719
623
632
737
699
586
823
623
703
644
741
712
730
570
707
786
650
421
624
754
722
744
719
633
832
680
669
636
678
650
598
675
845
535
816
717
658
674
680
694
758
648
844
570
727
817
684
785
658
806
697
630
613
655
608
689
630
771
679
724
809
805
678
684
753
591
664
770
608
621
795
768
631
627
682
825
612
656
665
739
744
697
811
806
628
722
661
525
769
739
807
598
677
710
722
632
629
655
629
781
669
674
797
690
690
589
790
706
674
569
735
801
697
745
614
652
677
567
947
828
759
678
653
630
689
593
710
873
753
642
612
652
672
656
649
577
640
688
804
765
498
706
726
600
579
649
772
651
627
747
649
719
679
928
738
608
668
691
576
615
681
692
819
662
751
597
769
661
576
804
868
642
494
727
741
732
686
688
500
750
712
774
607
806
678
618
705
696
816
764
509
741
969
716
753
770
725
676
539
689
680
772
782
675
709
621
706
744
654
923
765
769
541
796
725
620
680
580
711
821
558
693
609
596
758
656
661
715
634
680
599
655
709
712
695
593
819
706
752
726
631
619
851
767
795
642
761
665
734
645
675
868
467
732
778
618
757
649
638
592
663
677
688
712
635
696
652
677
695
715
544
801
717
604
837
601
605
770
624
733
765
634
782
630
716
587
769
748
786
646
655
554
762
610
726
679
653
691
762
673
679
687
750
726
800
569
859
538
650
826
761
618
703
802
702
603
734
709
578
797
693
715
689
622
621
540
808
690
775
606
794
546
826
783
605
703
708
578
763
587
644
562
722
576
831
558
678
727
700
701
682
678
661
458
746
734
759
772
707
542
746
768
607
874
640
752
760
673
807
845
578
663
761
646
722
630
769
609
699
703
750
648
591
772
793
566
893
774
823
740
715
756
603
720
611
744
701
730
613
649
681
603
769
705
657
888
625
645
710
620
735
660
646
655
770
730
812
607
639
709
789
782
501
721
664
616
870
621
713
715
637
793
742
662
765
696
621
602
684
801
723
758
671
691
701
736
676
762
633
501
720
732
671
863
650
808
734
677
624
738
720
687
621
726
617
789
704
761
545
672
631
765
698
621
622
591
577
837
692
542
784
801
668
790
701
671
681
792
711
815
713
644
669
674
650
875
710
696
618
821
687
898
772
590
656
761
746
739
697
693
712
744
607
683
688
457
716
814
644
534
863
581
787
662
679
733
713
660
670
816
778
678
661
762
823
614
565
705
695
728
556
802
689
660
754
702
781
669
679
708
733
669
675
671
673
663
649
707
636
664
722
627
700
869
524
661
857
718
684
582
885
768
836
528
725
728
769
726
780
731
699
763
538
655
820
719
685
598
689
851
657
839
714
615
582
777
731
604
576
645
537
858
626
767
656
737
818
541
726
670
641
650
722
727
724
712
660
585
721
572
782
627
742
694
705
652
739
592
647
619
782
724
751
573
636
676
683
894
679
754
767
670
722
806
722
695
736
774
608
559
735
768
527
656
555
828
831
558
981
728
583
628
551
743
709
705
567
919
660
600
704
715
949
666
747
722
904
590
657
562
670
763
838
676
605
768
636
744
621
612
736
771
624
614
594
685
561
768
840
751
862
723
645
619
598
697
648
692
791
614
776
570
765
713
709
712
729
605
724
798
772
637
676
687
578
527
639
644
627
682
856
684
686
853
638
769
685
771
561
669
861
852
818
563
705
637
755
607
639
628
710
677
645
650
740
724
675
777
766
703
605
749
617
764
714
603
694
727
831
525
735
710
726
673
674
625
660
692
578
570
613
667
709
858
599
661
598
741
718
612
667
522
720
705
758
760
667
679
684
731
708
793
530
821
598
721
867
594
773
701
694
610
778
830
649
525
796
748
809
701
620
835
740
753
788
615
773
773
748
570
589
695
526
654
807
622
632
803
658
623
633
845
731
717
603
725
959
723
787
582
745
720
888
651
664
672
818
757
812
690
679
733
495
906
652
577
810
589
765
590
642
744
679
810
783
633
526
689
649
690
830
690
745
700
746
717
591
728
605
730
723
669
645
649
687
752
464
707
624
763
606
634
631
798
697
611
632
676
676
923
714
780
704
752
752
587
888
461
676
611
634
719
811
691
710
465
773
592
667
647
805
606
738
563
663
512
805
740
572
529
768
635
707
593
734
639
672
657
819
847
632
725
633
803
650
740
503
776
675
728
643
730
765
463
684
850
738
868
585
702
477
829
589
773
652
683
743
602
712
597
828
665
633
564
596
596
585
833
632
704
639
855
720
614
827
681
579
645
852
627
757
701
667
634
671
613
834
707
702
692
648
635
652
764
717
766
686
751
624
710
561
959
680
862
590
709
679
839
833
527
800
663
718
670
720
840
762
633
592
797
740
595
703
599
660
578
594
752
691
586
658
649
744
702
763
723
702
785
623
703
594
812
616
661
658
762
787
804
589
791
647
696
846
657
786
616
668
730
554
643
637
745
784
699
619
732
651
677
785
615
709
879
667
528
841
672
725
512
809
672
831
611
685
726
704
648
699
856
633
672
685
814
788
534
674
705
742
734
704
799
665
713
739
906
592
652
684
689
683
775
551
718
451
921
660
712
627
534
882
666
665
680
605
612
743
489
697
785
703
616
585
895
744
569
686
664
569
918
604
660
631
773
673
814
770
762
774
764
558
638
607
641
716
755
780
562
671
801
716
671
538
814
575
576
869
708
610
672
879
730
706
672
590
767
626
755
654
522
744
720
660
699
664
729
753
761
685
547
777
851
599
591
905
648
618
687
753
712
529
746
661
750
837
697
767
857
610
605
892
600
795
660
839
689
844
590
709
771
611
892
614
635
654
680
691
682
865
713
564
740
601
871
630
710
602
955
615
756
606
683
784
705
756
668
719
617
907
671
851
776
685
830
639
634
834
662
646
674
574
722
755
550
884
546
740
709
710
785
384
886
806
569
631
759
583
595
747
742
757
768
655
770
651
754
707
608
648
820
739
654
787
711
642
781
718
624
612
612
716
902
503
812
753
542
745
617
576
774
788
600
622
652
789
572
656
856
678
741
880
633
662
749
811
654
578
591
651
838
590
808
744
578
777
679
636
794
761
667
829
652
660
722
663
747
563
686
626
710
736
615
942
566
753
762
681
602
555
747
675
662
647
798
714
567
701
639
753
721
912
766
715
618
778
657
785
744
676
769
750
727
676
532
796
682
879
698
715
626
752
622
829
627
642
661
511
612
841
652
633
573
796
717
670
743
672
790
634
703
690
717
721
695
681
644
599
675
638
765
605
623
735
808
599
684
502
596
904
576
782
631
620
629
807
752
697
390
932
705
707
728
819
547
730
531
618
622
724
671
691
641
799
648
671
604
743
727
718
601
734
780
682
663
801
721
720
594
595
779
557
670
732
598
663
674
782
743
736
658
727
667
885
675
631
840
495
766
841
734
750
638
670
752
582
685
659
680
675
602
674
766
714
628
644
718
708
769
545
862
692
721
725
649
666
776
818
708
684
719
600
615
766
770
757
754
675
550
712
627
672
692
777
682
692
708
648
760
865
546
702
731
607
718
754
749
543
809
773
893
688
658
640
693
638
630
611
646
753
692
618
851
723
759
720
628
737
585
792
599
739
550
729
613
659
648
604
741
601
832
738
688
751
884
720
714
630
769
625
565
597
720
825
771
710
506
739
657
723
690
606
574
777
704
622
766
701
745
690
684
603
727
593
809
656
680
632
814
579
683
641
674
719
586
796
663
761
602
672
721
527
689
756
623
676
567
783
580
733
865
599
831
573
704
633
709
814
639
616
595
791
541
782
485
766
639
694
600
607
768
652
727
582
575
719
951
828
713
804
510
753
723
801
573
751
717
750
735
708
798
522
744
614
782
585
844
619
678
707
558
764
640
611
834
658
616
705
682
723
632
614
751
677
554
681
668
604
665
588
716
702
666
684
734
625
784
430
839
938
439
748
744
591
598
681
700
674
808
794
650
641
757
698
657
549
711
752
682
597
728
805
684
592
661
729
704
648
717
684
763
798
719
585
795
627
621
639
722
681
632
626
728
725
530
674
553
718
665
737
621
824
741
578
780
657
825
696
688
576
701
680
861
605
779
582
574
846
744
685
737
643
623
724
466
545
857
704
735
705
669
799
637
721
653
720
731
642
715
867
543
732
777
537
786
758
843
696
811
604
732
543
688
564
773
676
723
693
588
645
745
583
601
787
841
669
636
633
708
618
694
605
800
738
587
822
642
626
713
712
671
669
692
840
710
680
902
609
620
758
654
689
612
531
744
606
968
523
779
726
606
646
629
824
710
620
692
625
711
528
802
813
630
558
724
681
575
821
503
799
687
631
604
734
642
789
572
854
789
559
752
634
671
860
653
726
861
699
651
756
586
722
674
878
603
717
651
784
771
847
587
741
578
655
639
595
557
848
778
646
747
695
733
783
636
608
849
646
571
685
641
846
552
624
746
737
944
678
606
597
780
603
855
686
766
690
688
650
824
774
549
767
645
641
711
670
666
700
781
706
651
697
766
635
619
740
772
647
780
654
725
896
573
565
613
800
622
607
580
727
764
599
700
752
644
751
804
542
693
794
570
771
624
685
668
619
642
598
684
582
787
706
599
758
655
563
625
676
678
804
793
560
680
687
737
612
832
743
654
625
766
671
553
738
480
788
617
835
695
567
644
735
637
603
569
817
604
810
648
626
662
680
648
690
693
714
660
679
737
652
669
806
733
705
792
614
794
604
672
662
793
580
668
622
803
682
432
831
847
674
740
662
677
744
736
740
541
702
815
764
679
662
617
731
766
613
740
630
716
714
718
738
708
821
599
794
699
671
891
486
788
780
636
628
716
731
664
716
675
690
557
789
696
677
623
759
761
544
945
737
737
710
595
641
654
630
608
739
682
644
720
653
624
746
825
533
685
573
674
815
482
876
741
649
685
490
840
787
664
615
660
628
668
650
703
561
675
824
558
616
731
801
796
629
636
837
666
736
708
671
706
735
666
632
771
655
733
600
834
632
716
753
556
698
769
631
701
631
749
649
730
621
548
877
665
604
654
622
743
598
596
590
737
803
587
788
638
776
724
704
631
760
639
746
681
781
717
746
583
757
874
555
787
674
866
730
510
613
802
683
627
961
458
873
468
741
741
897
539
665
601
760
750
582
675
725
710
682
760
738
728
645
631
802
706
767
735
780
612
645
770
654
636
725
692
735
693
667
665
818
553
755
626
675
620
809
737
604
793
644
709
706
730
781
605
658
822
608
689
891
684
567
592
638
693
796
807
736
725
812
717
650
736
591
688
736
518
761
721
708
567
645
833
658
641
695
611
691
629
567
643
692
739
652
615
733
762
777
841
621
690
627
752
484
714
700
550
774
620
801
693
662
564
814
692
742
651
752
787
496
648
688
729
632
629
793
558
699
736
582
683
577
661
764
771
729
621
667
761
808
691
602
681
722
701
725
721
701
522
521
713
810
720
699
665
632
615
714
636
755
688
731
602
783
652
557
685
769
692
692
626
689
698
618
688
583
771
654
708
756
633
651
619
785
670
680
546
742
735
684
825
613
688
547
725
804
752
641
726
685
628
607
617
638
759
804
617
596
741
714
577
665
822
762
548
636
718
787
764
673
829
547
525
689
611
544
636
647
739
583
763
815
710
667
660
608
792
685
781
514
831
724
700
585
867
653
627
877
565
736
667
683
692
670
741
637
613
865
645
689
747
755
574
661
568
657
798
760
592
591
825
485
712
764
700
770
731
675
672
808
784
654
863
742
676
705
795
627
672
657
815
718
522
805
743
789
560
605
792
459
685
627
681
677
676
706
670
710
738
614
670
752
832
628
626
820
672
624
680
652
807
554
739
638
710
424
811
673
853
615
791
805
644
768
644
618
763
682
728
697
589
888
765
752
585
766
838
597
959
490
688
608
775
729
829
697
869
587
750
780
706
686
669
709
623
690
706
761
790
795
633
516
732
645
676
695
716
887
583
809
627
723
658
651
675
744
655
588
825
534
683
852
524
682
747
719
551
766
665
730
655
788
628
773
665
607
717
664
664
667
760
758
784
670
668
623
708
785
525
723
810
784
799
699
728
755
666
585
805
771
730
763
804
700
719
650
669
837
801
697
731
662
666
666
682
688
759
713
684
821
636
740
812
680
760
704
785
650
745
642
683
830
774
632
585
547
693
602
648
720
777
648
716
718
640
627
1012
644
935
601
648
768
645
783
697
634
836
596
785
742
643
714
774
635
587
605
753
529
544
578
779
842
650
648
692
611
843
710
706
726
526
668
563
673
670
640
662
730
659
753
608
697
723
633
722
655
628
735
761
509
715
709
713
737
645
714
776
647
909
619
630
788
693
648
750
682
579
728
801
728
730
741
666
933
540
796
812
725
764
674
601
674
640
794
598
754
793
681
753
744
737
572
696
976
782
729
644
779
618
666
709
792
697
809
707
588
718
519
673
542
805
674
873
795
660
580
708
655
638
756
715
663
740
531
763
651
672
637
648
727
737
588
699
870
627
636
537
765
725
690
713
744
511
756
681
740
853
681
722
735
752
645
677
589
567
711
532
670
832
735
596
643
611
708
641
610
501
453
394
554
488
508
478
516
433
701
381
527
350
452
518
384
382
550
465
527
433
392
427
511
375
457
260
341
336
401
301
218
347
166
227
132
43
