34
592
215
160
209
252
478
242
77
273
209
331
159
472
293
157
123
282
216
126
123
446
37
540
115
254
252
172
248
43
255
221
128
280
116
300
221
171
206
82
411
133
190
445
247
272
246
335
138
169
310
126
273
213
83
257
249
43
310
159
221
251
164
165
209
215
169
190
239
173
170
250
174
340
132
122
301
161
170
309
136
488
176
172
151
222
225
83
250
181
216
175
221
145
203
218
206
298
40
301
255
170
271
308
234
172
79
267
156
291
150
154
117
253
74
214
259
71
214
249
34
355
80
310
246
88
237
226
120
123
310
40
370
83
255
128
362
126
120
141
270
123
255
168
134
323
212
323
92
330
37
392
166
256
241
260
202
92
222
166
191
119
308
90
306
95
290
184
157
202
197
221
254
190
221
169
252
125
258
164
262
92
395
83
260
218
125
200
221
196
168
173
131
361
83
261
169
28
371
80
316
164
121
218
250
131
266
212
156
248
123
246
237
123
249
126
86
338
90
249
116
261
130
304
227
170
171
246
121
256
108
215
230
120
249
83
310
214
129
251
178
243
164
208
175
184
215
178
342
89
210
262
135
266
286
89
295
258
206
178
95
212
270
83
296
218
268
83
208
249
175
253
138
181
254
86
325
77
145
261
168
243
225
154
217
171
427
169
253
268
169
198
231
178
120
305
305
254
126
269
132
177
274
216
255
238
86
181
266
169
117
203
273
161
290
131
227
132
130
256
89
437
71
172
215
77
255
204
81
265
141
194
331
126
204
190
77
341
270
221
125
398
208
160
165
192
113
313
169
221
203
111
311
81
328
95
292
80
34
295
257
298
173
277
255
135
252
154
161
255
28
209
212
126
273
129
175
313
77
163
208
83
355
115
34
373
77
203
257
128
275
163
341
126
169
219
282
121
313
28
415
40
180
302
90
200
184
264
138
205
261
193
206
214
224
115
409
77
380
80
211
178
134
328
179
246
129
234
95
264
163
348
147
132
344
387
173
89
222
242
111
320
197
252
43
313
191
126
245
125
247
218
132
206
175
168
305
82
184
301
139
318
92
301
135
211
127
345
128
209
214
126
269
194
168
169
249
173
266
114
120
313
141
290
127
227
199
166
184
211
182
178
334
126
242
83
275
187
254
166
208
166
209
299
121
209
173
217
259
86
251
169
203
209
117
203
151
182
242
83
189
172
261
114
82
326
123
277
71
86
315
77
178
378
43
375
83
295
37
233
191
176
204
203
215
238
132
362
135
119
252
250
295
166
228
257
113
212
132
247
240
157
212
310
34
447
261
224
247
138
210
128
271
120
265
203
169
184
177
270
178
128
290
224
85
332
71
166
300
77
357
172
197
304
86
246
270
247
169
133
178
212
215
157
233
154
139
175
280
174
171
253
261
174
276
77
182
289
205
141
302
169
77
216
269
168
89
221
215
217
261
240
117
302
215
284
123
123
249
117
339
166
135
235
173
253
123
220
211
219
163
157
166
170
169
261
205
289
210
166
224
86
388
74
162
240
279
313
257
43
260
151
126
224
170
135
181
223
129
209
198
203
255
160
126
251
163
123
323
86
164
251
166
214
220
219
80
402
86
175
235
215
175
215
216
119
197
159
289
132
281
203
86
360
81
209
215
304
171
211
208
305
215
89
310
123
226
175
221
308
215
121
180
194
117
250
129
126
381
254
71
163
347
83
248
77
298
175
89
335
120
243
163
209
175
165
270
135
246
279
180
175
292
83
201
243
80
221
129
80
304
120
215
172
215
80
286
129
174
187
295
86
178
206
218
90
304
221
166
213
153
128
267
83
301
86
396
38
176
169
184
228
175
120
337
77
269
115
336
86
144
349
85
222
294
34
249
159
175
277
37
356
28
242
211
197
252
90
260
267
40
380
132
223
274
34
421
77
256
122
257
172
200
222
86
211
251
178
241
86
245
289
148
170
224
121
206
240
224
220
130
183
213
258
36
291
126
279
289
125
86
251
260
126
86
277
167
187
261
242
172
166
166
287
121
254
120
243
175
37
374
129
305
184
74
337
155
175
270
303
211
171
269
211
178
242
166
247
167
132
215
265
159
203
214
138
352
86
343
116
224
279
127
273
170
177
215
246
157
298
209
83
221
184
208
267
203
172
120
221
270
243
86
298
162
247
129
135
264
178
161
308
123
212
304
283
215
129
276
173
202
123
147
311
135
120
268
123
188
263
86
310
157
209
175
201
178
261
310
86
250
169
132
209
209
246
153
194
246
169
208
130
246
157
120
262
183
125
246
314
120
337
80
177
300
184
162
275
77
221
343
34
274
216
92
296
86
108
341
305
247
178
298
164
278
132
209
120
172
169
214
191
181
214
311
221
218
260
179
132
229
298
34
392
125
163
264
307
122
172
161
246
89
218
194
95
243
175
224
167
172
255
81
172
194
180
228
119
251
347
77
215
212
155
134
229
122
187
211
200
34
297
132
259
176
227
166
163
276
169
299
164
160
261
158
170
199
184
86
270
162
256
230
145
124
250
209
169
126
382
28
247
258
196
71
206
162
258
164
263
120
206
170
175
197
130
241
28
249
213
170
285
122
295
132
215
299
126
205
212
181
335
175
145
204
251
172
123
215
164
178
221
169
227
132
255
200
224
174
356
34
175
295
179
120
282
73
226
347
90
283
192
175
202
117
246
216
178
317
172
216
227
188
249
163
217
173
138
170
271
37
220
203
242
184
227
105
305
28
342
259
113
158
221
220
123
175
233
203
206
185
206
270
138
252
207
123
234
171
89
258
212
258
216
77
428
156
172
348
114
166
265
296
238
168
249
213
217
296
113
246
128
168
117
296
240
132
280
129
221
207
211
174
218
310
175
144
263
116
299
315
157
262
83
250
156
200
215
218
120
209
148
163
280
255
77
337
172
132
258
197
175
201
299
118
247
185
169
179
172
178
228
197
267
172
252
71
160
212
273
163
223
77
252
172
269
244
184
184
202
81
243
129
219
206
217
166
255
132
226
129
207
209
161
347
126
86
402
396
166
279
129
134
276
212
132
174
256
212
175
163
251
197
154
204
259
144
171
406
83
227
215
209
43
286
314
80
169
252
135
241
160
129
379
86
215
215
77
211
252
164
144
304
211
174
179
175
172
154
296
165
86
309
154
113
284
227
129
306
86
267
212
207
184
256
111
337
92
195
302
160
86
138
218
252
172
258
220
172
176
114
252
132
306
258
211
304
114
267
219
216
34
310
163
178
180
187
221
237
123
361
227
83
311
89
256
184
135
175
212
117
214
138
172
212
167
169
341
164
178
126
193
162
381
111
74
319
224
174
129
265
175
251
258
83
387
178
294
120
241
88
309
113
129
218
304
92
195
258
129
218
175
294
159
317
129
214
200
215
257
227
129
218
255
121
260
85
216
149
310
126
197
169
193
169
161
297
219
79
161
300
80
160
163
194
132
351
157
126
283
252
157
169
181
224
193
261
160
316
212
197
253
169
92
270
166
273
177
318
43
263
166
139
211
299
169
175
258
161
178
181
185
227
135
239
132
124
351
81
266
282
222
208
319
210
388
206
87
317
135
299
203
271
89
346
169
151
353
171
95
261
221
163
129
307
132
174
318
197
177
166
315
224
244
196
300
89
264
128
132
252
218
149
227
80
197
209
339
178
269
299
86
263
157
191
220
224
151
138
270
175
270
251
218
128
243
132
129
362
85
263
224
170
259
181
92
270
197
122
332
303
128
403
90
264
169
258
178
317
79
169
219
303
187
148
184
330
136
341
83
280
145
220
129
218
246
129
259
160
269
80
306
151
126
155
258
234
224
208
162
258
135
92
334
126
258
89
252
131
272
115
175
292
158
181
252
135
186
348
77
314
175
181
172
218
171
304
81
236
174
298
34
346
141
264
166
264
117
217
200
166
221
154
297
86
160
264
176
224
172
172
181
218
200
224
92
232
215
120
225
255
169
176
344
89
270
252
309
132
230
122
221
208
200
215
206
163
190
184
129
271
221
157
123
258
175
125
114
284
114
217
275
81
292
71
160
289
218
129
160
255
209
260
120
166
190
262
203
209
252
148
206
132
335
154
178
304
159
301
89
129
255
178
294
131
198
217
132
212
202
313
177
227
263
219
122
129
218
217
132
270
129
126
295
357
80
175
173
215
92
206
111
246
114
126
255
204
123
160
172
212
129
216
200
207
123
203
138
220
166
323
86
181
308
164
186
193
181
259
298
125
187
258
77
331
165
223
218
210
163
86
251
221
219
307
221
255
176
212
126
289
132
230
225
227
200
138
336
34
363
126
354
165
255
167
279
126
290
135
262
114
251
132
163
264
111
166
362
161
255
203
277
151
135
336
162
249
226
178
261
165
123
244
197
157
267
163
251
209
126
132
402
83
319
166
250
119
155
296
169
174
172
173
287
185
169
206
179
323
212
80
402
135
174
175
174
247
130
264
139
215
119
114
390
135
214
209
211
304
40
268
159
218
233
212
129
310
177
209
125
355
75
231
224
126
171
211
218
305
276
80
304
221
80
298
122
206
114
268
138
200
173
212
169
129
258
157
83
395
89
286
92
162
246
123
305
131
210
269
133
274
249
218
350
172
173
206
258
154
269
177
172
165
206
264
212
183
285
92
175
224
170
285
135
215
304
162
157
295
266
179
244
212
119
304
197
138
256
111
224
313
129
213
203
129
254
166
86
224
245
206
160
208
114
177
242
134
257
129
178
283
132
227
164
249
248
193
209
264
83
138
227
205
138
368
120
245
166
250
285
186
201
366
105
173
261
40
338
75
129
287
34
345
120
120
313
165
141
166
221
214
132
303
172
195
303
86
209
195
123
212
119
161
307
37
295
202
294
129
165
303
36
240
251
222
233
117
266
139
279
120
205
212
237
132
222
175
163
120
313
244
169
130
249
223
129
249
171
125
255
221
126
313
83
215
166
175
254
209
34
399
107
135
249
80
289
250
258
136
219
175
173
255
38
250
132
237
215
255
166
172
128
338
86
151
199
120
313
182
264
170
120
249
157
212
80
197
261
120
233
252
114
273
187
259
216
324
81
257
306
222
220
163
243
214
179
251
132
296
114
209
251
92
373
28
232
82
351
171
292
132
196
181
83
214
286
114
344
77
255
157
221
298
77
290
132
248
169
178
369
40
287
181
114
275
38
253
117
196
263
28
297
105
120
294
92
197
181
215
197
86
194
218
221
131
273
175
265
311
129
203
157
178
172
163
301
80
268
88
167
193
176
163
258
85
344
80
172
341
77
160
311
117
215
228
126
272
224
261
172
166
246
132
215
132
222
229
178
223
38
240
224
202
133
215
187
123
124
231
154
211
123
362
111
258
212
84
200
126
212
164
347
73
280
92
178
295
89
218
220
172
264
258
132
129
300
84
172
330
120
208
209
86
291
113
270
43
355
132
212
179
172
157
187
123
208
255
250
163
157
268
124
251
254
154
165
204
297
128
215
175
257
208
128
175
308
88
266
203
163
212
179
203
295
81
451
219
262
228
223
130
242
215
212
127
198
246
175
236
87
123
264
206
115
252
368
126
175
194
194
175
204
175
154
219
187
203
120
300
252
86
362
168
252
184
197
221
215
197
156
253
135
160
166
253
37
271
126
219
194
178
236
215
288
86
248
163
123
213
132
292
167
212
166
34
292
89
218
181
261
204
242
218
172
170
200
166
126
265
120
215
151
272
130
244
171
135
264
79
247
176
168
237
212
166
159
166
252
151
129
249
228
172
203
259
165
235
157
123
218
215
212
246
163
164
180
286
83
184
231
197
244
38
394
37
380
28
256
260
202
350
90
261
291
217
252
38
295
224
155
215
37
297
260
163
215
176
314
277
389
80
123
272
117
193
255
211
80
294
219
219
241
135
71
267
283
171
258
40
349
168
37
393
43
206
209
131
242
209
216
218
210
92
354
113
218
131
271
86
333
165
172
129
255
215
156
180
135
172
209
126
353
135
217
307
80
207
172
129
171
255
175
249
160
221
120
105
289
92
292
170
299
160
83
301
38
253
224
126
295
73
182
255
135
239
282
74
126
292
166
215
338
28
327
86
249
172
127
305
126
301
161
160
341
129
208
111
294
129
252
126
209
132
293
222
119
336
126
175
211
218
200
328
178
211
151
129
169
307
218
233
203
264
224
135
217
120
273
166
207
163
224
200
141
310
230
273
267
135
252
126
180
252
114
323
79
132
291
120
305
132
180
212
129
216
135
247
203
200
166
157
286
126
128
324
114
209
95
347
120
171
252
168
141
228
178
125
316
73
251
283
160
157
211
246
240
218
227
133
215
305
148
291
172
122
258
270
138
207
249
120
239
83
234
179
304
132
197
154
219
132
395
221
246
86
224
269
215
183
172
136
289
129
166
205
227
162
169
208
166
257
174
130
341
37
265
169
187
252
172
257
161
263
178
126
259
34
312
234
92
302
83
273
207
205
43
334
144
169
264
178
214
172
179
180
420
86
224
89
200
249
162
372
40
292
129
169
263
172
191
160
187
212
316
172
251
157
169
225
197
302
208
80
344
86
123
264
127
305
114
134
353
43
267
260
129
292
256
126
206
233
222
182
240
250
171
216
172
353
169
119
259
175
218
245
124
83
317
209
208
175
221
121
283
134
129
300
90
345
308
159
237
218
40
255
209
212
249
133
215
166
241
28
196
215
206
161
181
285
114
172
207
243
160
181
255
172
206
163
161
208
237
28
256
212
264
129
211
343
74
218
258
181
203
218
131
219
212
227
184
194
180
388
120
261
156
257
267
126
264
247
138
172
264
128
273
126
196
265
71
280
114
175
350
81
121
255
121
253
221
214
174
165
327
132
225
211
126
252
125
273
247
92
237
212
217
114
227
251
174
221
172
260
203
86
346
126
252
43
354
169
165
215
215
172
215
174
241
126
218
258
79
362
128
250
118
218
215
129
194
126
175
298
126
298
126
233
200
83
356
221
215
114
213
255
181
252
172
200
258
40
252
166
213
211
237
89
335
166
138
216
169
237
203
197
302
129
178
214
211
117
268
360
80
279
170
248
172
77
301
160
253
207
179
301
120
310
240
123
174
218
318
126
194
270
172
161
276
212
264
222
129
215
213
304
174
163
123
209
252
129
252
129
184
263
246
83
132
209
166
298
123
201
212
157
210
236
301
129
269
139
175
293
138
177
219
134
80
276
175
199
276
222
77
355
206
132
277
86
256
172
154
333
120
209
166
243
166
247
221
135
187
165
175
174
218
230
169
351
95
221
111
215
181
221
255
255
71
154
199
260
212
37
351
129
203
269
234
175
239
123
295
256
172
288
83
210
243
216
128
395
228
247
258
71
211
296
209
92
252
172
157
265
129
296
173
117
163
243
131
226
166
312
80
206
258
172
301
218
171
157
270
163
71
261
83
250
172
154
303
77
260
230
135
287
89
241
256
37
332
303
417
80
217
209
212
266
86
227
224
28
261
225
151
221
119
123
261
126
201
175
169
126
341
274
124
113
211
160
210
224
163
184
298
89
191
217
135
168
270
167
259
158
289
134
164
298
132
117
206
135
203
172
114
167
171
275
83
308
218
132
166
213
162
245
129
257
121
175
261
209
92
307
114
141
166
273
133
306
172
181
304
89
166
261
270
250
166
121
212
251
122
301
81
285
135
233
203
205
215
225
280
89
212
340
43
264
174
118
239
243
160
203
175
154
187
215
202
74
253
217
280
162
227
169
206
34
304
126
250
197
174
169
253
84
238
114
134
291
89
295
318
81
215
208
166
269
167
169
264
212
133
169
211
260
207
71
240
65
250
138
128
251
171
193
157
219
188
160
263
270
241
36
363
252
169
172
260
172
117
280
163
171
302
120
177
209
73
260
269
157
264
220
163
175
210
224
158
251
191
272
138
260
178
209
297
166
126
342
169
198
121
267
162
212
135
307
135
169
290
120
199
171
322
83
200
248
181
138
291
134
266
163
246
230
175
221
43
368
80
181
237
37
123
310
126
299
178
214
260
141
321
206
215
252
86
205
261
36
275
135
163
171
184
236
114
218
175
215
245
179
180
222
179
172
290
43
262
246
128
421
174
228
188
359
80
263
129
215
164
271
132
153
244
138
313
203
295
81
157
214
172
217
117
275
123
178
191
225
119
298
231
190
126
257
171
261
138
251
226
169
248
138
294
202
217
157
215
178
304
120
156
264
130
212
259
131
215
268
195
132
266
172
155
206
321
128
187
256
317
86
163
253
95
248
262
83
258
181
151
203
203
135
273
157
38
308
194
43
264
120
249
172
147
237
177
166
154
230
199
212
300
174
209
206
212
201
166
182
310
117
320
255
224
160
221
113
248
154
252
184
191
126
251
204
123
173
120
267
204
157
212
151
126
121
255
177
180
86
247
171
169
223
180
95
283
65
225
292
219
170
215
125
230
154
356
86
218
181
209
168
119
174
166
267
259
203
171
207
224
257
125
165
246
86
269
253
165
212
178
265
114
160
200
176
243
261
169
211
28
210
160
212
170
260
181
128
244
120
74
216
239
137
261
174
342
181
358
28
159
349
169
209
87
304
169
186
163
164
236
40
350
144
203
129
198
212
175
204
258
212
173
203
205
65
301
168
117
264
163
245
287
222
135
208
122
240
200
123
136
286
219
202
198
227
203
126
242
120
125
236
240
86
304
34
204
357
40
168
338
89
304
28
288
176
123
258
215
304
166
228
169
129
306
135
264
213
166
209
126
260
212
34
344
130
206
215
216
206
178
166
215
170
203
216
160
169
286
163
214
172
208
197
178
369
154
92
281
117
319
161
77
208
211
71
217
201
154
212
291
215
247
83
264
302
222
344
86
265
252
304
214
168
211
127
345
128
71
373
151
158
163
217
128
243
87
290
87
329
302
169
202
182
154
179
282
132
224
166
169
262
153
231
181
218
297
126
254
178
251
80
327
87
136
352
135
290
120
168
229
205
168
268
135
296
209
224
212
172
169
141
254
129
261
160
162
249
77
269
174
218
168
126
272
208
134
215
212
184
200
203
271
89
292
191
83
261
221
83
261
77
297
170
163
325
126
218
200
80
257
206
154
261
80
319
139
163
300
114
169
259
163
209
292
121
211
206
129
319
119
272
125
217
164
252
168
221
136
288
86
231
133
166
252
157
172
190
270
166
200
274
209
215
123
227
239
135
254
306
111
252
163
173
135
299
220
228
282
120
163
215
256
163
135
148
255
105
314
242
218
258
132
175
218
178
228
86
250
227
37
251
160
215
173
138
228
226
224
165
251
169
225
159
243
80
259
166
255
191
270
166
172
212
266
187
258
82
384
403
184
295
169
230
105
233
213
138
261
172
240
86
313
347
79
221
218
151
123
206
171
160
187
201
169
305
166
163
172
175
224
213
123
225
135
322
178
169
169
172
343
34
123
302
163
303
132
201
166
166
221
218
218
114
203
89
283
160
89
356
166
218
209
123
316
88
263
207
86
192
117
177
132
245
83
309
175
219
271
131
245
89
303
129
218
125
215
161
211
123
266
162
184
95
242
200
123
253
125
266
175
249
80
163
291
160
206
128
250
206
255
139
327
128
308
132
251
170
388
192
129
299
203
131
163
248
351
215
301
83
199
255
80
301
117
174
257
169
205
175
207
74
282
212
218
129
278
221
270
207
135
191
261
123
338
132
205
172
79
197
158
215
167
165
250
217
218
180
200
157
327
83
175
214
230
252
126
184
218
224
267
227
299
34
243
218
135
200
297
117
244
135
218
215
224
158
209
258
118
165
174
197
206
214
123
206
162
128
271
77
205
126
196
202
201
125
194
132
254
87
283
123
210
276
40
317
34
325
80
173
365
28
191
276
111
284
178
222
123
149
273
83
289
121
294
86
314
175
83
262
216
168
262
279
221
214
166
284
92
108
365
116
228
180
211
158
120
270
95
343
215
86
281
261
175
129
252
296
141
120
350
120
308
157
163
266
117
261
144
159
271
80
297
82
181
160
128
327
177
183
160
261
255
175
261
178
201
173
220
224
271
127
132
289
212
34
293
126
289
77
211
172
267
179
276
128
333
132
268
249
80
259
212
89
300
89
221
167
160
212
178
217
206
209
34
288
224
224
222
71
342
208
126
207
159
202
120
206
316
307
121
248
111
172
328
165
207
83
148
283
238
131
195
129
217
241
302
136
83
242
229
162
165
265
88
305
138
113
354
86
219
175
236
115
163
301
126
320
126
218
229
213
95
231
190
266
170
309
37
358
167
206
264
193
255
202
126
163
258
175
267
163
217
251
71
364
164
123
215
227
289
215
117
202
166
212
170
258
120
348
43
217
200
202
222
184
216
222
136
262
171
267
389
73
264
201
264
224
169
174
305
215
257
133
175
141
255
294
83
320
208
175
233
135
313
80
298
175
120
305
175
271
114
184
241
80
293
202
138
197
160
121
206
350
164
151
181
227
224
86
311
164
211
79
173
252
174
80
163
279
132
163
170
218
221
224
132
163
184
399
148
206
121
166
212
267
85
254
74
175
294
166
303
157
77
334
135
171
267
138
126
352
132
172
275
254
130
263
172
269
298
268
129
333
134
209
304
123
254
129
171
237
95
349
165
276
155
210
166
165
264
178
126
293
211
208
202
181
172
331
135
248
132
130
215
163
163
205
209
248
193
162
215
139
224
211
180
313
221
214
114
350
88
264
200
295
215
169
224
128
294
81
213
248
216
138
160
256
154
88
387
80
139
301
172
40
346
77
212
208
132
169
279
73
215
186
255
139
74
301
233
172
215
166
249
81
251
129
258
218
181
242
157
172
228
175
209
304
174
217
126
276
37
400
217
71
362
86
356
80
126
240
171
197
159
167
218
263
120
265
131
154
246
89
313
225
173
206
271
172
120
163
258
132
121
217
169
258
123
120
311
178
215
206
224
220
86
418
89
237
169
321
217
173
92
312
201
80
221
175
239
65
168
351
40
267
212
181
221
163
77
193
207
224
135
234
203
247
165
209
190
169
212
304
34
257
166
86
272
203
169
240
173
341
129
225
211
128
324
71
176
206
304
80
176
394
88
274
86
204
264
243
150
359
221
128
119
290
71
228
165
115
310
268
188
111
207
392
133
296
40
376
138
135
209
195
159
166
248
175
169
309
252
169
287
126
123
348
135
40
275
269
123
333
120
247
132
300
160
86
338
89
308
187
169
221
116
175
253
166
179
142
169
254
135
173
213
209
123
212
169
209
126
310
117
208
224
166
227
263
90
77
369
40
377
80
316
111
169
306
315
216
172
92
361
87
172
219
169
161
119
215
201
215
130
216
212
224
175
163
212
178
264
200
169
210
213
261
248
36
360
177
117
246
149
200
129
90
243
225
252
213
158
126
258
126
138
252
175
194
157
276
74
168
252
227
252
175
215
204
43
360
160
252
138
264
77
231
175
202
248
34
206
200
92
287
206
218
135
241
263
129
243
117
135
243
129
236
215
184
206
130
396
74
166
252
172
205
267
172
82
294
171
181
256
119
162
233
218
132
200
252
89
249
80
228
227
175
132
246
77
303
237
43
218
258
145
214
273
129
280
92
267
273
80
209
157
166
252
123
260
243
217
168
181
130
273
175
169
345
170
297
203
231
120
120
215
194
205
80
260
215
166
181
163
314
132
305
244
174
178
83
258
252
200
137
261
174
184
292
120
254
253
126
202
230
169
169
169
172
230
197
183
244
168
214
255
129
169
213
169
275
126
224
164
249
157
191
167
129
171
291
83
298
71
265
172
129
313
135
246
89
285
253
354
83
301
130
132
341
28
238
166
239
169
155
212
120
206
166
166
260
159
132
317
206
89
285
86
194
198
203
334
209
208
211
200
126
132
299
396
95
256
83
211
255
135
210
184
175
331
133
219
252
138
218
169
245
218
166
154
230
178
148
240
83
212
249
129
277
141
220
209
254
179
138
300
132
169
199
184
291
126
212
218
111
221
130
201
86
129
440
83
267
214
34
384
137
388
80
255
175
265
217
132
255
92
260
345
204
206
115
337
86
166
209
257
258
154
143
86
251
265
126
277
218
208
105
123
274
207
255
107
203
165
220
215
181
212
136
380
77
213
211
273
129
120
251
184
123
251
174
169
206
211
203
258
82
390
86
209
178
179
286
132
260
82
212
265
268
187
175
229
194
194
120
293
34
387
89
284
73
193
299
212
201
126
153
268
37
227
258
203
202
120
257
185
123
172
247
88
197
230
171
237
206
214
118
126
169
119
276
215
178
135
237
202
166
270
120
306
105
169
214
345
120
115
273
282
28
331
83
122
355
117
123
297
234
206
166
105
326
330
126
263
126
301
81
221
212
255
211
77
222
176
301
184
129
234
86
348
80
255
163
144
266
123
308
160
135
239
203
261
169
114
229
304
175
157
281
134
209
178
242
125
154
175
117
401
40
326
82
217
257
204
224
184
227
132
215
135
218
177
207
295
178
180
234
215
280
89
210
185
212
240
138
222
111
260
217
321
83
296
34
169
244
187
210
328
77
302
92
83
317
125
166
267
201
129
298
86
211
205
165
204
313
160
162
254
34
301
136
169
304
126
318
169
174
252
174
130
230
77
341
291
126
314
77
232
123
262
253
165
373
86
216
218
265
163
296
153
123
305
86
295
259
177
178
222
197
190
242
138
262
178
28
354
209
154
160
172
178
250
175
127
264
203
346
249
28
245
175
193
166
264
83
355
43
313
132
216
277
130
164
254
302
166
271
190
120
301
160
221
117
255
229
301
276
264
190
83
249
175
80
341
120
297
133
258
169
217
228
246
132
214
209
206
167
292
92
298
71
245
211
173
216
197
169
216
204
178
161
123
219
304
86
263
155
182
243
175
129
302
291
215
166
125
332
40
287
171
175
211
83
247
296
81
249
160
202
169
240
129
248
227
120
231
163
298
90
255
245
86
394
75
169
264
172
154
273
166
141
264
129
208
243
129
221
264
141
271
200
87
286
258
173
40
261
255
172
129
258
184
258
77
203
172
126
301
92
215
174
261
163
174
217
130
312
163
261
122
117
270
203
130
194
169
123
120
249
264
126
315
43
350
164
80
384
137
120
270
211
165
83
230
163
233
125
258
235
129
215
262
114
92
344
86
261
184
218
212
188
175
217
270
95
163
245
120
206
224
210
126
247
166
184
291
135
205
77
313
141
254
129
203
246
80
322
169
317
43
270
250
86
198
236
162
169
267
175
242
212
123
307
203
214
174
254
245
168
267
132
259
107
169
169
209
265
221
236
40
301
184
230
308
221
120
277
125
137
263
166
404
184
81
233
318
123
262
120
302
80
168
357
90
213
221
269
178
160
209
225
174
184
160
267
126
264
216
115
299
254
312
160
210
303
253
247
227
87
437
221
40
351
131
357
138
164
206
120
206
245
114
212
172
221
181
157
158
191
296
111
200
203
209
175
206
126
355
135
132
244
213
163
176
178
119
294
214
130
218
178
245
135
125
224
141
191
369
77
147
253
265
216
178
165
209
120
252
174
181
213
242
83
335
200
187
257
164
250
225
81
260
213
264
92
256
129
218
218
175
273
223
159
264
167
252
181
293
222
37
295
160
208
251
199
291
172
264
132
111
429
83
89
349
158
161
178
227
205
157
172
193
243
36
208
147
166
222
215
203
122
222
83
286
126
178
191
209
120
285
169
260
176
156
267
175
125
363
34
227
259
85
349
123
83
308
37
330
179
219
275
120
154
209
280
139
175
303
135
215
123
190
291
258
86
163
305
218
304
132
195
213
105
218
172
257
254
120
250
80
86
390
125
317
132
166
310
114
129
233
130
354
124
89
283
137
327
209
175
204
124
258
168
238
198
77
196
225
170
120
249
208
213
86
215
167
135
253
129
178
249
126
221
233
128
283
127
165
213
275
178
210
209
184
230
342
132
210
201
212
254
141
172
121
197
175
161
194
135
323
83
131
303
169
77
342
123
135
322
168
176
209
259
169
215
153
337
123
34
338
115
361
84
165
273
296
89
212
135
222
175
321
40
181
233
73
386
135
144
255
117
255
132
202
172
223
147
210
310
126
166
354
130
218
218
203
203
134
117
418
129
169
176
217
259
184
177
242
215
207
162
125
160
399
159
155
255
34
332
163
340
304
28
215
329
181
205
243
80
349
120
295
129
123
249
127
210
220
129
228
164
207
198
211
169
265
214
86
240
206
160
210
262
214
121
114
286
86
259
248
135
375
130
111
319
82
200
163
213
123
295
267
211
178
170
241
82
279
132
304
252
282
135
172
224
92
356
89
181
184
176
216
208
82
212
218
120
209
270
130
246
128
215
264
117
293
163
255
264
124
261
77
309
129
308
184
276
126
125
384
89
178
303
215
119
233
171
131
245
204
222
122
344
137
289
133
181
220
178
264
174
221
255
126
157
200
129
216
206
119
242
169
218
160
268
40
221
249
155
250
95
172
212
124
250
169
219
132
165
216
168
206
160
218
145
289
163
262
200
126
187
164
169
203
175
249
79
270
114
163
252
114
267
160
172
237
167
233
165
297
131
210
120
178
326
120
135
383
89
213
86
249
138
163
223
209
169
132
173
258
227
83
268
191
154
243
132
260
164
213
135
162
169
250
313
218
40
209
259
141
209
181
120
255
141
120
255
210
178
215
257
126
249
126
289
175
115
168
260
92
215
251
115
257
164
207
282
40
219
161
169
286
165
170
197
80
203
121
303
257
200
129
256
123
135
246
34
283
176
126
294
162
178
286
34
252
135
208
252
181
166
313
349
43
335
157
161
216
240
184
178
249
38
336
40
212
314
80
285
86
307
127
163
265
169
271
157
126
210
181
226
120
246
304
206
227
181
218
312
86
311
36
302
125
246
151
256
167
172
289
172
264
178
218
259
218
176
271
126
120
471
166
255
261
83
296
187
287
123
145
230
84
311
131
350
77
343
264
83
405
81
284
141
341
166
28
318
132
134
331
131
296
218
218
260
121
226
79
234
130
181
213
315
134
203
144
400
154
131
175
258
113
182
372
200
212
197
79
207
257
197
163
163
283
74
208
223
126
206
160
178
166
228
187
166
261
123
248
261
274
212
237
124
218
310
89
206
169
179
297
126
170
242
210
178
128
255
90
171
243
86
246
241
228
240
28
299
77
113
218
129
233
160
270
212
129
264
114
259
119
283
177
233
166
163
260
172
169
181
123
292
40
307
126
214
160
126
341
426
206
169
163
207
209
200
216
92
292
92
202
227
132
258
132
224
181
166
348
83
256
172
221
159
268
172
282
141
109
190
157
241
190
129
335
83
261
163
129
196
138
364
95
221
209
218
124
347
241
89
254
132
211
160
169
178
230
138
206
123
378
117
209
206
209
164
123
282
164
308
105
209
267
255
129
295
178
212
122
160
334
34
216
172
209
202
124
298
154
172
257
123
203
203
224
111
334
126
335
126
201
300
115
280
117
235
187
166
126
209
212
221
218
200
155
267
120
266
311
290
347
176
203
172
221
223
122
292
153
221
122
320
172
200
247
300
172
326
80
227
290
132
163
219
175
340
126
264
135
240
212
77
302
181
168
182
206
262
258
77
197
254
83
296
144
244
169
165
338
117
263
77
241
179
127
198
169
217
183
181
248
206
187
242
182
218
169
86
341
126
203
385
162
120
312
126
397
126
157
381
121
253
249
172
237
169
158
117
304
37
379
71
138
289
119
162
272
77
264
132
151
227
77
308
86
294
80
319
164
251
77
305
126
270
268
227
117
169
215
251
95
294
92
167
316
28
309
71
289
172
262
220
202
129
209
273
117
226
127
259
129
157
357
89
203
169
205
114
178
249
135
193
245
144
224
248
209
209
89
163
249
209
87
297
129
172
177
194
86
257
176
218
160
184
210
132
319
144
246
384
71
86
317
264
310
221
74
266
129
191
248
138
234
175
120
262
316
83
194
175
169
213
257
141
169
178
225
195
319
132
267
126
71
295
135
163
263
170
265
171
217
114
129
246
274
138
221
261
157
203
207
222
157
120
310
129
261
117
200
254
36
243
224
264
172
165
248
86
278
225
108
263
223
288
80
163
306
203
71
206
246
172
245
40
271
92
206
259
126
255
262
206
128
166
122
261
215
209
224
120
311
114
388
92
197
181
149
262
123
319
43
223
397
126
255
259
86
218
301
92
172
267
77
256
123
396
118
208
126
255
132
212
264
342
135
172
286
77
213
247
43
412
178
37
423
34
86
297
165
248
167
165
244
155
387
86
246
120
135
270
210
166
172
261
111
128
335
95
278
166
215
353
170
178
206
170
298
221
121
221
264
135
172
203
231
160
220
135
197
195
126
254
156
172
172
281
90
252
86
221
200
198
255
310
181
214
291
129
206
212
212
166
135
311
117
116
148
260
252
119
169
212
292
136
343
160
175
213
301
268
178
208
126
218
230
224
173
248
415
83
251
304
258
127
210
256
147
248
235
256
200
209
166
132
251
236
123
362
236
261
175
203
126
259
176
246
174
154
228
129
218
160
386
83
216
346
166
141
296
219
169
168
215
212
128
192
135
218
197
210
122
357
128
125
291
215
172
92
301
129
298
132
171
161
327
160
258
181
160
206
243
174
163
286
77
250
256
80
344
83
310
136
247
250
141
218
95
351
88
209
318
95
166
274
86
275
168
248
212
252
123
163
207
160
211
173
165
144
166
308
160
174
157
387
40
129
212
193
117
261
123
212
132
166
153
184
194
212
187
172
172
213
180
268
237
236
157
124
304
129
243
169
34
415
87
218
246
34
295
138
132
246
176
123
309
181
218
111
209
255
138
178
381
133
169
262
256
129
170
215
123
328
161
71
317
111
182
154
214
164
162
473
346
130
163
172
86
318
114
178
341
83
253
89
303
175
138
212
209
180
212
258
171
274
211
84
334
36
200
171
433
80
206
154
218
268
120
299
126
118
264
196
270
178
157
212
84
206
206
202
212
164
272
148
226
238
316
71
169
261
176
159
256
176
217
256
77
212
200
115
316
141
226
123
218
227
212
40
293
166
111
290
164
184
203
163
215
220
80
364
194
126
280
169
270
166
332
89
304
117
85
337
77
385
89
126
356
80
227
187
195
251
83
200
215
214
190
252
260
221
221
111
243
160
160
263
204
251
120
216
180
299
126
175
191
257
256
263
260
159
210
289
205
111
166
311
135
87
397
218
212
206
181
212
157
259
161
160
296
157
320
170
114
246
77
190
263
89
230
222
172
227
226
210
126
193
233
179
215
157
309
126
209
175
260
179
86
292
212
270
138
209
163
343
166
122
242
280
167
258
246
204
81
209
165
255
163
123
358
132
227
209
86
298
206
123
222
218
162
175
229
169
228
79
304
80
209
243
174
111
304
163
171
253
82
209
254
129
205
122
197
216
212
178
200
269
89
351
158
163
212
175
213
319
198
304
71
129
286
139
86
309
168
215
126
320
43
289
135
326
77
92
263
118
270
226
208
199
175
164
228
134
249
216
129
297
40
339
154
163
212
214
255
135
264
220
225
166
258
169
181
129
188
242
129
175
211
170
120
263
129
132
387
77
169
203
258
126
260
209
175
184
265
204
120
303
126
201
258
120
316
292
302
130
169
177
213
169
203
291
37
341
129
276
275
209
252
174
74
210
317
34
290
109
247
125
219
211
126
203
206
117
178
283
28
241
163
249
160
132
209
174
154
244
120
178
167
142
160
184
135
218
132
265
160
206
169
169
249
199
247
111
254
135
204
175
157
218
249
252
135
272
187
294
129
211
157
254
172
163
218
178
166
213
163
221
214
251
178
263
211
161
252
215
158
200
160
205
264
77
160
252
132
237
40
212
224
175
332
224
148
211
135
191
160
163
239
274
129
259
129
290
75
227
166
132
258
215
221
213
111
182
43
228
285
204
267
301
171
179
248
247
126
304
86
166
371
128
193
188
285
74
203
220
341
129
225
166
384
81
181
246
84
319
172
206
181
258
166
341
234
92
282
214
86
255
123
292
337
188
258
215
88
175
258
151
197
174
260
261
89
264
164
227
209
179
221
249
36
343
83
163
163
169
270
169
89
261
256
138
157
202
184
289
129
261
178
126
325
181
129
255
88
384
119
175
126
221
305
43
274
174
119
258
233
194
209
74
209
233
276
111
138
240
83
252
172
139
324
129
200
280
92
396
80
160
226
258
132
123
256
126
160
332
175
169
178
295
241
175
116
169
202
172
163
343
120
215
171
163
122
225
121
228
212
71
302
163
221
117
341
206
86
332
85
327
187
243
252
202
75
243
209
179
267
267
135
243
306
74
212
202
166
271
125
114
262
86
293
80
126
310
85
170
213
160
296
95
325
211
28
292
235
213
160
258
154
137
250
120
249
229
214
210
80
166
181
239
181
309
240
141
317
121
357
123
82
249
160
230
246
264
114
256
154
151
160
169
237
166
89
257
218
114
252
161
169
166
206
227
211
135
234
117
206
266
43
332
163
219
179
213
250
92
246
254
134
212
123
260
233
219
164
172
270
200
192
270
132
254
126
255
170
160
159
282
28
287
123
257
264
258
340
37
166
280
206
230
133
249
187
249
77
286
217
209
218
121
213
216
36
439
172
134
296
120
334
169
95
256
135
195
291
105
224
233
77
283
169
222
259
79
263
261
83
357
83
296
126
126
333
126
179
290
172
121
218
307
170
258
261
201
175
138
343
79
274
139
264
166
257
224
86
346
77
287
221
43
341
175
330
43
219
168
215
257
259
125
257
132
261
144
154
252
129
310
43
211
215
219
162
209
160
248
252
122
200
172
172
334
43
302
166
114
308
92
254
213
215
205
248
206
224
92
124
301
129
238
128
197
215
221
222
135
194
135
317
77
309
174
304
309
37
295
92
163
206
190
215
209
187
354
135
250
123
229
132
120
252
161
181
254
181
307
215
132
128
296
162
180
224
40
320
164
277
115
259
168
262
178
129
390
131
219
182
172
244
86
251
121
185
354
82
200
200
232
397
120
169
313
205
171
178
264
295
43
233
178
172
255
120
245
125
266
157
206
160
166
261
86
246
132
222
166
126
230
175
263
90
249
159
181
212
129
252
81
390
138
211
129
221
246
249
165
182
161
169
296
183
294
83
295
117
299
71
310
124
223
303
80
169
169
203
249
138
258
125
177
268
179
165
224
123
126
228
79
157
308
181
197
233
157
310
128
347
171
206
252
113
168
250
132
396
92
200
157
83
282
163
253
182
181
316
276
202
105
299
86
172
248
131
297
212
169
117
181
273
126
221
265
157
217
157
285
88
248
237
89
307
261
206
228
178
165
169
133
277
85
304
204
216
120
264
173
168
92
277
135
258
181
126
258
132
210
126
260
203
79
291
162
280
116
211
168
203
317
120
405
71
247
114
303
185
120
259
165
291
223
80
240
175
250
206
249
132
210
221
120
419
79
301
172
199
135
289
293
212
375
172
215
166
114
299
95
362
85
307
154
261
164
120
212
258
184
127
344
135
163
212
177
252
252
240
209
304
128
189
313
129
199
135
217
172
209
252
40
319
175
73
282
129
255
163
135
294
166
154
151
273
171
204
92
344
227
200
230
116
204
127
316
86
286
219
126
246
204
206
208
157
154
249
126
259
262
137
256
248
90
262
224
135
154
304
123
254
170
218
214
214
160
240
231
263
159
43
318
122
126
172
193
163
164
254
141
294
77
265
163
169
206
237
182
157
243
181
159
120
246
170
167
209
180
163
261
163
123
322
148
214
271
117
117
167
430
34
121
304
166
190
128
304
132
216
188
251
129
169
206
176
344
126
255
175
214
74
341
154
206
158
123
195
304
138
216
346
129
207
212
206
230
130
327
81
342
129
129
267
138
343
121
132
261
160
245
170
267
209
136
292
116
307
126
259
230
337
217
124
258
303
80
207
221
89
172
224
244
245
328
179
133
267
124
43
410
40
261
224
43
310
262
153
176
172
335
176
86
258
255
218
107
322
114
86
227
203
129
213
237
160
77
255
229
267
217
172
222
177
328
166
221
299
307
135
107
237
169
194
157
123
319
178
195
237
172
168
172
269
196
160
163
247
129
161
212
123
295
165
214
218
43
288
200
169
255
138
204
86
218
166
144
262
83
156
353
79
326
163
166
208
120
203
221
249
88
291
141
166
258
228
306
115
86
375
122
77
347
114
259
166
184
149
225
253
249
256
121
348
132
349
141
252
138
206
252
71
216
261
246
169
204
172
203
261
172
207
217
253
172
136
286
77
211
325
34
295
209
157
178
178
252
82
170
304
255
269
115
273
164
77
290
37
256
167
135
304
122
206
212
129
330
184
171
208
203
305
121
36
251
244
212
130
301
135
154
163
160
246
169
264
162
160
311
132
81
350
174
215
135
285
129
163
230
117
255
126
238
85
217
131
212
212
43
352
95
169
168
205
86
160
197
156
216
172
221
165
178
199
267
127
120
304
135
218
199
80
171
225
120
341
80
155
215
129
286
160
246
151
218
129
221
257
176
172
251
181
212
117
167
264
123
174
258
184
206
224
209
168
196
204
134
286
129
378
86
283
218
130
215
164
289
181
77
261
191
141
214
173
268
89
276
218
92
220
125
126
242
172
240
270
175
163
349
215
129
252
292
75
166
255
129
252
160
175
257
92
257
135
175
233
169
228
86
249
178
169
227
301
267
86
168
276
222
221
111
194
243
127
209
221
177
286
132
295
213
180
127
261
122
289
80
176
259
128
255
119
175
254
215
73
315
161
85
209
180
205
258
191
217
255
83
90
346
138
156
202
208
169
272
123
209
223
200
125
114
337
86
252
178
256
120
300
263
79
193
184
129
292
178
194
224
89
255
171
77
398
117
160
209
331
163
255
120
194
212
155
308
181
161
169
347
177
123
217
175
335
119
263
268
208
89
283
40
365
169
221
89
206
233
206
160
229
345
34
252
375
121
309
170
231
196
163
217
290
235
83
243
307
129
199
200
169
178
249
176
338
71
214
255
120
210
145
265
305
77
298
86
139
292
139
297
131
132
200
134
264
221
181
261
77
217
168
139
202
141
221
129
166
172
316
86
228
28
359
125
309
169
86
224
346
123
166
288
264
105
164
322
129
190
252
71
289
117
246
176
175
157
248
166
277
40
272
138
180
209
165
166
211
230
124
160
387
135
200
129
161
257
220
267
120
154
310
234
77
218
175
160
178
209
216
169
227
120
200
89
302
86
211
206
178
169
254
77
292
214
86
357
162
221
210
80
268
123
242
228
117
172
212
126
269
161
203
128
206
261
114
125
405
163
77
255
181
120
301
125
168
203
34
283
171
178
180
209
193
172
341
191
251
95
126
257
216
164
282
170
209
170
231
86
255
215
301
119
157
217
77
249
163
207
283
37
209
223
28
331
179
231
220
83
350
34
333
123
258
135
218
209
133
298
92
275
277
43
180
255
89
304
135
308
301
86
232
240
251
123
75
357
111
170
288
77
292
270
264
134
209
404
28
148
209
163
251
200
168
248
157
86
326
109
202
209
195
89
172
231
166
138
217
212
179
134
245
86
372
172
178
298
206
139
279
167
80
208
295
123
181
157
206
178
120
247
135
276
92
222
286
166
249
80
212
230
95
319
163
313
261
186
199
259
80
294
219
137
307
338
132
251
302
71
332
74
119
266
187
253
126
255
131
203
215
121
215
254
90
349
244
124
390
135
128
305
174
334
82
281
331
34
356
332
163
221
177
237
172
313
257
266
40
168
304
175
362
129
259
187
138
212
293
243
218
252
219
65
209
267
77
245
205
163
111
251
160
132
329
218
181
319
129
167
296
89
385
86
163
310
178
138
298
285
89
322
226
255
170
223
277
34
286
125
275
34
240
175
86
317
172
43
318
209
233
212
218
251
187
274
120
184
297
34
301
187
258
92
211
211
175
200
208
165
238
127
120
304
80
277
297
120
221
257
169
209
175
227
230
123
218
176
206
216
172
126
203
270
256
129
171
246
126
129
196
191
132
224
81
280
241
181
267
126
178
310
209
28
194
189
132
346
218
122
248
170
139
249
181
243
257
131
131
269
86
203
181
71
206
219
227
135
213
214
194
126
222
206
224
125
218
129
135
252
37
208
203
160
245
89
319
77
233
231
165
160
212
223
178
181
211
221
176
126
258
253
135
168
114
341
171
82
258
117
199
208
117
216
135
85
309
80
336
194
79
273
126
356
77
301
353
175
167
201
184
224
212
294
119
203
206
203
253
141
209
206
120
160
204
126
167
297
83
320
86
40
361
172
227
205
259
117
200
218
163
163
253
176
81
169
261
315
89
144
257
221
218
203
82
262
282
89
218
175
218
92
291
135
272
211
209
230
202
225
224
118
251
40
310
117
212
219
260
89
126
240
115
242
250
227
166
221
169
257
77
276
335
77
89
250
206
214
141
346
303
80
266
135
245
83
390
171
83
384
121
210
170
117
217
241
237
250
81
369
176
276
89
187
280
166
172
145
207
257
271
208
208
165
156
209
129
246
163
252
138
111
246
194
151
133
328
120
202
367
132
126
313
178
160
199
141
289
43
261
252
125
175
169
214
218
214
173
269
181
175
243
249
88
254
163
191
215
80
304
111
261
261
128
338
173
212
166
302
221
180
210
222
83
344
83
217
175
230
230
230
165
175
123
215
172
179
261
120
267
166
182
196
126
212
216
144
175
209
290
169
271
165
138
181
262
115
148
196
136
195
194
227
218
258
208
166
228
83
295
184
137
323
77
105
252
175
249
269
172
126
215
261
160
71
260
379
89
262
212
209
178
173
264
165
184
178
272
132
301
125
82
283
83
338
90
92
339
80
260
164
205
251
127
206
169
267
172
126
227
188
246
80
249
119
229
163
273
221
71
300
255
299
165
153
123
389
77
125
305
126
212
253
137
273
224
232
178
169
273
28
338
43
355
111
215
209
169
212
203
172
172
230
206
285
80
305
179
257
215
292
154
172
123
252
252
227
196
129
277
86
243
209
291
215
160
270
213
126
271
85
292
124
242
263
172
218
135
200
259
437
80
111
344
135
209
218
195
258
177
244
123
255
166
300
135
301
246
71
359
85
265
219
246
126
259
129
237
165
220
259
138
209
259
218
77
161
291
178
160
178
172
120
251
332
175
163
209
211
167
261
225
126
162
120
258
154
264
83
311
121
217
206
262
167
248
115
252
219
125
206
209
226
205
175
261
218
177
265
260
210
175
219
250
207
308
166
212
190
175
295
86
83
316
164
350
122
269
166
144
274
169
166
132
246
75
301
132
238
176
215
135
178
232
246
123
206
213
197
126
154
218
174
224
156
115
391
169
252
120
178
302
117
250
172
120
245
204
210
214
218
255
132
83
304
133
227
273
295
139
172
158
175
89
356
134
108
260
89
294
135
229
119
255
166
294
175
77
244
172
197
194
306
162
221
172
121
300
129
244
207
129
234
168
160
295
135
135
255
176
250
215
123
210
208
256
184
175
135
335
77
170
219
252
162
163
206
182
259
162
92
302
83
215
274
89
263
121
315
132
307
131
178
255
123
210
221
264
215
160
203
65
252
209
298
269
379
92
121
258
154
220
299
208
243
122
126
266
175
175
254
251
83
256
126
240
163
157
215
169
256
75
347
120
209
207
135
248
224
132
145
224
206
131
173
255
135
312
336
71
218
211
120
163
166
187
276
95
234
178
291
86
214
175
127
310
212
198
131
400
37
172
207
208
234
168
86
377
89
209
172
163
121
252
123
308
205
308
172
174
304
199
210
77
377
160
172
83
355
126
119
306
218
151
245
380
135
163
214
188
298
86
254
206
166
151
265
336
28
185
217
265
127
220
251
75
249
298
163
255
166
267
108
171
218
200
255
127
155
217
215
221
181
163
215
136
181
197
89
340
74
121
307
159
129
264
135
215
212
247
166
207
268
191
166
251
172
126
129
292
218
297
171
209
37
285
92
196
265
260
86
582
80
43
438
89
393
130
206
249
34
261
218
40
437
95
284
209
74
300
89
139
202
120
298
159
374
218
169
280
77
273
178
212
163
108
248
166
227
117
254
206
172
219
221
166
211
258
120
249
190
258
224
138
237
300
163
161
341
224
283
28
246
218
168
255
123
118
175
174
255
153
174
126
265
105
218
187
163
304
129
159
273
175
169
212
166
253
206
168
171
264
188
184
132
258
187
221
174
259
313
240
161
181
172
174
215
207
169
124
175
201
119
166
222
92
348
172
139
180
172
215
83
208
171
169
160
206
166
138
178
132
317
83
172
323
89
129
115
225
126
129
162
197
264
28
342
135
37
248
221
126
169
80
126
191
178
137
177
212
89
120
344
105
208
28
166
197
181
107
123
160
163
90
135
139
37
246
95
34
261
77
178
163
206
86
121
212
77
77
265
119
120
79
204
123
88
138
34
217
79
74
160
264
34
77
105
120
86
34
86
128
126
126
135
36
166
37
171
128
36
173
80
80
138
95
83
84
77
28
28
65
34
83
74
74
37
126
28
108
120
28
74
37
36
79
28
74
90
28
34
38
40
83
89
40
40
43
