900
1059
647
829
930
630
795
1037
466
650
837
514
829
995
783
783
620
638
728
632
657
680
741
729
895
592
618
726
504
814
702
671
557
601
575
642
690
641
638
571
750
614
589
701
772
845
681
693
624
666
637
700
689
721
665
729
647
587
761
629
606
647
682
657
664
566
725
669
622
680
596
659
712
611
836
567
739
811
583
646
703
726
582
596
822
590
897
690
794
691
701
708
706
495
772
587
822
510
546
606
811
470
714
765
707
599
724
589
675
840
639
542
703
672
497
565
659
749
645
708
820
485
747
659
748
656
769
638
713
706
762
603
559
594
652
614
599
641
577
859
653
606
686
678
728
629
684
677
670
579
796
607
712
655
586
667
581
625
617
517
527
897
515
607
776
669
725
823
541
654
933
738
707
643
634
728
696
583
686
728
784
566
639
649
770
582
777
603
659
574
801
807
541
677
716
609
625
646
710
700
655
855
552
575
628
659
669
615
556
779
617
677
645
700
573
745
833
811
528
721
652
655
688
749
463
691
747
555
706
750
669
436
596
605
739
519
612
697
730
516
664
670
586
726
673
561
701
606
656
648
785
546
802
678
565
676
660
638
722
577
730
700
590
636
621
706
717
544
725
736
696
873
637
626
740
561
787
711
670
753
651
705
541
789
713
627
609
882
672
608
572
760
610
631
755
557
759
599
685
622
791
629
667
651
707
656
541
736
746
507
601
826
754
657
710
740
553
664
559
695
545
576
727
636
669
532
664
604
835
625
559
607
681
763
585
620
709
639
594
457
843
604
686
770
662
632
707
534
776
666
600
728
736
544
737
764
692
618
547
720
686
638
687
611
646
755
619
690
557
796
868
708
725
664
675
707
640
796
631
779
675
626
612
747
592
731
664
607
673
735
670
650
556
752
547
683
690
617
763
620
663
729
607
689
651
696
718
565
720
571
875
522
679
699
577
631
677
728
659
649
759
669
488
731
608
736
558
700
702
622
682
677
708
623
521
649
769
487
612
815
697
734
598
644
632
652
568
862
635
665
640
645
673
621
599
629
572
680
744
727
700
760
657
634
667
741
606
630
742
562
776
832
825
736
712
809
627
654
665
780
805
655
608
542
806
706
699
614
767
643
694
719
711
553
680
716
657
703
832
690
710
675
594
607
629
754
720
567
654
604
720
625
794
712
605
714
530
774
635
718
566
663
605
649
729
695
791
628
635
741
632
630
558
621
654
575
722
637
708
695
802
647
559
733
687
733
811
510
674
556
584
520
569
501
668
652
610
573
678
729
492
665
791
657
592
851
689
602
799
560
971
505
805
677
561
769
775
679
739
555
828
675
666
705
698
653
609
796
746
529
739
519
691
861
470
801
702
607
673
782
798
564
628
594
654
687
522
676
736
702
882
624
667
721
658
673
706
764
735
761
551
714
638
610
706
661
526
688
774
706
570
644
747
758
701
593
501
867
478
708
673
670
500
523
886
595
775
626
653
735
498
774
655
594
749
605
684
549
639
773
616
643
713
552
623
701
677
547
627
783
766
668
840
584
823
626
581
735
626
604
710
731
619
696
788
487
615
641
537
648
618
628
846
495
657
608
542
815
643
674
492
846
590
624
722
587
666
484
543
826
493
729
632
608
662
699
721
592
629
621
612
555
760
638
710
675
727
754
563
640
919
524
756
636
625
627
628
718
652
591
603
874
699
685
658
597
520
695
696
580
692
502
654
750
589
622
606
757
625
548
712
623
633
724
612
636
637
638
781
521
722
867
642
776
600
732
751
718
552
665
643
631
727
739
564
552
719
614
691
738
559
686
571
708
683
527
725
526
723
631
646
693
523
690
682
707
640
608
799
583
724
726
683
647
718
583
844
700
567
701
639
868
709
592
580
768
524
696
655
580
699
610
555
681
781
645
750
760
697
705
683
562
661
619
960
585
620
685
600
640
780
520
740
745
431
687
782
635
583
659
785
642
710
596
632
884
586
726
694
599
601
745
687
689
671
763
700
740
498
740
735
643
795
616
682
646
615
588
635
696
660
578
708
611
634
829
614
740
697
763
746
612
668
578
704
647
645
674
745
509
744
663
799
724
564
692
601
696
726
612
681
633
565
743
737
593
781
636
643
583
722
717
674
643
800
703
556
710
835
678
690
649
807
646
740
590
660
641
645
711
609
705
662
628
571
709
739
760
610
667
640
628
671
759
504
832
507
706
696
697
726
673
726
872
716
608
634
641
634
702
642
779
547
640
635
671
663
711
677
693
723
525
584
560
636
745
534
697
633
716
639
627
629
517
590
715
609
628
608
691
565
767
663
473
734
673
673
577
737
844
509
655
618
610
642
755
603
622
600
620
786
598
608
695
738
558
556
621
653
724
794
693
655
599
548
735
705
766
595
751
776
616
689
660
670
622
635
740
743
522
718
550
609
761
863
558
622
597
553
651
716
854
682
871
527
693
590
861
545
659
541
790
628
616
863
640
684
553
737
691
790
539
815
624
636
658
664
605
539
509
734
503
910
635
585
843
577
622
725
574
589
640
529
559
607
664
541
823
576
691
650
511
735
785
625
696
652
575
720
556
594
619
530
732
834
699
562
797
437
752
677
646
667
580
678
730
625
573
757
562
732
636
607
600
687
747
649
699
664
724
605
603
687
636
640
675
669
753
673
584
578
623
775
914
736
739
606
728
548
626
635
648
621
660
692
791
570
659
712
640
740
784
605
573
672
649
564
669
697
643
615
703
639
700
553
758
621
632
683
674
698
660
814
516
536
633
709
784
644
766
594
706
716
680
578
854
571
670
572
632
588
798
593
628
753
654
717
669
688
553
811
504
843
582
585
733
599
664
630
706
558
725
640
651
590
538
789
654
564
581
551
856
513
702
585
647
696
541
696
540
669
690
815
744
786
668
821
681
553
600
627
801
824
539
774
469
658
637
689
659
714
651
773
757
555
634
663
665
629
635
601
503
605
628
585
615
688
575
713
687
511
710
621
698
854
679
595
625
603
699
812
643
691
683
699
565
649
678
650
743
646
717
639
677
546
728
741
723
650
526
690
583
758
714
620
642
771
617
569
701
621
651
685
570
738
621
603
799
666
617
696
737
801
626
660
692
639
826
614
606
642
817
534
752
766
744
789
666
641
755
687
599
840
545
673
533
766
608
711
589
558
580
704
623
759
594
600
641
586
735
760
677
736
841
694
630
720
664
733
647
679
689
760
523
663
655
673
710
819
736
691
552
775
548
638
618
592
604
671
565
712
678
588
745
603
787
669
700
654
642
533
697
636
654
794
551
691
602
615
788
685
733
534
777
485
611
758
525
693
654
657
599
750
618
695
699
611
704
713
717
827
486
554
846
642
857
646
539
739
763
600
685
668
679
602
796
565
576
564
681
642
601
654
574
841
553
707
663
671
455
727
658
599
691
638
838
546
577
726
628
624
566
684
721
490
778
639
711
495
622
789
544
608
706
606
804
527
732
650
605
639
636
501
675
721
728
638
621
641
729
541
822
737
615
594
657
704
732
639
701
642
639
739
617
755
561
646
758
569
547
718
566
740
633
661
692
573
667
498
631
621
663
787
677
677
753
644
624
864
611
635
602
615
704
653
763
546
607
725
469
658
797
734
792
565
864
664
727
561
697
707
550
698
643
581
847
571
564
646
795
610
741
600
751
680
645
595
634
729
510
774
653
588
610
666
501
616
761
562
671
684
632
627
742
686
529
759
609
684
696
642
520
748
686
626
690
691
679
619
739
546
776
598
616
824
635
693
627
648
541
545
690
762
577
640
599
627
728
653
566
796
657
633
743
669
840
705
618
704
734
661
740
652
535
606
909
672
589
564
716
785
745
651
679
861
620
777
556
737
616
714
722
592
671
734
597
599
646
857
678
507
592
765
537
853
520
815
643
611
648
662
639
682
702
621
649
699
507
654
613
793
592
596
585
639
796
677
658
533
567
760
560
697
697
641
650
599
675
656
650
576
765
587
724
613
770
700
722
781
581
649
679
769
712
580
795
680
739
611
753
602
583
783
722
730
938
806
694
665
664
542
649
691
618
587
712
591
727
614
600
608
763
625
632
699
756
690
689
605
661
715
787
649
684
754
711
595
788
592
679
572
527
646
596
627
666
682
615
858
572
468
778
640
683
739
702
649
700
660
729
505
786
706
526
616
799
721
590
557
724
516
569
695
660
593
754
695
710
803
483
579
698
483
720
631
739
794
504
694
704
713
545
747
584
595
624
741
739
679
724
569
708
670
763
667
566
831
770
761
551
634
627
745
654
538
855
527
648
711
607
548
828
588
844
552
853
506
645
556
655
742
659
741
647
820
684
617
663
677
743
609
805
648
492
701
564
615
709
563
644
607
624
652
692
545
598
645
636
656
701
599
636
734
513
696
615
732
535
683
645
617
615
685
611
697
633
631
526
847
659
426
710
575
721
643
464
677
769
510
690
837
659
646
696
695
497
701
733
618
712
718
804
556
705
723
672
739
797
808
652
607
677
818
758
675
708
603
823
662
498
754
802
589
731
695
589
643
643
498
734
590
878
619
703
746
532
697
553
672
683
497
583
746
609
665
693
559
654
546
810
672
673
516
748
589
729
569
850
486
603
768
592
695
591
683
723
626
649
614
631
760
762
691
574
700
541
672
673
755
679
736
628
556
688
671
1005
689
658
715
694
811
778
630
691
719
667
602
652
756
597
711
684
500
789
614
651
593
845
841
748
637
659
596
640
682
513
643
561
780
707
658
690
482
788
671
606
688
618
649
675
547
677
736
590
642
570
592
603
762
814
578
746
632
675
793
504
697
624
652
734
601
655
626
685
754
539
755
577
642
726
595
849
597
649
506
609
779
546
696
707
671
628
710
718
689
700
609
732
690
723
740
543
627
610
756
626
799
571
605
753
638
737
775
704
648
617
662
588
549
605
843
781
679
534
560
686
720
733
788
653
719
666
782
722
679
751
671
811
650
727
562
813
740
701
608
618
605
731
683
703
607
654
645
675
699
732
572
782
623
634
721
677
677
584
663
580
605
620
596
558
633
666
793
680
502
726
676
563
665
584
795
696
699
614
589
599
762
645
659
562
737
574
736
751
539
783
618
693
635
689
588
629
736
671
654
735
631
606
668
562
654
692
604
773
725
593
810
599
663
774
504
751
619
683
724
778
544
880
663
654
674
787
676
762
687
532
640
768
568
660
767
650
698
626
755
684
816
495
547
803
728
658
529
743
538
681
592
640
616
687
832
566
770
618
629
607
741
455
752
682
621
646
719
575
797
706
571
651
651
518
685
676
705
644
725
768
745
605
713
818
684
610
652
656
526
544
699
601
567
573
626
563
630
735
599
642
831
616
723
553
640
741
655
749
660
590
498
657
835
541
728
608
636
611
659
642
827
727
600
717
669
804
613
719
676
737
710
634
676
612
661
661
695
710
698
592
547
574
747
715
614
730
733
472
754
603
685
479
774
562
583
943
472
685
717
703
584
626
681
589
622
591
713
768
605
747
671
715
755
694
556
496
620
773
573
746
578
725
699
635
650
711
728
648
726
471
670
595
588
731
580
524
862
601
640
717
681
799
574
677
567
823
681
707
664
713
690
565
751
799
621
597
629
722
740
618
801
601
557
836
649
751
704
744
591
718
615
779
576
722
565
727
623
712
595
588
700
810
568
647
660
624
652
735
785
510
675
837
564
649
748
481
825
567
697
660
792
604
559
735
875
666
729
709
473
765
529
599
695
577
696
562
729
668
706
600
740
760
606
603
713
609
716
479
600
749
650
770
752
626
599
643
872
661
548
733
626
686
708
579
752
697
585
775
606
586
537
735
595
620
702
781
668
657
860
548
751
618
790
601
927
810
514
834
594
700
652
773
707
765
558
693
663
588
599
700
648
749
586
708
637
662
694
736
696
628
630
736
749
659
517
583
605
685
655
674
546
638
693
688
565
840
477
576
763
601
772
693
615
571
744
860
575
796
623
562
761
701
722
710
606
725
523
646
625
663
498
802
640
732
660
672
522
619
696
792
732
873
568
526
741
709
594
631
631
723
583
654
597
495
671
751
594
680
707
562
708
733
598
804
827
629
625
765
631
739
694
580
697
608
593
878
514
678
612
629
740
762
539
726
587
538
820
657
614
644
584
600
467
707
543
575
659
599
651
546
709
570
670
664
660
644
692
604
749
575
637
842
647
553
642
710
592
631
694
778
602
668
676
618
632
578
694
755
715
572
769
601
740
602
681
508
726
567
738
743
574
542
701
678
631
559
862
545
608
685
695
694
633
613
782
653
773
745
506
761
653
830
670
748
674
703
670
681
843
521
700
686
567
664
681
592
610
659
608
461
885
576
755
588
773
563
689
580
653
729
571
688
620
703
750
519
600
651
646
592
555
678
754
602
642
656
581
587
745
596
683
620
573
820
481
726
806
572
681
580
754
518
602
718
634
703
655
589
625
876
650
501
803
731
662
752
620
579
658
573
618
672
511
857
722
541
605
630
704
655
535
782
785
651
696
697
716
531
761
632
600
860
692
662
827
863
647
728
695
889
630
772
769
581
539
654
685
717
864
648
699
769
747
650
552
627
702
669
758
610
752
520
715
533
804
636
690
758
567
593
661
635
571
659
716
743
518
692
606
770
657
525
502
798
548
610
654
503
636
653
623
671
660
652
629
637
530
662
674
518
857
788
626
745
591
639
540
709
615
700
618
680
481
769
702
691
589
653
664
699
735
598
663
487
765
699
777
551
699
743
555
911
547
581
851
642
639
655
828
582
618
636
648
721
718
543
646
653
746
707
673
545
627
777
728
689
756
602
631
720
516
652
734
560
753
685
631
560
622
690
600
831
523
702
697
580
825
609
760
656
591
566
638
719
551
718
560
692
614
894
534
769
646
689
674
571
810
639
620
668
874
624
679
792
544
712
849
507
717
709
598
596
800
639
822
667
715
643
713
663
692
716
516
709
724
702
543
639
655
683
801
546
698
801
694
773
748
608
695
790
593
550
641
646
662
708
544
638
720
744
622
627
777
617
754
566
675
502
713
546
750
618
784
642
586
728
669
647
591
666
637
765
651
604
627
607
717
562
870
483
896
566
588
807
648
654
645
646
646
594
762
507
650
752
459
601
709
559
631
750
784
464
663
681
551
808
660
759
669
656
803
671
666
712
592
710
664
709
768
547
764
594
672
563
724
548
567
769
647
743
599
692
638
727
754
749
808
522
643
802
470
677
922
580
654
556
762
702
633
678
721
858
658
601
559
628
591
752
656
642
633
718
632
709
769
567
641
544
711
580
516
594
599
633
676
475
512
585
610
556
510
572
559
439
586
452
410
386
608
459
412
510
412
483
319
310
397
352
304
256
390
392
227
244
194
191
252
154
160
162
123
164
127
184
43
