766
432
807
552
383
840
496
544
292
669
689
520
340
472
488
570
334
632
678
596
611
482
544
417
341
512
553
472
408
492
467
608
426
504
679
441
376
521
443
507
421
550
430
567
357
409
466
486
359
370
425
506
398
599
368
435
350
579
493
384
500
420
506
538
465
561
543
471
437
455
485
471
390
448
579
427
519
517
576
386
423
462
346
537
433
500
483
466
486
414
494
446
424
427
419
436
629
458
420
421
427
479
386
594
419
442
409
554
480
521
602
436
393
523
489
466
511
364
547
307
466
477
508
633
616
478
521
475
573
429
557
404
582
329
471
470
360
437
511
470
462
447
433
474
350
335
548
609
439
513
513
372
551
390
418
558
573
454
392
378
387
494
491
414
481
367
376
468
539
464
584
437
504
485
339
546
469
402
559
489
509
434
559
535
442
514
371
433
477
467
434
452
397
488
415
396
512
390
488
555
439
476
513
383
512
417
571
369
407
568
460
445
561
371
551
423
463
471
463
479
429
498
397
427
355
470
445
452
286
352
519
538
401
465
499
453
549
458
593
528
417
409
499
607
543
526
431
523
424
462
484
517
460
411
529
418
556
560
354
473
482
385
546
427
438
541
497
535
330
489
347
616
409
597
459
369
597
417
422
483
462
373
522
621
393
477
399
678
355
454
437
319
567
404
547
417
449
384
466
482
485
411
484
476
397
466
487
533
427
615
593
307
485
444
661
384
443
302
638
538
383
473
418
458
461
343
571
462
516
487
436
338
387
433
414
408
473
479
437
390
418
435
522
388
451
486
460
387
523
486
519
333
575
396
375
535
393
440
562
366
541
474
502
400
462
425
571
376
468
513
444
523
337
618
296
563
292
511
540
427
460
377
467
506
526
498
488
560
523
514
499
397
467
466
447
551
552
397
528
535
427
448
518
378
577
415
463
434
519
447
596
547
494
372
504
412
388
505
406
502
570
358
470
556
347
535
473
308
537
605
332
474
569
438
567
358
480
283
381
696
465
453
427
426
463
584
561
314
530
569
565
426
456
344
464
442
376
345
512
393
638
430
383
355
512
331
533
436
491
549
464
411
352
478
523
408
464
553
376
402
420
507
464
422
416
382
527
525
392
468
564
513
437
427
422
442
494
458
487
494
477
447
564
422
493
328
517
541
441
562
442
404
401
448
454
416
604
455
389
485
433
572
439
438
349
513
483
621
566
508
537
460
569
485
373
465
535
479
430
573
396
570
515
382
504
510
440
329
495
512
553
419
503
475
403
409
553
415
464
527
381
444
529
375
375
562
510
401
425
597
355
495
614
401
399
525
513
410
445
489
583
445
394
544
424
508
365
484
375
519
485
432
454
487
435
319
596
438
528
437
505
461
499
313
479
564
385
470
567
297
516
527
396
350
548
492
548
403
541
384
380
347
440
588
435
479
323
595
381
573
390
479
460
430
459
525
339
476
558
565
421
517
454
421
432
503
462
407
421
431
546
277
461
511
538
375
491
537
534
533
411
485
581
309
482
511
476
486
415
512
389
439
590
534
723
456
428
529
592
563
403
519
442
495
462
531
538
438
484
473
379
452
560
620
423
454
378
451
662
389
470
450
536
472
463
451
371
672
442
394
531
437
564
551
566
428
352
507
474
392
500
505
461
456
359
512
433
450
421
542
393
629
394
445
481
470
549
469
448
467
466
424
460
476
483
402
470
486
372
517
348
614
659
365
557
418
406
429
541
406
401
441
468
431
323
510
467
555
436
434
544
492
458
519
506
387
524
454
445
518
541
436
390
394
409
375
486
481
343
360
455
376
418
434
456
372
487
412
585
407
492
386
445
454
566
330
432
492
614
517
418
593
430
517
406
608
459
540
527
412
426
375
649
495
412
501
659
429
450
501
463
387
488
574
496
413
438
607
422
505
338
537
489
518
443
279
528
466
518
430
583
528
435
471
502
346
561
492
528
472
357
409
453
439
504
438
430
451
483
524
536
559
486
467
563
383
473
521
435
495
500
512
586
434
464
553
462
540
477
332
383
558
452
336
379
475
513
468
468
630
270
435
586
454
638
619
330
514
290
369
468
564
445
438
478
501
375
459
329
353
754
337
471
553
582
314
475
501
440
332
606
385
478
423
518
531
387
393
371
509
387
625
397
480
391
468
455
516
469
362
516
449
496
421
363
537
369
509
691
409
665
422
472
594
288
475
422
540
597
331
444
443
424
544
473
505
478
452
471
392
416
462
449
417
338
507
329
442
539
625
335
430
550
351
454
342
389
516
464
594
446
401
488
470
470
449
410
414
473
497
250
479
479
504
333
461
563
405
427
405
481
534
472
475
353
393
453
488
481
397
384
512
462
426
591
410
505
435
468
617
357
504
385
459
630
487
405
460
460
507
366
525
404
635
348
465
467
446
457
571
558
384
473
441
435
462
354
462
466
506
454
379
513
425
387
399
517
546
431
329
560
383
466
392
343
517
492
417
446
479
467
471
521
396
501
376
467
460
444
437
463
553
570
599
472
531
413
431
516
533
317
472
478
500
500
483
453
461
524
478
343
427
502
514
431
449
377
451
596
338
503
453
378
491
527
425
343
433
636
228
550
419
428
480
473
371
489
499
317
553
464
456
514
434
505
544
374
466
476
545
344
597
478
531
392
371
612
580
488
340
482
520
384
592
632
381
478
437
468
474
444
388
419
461
526
384
354
617
389
328
553
486
454
437
574
534
394
583
464
531
476
362
444
529
406
394
665
467
536
402
433
457
392
460
523
474
440
482
512
528
388
453
410
485
459
481
436
435
455
551
350
583
416
424
570
394
577
442
457
554
467
433
520
388
524
344
435
594
569
403
544
435
527
513
466
439
511
399
500
476
567
417
424
516
551
384
400
513
345
451
495
428
470
422
522
388
482
597
433
470
392
474
571
571
427
465
571
477
441
442
464
471
528
334
424
520
410
482
480
380
572
498
374
441
573
515
386
421
566
432
519
461
483
526
458
397
409
479
473
442
433
522
459
565
384
424
421
535
559
384
394
560
483
520
428
535
495
368
586
425
522
595
433
493
516
443
602
532
477
423
415
384
491
512
430
467
450
413
589
401
533
398
390
408
573
492
420
455
474
527
421
456
476
444
478
454
492
375
583
513
310
549
440
378
555
451
554
509
496
480
694
381
510
424
467
524
385
489
400
524
467
516
512
436
421
342
543
380
578
373
459
475
500
429
521
503
295
514
334
434
507
470
443
365
520
476
347
466
521
476
460
465
412
390
373
453
476
448
327
502
424
528
482
338
449
530
537
384
359
461
548
426
415
491
463
600
380
473
455
408
461
433
374
507
537
476
388
379
506
380
404
379
708
342
508
437
523
433
512
348
379
428
407
450
506
554
538
424
481
520
476
463
343
471
487
471
468
587
399
525
506
554
371
558
443
398
501
512
384
432
474
527
479
439
451
461
390
474
524
415
608
425
385
456
475
402
396
596
322
486
432
593
598
505
481
488
480
411
536
545
374
432
435
307
498
532
487
527
435
606
435
462
467
476
516
381
482
466
496
444
501
544
425
434
473
485
403
439
323
505
340
513
469
378
475
646
375
505
394
615
350
436
410
538
418
469
377
390
493
366
379
400
470
439
477
336
603
427
387
534
476
339
524
511
424
572
325
487
504
483
372
502
418
389
415
468
450
410
394
499
605
505
511
425
396
478
403
448
433
545
419
480
411
500
424
453
470
471
489
373
556
428
497
328
525
390
564
342
427
515
382
574
526
381
505
508
418
441
477
470
514
430
422
505
452
389
589
526
416
481
370
367
462
540
551
357
781
518
572
422
475
578
312
465
338
424
409
483
455
464
445
517
479
527
466
432
454
537
468
390
469
498
597
433
408
515
365
378
443
472
529
355
553
526
495
381
390
518
376
534
341
549
418
495
515
465
329
545
420
533
440
470
561
427
412
385
412
546
425
565
435
509
463
510
481
491
448
479
419
440
504
608
390
452
437
393
383
440
503
566
431
405
471
489
525
570
448
469
403
482
442
427
492
415
666
389
416
422
390
543
430
390
482
447
503
341
518
468
515
419
430
439
412
446
537
381
571
481
252
409
426
527
493
422
401
429
461
475
398
509
413
394
470
411
455
458
529
458
568
530
484
547
506
569
504
423
421
474
432
367
497
542
583
413
513
473
380
440
385
467
523
409
502
493
424
405
626
437
464
506
496
396
442
591
332
405
472
371
442
374
565
362
389
453
446
452
405
446
363
519
473
363
486
501
485
353
429
675
478
508
476
481
387
427
521
440
507
507
440
473
514
460
454
482
374
386
507
443
553
485
428
531
447
467
462
418
466
449
533
484
461
474
435
440
421
481
332
564
474
553
416
364
568
471
451
542
361
527
409
423
518
421
436
433
495
559
397
354
507
538
450
425
488
573
442
599
451
373
471
522
511
565
341
519
506
415
514
388
454
614
398
444
658
386
597
440
607
442
401
510
577
451
494
476
468
449
505
418
452
333
603
412
500
400
460
428
334
414
425
531
396
626
357
422
438
374
598
463
503
352
405
613
499
478
576
477
562
602
340
497
487
486
455
567
428
462
435
497
481
388
457
500
450
403
483
625
467
484
584
485
468
419
486
419
325
488
520
386
463
344
524
407
302
537
517
375
463
583
402
443
565
483
405
660
436
445
338
485
373
483
479
495
402
521
535
360
354
389
473
526
424
447
599
529
597
407
284
475
402
440
571
436
353
492
440
455
442
611
297
530
375
496
488
475
398
551
400
519
453
593
558
386
406
430
616
351
602
478
517
505
368
426
564
508
375
532
498
508
416
469
510
446
439
392
471
404
435
429
433
458
525
469
396
396
452
460
519
389
534
444
403
437
283
551
435
534
379
527
501
380
475
586
388
416
434
509
376
433
436
443
395
611
430
456
443
473
430
397
419
455
465
436
507
495
381
402
577
529
332
546
442
421
433
423
503
461
421
357
408
412
543
396
494
485
565
356
369
464
589
483
308
534
604
561
333
458
414
475
486
488
551
298
596
487
404
586
425
475
473
405
463
512
427
419
496
437
409
493
465
424
379
540
476
467
428
480
433
370
408
542
329
423
469
526
466
361
574
508
366
523
630
294
519
480
470
566
482
392
446
445
443
464
485
417
519
533
414
478
424
427
380
378
501
398
646
481
569
493
384
640
492
393
503
415
443
437
538
316
570
488
330
540
567
416
531
341
392
511
424
586
521
387
474
481
519
461
450
514
327
479
360
575
465
424
445
497
460
277
467
519
405
461
420
448
362
442
562
414
523
415
592
371
385
424
534
375
434
550
437
473
512
425
529
405
502
421
401
475
435
488
507
536
447
478
463
331
472
553
430
514
463
350
493
548
488
562
348
514
449
417
376
505
245
613
396
443
403
524
373
467
416
611
402
478
357
518
490
521
403
455
663
398
518
581
437
434
538
431
597
407
468
481
492
437
455
387
468
477
681
420
377
384
438
534
494
465
519
495
464
550
582
641
381
307
538
574
435
477
472
465
470
417
507
462
471
420
483
394
467
461
516
556
460
507
389
465
420
445
455
567
354
513
465
565
289
514
482
491
469
387
506
420
593
397
467
439
445
372
516
350
472
486
491
472
424
370
332
498
530
530
290
564
527
291
491
453
441
480
556
350
482
455
539
386
375
514
505
429
432
442
481
452
531
412
523
385
380
540
500
522
465
544
491
409
467
488
367
580
584
489
384
541
447
594
471
385
528
487
493
421
540
430
479
501
618
422
680
397
661
519
498
456
412
411
396
502
490
314
498
430
582
506
342
346
509
488
423
456
563
391
488
434
372
573
458
495
534
459
352
522
529
350
534
523
560
523
345
458
502
628
479
505
485
365
531
374
481
324
425
421
433
415
464
454
506
335
573
409
531
487
428
410
500
416
541
450
477
488
380
560
525
419
453
521
461
249
653
409
504
409
536
409
559
422
465
409
352
523
446
393
431
391
516
396
457
366
613
431
491
575
460
472
391
415
456
409
437
501
354
493
610
427
539
326
611
393
474
399
449
456
358
573
431
432
426
488
488
523
437
544
368
559
445
535
502
421
374
475
447
532
662
547
558
429
498
297
470
432
565
452
437
472
363
555
372
418
550
602
349
413
422
614
426
499
414
559
420
448
494
414
389
468
433
474
426
522
447
614
422
441
541
533
476
484
386
400
544
434
560
446
447
527
476
400
443
438
439
382
516
457
353
460
391
470
426
381
519
549
443
326
516
352
412
507
492
250
701
424
417
391
611
304
418
435
480
488
471
477
395
420
386
612
387
394
488
473
378
440
515
421
513
405
454
369
424
492
426
504
418
360
518
501
382
384
412
513
469
289
518
479
610
562
367
462
568
385
485
456
526
301
573
415
452
411
608
488
450
393
542
505
510
422
540
520
499
634
522
430
595
317
501
568
567
482
500
571
364
346
554
600
433
388
422
580
487
557
309
457
591
498
409
463
489
325
472
390
473
464
454
627
403
618
387
426
435
596
337
353
375
583
381
379
466
396
519
439
421
561
424
481
353
418
479
377
470
635
417
458
393
421
447
479
577
348
517
475
480
409
424
409
504
510
386
462
482
474
505
432
503
411
393
498
498
416
501
450
522
602
433
359
392
517
461
498
383
455
515
578
501
447
438
356
479
516
502
430
689
526
513
437
494
583
415
593
507
554
344
556
531
452
433
442
530
424
494
431
470
550
423
463
328
435
523
445
470
393
513
665
486
566
461
546
464
409
499
514
292
420
428
433
387
437
451
577
474
448
535
421
395
387
476
383
686
468
430
484
438
338
489
494
421
301
548
515
430
458
342
481
454
395
471
437
552
584
258
670
525
398
488
418
474
451
449
519
405
478
488
470
384
478
526
337
461
550
424
499
456
408
464
457
461
488
416
549
420
554
472
320
455
420
400
468
517
469
331
479
519
552
479
413
437
414
657
517
522
356
347
600
510
479
390
609
461
459
530
312
476
465
418
496
550
412
445
474
424
466
496
611
471
520
431
491
427
526
352
398
502
465
422
350
533
580
554
507
381
449
344
558
331
557
555
518
528
435
491
525
501
371
577
553
478
577
418
478
491
644
381
524
466
385
479
506
639
495
431
524
400
356
452
525
465
436
482
433
513
524
393
541
500
370
511
451
506
532
490
342
416
443
535
506
417
454
387
481
471
469
381
451
381
424
371
510
356
480
495
552
471
461
330
523
375
433
474
475
476
467
319
643
567
440
347
422
533
365
418
560
432
387
533
424
431
530
430
481
525
439
419
521
449
504
474
466
463
525
342
458
466
467
541
430
485
505
489
332
444
506
444
525
459
312
486
409
432
610
452
568
424
468
381
557
525
414
495
335
478
613
445
400
546
458
473
477
409
693
471
551
439
449
536
473
516
505
497
520
369
437
355
535
412
478
478
434
512
436
482
507
457
540
426
559
603
328
411
467
539
488
424
471
426
410
436
427
548
462
337
418
518
422
364
556
450
555
424
579
495
458
321
605
449
418
375
438
479
383
510
365
560
377
536
418
530
487
572
436
362
461
433
472
445
372
550
441
436
506
481
502
553
616
349
425
501
473
554
599
329
447
400
515
374
458
504
447
329
427
373
463
355
442
350
474
421
504
437
476
418
510
581
446
465
509
424
387
560
389
566
541
421
407
472
412
455
304
513
550
429
394
562
431
460
396
476
448
420
368
625
521
476
548
344
548
479
427
604
486
468
430
504
467
565
489
545
436
326
528
476
447
431
575
344
532
431
433
469
415
445
436
441
505
421
482
506
479
475
426
529
406
423
472
411
320
531
409
442
500
532
525
389
439
465
495
528
459
374
500
429
467
377
434
443
376
507
550
509
468
547
403
381
670
424
506
420
442
425
376
481
432
459
463
417
534
504
376
460
535
327
469
610
495
573
368
439
559
373
437
443
304
515
450
467
433
460
424
383
554
562
301
517
561
455
379
516
517
423
511
490
361
527
614
322
538
397
611
454
482
417
307
663
465
506
492
489
430
347
548
476
438
483
511
465
512
339
565
615
379
526
456
568
349
515
511
561
379
608
388
516
494
381
519
325
522
372
628
332
552
345
545
398
513
466
436
511
376
457
495
381
437
577
565
390
415
414
707
474
364
415
391
619
433
427
526
400
444
466
525
607
453
419
422
491
378
586
412
650
484
430
454
430
454
468
369
476
424
437
491
356
411
528
336
574
484
538
394
548
520
461
413
437
529
341
538
399
459
464
350
397
510
519
440
606
420
499
385
531
360
494
438
641
448
388
508
561
329
512
523
463
450
488
531
489
426
388
472
540
387
393
461
442
427
434
466
496
441
422
563
522
406
523
476
566
412
499
384
523
535
476
583
554
680
294
474
496
550
419
473
538
424
472
504
682
458
389
475
433
387
438
494
430
512
357
525
519
519
467
446
470
462
453
368
495
564
479
381
504
547
328
574
574
361
375
483
415
372
535
431
409
446
468
463
415
423
429
427
565
522
324
513
477
408
481
447
432
464
517
479
546
406
362
519
611
511
387
555
512
359
570
351
494
523
390
590
477
279
557
642
388
346
515
368
479
438
454
483
403
551
353
468
565
414
393
433
511
314
585
472
494
629
563
383
452
394
543
518
386
517
409
336
462
552
346
534
427
391
430
452
555
408
332
415
595
428
356
706
334
410
504
471
472
554
467
656
488
485
367
550
419
464
517
559
514
291
488
470
427
432
594
433
440
419
426
442
411
597
527
464
244
585
433
421
449
381
506
486
522
402
494
393
430
402
407
335
450
382
415
486
436
395
513
382
487
325
433
470
413
452
489
488
473
475
436
471
343
445
605
407
467
535
510
440
459
387
455
485
409
497
443
371
459
524
613
384
444
482
415
481
444
451
449
430
439
577
490
486
431
422
616
415
485
434
371
521
466
391
374
525
342
558
411
434
487
401
522
428
466
423
460
560
395
446
396
479
427
469
558
372
497
495
450
612
394
472
481
545
571
424
503
347
476
567
385
630
606
430
473
480
597
365
427
520
446
487
432
613
427
434
481
387
441
448
435
393
395
378
586
366
447
521
490
464
555
321
481
443
541
388
491
446
416
438
465
440
550
378
513
490
369
501
430
381
471
439
383
425
476
426
458
577
428
522
368
397
424
476
368
519
567
321
441
472
374
497
361
494
575
395
470
440
526
450
436
503
417
411
537
346
472
453
490
423
509
442
391
539
403
346
534
612
524
417
475
449
458
628
493
351
497
420
491
449
403
376
446
445
436
431
501
565
470
370
546
307
455
462
463
446
529
335
426
663
450
504
556
447
427
602
440
389
485
430
377
471
476
511
611
526
463
658
604
429
504
488
526
515
589
391
494
539
571
401
423
417
491
544
436
500
509
523
476
482
423
643
471
509
414
392
424
492
478
540
472
504
398
513
448
471
427
416
368
470
660
390
512
454
479
434
391
556
437
420
417
366
437
533
442
540
348
373
567
407
530
518
392
400
461
385
408
464
514
433
438
390
297
498
478
362
528
423
411
481
480
431
325
517
421
490
354
437
505
279
672
498
550
422
604
291
578
474
464
367
345
534
251
717
427
409
430
466
339
579
450
488
414
513
396
441
496
503
527
438
336
556
449
340
523
560
390
429
491
372
508
570
474
404
543
438
551
460
461
490
589
411
470
421
535
524
493
341
452
467
443
451
369
625
485
500
433
385
438
426
478
586
421
471
357
424
462
612
514
513
531
481
472
439
463
398
473
400
470
445
415
431
534
462
485
408
399
415
410
611
457
351
505
403
489
570
387
476
414
588
446
480
521
511
476
296
443
366
465
461
512
421
482
464
409
386
576
423
603
450
515
464
390
491
637
350
444
580
369
461
430
488
494
570
475
538
424
522
562
344
537
418
526
408
495
521
442
462
520
458
485
450
513
427
561
550
475
442
466
469
410
540
471
462
472
381
427
592
375
562
437
414
470
480
341
592
415
474
546
434
522
540
516
515
562
472
411
341
569
567
346
593
470
410
422
443
404
470
582
249
469
461
471
507
523
417
456
592
429
307
440
710
405
385
494
413
386
409
504
518
453
394
471
476
476
454
448
547
411
469
421
465
531
519
374
472
415
484
396
427
552
378
583
395
471
528
464
440
510
358
385
539
564
455
477
486
461
385
406
504
377
516
511
475
418
380
480
450
376
466
406
469
378
472
432
489
459
488
422
491
509
383
338
459
559
483
572
401
589
469
346
681
584
345
479
441
504
419
496
562
390
495
510
464
424
509
429
500
454
427
431
475
379
328
494
474
459
585
420
384
562
471
501
333
568
714
478
578
375
424
298
563
499
466
304
549
638
489
454
412
408
433
463
529
469
553
448
448
580
505
636
372
426
379
352
548
434
424
470
383
493
511
462
428
458
491
506
565
496
445
513
296
501
391
443
448
390
343
383
458
359
452
384
421
383
301
546
437
338
392
341
372
357
344
535
257
415
368
326
272
350
171
381
479
244
338
333
290
330
263
299
237
310
185
209
181
208
264
210
348
219
258
227
124
117
108
203
114
132
154
120
114
122
114
90
80
81
83
184
43
