1015
1407
793
1323
912
1067
1252
957
954
953
933
1338
818
1033
991
941
994
874
943
953
1306
938
997
967
1041
939
938
862
953
967
1043
969
827
984
982
942
974
847
1129
1201
989
1000
946
919
932
1037
904
959
901
1049
916
930
958
964
1041
990
943
932
896
988
988
1007
842
891
1040
966
997
916
938
1056
913
992
899
927
1227
1175
966
971
937
1015
958
890
989
897
1036
944
878
984
926
946
994
939
968
935
968
946
897
1004
897
1013
902
945
976
915
997
947
926
1027
862
1066
939
811
1026
898
972
988
942
972
957
931
1001
961
887
1024
967
1005
948
918
1054
967
936
1005
929
992
977
913
933
920
1001
898
946
936
990
1014
909
975
1352
960
995
914
980
1052
952
996
887
995
988
913
977
946
988
1002
829
1054
940
1009
983
901
969
924
893
977
984
950
912
931
962
981
1036
814
1068
885
1020
994
888
935
941
910
937
876
974
931
988
945
952
986
899
932
970
876
1053
997
949
918
1005
928
981
909
962
957
951
1000
914
972
976
957
961
884
1055
936
934
964
833
1024
952
911
999
875
1047
963
967
1014
834
1054
959
932
1086
854
1043
960
941
1047
855
997
957
930
1034
847
968
927
1003
970
997
948
983
1034
991
1077
1140
952
1039
929
995
903
954
1020
996
981
926
909
930
986
1012
925
1014
950
895
999
932
942
958
898
936
1026
911
985
925
989
965
971
951
928
1028
874
963
958
880
1065
910
970
1105
818
1001
954
948
1024
917
966
982
973
1038
959
874
934
962
1009
952
983
919
981
963
966
998
897
920
976
983
963
885
963
971
962
914
983
1039
996
804
999
861
1044
954
839
1003
923
1021
923
978
920
928
881
912
951
1034
902
995
964
927
1062
879
971
928
968
1002
932
1001
877
874
1075
937
1229
971
884
964
996
980
869
920
1005
987
934
849
1019
984
891
985
854
1009
1035
917
994
799
991
1005
957
909
789
1028
981
940
1012
806
1014
967
1032
944
903
966
887
1063
850
903
1015
1032
896
975
876
1025
1020
995
988
767
996
972
990
918
857
1034
904
1028
972
777
1021
1003
966
1005
884
911
995
1023
957
908
979
955
1004
891
938
900
884
1084
901
848
957
977
1046
934
900
1007
977
1079
876
970
880
1053
922
956
946
897
959
987
910
935
942
991
996
899
1001
884
966
956
974
1144
1059
1002
907
981
924
939
1111
904
1027
913
965
1031
990
996
890
943
1010
980
962
954
878
1014
1014
925
917
931
978
1020
937
962
950
1043
921
961
980
875
998
928
999
943
874
1058
945
968
911
893
1034
954
997
943
954
1045
938
938
961
892
1024
964
918
1060
886
1012
890
912
1099
840
991
857
947
971
896
969
920
895
1003
904
958
943
958
1015
916
951
1004
906
981
949
1001
883
1009
943
945
988
878
975
929
903
980
892
958
959
996
932
1048
940
938
959
1004
910
932
1009
1065
1167
1030
864
1032
916
971
939
904
1066
936
929
943
884
1077
916
951
945
946
1051
934
1030
909
986
1023
895
1025
888
991
1011
949
958
903
946
884
975
1032
924
998
968
1014
993
878
971
961
897
1044
863
1030
914
1090
1013
903
933
1011
924
1011
794
1050
961
1001
1017
852
953
953
975
995
896
928
988
1022
933
863
1016
926
1025
1088
804
1051
922
979
997
882
944
924
975
1072
937
860
945
1020
1028
964
861
980
972
993
930
938
924
992
964
920
977
881
1037
993
881
964
932
1052
1027
1145
1081
960
1004
1040
847
905
1015
971
1011
884
923
967
972
958
999
820
1060
965
1026
913
823
1021
994
1064
908
809
1030
1037
974
979
866
901
1041
1002
893
854
985
1033
1011
857
873
1030
1016
1041
894
916
960
1028
983
976
817
949
1020
1038
952
800
1030
1041
990
893
906
902
969
1018
872
866
928
1000
990
935
956
937
1064
911
942
920
863
1012
956
930
888
924
1020
1035
944
873
929
989
1026
953
873
963
979
1011
926
804
934
1000
1038
892
909
900
973
1029
894
975
939
985
1047
849
1136
1064
1018
1030
904
938
906
1054
1023
956
868
945
995
944
948
914
865
985
918
1003
961
907
977
891
1013
900
972
1018
928
1012
955
957
951
954
1024
941
849
922
997
933
951
919
957
949
1014
961
970
964
926
989
968
1006
963
872
988
957
978
915
970
983
1041
953
971
850
1016
956
927
922
938
962
1013
1000
859
889
956
1013
956
945
923
1002
928
923
900
964
1008
926
979
870
991
1038
907
1003
919
933
983
978
907
951
941
999
963
906
971
980
1096
888
937
952
919
980
857
986
1102
1063
954
929
956
936
968
973
894
938
969
1004
965
964
930
926
1022
938
911
883
942
1008
994
1001
817
914
1058
1000
918
897
911
1013
1014
968
891
973
1007
1076
934
880
900
989
999
958
871
1028
994
993
881
892
973
932
1060
839
987
1025
921
988
875
924
1004
934
935
949
899
974
1032
911
955
945
909
1001
964
847
1057
981
956
968
857
919
1045
972
1020
804
1030
946
1023
983
920
931
962
1032
1041
969
924
954
1039
1008
889
953
937
926
1062
862
967
889
984
1011
854
1033
910
1213
1041
985
900
995
911
989
930
1046
889
924
1028
904
1073
949
936
1014
833
997
880
985
982
908
965
898
967
1017
864
1009
917
1031
1021
875
995
820
1092
1023
857
1040
856
1033
1022
892
922
907
997
1032
907
933
941
1000
969
940
898
969
1031
1052
908
964
891
962
1096
899
944
837
1060
984
909
1046
838
1047
941
926
1018
884
1070
981
952
945
876
1006
1030
965
891
949
969
1019
977
869
931
943
1011
952
932
949
1018
976
885
957
960
882
977
980
962
905
1008
972
929
1063
831
1063
1117
1042
1032
900
970
928
948
1009
887
1041
886
982
936
934
1056
1026
937
910
918
1028
903
994
895
1029
910
852
1056
948
947
880
894
996
925
924
894
975
1031
966
982
909
939
1056
895
981
968
955
1015
818
947
972
939
945
874
1034
1000
966
942
887
991
1032
1041
894
948
852
1056
897
1005
903
892
968
1001
1026
846
978
992
959
1044
828
948
1073
946
993
901
911
964
958
1067
905
864
972
958
1058
864
910
1034
914
1041
834
933
1023
956
1035
834
1002
1043
939
915
916
880
1046
953
942
1182
968
1085
955
935
962
981
1006
968
953
929
926
977
902
1070
808
1008
1011
929
952
873
962
998
850
967
944
914
965
978
989
930
955
973
1025
989
892
892
1076
955
872
903
935
991
1008
973
900
959
1003
977
954
851
943
998
951
990
880
924
1001
998
932
906
948
926
1070
995
857
926
973
1030
1048
858
969
950
1024
993
831
925
887
1015
923
879
946
976
1080
893
894
965
975
1062
859
947
904
998
1024
806
927
974
938
1071
815
951
989
1010
1062
844
932
957
973
1080
855
919
1200
1119
1064
806
875
1023
1012
1067
794
925
1017
983
979
819
918
1027
1031
963
818
964
1036
1003
969
821
987
954
1026
933
819
968
917
1014
966
865
1006
921
948
1018
880
1065
880
988
975
869
991
905
945
945
935
1035
866
1082
982
940
952
910
965
985
931
959
952
1089
913
954
912
921
1003
971
909
897
902
988
954
912
989
912
969
1004
922
964
817
1036
989
924
966
889
1015
1022
961
954
868
972
1053
890
1014
870
969
1011
1005
936
898
988
961
977
942
822
1008
976
1037
883
930
1078
1233
975
979
855
993
940
974
927
896
960
1019
969
886
1000
928
1049
1027
894
924
917
1032
903
932
982
1002
1004
879
916
932
960
937
961
962
894
1009
969
1015
944
882
933
1032
951
933
932
976
943
991
937
937
914
880
1093
902
941
944
961
989
977
933
919
1033
984
997
917
921
936
989
933
975
849
968
1002
964
954
921
916
994
939
1040
871
1016
971
940
1008
857
928
1031
995
920
887
918
1030
936
940
963
892
1023
870
988
909
992
1007
954
938
939
858
1067
935
972
918
1028
1170
966
1017
908
904
998
915
1014
868
999
944
956
982
927
963
942
986
995
888
1018
992
862
969
921
1011
896
959
981
963
979
957
920
986
894
944
926
993
985
1007
944
916
994
953
965
943
943
1009
944
879
977
989
970
989
885
1010
917
1053
954
898
960
959
1017
1031
882
997
933
1019
982
852
1043
958
1001
928
872
999
975
937
1010
873
1009
970
923
999
946
914
987
928
1014
1003
867
1004
870
1029
965
909
954
943
1016
1016
929
997
953
976
1007
908
958
1010
942
988
822
941
1073
1192
976
880
919
885
1072
996
852
981
896
1017
993
873
995
870
1043
978
872
920
987
1023
960
846
859
972
983
1081
876
1006
898
1019
925
956
1018
839
987
942
926
984
896
977
897
955
951
940
894
953
1011
1036
921
902
975
973
1048
807
869
1028
1018
996
897
918
966
931
949
958
886
994
993
967
960
919
968
861
976
974
919
977
949
1048
919
942
929
911
992
973
913
974
918
958
1027
970
1058
829
977
962
1016
1007
839
1031
997
927
1045
859
890
965
970
1012
860
1027
930
1033
1308
1005
855
983
961
1028
935
858
945
907
1092
920
902
934
925
1017
1008
873
969
931
1069
929
905
922
934
1042
907
950
935
898
1040
917
977
873
1004
1058
964
1006
827
985
993
913
1000
915
993
1012
964
1018
856
949
1062
941
987
830
941
1040
971
857
913
939
1021
1004
922
953
997
994
952
924
925
913
1045
909
878
961
1018
1027
945
941
909
1012
952
949
866
943
1000
986
916
916
935
1008
1039
939
922
844
1052
952
1037
885
930
1033
990
929
910
908
1032
993
955
944
717
1076
1036
1191
982
837
995
1053
975
858
926
993
1008
1027
1021
777
992
1017
1040
919
829
937
1108
1007
973
787
988
998
963
997
878
923
1032
1026
985
848
941
1071
1015
995
741
1002
1061
937
1033
778
971
1058
1033
1036
714
1022
1044
952
999
722
995
1079
1034
970
764
959
1075
986
954
788
933
986
982
959
832
996
1025
1065
949
769
943
1052
977
915
930
858
1023
956
990
842
882
1015
967
991
870
922
1102
1027
1000
791
946
1016
992
956
812
994
1005
985
959
856
927
1058
955
960
882
909
1071
986
1038
1049
961
1069
1033
1001
859
951
1015
1051
946
933
908
995
928
991
904
947
1029
958
984
938
961
930
974
939
886
963
999
936
986
922
979
947
917
1015
842
935
951
1032
965
952
922
1013
895
950
960
916
1022
942
1040
896
1028
1001
939
883
870
1012
1022
919
967
884
981
1032
917
994
969
957
926
930
950
1039
872
986
924
1017
1038
890
953
948
959
1000
908
972
890
948
959
886
955
951
982
926
873
1000
992
987
956
845
966
991
960
978
893
908
995
982
984
878
986
1031
946
1015
1065
1105
927
957
978
912
985
980
952
1016
846
1049
993
942
996
899
981
894
1000
946
950
887
920
1027
946
922
959
943
988
984
854
1025
980
970
871
929
983
1028
1037
858
929
983
946
1020
934
887
1038
905
996
900
892
988
929
1032
842
977
942
920
985
844
1019
974
950
1042
869
967
958
962
984
968
958
911
947
954
940
997
952
930
921
912
957
983
954
946
955
924
1022
942
904
976
888
989
939
955
1017
976
953
997
855
913
946
978
1051
930
984
894
984
1058
874
992
837
1128
1282
921
997
879
1007
1024
900
870
973
939
1074
931
890
930
943
1033
1002
817
1020
951
999
1007
848
971
998
966
1025
952
853
926
1002
996
876
877
986
1034
937
964
872
943
1030
997
974
923
848
1053
991
958
875
931
1005
1001
860
949
916
1078
996
901
873
918
1079
1026
983
832
940
1053
1021
907
858
943
1052
1071
872
819
984
1057
1057
862
876
1030
956
1087
972
774
952
980
1038
880
824
1040
974
1059
957
851
957
1040
1074
944
885
958
968
1038
864
975
940
914
1115
874
893
1048
900
1214
1047
849
951
987
1020
911
886
1002
940
1067
905
845
977
980
1049
942
987
845
918
1052
921
988
963
905
966
922
981
925
1035
908
1014
910
965
988
950
952
940
965
971
881
955
978
937
992
949
1012
983
940
1008
920
917
993
935
960
855
994
936
972
1017
877
1013
921
950
1070
893
1032
893
992
991
992
919
933
929
950
1015
929
907
978
991
924
938
878
1012
928
953
944
906
1015
866
987
1000
856
945
946
972
908
975
1031
913
992
880
955
1016
1030
907
975
967
1026
955
960
1097
1129
937
943
1012
882
900
990
966
995
872
956
1024
974
971
958
898
1024
1047
851
878
959
1000
1022
961
744
1044
965
995
1023
833
974
958
1063
939
896
981
979
1082
990
831
968
948
1031
1048
880
917
949
1052
953
854
980
947
1050
924
913
878
1090
1081
1024
873
860
951
1043
939
882
885
954
1001
980
882
952
934
1035
961
935
864
962
1045
988
869
865
972
932
1066
924
937
930
1019
967
859
933
951
999
1028
870
999
983
913
978
924
865
1027
918
977
931
888
971
964
1006
975
962
1207
1003
993
992
909
1050
925
940
1033
816
1034
975
907
1038
926
941
989
948
987
990
991
961
894
921
961
931
1000
903
993
945
1032
1076
836
981
960
1019
974
943
866
997
954
967
1014
844
985
945
1020
932
962
894
1031
898
1012
900
993
1038
905
981
934
962
957
920
933
972
879
970
995
907
1015
926
920
1006
899
931
1001
990
973
926
1019
861
1022
888
1016
978
935
967
887
943
1017
910
961
916
989
1000
944
999
925
938
921
1009
1022
937
936
848
1003
1046
954
911
945
966
1076
1085
1052
935
988
1000
935
920
938
932
1035
925
954
881
956
1057
991
892
874
979
982
983
853
996
942
984
991
771
1026
961
1020
974
829
1028
1000
964
933
913
933
1039
990
970
873
958
1048
947
961
830
1011
952
1014
985
836
1044
1028
980
932
900
934
929
1033
1079
817
965
969
962
987
841
934
951
751
146
