121
479
409
443
421
537
228
353
425
365
562
282
257
444
240
362
263
412
532
354
354
312
280
334
282
365
279
303
415
195
337
254
466
594
226
381
254
364
298
341
329
259
358
400
262
325
244
363
383
260
340
260
367
336
260
347
232
355
394
232
396
403
483
312
322
404
250
333
330
323
396
217
343
316
335
367
248
315
342
292
390
207
333
352
279
316
268
355
345
276
359
259
349
404
223
344
223
376
358
293
342
242
357
371
238
323
294
364
345
264
330
263
311
352
243
419
398
557
369
287
338
232
415
347
236
368
323
277
381
258
385
216
344
378
215
440
278
273
342
228
438
257
311
331
275
381
257
329
356
286
341
337
298
308
270
381
298
315
326
282
417
284
326
338
301
342
325
302
352
225
406
288
273
373
271
371
262
301
331
299
410
233
286
425
225
399
232
332
329
236
349
309
346
322
310
344
285
343
349
246
367
274
390
279
303
355
311
374
296
271
361
324
339
329
238
355
255
431
263
265
341
219
486
349
400
527
228
460
311
300
354
323
362
273
305
387
272
346
250
314
373
255
360
289
342
342
211
395
286
294
382
223
424
248
322
378
236
356
285
347
351
238
339
295
310
390
268
295
277
313
399
271
322
319
337
388
255
310
291
304
340
337
305
249
341
329
319
296
294
314
349
308
360
237
358
292
315
350
243
373
293
314
347
295
320
296
346
309
283
329
292
366
326
241
339
342
311
331
248
330
399
323
332
235
312
373
325
351
208
312
378
263
403
240
305
318
286
324
279
365
341
269
304
292
355
349
239
354
302
347
314
287
357
326
331
304
323
309
336
281
349
241
383
369
218
353
230
361
381
307
340
252
379
351
336
297
288
348
354
316
273
309
356
327
340
301
321
354
327
315
286
323
352
302
340
293
299
364
341
324
265
314
322
318
356
248
355
267
355
330
282
311
344
261
369
272
309
334
258
347
290
318
377
277
287
327
314
335
293
389
289
328
310
276
351
323
318
342
387
477
366
359
378
352
330
233
328
342
355
327
246
321
359
390
293
298
301
261
496
291
302
288
255
435
294
341
277
290
398
283
303
284
371
350
290
314
288
329
387
280
313
293
307
378
290
315
264
304
393
277
352
288
315
403
285
322
296
318
385
284
302
292
355
361
287
276
259
300
416
308
284
296
304
282
372
213
389
331
294
376
273
315
301
225
384
320
318
309
280
385
311
325
264
326
372
367
279
260
318
387
324
285
232
337
356
331
337
292
282
392
340
311
244
318
363
298
317
213
350
322
293
334
220
354
345
265
358
242
354
348
281
348
225
314
400
270
331
225
327
362
343
300
265
410
294
294
355
245
372
230
364
297
245
387
282
353
323
241
378
295
351
332
258
415
297
353
313
316
306
269
345
340
310
291
292
358
303
335
318
274
337
303
338
371
228
338
278
303
370
315
321
293
295
377
282
332
240
313
436
257
308
292
354
384
269
308
294
336
343
308
345
288
307
407
288
315
260
343
382
261
329
243
325
335
302
320
230
361
356
304
325
236
406
346
267
311
251
393
361
262
282
268
386
371
300
285
270
397
362
269
291
295
360
349
302
301
239
450
357
263
330
200
415
360
268
308
244
400
368
309
323
267
413
335
300
326
236
396
355
280
324
247
350
407
268
307
281
351
407
216
343
250
399
372
254
286
310
318
402
233
323
302
278
360
301
298
266
334
416
259
347
241
322
413
289
299
323
305
398
239
341
411
255
386
253
384
314
295
410
263
390
301
339
500
311
452
335
291
359
287
342
293
297
371
276
318
346
269
404
245
402
309
244
390
220
356
412
275
358
243
358
399
211
364
311
281
392
248
315
341
236
426
222
353
240
324
432
239
377
283
338
415
281
298
337
306
312
317
277
316
343
327
308
277
338
364
297
295
274
265
396
320
308
270
312
347
277
342
278
283
390
305
311
282
323
351
339
281
311
280
372
355
268
323
346
202
400
289
354
404
209
414
294
288
346
205
415
354
252
324
247
365
334
241
351
245
421
321
240
357
235
441
328
225
329
404
321
276
286
371
397
255
328
274
333
411
253
308
306
301
417
273
319
299
272
430
288
274
352
261
328
350
286
374
315
360
282
313
369
253
373
347
283
376
256
344
316
288
311
261
305
353
321
310
286
359
321
329
334
290
355
332
286
327
258
366
371
285
339
300
296
366
305
285
330
304
380
322
286
303
313
341
263
322
312
343
345
276
301
364
243
400
258
343
280
315
288
322
310
344
319
310
295
314
332
358
256
328
313
321
398
259
337
336
322
372
282
304
269
293
401
313
212
304
296
418
313
272
315
299
385
274
298
253
303
418
252
332
245
328
424
314
249
295
314
295
400
251
311
301
330
348
255
350
248
354
367
272
282
315
258
337
309
267
361
320
392
250
275
367
322
372
295
273
359
318
389
239
275
362
345
406
226
272
295
350
372
291
255
342
287
423
289
229
359
332
361
263
270
333
341
389
292
256
389
282
385
285
189
385
239
432
275
257
351
306
465
402
250
453
267
432
360
203
387
207
351
313
270
390
218
429
324
250
377
194
454
288
235
355
269
391
310
227
422
262
410
272
257
327
242
358
399
245
329
237
442
293
249
343
245
411
302
237
357
246
421
339
242
372
225
401
346
261
340
236
402
280
340
341
223
378
327
289
362
150
440
343
266
375
135
432
341
242
330
188
422
332
251
359
173
472
256
315
357
178
445
360
252
356
182
416
327
301
338
168
398
342
367
332
224
384
286
354
371
234
322
307
363
330
168
379
293
355
360
191
391
293
355
338
181
421
253
342
380
184
418
283
372
358
182
378
309
315
316
218
399
356
298
361
260
327
421
271
344
205
358
385
284
369
174
342
400
263
387
171
394
345
278
368
184
375
355
284
380
172
370
372
280
391
214
317
317
292
404
177
383
354
271
379
192
414
355
203
405
186
395
424
174
396
209
394
338
179
476
263
365
368
170
442
258
316
341
248
401
255
332
385
291
360
266
267
388
315
354
231
344
350
297
378
192
347
300
309
402
229
291
348
240
406
219
303
390
232
439
173
355
371
233
437
221
269
384
231
437
221
302
417
233
421
205
317
377
296
401
237
317
298
337
424
247
299
383
340
380
223
308
368
260
418
220
361
318
279
383
245
339
326
276
418
224
303
324
269
404
283
327
322
274
350
301
313
264
313
339
306
341
313
264
344
299
326
325
283
390
273
325
353
247
377
341
305
241
345
348
330
310
323
261
330
310
310
275
305
346
321
329
277
340
307
402
425
402
281
341
405
305
288
303
349
308
357
225
301
376
321
313
314
288
311
380
381
326
250
353
288
444
260
281
354
295
407
320
242
377
262
397
282
291
369
282
389
323
273
338
310
341
318
276
328
313
354
330
276
377
265
336
371
253
379
311
274
390
207
380
317
293
331
245
439
242
369
350
188
420
296
305
331
229
421
233
332
354
230
430
330
320
269
234
424
323
347
339
272
396
261
356
325
217
397
308
311
298
226
434
250
384
328
194
404
332
287
353
199
388
292
383
329
203
355
365
364
326
223
353
315
369
298
209
401
212
419
323
200
447
249
375
345
202
363
298
365
302
260
394
309
319
289
331
323
347
342
286
319
284
353
361
292
313
369
289
376
268
298
318
337
331
265
292
312
339
357
256
314
367
314
359
255
323
396
308
341
259
296
371
357
333
241
286
328
387
291
238
316
347
377
350
248
297
325
277
371
239
317
320
333
344
249
294
322
313
373
229
309
328
318
265
321
337
318
350
291
251
300
318
362
325
261
325
295
371
269
335
289
305
365
277
311
287
346
360
280
316
325
323
356
260
333
313
375
357
238
314
285
341
371
278
286
320
340
319
344
286
259
314
418
380
242
296
297
337
351
292
326
268
335
351
285
315
266
351
377
261
312
275
353
306
289
298
278
317
303
329
334
272
326
314
301
329
291
354
349
292
338
318
321
271
361
345
356
229
329
354
341
319
302
300
332
313
277
324
312
368
301
340
213
427
237
380
351
290
363
236
379
366
416
440
315
334
402
313
324
236
342
274
374
331
222
391
324
301
303
251
376
295
390
275
256
399
324
357
282
242
422
266
362
264
224
385
321
348
295
256
363
296
398
293
246
339
364
345
286
243
375
310
363
290
276
363
329
322
324
283
341
338
352
262
326
331
305
415
291
303
326
290
417
279
306
301
247
417
326
279
314
255
409
332
292
310
294
335
396
284
272
319
308
408
273
275
318
304
368
282
278
319
310
366
266
284
339
335
386
289
274
327
346
383
273
289
329
312
426
302
332
273
306
413
280
311
274
305
398
262
313
274
337
413
239
275
274
312
434
235
335
247
316
434
297
327
256
357
421
245
321
318
329
411
269
371
210
361
437
265
300
270
321
453
203
301
316
306
407
221
340
231
371
395
249
341
251
365
443
250
304
260
353
422
209
354
236
401
338
231
335
295
360
358
225
346
287
336
412
242
324
267
336
355
252
355
274
373
355
230
361
205
437
351
248
351
252
361
398
239
326
283
333
421
230
318
262
371
450
246
318
235
413
400
254
316
258
350
396
278
327
312
262
432
235
289
323
303
380
250
320
292
282
469
225
323
382
179
465
213
327
341
233
489
177
373
392
194
455
182
347
369
256
428
204
348
399
217
461
197
328
369
255
421
221
359
332
242
370
281
325
306
237
426
267
323
349
290
382
283
313
271
290
403
243
339
316
263
426
239
368
311
273
383
256
345
293
292
438
224
347
274
297
411
268
350
272
255
494
219
335
285
319
412
270
379
438
333
498
237
440
297
276
470
210
358
322
274
381
243
373
278
327
389
211
368
248
316
483
176
374
274
320
413
164
387
327
256
450
184
388
285
283
407
220
384
303
230
378
219
433
296
301
421
161
414
274
329
454
128
427
299
275
429
148
413
336
286
384
153
413
285
291
450
138
428
240
366
410
168
439
287
305
387
175
400
247
337
425
199
407
310
296
393
177
407
316
269
400
166
435
331
229
450
98
483
306
251
415
182
425
269
269
425
174
435
227
298
431
189
449
264
285
421
181
399
311
232
461
144
436
282
292
480
150
460
245
254
467
130
445
292
294
460
136
436
290
282
459
143
449
273
225
481
127
410
317
225
489
159
456
347
200
436
134
404
320
246
452
143
431
341
216
424
176
444
404
174
440
190
410
326
261
393
214
409
314
258
357
250
394
308
234
369
236
346
337
240
431
214
332
325
239
428
193
328
359
236
422
225
319
325
240
405
214
375
363
255
412
249
330
396
240
430
235
355
341
224
408
229
310
391
205
405
272
316
325
238
404
290
265
344
258
398
284
257
358
236
415
265
328
351
213
393
247
370
355
251
374
265
345
375
216
419
215
368
389
182
381
259
342
400
215
403
178
388
342
265
423
217
372
386
214
420
203
359
388
199
412
176
380
392
155
439
157
391
361
201
403
263
330
370
206
405
217
346
287
275
474
212
347
327
217
485
189
307
344
218
452
244
323
350
244
445
274
322
325
228
469
247
316
341
211
504
192
314
355
200
488
240
405
439
303
478
291
355
294
264
443
207
305
354
297
431
209
315
360
221
461
224
358
363
218
447
224
345
402
207
421
243
337
356
192
421
252
344
315
251
363
346
302
331
193
312
312
384
313
211
321
417
275
297
256
339
338
348
322
235
363
327
303
281
284
353
374
324
263
301
316
350
324
263
328
317
305
336
343
276
312
340
332
360
303
288
326
316
356
338
267
320
323
340
310
275
343
275
403
274
336
351
313
295
379
271
323
254
369
318
260
332
250
349
316
308
350
265
350
344
226
363
232
360
264
348
373
262
349
321
286
391
210
397
367
243
383
279
301
356
248
401
247
371
373
251
372
283
309
334
275
310
311
341
337
303
360
357
291
303
291
339
305
320
320
282
374
230
348
365
254
390
269
351
373
205
430
242
315
350
238
442
262
357
321
252
433
275
334
319
255
408
269
307
325
241
403
310
238
351
252
435
269
246
358
289
396
233
302
403
218
387
293
343
425
235
324
235
330
350
237
369
279
277
327
284
410
286
271
348
313
355
305
278
374
310
329
274
312
322
315
304
285
368
271
305
327
279
365
317
299
352
265
329
342
301
306
268
386
313
288
312
286
415
286
282
296
301
424
249
325
327
285
365
335
316
306
277
423
232
323
341
241
369
275
343
338
269
388
292
290
317
301
404
237
333
320
256
396
240
350
353
278
361
313
325
327
284
370
219
359
374
227
479
209
338
342
258
457
208
369
309
307
386
186
289
351
272
402
173
337
263
360
380
202
379
424
330
438
222
458
224
375
348
243
360
278
358
349
286
320
280
347
336
275
319
272
379
295
322
313
294
358
299
280
370
256
307
330
284
400
291
279
359
274
365
294
352
366
263
342
328
278
365
245
365
287
295
428
179
371
308
237
416
218
330
330
262
431
203
395
340
206
408
214
359
438
190
397
242
308
371
223
403
215
364
359
250
431
169
429
253
298
407
202
369
332
268
428
196
361
367
243
432
211
336
363
246
416
198
361
386
253
444
232
354
345
251
448
219
356
392
198
416
207
361
360
207
429
208
343
425
165
419
204
340
387
210
425
225
373
362
265
419
221
346
354
273
402
218
384
256
301
427
193
335
260
364
376
197
334
278
352
394
218
384
284
347
357
256
357
244
413
359
216
339
241
396
351
240
321
288
360
370
203
331
321
331
397
211
358
251
321
343
232
404
264
308
386
229
385
264
308
404
207
414
296
295
357
256
400
278
272
349
263
388
270
321
331
275
380
182
362
387
289
359
205
389
357
254
397
208
380
390
215
373
211
325
451
203
377
204
365
354
250
390
209
365
430
200
387
212
400
398
173
416
212
403
436
212
356
194
368
438
214
354
249
342
381
213
388
247
363
408
284
318
317
312
393
231
378
315
294
398
246
370
359
246
403
258
379
343
236
424
232
380
360
257
410
201
356
286
272
434
257
286
370
293
416
241
287
338
271
407
251
287
317
315
369
281
309
297
312
361
288
288
325
326
377
233
321
310
326
368
245
313
308
315
364
377
326
423
367
375
401
242
329
303
347
268
318
338
276
351
337
290
353
283
332
336
287
320
281
393
258
341
327
317
366
306
231
326
343
377
306
292
300
355
361
314
289
312
312
454
257
326
255
306
403
257
303
280
270
471
236
299
312
272
464
204
337
282
296
414
221
293
332
293
415
256
319
290
284
429
217
365
252
267
468
234
313
292
269
481
226
343
286
287
475
247
318
287
245
494
239
316
286
263
510
242
318
295
205
493
244
301
273
294
490
240
327
294
239
479
262
296
318
278
425
257
354
286
274
463
183
370
326
211
412
214
375
294
311
418
253
334
263
283
411
285
333
328
286
397
265
326
311
255
401
250
346
333
289
379
242
346
279
279
434
262
326
276
302
448
299
292
285
296
434
291
343
331
198
452
287
312
285
239
480
207
351
309
266
457
204
380
297
203
464
271
341
307
249
445
232
348
276
253
470
232
349
278
259
447
294
372
291
246
408
320
269
354
205
421
321
261
309
232
437
289
312
351
212
484
306
284
364
264
405
231
376
303
256
419
275
272
392
213
449
234
282
456
202
412
256
325
383
259
361
257
291
428
238
364
276
332
359
262
311
322
317
346
301
363
271
317
377
236
315
306
318
346
265
342
276
323
368
287
363
277
288
385
282
382
212
403
315
294
352
246
377
286
326
318
293
335
279
330
345
308
307
299
223
347
352
274
336
305
336
360
281
287
285
396
352
282
334
240
403
360
259
292
286
436
363
239
280
285
334
400
277
284
342
361
402
451
278
398
369
294
352
263
346
304
306
347
236
357
316
320
323
277
381
307
321
368
242
315
343
304
355
248
324
340
308
330
274
287
362
321
352
289
275
353
340
340
291
306
371
350
370
287
283
381
248
311
326
317
302
336
346
287
272
299
352
353
317
313
290
356
297
300
332
219
414
299
324
296
233
382
276
314
333
262
378
307
330
344
210
428
258
301
271
261
400
291
313
322
251
386
270
342
271
258
381
269
347
287
272
403
274
360
294
316
395
229
413
272
297
322
366
336
316
253
320
340
357
268
297
345
360
347
268
304
320
360
356
233
356
283
349
326
241
364
267
344
260
289
396
257
325
337
285
330
281
326
351
208
414
214
398
385
259
375
231
387
320
279
385
196
381
334
269
407
231
348
294
287
459
216
363
369
261
419
251
288
348
298
419
231
306
320
253
392
252
310
353
244
431
227
330
326
253
400
262
353
344
228
381
291
287
392
229
382
240
350
380
217
383
247
352
309
320
370
243
410
311
268
367
237
384
326
290
355
228
382
320
249
409
284
384
366
215
353
246
408
363
174
382
293
358
395
174
390
219
375
373
213
345
242
396
371
210
376
268
320
483
173
339
317
293
433
170
359
288
331
418
181
395
294
324
429
159
389
267
329
412
187
336
292
345
389
189
351
322
328
351
220
382
255
339
358
245
378
264
385
332
252
376
283
376
362
217
403
264
341
391
218
383
202
412
348
200
367
211
408
323
247
389
200
421
280
245
407
221
395
343
255
455
216
583
375
239
440
221
391
266
332
386
213
415
288
291
396
228
422
293
300
356
293
359
328
272
330
249
425
318
282
334
281
357
323
285
297
303
330
364
242
292
334
344
405
198
320
264
387
415
205
309
340
398
332
191
311
309
336
371
163
347
304
430
322
235
316
322
359
302
259
319
268
380
276
287
306
268
429
273
305
305
300
330
319
282
357
305
350
280
326
371
286
355
320
271
361
280
346
344
249
369
275
374
336
256
421
248
373
299
243
372
277
360
317
280
388
250
349
277
281
401
224
341
313
244
442
242
315
288
270
406
257
378
313
252
443
247
346
350
252
375
284
351
326
268
351
291
337
296
265
312
324
323
331
277
352
270
328
406
224
355
286
351
347
204
399
280
333
351
217
383
304
311
398
239
342
272
310
402
238
357
253
293
432
227
389
290
254
416
203
423
290
250
424
249
353
271
286
470
231
346
273
282
439
216
392
285
274
453
188
402
246
345
423
179
398
258
323
436
235
373
240
312
410
192
422
195
305
474
137
423
264
262
429
163
392
222
336
387
236
442
200
307
350
229
463
195
349
303
273
491
175
337
334
245
492
229
301
303
291
471
180
345
310
260
489
186
323
312
298
446
160
399
272
280
433
194
401
252
272
463
180
340
254
304
461
174
345
290
315
441
172
350
284
307
484
176
329
247
353
488
163
350
235
359
469
171
371
277
320
467
171
356
323
274
466
182
338
335
281
458
136
392
298
275
478
136
384
298
304
428
180
389
336
335
605
118
512
304
324
428
145
421
254
328
437
143
404
275
327
410
151
458
276
307
417
135
431
289
306
382
206
413
240
305
395
219
412
291
266
381
203
402
268
302
388
197
468
202
344
315
256
472
221
296
417
167
480
214
279
432
173
486
254
323
401
159
448
219
333
389
184
466
212
332
373
178
464
240
341
360
209
353
338
325
303
282
339
242
346
298
272
415
225
311
347
265
387
259
343
368
225
407
199
320
385
246
415
237
333
335
323
274
319
311
393
251
331
283
312
403
281
335
284
307
348
333
313
269
323
402
262
304
280
305
342
330
281
320
300
309
392
241
358
276
339
280
290
301
314
371
350
238
331
289
393
376
272
323
287
393
364
280
292
302
352
324
317
275
316
349
300
284
330
305
355
325
279
314
384
287
262
331
370
262
386
310
331
370
259
350
296
322
281
319
351
258
379
315
234
363
281
346
310
261
413
242
340
315
261
378
260
334
314
228
386
338
285
311
276
289
348
298
327
321
331
289
327
307
269
373
257
369
327
263
384
288
294
310
297
400
300
286
278
266
453
255
295
307
274
440
255
329
290
242
470
277
285
385
203
394
270
297
365
291
407
305
267
357
286
371
307
291
355
213
414
293
239
340
352
349
363
207
355
305
331
383
211
348
305
347
314
275
334
310
371
358
249
367
283
354
336
287
331
259
363
323
291
342
268
370
278
274
368
250
389
320
248
387
200
395
312
292
400
228
361
304
274
406
238
352
272
325
391
203
399
276
386
454
225
493
344
408
338
235
350
321
340
344
251
315
294
325
376
240
346
319
272
383
254
326
300
301
369
286
335
303
282
386
235
345
283
323
414
289
333
218
348
381
252
392
177
408
411
211
401
217
349
432
232
391
242
309
415
208
384
299
257
392
234
419
230
288
374
245
415
206
354
382
262
412
252
347
353
255
425
220
324
339
223
369
302
316
334
234
420
306
279
345
235
344
351
263
334
232
362
355
294
381
203
345
379
276
360
256
353
369
272
346
251
377
361
244
342
283
297
356
256
361
279
342
345
266
370
286
350
272
264
397
280
356
296
309
345
273
362
271
316
383
243
311
354
330
355
223
287
349
317
331
224
310
357
367
363
275
260
365
324
376
200
312
358
280
412
271
282
349
261
415
271
272
371
305
390
255
300
388
244
384
288
282
441
224
400
281
250
440
220
372
293
292
431
215
396
272
264
392
245
352
270
284
333
258
364
335
230
371
266
376
277
318
315
293
393
325
237
325
280
362
316
313
351
286
384
323
265
333
228
391
280
282
338
263
457
322
256
365
298
371
322
256
362
299
348
299
280
336
262
386
376
247
345
276
348
321
246
379
194
419
343
239
355
344
348
312
239
331
317
325
305
267
344
322
348
302
260
341
344
329
286
285
339
272
420
277
235
330
278
430
297
260
307
271
420
285
274
350
270
394
300
260
398
268
370
312
276
351
285
346
264
245
425
277
345
319
220
414
298
356
302
287
353
279
326
320
289
332
311
361
293
288
382
317
392
343
432
363
304
358
326
291
311
305
319
298
267
366
303
325
344
268
338
317
273
343
270
330
294
322
414
272
257
348
319
368
264
285
339
337
350
272
311
308
332
351
269
288
376
325
354
283
269
323
344
379
277
313
281
343
337
327
285
317
360
354
269
262
352
305
328
231
306
343
284
407
284
304
336
272
351
297
282
371
267
382
300
270
399
275
354
333
265
328
338
363
304
269
359
260
348
311
258
325
272
399
262
260
384
294
354
312
298
344
309
347
294
330
333
285
348
348
278
356
272
361
313
345
336
225
369
313
314
315
271
366
320
305
275
299
347
325
308
349
319
301
308
327
298
307
303
326
305
346
321
362
285
285
352
326
318
306
331
314
255
359
326
372
221
358
376
248
417
208
314
383
294
380
196
419
377
211
387
253
310
440
214
346
271
314
459
179
410
283
317
398
210
387
277
326
396
242
375
246
324
423
241
349
260
340
406
278
316
243
384
387
295
326
279
321
343
291
321
224
363
340
324
320
279
322
359
302
286
286
406
291
372
245
306
334
303
352
235
307
395
314
319
288
315
321
357
329
233
376
287
320
288
339
338
277
362
283
314
390
303
302
315
310
402
285
275
267
347
381
314
272
274
318
385
302
285
286
347
359
281
309
290
292
408
260
351
295
282
400
286
327
324
294
315
338
358
295
343
353
347
213
321
330
413
279
311
298
362
381
210
339
321
334
389
216
381
255
344
411
210
366
247
342
400
221
359
245
301
417
202
397
255
335
420
318
517
274
305
388
278
339
257
333
404
209
368
249
276
441
208
402
247
265
461
180
383
296
244
412
252
394
264
290
380
289
349
287
270
391
283
331
292
271
390
279
364
299
266
408
201
370
297
303
416
195
398
281
269
438
159
425
260
289
484
116
481
275
253
419
135
402
312
300
329
209
369
326
285
360
208
374
286
315
426
211
408
293
327
322
368
322
280
307
297
348
328
307
307
322
340
335
276
312
322
353
286
301
305
286
322
336
319
314
324
339
264
324
293
320
330
277
325
322
302
337
279
305
314
311
309
276
334
330
328
317
280
369
292
306
263
283
334
320
324
307
352
288
355
313
290
356
328
320
332
433
160
351
320
310
424
161
380
338
293
378
199
351
290
304
320
262
349
295
343
326
263
395
325
302
339
247
393
310
301
312
296
352
298
313
291
291
352
303
275
353
278
317
357
253
371
265
342
304
294
357
273
344
337
340
326
318
306
328
321
328
264
320
359
291
313
269
300
337
304
302
287
316
377
294
280
311
325
359
294
289
314
324
353
359
297
360
291
316
354
283
326
263
300
357
279
298
301
306
359
330
282
318
359
320
266
296
322
344
322
283
324
334
306
314
348
271
324
340
366
319
319
258
395
279
370
316
246
341
367
264
369
244
364
369
249
320
310
360
369
256
341
276
358
385
259
334
284
390
395
198
339
265
386
375
233
293
309
380
326
238
293
304
317
390
244
315
295
350
394
242
306
276
325
435
265
296
277
352
433
240
344
303
315
575
305
404
306
330
409
243
300
339
267
431
267
308
356
266
402
259
265
385
232
412
245
271
376
253
446
237
273
393
209
430
272
305
290
280
388
296
287
344
290
394
267
272
378
214
411
279
289
437
206
422
233
295
417
218
377
297
289
391
243
417
243
292
404
228
435
238
274
370
227
404
266
266
373
305
405
260
284
376
194
392
261
301
380
202
442
320
242
372
219
442
284
298
351
226
366
316
244
392
264
382
373
228
356
253
433
325
298
331
261
427
321
293
321
238
434
283
274
294
250
436
308
274
315
224
434
315
303
348
215
452
341
257
317
287
407
334
270
355
302
379
326
263
292
250
442
300
241
397
201
421
334
270
389
241
376
283
273
377
244
374
322
231
374
266
398
282
272
394
238
362
270
285
377
217
403
237
326
414
206
384
230
323
422
258
404
278
280
398
240
394
269
318
389
238
440
194
318
387
209
439
199
383
364
260
400
253
278
355
232
421
212
309
381
228
414
222
316
427
219
413
290
245
416
234
415
294
289
364
244
426
223
304
454
188
431
179
381
392
185
424
229
306
387
207
408
196
355
355
241
436
215
337
356
241
417
135
423
344
246
446
294
311
309
204
481
137
395
375
205
455
158
388
390
205
446
233
329
423
156
394
298
330
401
159
402
288
254
456
129
498
256
286
458
187
452
259
280
421
150
478
205
301
421
128
494
257
301
400
192
481
286
265
416
182
417
282
262
426
136
438
327
220
370
150
424
351
204
400
180
477
265
325
412
174
649
327
340
371
206
387
265
273
387
224
459
280
265
432
137
444
313
227
376
202
475
340
243
418
159
425
320
225
437
186
446
315
249
427
156
452
357
206
451
151
378
387
208
464
172
391
348
210
454
146
407
349
197
450
147
376
422
234
464
107
430
394
215
471
100
433
392
195
426
176
411
326
183
445
225
360
375
210
445
242
341
327
264
391
227
369
331
249
428
267
354
323
268
435
200
390
356
191
434
194
410
371
182
452
198
390
392
179
427
137
482
366
179
430
133
481
356
182
419
136
477
354
167
435
187
402
454
129
434
139
438
405
171
444
109
540
401
134
461
111
498
392
133
490
136
453
375
142
447
124
455
399
134
459
142
441
359
145
468
137
473
399
135
447
143
472
397
139
426
144
482
411
133
455
149
415
412
147
447
191
420
346
167
459
199
358
332
217
408
182
371
344
176
484
167
406
350
168
460
194
433
360
191
463
171
371
401
185
415
219
385
355
175
490
147
410
345
211
375
251
411
380
139
464
135
404
345
192
444
250
364
391
171
413
267
315
383
164
391
279
324
381
184
378
268
344
366
183
422
232
371
374
129
407
234
429
292
218
431
217
407
413
154
454
225
397
388
156
483
162
450
409
175
369
231
380
389
182
409
215
401
364
166
403
214
406
315
278
391
189
376
316
277
396
208
384
361
216
422
193
398
348
205
399
269
359
336
224
424
244
336
407
195
358
231
377
332
203
398
254
396
400
177
413
254
377
318
252
417
205
398
402
179
485
263
530
389
204
403
176
438
379
211
441
267
321
350
252
417
264
303
387
257
410
229
363
354
241
401
240
368
363
262
380
181
458
295
279
382
210
416
328
174
383
243
422
257
284
380
331
333
310
259
371
315
314
388
221
382
283
286
384
240
386
327
296
421
259
304
276
284
395
278
314
271
319
381
279
310
287
337
337
261
332
272
369
375
298
287
286
338
322
288
358
294
351
320
336
304
260
345
401
210
347
262
331
383
238
317
265
367
399
199
378
229
307
429
227
348
281
317
345
287
362
341
271
406
249
353
297
263
397
248
299
350
279
344
294
302
328
347
324
284
360
221
397
331
284
344
241
440
338
195
416
258
435
316
269
417
209
430
282
256
367
201
443
259
275
361
220
374
320
331
285
255
417
353
276
325
235
383
335
286
348
259
379
321
256
355
284
400
274
240
368
289
392
324
232
395
295
355
320
335
243
400
286
291
319
240
442
223
322
317
294
368
323
299
281
289
395
274
353
333
279
409
265
321
305
261
466
201
376
324
246
468
232
310
310
273
405
277
296
325
328
367
283
306
295
302
390
283
316
285
288
392
265
288
248
367
311
277
370
238
359
344
299
333
223
353
321
339
298
240
334
360
293
372
178
410
361
254
376
218
376
365
241
406
192
384
356
241
375
265
321
346
247
391
239
361
359
235
353
263
336
378
242
346
277
358
328
228
353
296
313
398
244
347
272
357
328
242
402
285
309
319
255
427
299
336
355
249
378
285
350
304
298
369
366
405
345
392
340
278
356
305
373
291
267
346
341
312
298
280
378
288
355
303
282
365
279
362
281
317
300
431
270
278
284
347
403
246
362
244
432
338
291
309
243
378
342
301
315
253
337
421
262
318
316
258
376
259
351
329
234
378
270
361
276
299
367
272
345
312
240
390
260
350
245
333
378
285
349
258
341
345
314
358
219
338
391
246
359
237
372
307
273
375
238
394
332
294
369
249
386
270
313
349
238
338
316
313
326
253
401
296
289
382
228
377
321
325
374
238
372
323
304
338
248
339
301
303
386
260
321
320
351
350
207
357
320
375
333
206
353
367
309
363
211
335
334
362
318
235
307
300
357
341
243
308
269
384
367
191
342
298
414
364
161
342
312
344
384
219
326
298
375
355
169
370
230
375
360
218
378
232
349
417
223
336
245
423
384
230
328
224
403
394
257
318
286
339
335
302
266
330
299
384
296
330
294
300
381
282
322
297
330
397
288
303
292
300
323
316
317
322
303
327
285
338
307
320
303
287
379
322
301
330
281
347
264
351
306
259
340
285
334
339
277
354
289
347
296
297
349
308
329
327
265
343
301
318
329
279
329
337
335
314
292
323
324
331
267
265
394
302
306
291
297
391
268
317
340
234
320
325
348
335
249
387
288
378
295
337
346
279
351
257
347
333
281
337
323
244
384
245
352
306
257
377
287
332
314
312
398
255
328
324
307
447
220
347
314
272
428
236
309
314
289
438
281
288
330
228
446
271
318
302
228
470
273
319
355
302
580
361
305
369
202
440
330
224
344
248
463
273
327
353
241
443
167
339
339
272
421
219
313
349
293
414
171
366
363
252
430
163
361
413
166
423
255
323
400
252
344
267
308
413
220
391
207
349
452
203
378
217
349
425
214
395
221
353
433
191
377
246
304
449
218
374
252
310
412
218
388
277
306
434
197
383
296
247
433
219
374
357
227
428
221
351
330
245
410
222
318
384
204
381
248
366
307
255
381
260
399
318
224
377
242
421
292
239
362
253
412
264
259
449
205
383
350
212
447
250
344
347
208
419
275
339
366
222
408
191
400
329
215
421
244
372
364
206
426
275
327
359
192
425
276
321
341
219
461
196
350
257
270
472
210
354
292
274
468
208
377
285
245
417
163
490
271
248
476
197
381
285
234
455
155
430
282
217
477
147
478
280
243
489
157
459
338
204
452
204
389
346
170
476
213
377
352
178
490
140
418
354
183
490
121
446
340
184
501
132
428
343
181
480
104
481
281
252
509
97
436
286
259
540
97
426
320
205
526
109
416
333
185
562
109
443
288
287
481
129
371
307
205
557
142
382
362
245
435
130
426
371
173
432
169
387
376
148
523
174
335
359
196
485
126
389
350
285
426
150
398
351
262
461
134
375
328
246
480
177
378
348
234
482
182
355
426
219
454
178
362
362
225
459
194
314
341
334
447
231
292
430
203
404
250
277
325
277
437
179
388
289
331
433
202
291
338
298
432
217
341
286
425
365
180
327
349
314
407
181
322
338
314
444
305
411
406
313
347
229
347
302
317
328
230
367
318
336
378
230
349
327
312
319
250
357
360
298
365
229
354
308
304
423
206
361
279
329
382
205
332
308
341
372
220
338
314
333
384
274
318
353
291
396
280
287
331
273
378
270
250
335
304
364
359
244
338
305
335
294
311
372
278
373
321
233
340
348
268
346
298
295
346
296
293
294
335
328
320
318
331
341
320
289
352
305
347
307
272
346
318
320
302
332
320
318
347
282
346
349
324
265
326
311
305
344
320
273
310
317
348
283
337
281
338
309
269
325
330
366
286
285
310
322
356
318
292
332
331
354
316
294
329
353
341
348
282
328
301
303
359
296
326
277
337
342
275
301
283
338
359
289
301
277
379
332
283
354
229
348
330
274
366
241
359
344
225
369
249
338
405
269
354
248
380
354
233
334
286
364
382
279
283
283
345
424
281
291
281
349
400
292
309
313
288
390
252
302
360
314
416
239
307
322
341
337
227
357
302
329
358
292
311
294
273
339
365
290
413
219
290
313
331
373
237
317
356
263
340
301
371
296
310
331
247
276
381
359
260
272
323
319
354
352
254
351
303
271
381
220
361
287
323
383
233
360
233
390
314
274
308
278
339
333
290
302
295
371
359
269
345
225
337
386
270
344
257
264
377
295
368
269
309
353
289
333
299
277
396
293
351
321
310
366
223
318
327
314
302
345
325
316
309
336
300
370
320
339
314
263
373
303
312
328
291
385
325
326
327
288
361
278
359
281
287
339
354
369
514
277
434
298
298
369
263
308
270
358
378
244
321
302
349
326
238
350
306
326
356
246
351
212
431
356
253
340
204
389
382
241
363
245
413
367
246
356
288
351
301
298
375
276
324
329
296
363
240
347
331
271
418
277
309
317
285
427
188
371
308
266
405
167
389
314
295
381
228
368
346
230
414
190
342
351
297
388
175
367
417
246
348
210
367
396
229
417
186
369
443
218
373
257
301
421
223
415
205
330
416
191
448
171
383
438
214
433
228
326
344
295
406
166
388
426
221
377
238
337
431
219
339
301
302
423
197
380
306
298
480
168
337
290
327
465
152
477
168
333
423
171
443
169
356
422
178
453
202
307
453
197
461
208
331
294
275
447
170
356
313
303
449
247
277
377
209
464
212
324
385
264
498
256
308
360
221
481
245
338
350
210
443
224
288
330
198
422
287
294
341
279
383
288
290
369
235
372
259
298
391
249
370
272
273
376
212
434
289
221
385
204
451
332
243
427
223
383
314
253
380
243
339
352
250
389
200
422
320
255
299
292
392
352
251
376
212
363
370
225
399
204
317
390
243
396
263
301
360
250
439
205
312
384
240
424
220
369
370
217
478
302
273
370
167
449
226
296
331
248
407
186
358
293
281
463
265
319
322
240
474
254
299
314
258
440
270
329
309
287
421
198
364
310
308
382
211
307
323
309
366
248
288
356
343
339
260
315
404
262
345
230
296
333
318
304
286
332
369
282
314
261
329
388
295
360
234
358
360
301
343
253
414
381
336
381
361
386
325
329
311
291
350
387
243
349
292
354
325
319
295
330
372
276
305
331
283
395
327
316
272
279
404
223
329
323
317
332
255
378
314
345
344
307
314
313
283
382
291
355
293
291
352
309
324
292
321
312
341
323
325
328
334
277
399
249
307
369
293
338
335
235
343
245
350
294
359
351
241
314
305
297
396
237
332
373
281
390
220
386
307
306
394
244
358
301
318
410
256
339
284
321
413
249
366
292
312
352
286
368
235
335
400
242
360
288
358
358
210
371
280
356
335
198
408
327
264
389
164
396
369
292
345
245
363
279
328
326
272
331
333
306
339
324
360
299
303
323
300
334
301
308
308
249
395
289
311
322
323
351
289
317
329
306
347
310
284
381
270
411
247
313
341
279
352
324
286
377
283
324
312
330
328
339
243
341
311
304
306
303
279
326
351
338
265
283
341
300
297
315
284
337
334
374
235
308
363
317
354
252
361
320
288
350
262
285
356
277
375
289
319
333
300
278
371
325
303
332
282
363
303
306
342
282
362
292
325
333
298
321
325
319
301
333
284
386
281
322
283
314
365
280
347
355
283
280
315
331
394
279
295
312
302
334
310
288
300
293
392
316
259
306
360
301
323
284
353
252
388
305
297
331
273
330
352
321
329
358
296
308
348
292
332
274
353
339
271
331
296
374
285
314
363
201
434
312
301
360
209
379
302
310
342
197
397
381
267
331
192
421
290
338
333
289
396
247
317
382
251
406
245
309
415
192
426
273
302
445
183
603
344
297
394
239
437
284
285
340
265
439
230
315
351
194
418
266
322
337
285
352
283
313
338
244
409
338
275
340
250
375
323
268
339
240
397
339
257
358
258
401
281
288
371
302
334
317
289
358
222
379
271
324
370
203
392
284
312
357
218
409
225
386
384
246
332
274
306
402
249
329
253
357
366
248
325
222
428
328
203
401
213
402
338
252
392
212
443
320
251
400
215
351
365
247
402
252
374
313
249
384
240
398
249
369
384
196
424
233
316
396
165
418
288
251
448
180
416
208
331
448
224
438
298
239
396
248
383
327
255
392
226
396
330
203
389
161
480
364
190
429
170
395
351
195
442
220
397
319
293
403
168
431
367
229
393
163
482
336
278
350
163
492
306
289
341
222
390
309
287
337
198
370
409
217
356
223
417
435
217
375
246
320
406
218
407
204
351
452
159
390
248
285
429
223
373
225
316
402
235
373
206
411
253
246
362
108
243
67
76
