974
1023
1009
1292
746
914
1033
958
865
863
821
761
1185
892
862
877
825
853
894
833
841
762
976
1084
872
952
766
884
864
825
907
724
884
911
787
876
791
874
912
748
900
788
799
1286
866
872
859
820
854
807
971
799
804
870
811
917
849
815
858
820
921
895
834
836
824
914
793
851
918
769
830
827
898
904
758
897
884
887
829
812
887
816
895
913
1119
928
871
905
772
847
923
746
913
788
860
924
775
873
814
848
880
810
909
792
840
828
857
846
828
834
865
842
886
817
829
845
882
846
751
886
946
843
876
757
856
829
829
837
809
880
902
780
907
884
791
896
749
874
915
893
850
855
838
893
894
817
871
900
845
885
802
843
815
871
859
809
777
880
868
824
882
871
841
865
1093
948
916
839
934
832
838
877
821
946
840
843
802
906
910
808
846
818
815
952
837
861
821
850
937
793
816
832
820
790
966
761
815
884
846
868
931
800
777
860
918
863
875
748
860
832
795
858
773
884
856
815
859
768
951
800
872
794
780
922
817
906
891
853
785
864
877
851
836
907
753
872
836
818
920
809
842
843
875
899
843
874
779
872
842
784
902
763
920
868
824
789
864
921
900
788
856
797
961
871
797
880
825
941
894
821
836
804
910
936
799
807
842
820
879
835
825
817
893
920
790
957
834
863
951
903
1127
864
788
938
826
904
854
782
944
787
879
904
796
868
796
808
975
826
877
855
843
852
843
826
764
926
831
830
809
844
885
874
820
850
852
820
961
829
788
876
751
909
880
773
877
924
850
839
834
893
928
796
827
855
828
860
934
829
920
773
923
808
828
844
832
947
842
804
886
857
830
928
845
795
841
862
845
833
867
799
881
823
844
867
821
1000
781
844
768
793
960
836
821
767
849
935
847
804
794
833
838
879
822
794
808
862
889
830
842
904
821
983
767
757
894
861
928
769
803
940
824
865
856
741
937
1025
979
856
739
901
748
959
842
761
907
818
945
799
781
833
797
934
837
777
917
770
917
819
846
883
696
976
864
749
832
700
1010
871
759
904
700
943
844
895
891
781
882
795
855
917
719
909
798
904
903
676
917
895
848
904
750
894
932
764
920
697
900
882
785
952
682
913
878
816
879
725
922
943
659
1043
785
845
850
846
932
756
923
851
802
899
768
795
858
791
973
744
796
874
833
954
797
808
858
903
977
768
880
856
811
933
753
843
861
828
879
822
824
859
774
938
807
861
856
832
883
828
826
802
859
854
1077
952
835
821
876
858
842
894
842
904
845
948
861
780
914
855
871
863
815
894
825
886
882
768
916
844
871
848
761
946
782
880
851
781
1011
819
904
812
737
936
880
812
870
754
893
908
874
846
719
962
794
898
843
784
914
896
859
819
833
940
838
857
802
821
878
867
910
775
867
885
893
831
757
921
835
804
904
757
825
830
846
845
820
783
833
886
822
824
868
838
879
828
861
864
854
891
857
796
794
883
909
858
827
822
804
895
826
818
808
801
863
830
870
883
852
840
853
910
823
820
862
862
813
921
874
1001
1005
879
837
868
881
786
784
918
879
887
801
746
929
833
915
818
778
910
848
865
879
770
922
861
937
854
851
832
811
920
908
816
806
852
847
889
819
777
863
874
945
809
821
924
839
933
808
830
829
788
956
790
855
817
882
975
829
842
839
869
963
726
873
760
945
956
741
891
771
868
971
719
897
831
837
907
775
888
748
957
913
782
864
781
926
963
813
856
851
807
928
764
855
834
837
961
739
873
948
725
977
748
897
909
783
966
758
842
823
829
943
782
855
836
795
968
771
893
814
818
966
760
893
854
884
1211
872
895
858
761
945
785
902
838
834
932
736
916
816
800
889
771
969
794
889
933
682
972
789
815
990
672
992
797
808
973
766
928
826
803
976
614
1009
895
711
956
674
1013
837
762
970
687
990
827
789
1025
679
976
862
734
983
666
1030
815
752
987
672
960
962
735
999
689
950
829
760
884
760
876
841
753
951
747
817
917
775
1018
769
885
854
739
929
803
798
882
737
946
772
852
913
781
949
745
886
894
771
946
737
920
924
727
945
693
889
884
721
965
724
847
915
738
987
743
847
866
843
963
759
869
867
769
1204
886
850
866
818
961
728
905
896
753
993
756
870
849
777
885
763
885
874
730
878
923
789
819
872
820
827
898
856
817
870
865
859
897
829
819
912
854
861
869
754
864
769
902
816
787
922
770
919
909
768
910
795
886
875
822
856
936
833
837
799
913
771
893
931
774
911
814
901
856
804
917
823
776
892
795
924
783
846
990
739
840
795
824
880
827
915
816
821
819
846
847
816
906
841
813
873
789
953
772
868
865
841
943
734
849
894
801
921
791
838
887
816
934
758
881
854
852
993
762
855
803
782
931
691
1070
854
941
883
817
857
800
878
840
866
837
804
825
901
813
934
819
850
873
805
872
826
767
954
781
846
951
699
926
739
919
846
803
942
761
875
899
775
955
701
991
896
808
964
730
863
916
734
937
744
917
902
788
967
705
954
730
880
895
753
919
799
939
881
741
856
809
873
934
712
871
816
860
928
718
968
799
816
865
864
863
729
928
888
799
911
733
848
918
778
936
736
936
918
764
939
714
927
914
743
927
883
821
954
807
912
938
759
1006
756
873
806
845
978
770
783
861
834
912
801
835
833
853
853
832
946
1000
925
877
825
811
910
809
859
837
841
862
869
911
861
837
886
816
938
778
855
810
802
956
747
843
857
797
987
661
912
823
831
1020
777
859
811
806
1005
774
874
797
802
978
801
905
824
761
955
787
908
782
791
998
814
823
863
840
896
795
871
840
816
991
876
817
821
791
962
775
886
823
818
957
782
881
836
823
951
849
810
816
743
1031
864
846
857
795
942
779
830
943
785
941
805
849
906
788
899
821
828
861
806
866
857
816
906
839
895
794
873
808
849
813
864
845
875
759
931
874
836
845
821
864
927
938
945
929
888
830
873
771
928
862
832
876
782
810
896
857
893
826
922
900
789
887
819
806
839
872
881
857
826
749
874
878
845
874
718
896
790
886
785
778
914
814
935
819
837
862
883
880
833
821
870
888
883
748
883
780
854
864
733
950
767
952
865
793
935
769
860
940
812
964
764
847
810
800
960
717
918
875
753
905
787
875
853
845
913
781
911
898
760
916
807
931
896
705
948
747
894
927
719
905
872
807
939
730
921
823
844
951
701
857
868
870
848
775
893
830
938
922
746
926
703
943
840
748
933
744
946
1020
910
950
823
906
798
872
919
829
868
892
797
859
821
875
902
747
830
882
941
840
683
852
842
921
842
787
797
794
935
782
841
907
835
903
847
800
908
848
897
852
752
974
776
871
813
761
940
771
902
870
814
909
822
872
825
792
843
834
864
931
721
939
787
867
918
763
892
800
842
927
746
927
805
840
983
735
917
806
877
936
803
901
753
832
980
666
887
754
859
885
758
1013
730
858
858
789
1034
716
877
827
809
947
741
896
779
806
986
695
882
821
833
1029
672
913
825
867
980
727
895
849
784
934
743
935
1014
985
978
665
966
791
851
984
661
994
773
820
925
777
882
777
885
837
813
963
762
854
967
701
975
717
906
943
700
890
830
854
804
794
925
777
884
859
765
886
834
842
916
816
872
801
873
920
782
794
863
829
877
804
807
858
834
970
921
812
810
847
885
842
815
850
800
946
861
928
794
821
882
799
861
853
759
923
785
863
823
823
868
803
837
850
820
874
842
858
789
798
996
807
823
918
707
977
863
803
865
794
919
901
752
847
852
901
847
824
922
820
883
848
791
938
727
931
835
792
921
764
893
813
854
1054
881
1004
844
823
907
770
875
836
805
935
757
864
834
857
913
793
920
771
902
966
725
917
799
802
903
777
985
768
901
861
757
899
863
793
870
735
909
862
839
906
785
908
874
780
861
798
931
796
839
898
798
845
876
864
830
747
834
912
897
893
741
866
872
819
935
801
829
927
810
909
827
827
984
716
882
771
829
860
818
892
868
736
957
792
936
782
783
909
832
944
876
791
850
801
922
853
759
927
848
863
828
768
831
888
886
815
796
848
853
897
813
763
997
769
905
826
733
948
833
888
847
782
874
847
931
924
1009
853
843
855
846
804
838
830
834
909
842
791
894
820
901
829
824
849
902
836
878
821
843
855
841
808
853
847
804
922
831
815
893
891
889
787
750
868
851
893
861
849
904
800
892
866
826
853
817
873
833
827
903
802
841
879
828
882
871
823
888
917
736
849
963
777
920
795
835
994
736
928
811
874
939
813
827
808
927
906
808
795
829
884
881
878
803
808
859
894
821
864
868
838
850
821
858
940
838
818
811
834
902
851
816
818
835
940
799
862
891
912
829
873
870
842
859
924
751
912
767
883
897
738
1010
985
831
961
736
899
761
811
967
755
915
796
818
921
784
892
848
774
979
718
918
820
796
984
668
928
815
792
898
736
959
841
874
857
855
879
832
831
866
807
853
853
827
832
873
798
821
837
828
869
804
837
821
845
859
896
891
827
851
930
750
859
807
798
899
815
944
830
846
833
790
865
842
796
876
822
867
903
837
879
801
825
842
819
873
794
841
889
902
844
889
772
844
840
861
839
814
869
862
813
842
885
862
868
872
855
805
894
904
814
878
824
940
896
764
839
859
797
916
784
861
792
872
965
801
896
1054
947
924
794
861
851
836
905
758
842
909
766
893
826
816
906
739
942
834
811
908
837
919
789
822
888
795
891
835
795
867
743
974
847
813
855
722
979
850
842
920
796
979
818
785
847
758
991
866
823
878
831
957
825
787
914
762
967
801
806
887
783
925
812
779
944
697
938
824
850
934
799
922
776
857
913
804
937
692
846
878
800
957
834
816
912
795
965
704
868
884
774
926
792
840
888
770
965
680
969
872
724
1029
742
855
928
722
921
811
852
1031
647
1022
687
910
925
706
1024
806
790
884
670
957
789
895
1088
823
970
805
852
943
654
975
900
760
944
724
974
913
736
958
724
935
849
760
967
681
1009
899
760
943
720
898
888
764
958
755
908
872
800
998
706
941
914
729
965
678
1033
878
713
937
738
917
942
698
989
652
1078
931
697
967
651
994
906
649
1015
669
1005
936
661
1005
675
979
888
692
945
700
897
880
704
1021
728
909
926
688
1026
664
931
950
671
981
736
892
904
687
895
808
861
940
643
916
758
973
925
684
1023
727
1008
887
705
957
715
921
844
786
923
743
929
873
728
958
789
904
881
669
927
837
920
900
732
1039
901
965
931
769
985
784
876
909
774
945
771
952
853
776
853
784
960
831
809
917
822
814
962
838
813
794
849
901
851
787
838
881
843
870
858
798
889
889
754
848
814
814
948
778
885
876
848
868
761
848
850
880
840
843
879
799
1004
847
845
869
749
882
837
800
977
715
942
851
789
883
791
943
856
857
801
955
757
826
859
782
940
849
845
860
803
1011
775
831
858
850
893
803
861
794
814
851
808
890
760
885
850
818
923
733
904
898
780
897
755
889
900
762
883
800
890
825
818
869
825
863
862
811
960
837
906
994
910
886
821
873
846
894
801
868
835
953
807
876
789
933
870
838
864
836
784
907
779
900
820
767
888
831
886
817
867
895
781
859
782
944
841
837
894
741
914
789
913
905
804
851
823
875
874
764
919
822
894
841
838
801
832
856
896
728
890
821
878
922
685
881
810
836
949
812
840
846
865
860
800
869
847
828
939
845
801
858
832
849
797
915
799
885
833
777
901
814
868
853
812
861
866
859
821
772
932
844
860
823
733
981
787
937
819
849
849
800
865
835
807
956
802
902
853
801
951
830
824
852
750
1032
960
988
845
768
1022
765
881
851
807
960
700
873
938
718
935
834
818
961
745
922
746
905
971
710
935
781
841
985
731
898
886
767
938
756
846
868
754
919
770
957
821
746
948
764
913
912
731
968
771
896
862
764
966
791
867
873
760
943
747
926
784
808
994
753
911
837
731
982
669
1060
877
727
986
756
913
887
707
1026
663
968
805
793
1048
643
984
849
734
1052
674
987
807
732
1087
688
919
889
652
1053
654
904
871
793
1008
681
886
963
732
1025
713
935
944
733
1014
774
795
858
787
1037
727
814
884
945
878
707
875
890
1061
942
755
852
846
887
921
708
900
860
830
957
730
845
852
848
925
852
820
873
782
842
924
755
928
809
876
829
837
832
822
868
889
836
893
825
806
901
883
850
839
821
845
877
811
810
866
840
891
819
885
862
918
899
743
916
835
814
878
800
855
804
880
911
711
906
796
925
884
840
806
867
877
925
850
751
920
872
881
765
898
855
778
876
860
839
895
771
907
826
851
798
810
887
846
773
935
766
872
817
822
890
825
864
814
792
869
843
859
828
864
914
774
866
841
864
906
833
891
848
889
875
810
877
875
1029
1005
803
848
818
879
842
777
895
752
952
878
777
926
831
885
865
815
879
888
804
851
814
917
713
928
862
761
926
715
934
898
763
978
767
834
962
738
964
774
874
904
809
917
806
888
949
727
933
803
865
1018
656
973
701
886
968
722
985
691
900
883
763
1006
841
879
955
742
966
713
831
855
801
926
763
826
896
734
921
854
799
968
744
865
896
762
844
823
886
914
727
957
768
813
892
801
989
846
833
856
740
913
762
828
912
822
928
814
866
834
841
873
740
836
913
847
879
740
826
917
800
857
821
907
895
959
984
878
887
911
834
834
835
887
912
807
804
867
858
909
837
856
857
862
820
909
833
844
883
844
840
808
866
844
746
898
867
911
894
792
886
847
882
961
763
872
824
905
879
736
916
809
850
902
766
877
849
894
838
837
877
796
837
859
866
874
865
829
878
828
903
821
858
840
819
845
791
865
771
959
761
879
836
863
838
855
835
857
870
812
891
820
879
840
870
819
901
801
891
887
827
833
857
808
881
817
806
894
780
882
881
873
859
867
793
928
817
852
915
742
879
865
846
844
843
918
802
839
946
727
1024
1032
864
901
791
920
791
839
870
810
896
848
806
869
788
925
833
858
911
727
912
780
858
907
779
886
777
905
869
721
905
757
885
972
768
909
756
956
843
779
979
733
904
814
777
961
783
946
882
771
917
670
1005
873
764
914
733
970
910
791
918
700
1012
834
805
846
733
963
1001
699
939
773
822
938
745
908
715
884
656
241
