789
898
963
852
1033
815
643
995
891
701
805
661
712
799
988
785
720
733
841
682
824
672
738
772
699
806
1002
787
801
698
761
739
734
808
676
759
679
722
809
712
840
638
683
848
682
801
688
706
730
903
1028
704
732
799
724
733
739
749
810
607
837
713
712
809
708
750
731
744
826
690
812
728
726
794
680
736
726
757
795
688
757
683
699
846
713
817
736
744
730
727
790
767
656
799
686
881
1080
654
858
723
795
762
671
819
705
696
772
677
852
686
723
765
694
823
630
755
772
836
707
673
712
804
716
724
747
699
783
712
741
733
713
793
712
779
697
685
843
768
748
649
751
843
620
768
689
738
753
718
814
718
750
761
743
756
703
821
682
677
843
774
762
727
739
739
809
729
711
799
762
772
769
723
724
712
800
696
760
700
722
740
728
699
775
772
803
657
791
820
965
882
779
673
725
787
791
793
638
818
771
762
769
697
738
772
769
734
706
745
746
742
817
699
757
769
741
799
631
725
786
708
661
830
734
700
746
704
798
758
781
742
675
714
786
764
769
685
756
779
700
714
690
687
804
698
779
647
741
791
738
749
716
710
772
712
705
782
670
833
788
709
773
729
736
752
711
760
749
681
787
747
746
689
717
792
785
779
689
698
828
740
805
675
679
804
706
744
744
656
830
723
794
675
680
811
781
789
686
654
843
776
773
719
645
851
785
791
732
636
861
715
841
667
698
822
733
776
680
730
671
805
789
643
772
767
747
825
712
778
823
716
862
872
906
758
706
788
675
796
801
709
789
720
776
707
773
741
705
805
642
729
828
747
809
714
736
696
780
773
708
641
800
749
693
764
736
703
748
803
718
764
703
728
861
637
823
683
812
679
650
816
699
802
765
764
709
733
804
746
811
641
798
722
790
726
706
805
760
743
774
692
821
709
712
736
711
795
756
781
713
750
781
696
795
707
773
727
720
840
656
779
742
682
715
791
720
715
766
725
827
716
777
731
768
700
632
776
763
749
746
657
710
814
805
612
722
818
668
778
717
705
661
783
812
681
749
736
786
803
710
704
700
820
781
680
735
735
803
763
694
768
628
856
741
660
976
762
903
688
605
840
687
834
737
602
842
643
857
775
572
791
758
766
732
634
790
712
763
783
685
804
728
739
749
594
899
669
776
673
581
882
713
806
689
615
893
698
723
753
705
857
703
710
728
639
893
712
692
778
639
870
735
675
770
643
869
737
828
646
749
833
669
762
712
659
864
678
763
703
725
800
716
740
745
614
872
675
839
676
675
888
608
853
655
765
834
674
793
752
708
821
640
731
711
684
841
625
833
660
748
798
637
838
657
797
808
656
765
750
792
851
631
794
750
692
825
641
756
748
760
733
686
723
780
716
772
678
787
740
791
717
716
781
697
717
735
729
756
928
852
780
705
757
755
737
699
768
858
789
658
795
745
821
746
716
779
726
786
729
721
786
701
834
713
726
767
685
843
720
711
777
643
798
703
841
718
655
895
757
714
765
622
860
741
742
722
645
857
747
723
773
641
846
719
668
836
664
777
768
722
757
737
769
793
704
770
763
747
756
731
678
733
763
822
765
703
722
773
791
751
637
751
791
780
649
729
708
734
798
683
675
761
736
720
746
696
737
760
705
782
705
749
749
734
853
702
672
746
826
695
698
746
811
804
668
707
757
738
797
685
701
720
684
769
718
721
768
753
773
709
840
705
766
715
749
671
819
702
824
724
768
839
920
854
690
693
786
686
786
784
714
756
717
781
769
656
764
685
815
790
706
740
642
842
744
767
739
732
783
826
711
811
702
761
742
648
809
773
798
662
749
740
773
750
668
674
806
797
803
671
759
776
812
788
660
735
760
764
749
623
748
796
766
800
668
789
775
764
861
679
710
736
726
839
639
685
861
760
822
620
708
801
688
841
640
739
805
686
827
711
708
792
699
817
692
713
792
745
860
675
696
823
742
797
656
765
731
728
834
617
854
647
739
873
658
759
715
745
841
647
836
709
719
832
594
801
737
757
792
632
796
726
711
836
661
787
748
708
813
625
793
788
701
842
716
1002
889
725
865
629
699
838
677
867
657
727
765
660
904
616
775
772
612
849
711
763
762
668
905
642
792
742
615
917
648
717
836
667
823
660
759
830
630
864
665
807
712
658
874
644
725
822
590
948
617
810
704
647
948
622
787
755
650
949
617
847
743
577
907
586
921
702
610
909
598
842
711
667
912
646
853
716
669
838
620
787
684
714
808
617
791
689
719
776
667
822
721
798
800
635
813
708
711
785
616
793
698
717
803
665
777
737
721
812
660
850
673
702
853
620
807
733
719
857
625
839
665
629
874
605
869
648
689
804
647
829
705
717
802
639
797
778
744
807
598
840
704
761
1039
718
820
710
731
872
584
853
723
721
820
677
835
694
705
805
634
825
672
750
636
727
797
758
770
651
706
800
765
728
707
734
787
733
765
725
795
754
709
724
748
760
760
765
755
718
686
740
696
831
644
741
754
719
825
672
836
699
727
797
693
825
700
742
726
755
795
732
731
757
682
812
715
735
834
675
782
761
752
794
655
781
712
782
738
685
738
688
783
769
716
817
664
716
771
648
810
731
759
803
661
747
760
697
730
716
794
708
717
741
758
763
791
636
776
777
769
765
701
764
681
739
815
656
855
675
682
819
704
782
730
699
902
616
822
755
725
826
612
687
723
694
863
793
785
870
665
805
737
701
764
735
736
751
710
787
672
772
715
740
830
715
826
633
763
760
650
836
626
781
774
689
813
665
822
648
701
888
633
746
789
669
858
632
827
699
702
855
678
862
696
747
848
632
822
668
705
835
613
860
703
725
861
666
758
751
684
809
669
678
785
738
825
752
665
779
702
822
685
672
821
683
768
664
753
799
669
828
662
776
799
661
757
735
712
791
715
766
704
711
845
658
854
583
727
845
702
831
682
659
870
733
774
695
716
794
675
885
704
701
840
728
843
669
869
688
730
885
622
755
709
803
828
627
751
716
771
794
647
722
765
723
816
653
734
764
919
876
754
768
698
716
804
720
775
685
759
811
678
737
754
830
762
727
765
784
702
769
615
783
777
710
812
587
788
749
724
825
650
713
765
717
861
618
805
776
736
805
606
831
730
755
827
570
779
800
736
835
633
810
752
629
869
640
751
763
768
804
664
764
738
725
796
638
797
771
791
798
622
864
722
753
790
631
778
777
725
779
640
826
737
705
821
627
854
767
739
729
585
858
730
749
868
660
785
719
773
763
673
874
617
802
791
693
780
725
717
792
721
811
654
732
759
694
797
721
710
845
690
788
733
711
751
717
734
694
765
734
659
798
804
782
718
659
808
780
760
678
776
857
984
724
750
733
683
819
718
756
772
678
810
714
713
696
803
777
724
783
773
771
724
724
732
721
757
779
701
717
799
742
723
714
673
834
705
736
717
632
803
753
689
740
654
773
797
697
832
675
795
777
715
703
745
815
746
755
711
769
676
809
696
684
772
652
823
701
691
873
692
768
731
723
844
615
865
696
789
831
637
754
681
741
825
602
866
695
752
725
687
801
699
711
801
737
789
737
670
832
681
833
754
689
762
686
893
644
686
792
706
829
664
791
726
685
867
651
702
816
694
877
632
715
737
721
829
718
619
852
689
893
698
666
864
678
839
677
619
839
643
798
762
659
912
802
920
755
715
802
686
811
802
687
801
673
819
725
724
722
720
820
681
681
755
770
870
677
655
710
749
826
701
700
723
688
773
765
653
771
702
784
771
732
771
685
833
694
775
823
687
794
703
702
820
632
771
721
727
771
618
850
778
708
791
705
777
738
661
792
687
807
682
744
764
675
838
677
756
773
696
786
655
815
757
651
912
592
768
799
673
867
646
760
816
718
812
654
748
825
637
859
612
761
723
636
844
681
694
864
609
831
695
721
889
597
784
733
736
868
579
775
776
670
861
587
703
780
695
882
594
727
798
727
867
628
749
790
726
873
603
780
751
645
865
675
795
812
796
1042
650
708
805
619
912
677
718
792
663
835
655
752
811
616
842
693
704
814
661
858
650
711
882
615
875
659
686
832
628
879
672
766
738
634
775
718
714
802
707
783
643
740
780
766
769
677
728
782
812
688
729
728
761
731
709
730
740
731
736
735
721
751
760
859
726
721
736
786
719
747
705
750
759
709
807
661
904
693
722
775
679
774
735
719
719
716
775
717
758
659
763
724
725
756
748
697
749
748
744
776
629
779
776
736
803
642
845
636
798
805
673
794
729
747
743
728
751
738
816
722
602
822
742
804
758
724
746
732
789
712
661
853
630
780
757
701
819
663
743
786
740
1068
790
676
821
694
789
671
767
733
702
782
692
737
755
755
790
675
710
877
657
880
643
753
794
673
809
656
763
798
640
874
713
759
794
598
807
694
792
692
709
762
703
784
697
728
836
713
796
687
733
779
671
798
757
690
770
721
731
781
675
829
716
681
705
712
851
731
727
703
741
830
669
767
697
823
779
663
818
735
759
758
686
866
650
797
701
653
801
632
801
744
683
822
635
793
814
703
750
663
776
812
677
816
709
836
702
660
834
691
786
726
674
787
723
792
713
713
693
754
821
742
645
782
660
837
739
676
764
667
860
745
697
789
605
808
787
715
778
669
788
768
703
797
782
1006
733
729
722
678
811
727
735
695
727
836
649
753
723
778
776
707
727
752
779
774
723
701
794
756
785
718
662
685
778
783
681
760
752
750
774
670
792
746
783
724
665
770
664
824
750
733
762
724
811
752
689
832
692
740
753
702
700
789
778
718
725
747
752
761
788
706
750
772
733
774
668
731
857
682
838
645
759
798
678
877
683
734
798
716
830
659
715
828
776
803
668
678
754
786
754
690
722
814
748
707
718
758
746
819
716
695
800
672
747
750
805
793
622
769
762
776
721
712
718
793
700
755
731
791
718
822
768
710
736
780
771
792
694
720
772
726
829
692
671
786
673
880
868
770
793
687
791
630
761
811
644
828
612
817
793
710
765
647
786
789
677
804
675
766
766
636
905
641
796
708
612
842
660
768
715
676
900
702
758
785
713
737
762
728
784
706
687
767
747
716
765
683
755
719
691
759
725
753
768
707
683
744
733
796
744
811
709
736
737
716
843
651
709
727
723
764
774
767
724
719
764
724
724
714
728
774
679
790
722
757
784
747
735
705
716
738
721
776
668
765
731
783
769
758
779
669
763
677
740
750
811
678
748
731
754
758
738
739
732
831
718
777
706
727
758
789
817
676
721
805
731
822
713
677
738
699
823
667
730
761
788
790
660
740
832
955
948
614
781
736
761
812
657
767
657
794
800
605
835
683
755
773
688
783
663
805
802
627
812
699
786
809
635
803
654
769
783
700
798
621
820
743
636
856
697
720
762
689
838
697
827
787
641
836
731
773
717
643
785
757
799
746
684
782
792
811
712
639
846
664
857
723
654
800
662
737
831
668
810
638
715
806
667
844
693
780
791
697
847
634
671
915
667
765
665
733
816
638
855
635
834
775
691
800
665
720
880
622
788
695
686
857
653
797
735
628
901
608
849
686
701
889
598
876
661
754
799
612
891
630
804
844
575
928
603
758
784
663
920
651
770
751
592
848
614
809
775
624
1057
823
741
733
651
912
636
794
729
667
897
621
797
792
601
929
644
817
703
703
882
601
834
691
640
971
609
904
649
650
884
587
860
728
726
825
619
818
750
741
845
630
811
746
707
821
648
908
692
566
907
644
866
713
557
950
617
919
722
538
996
608
947
658
574
935
593
873
690
611
915
618
936
661
660
849
625
877
703
661
806
611
807
734
565
924
662
877
656
701
884
562
879
701
661
893
572
825
713
752
772
585
902
648
703
750
663
893
644
644
842
652
925
684
683
902
653
888
647
673
858
607
799
762
647
837
632
861
713
658
822
663
876
665
711
766
638
889
714
701
847
636
898
756
812
897
649
936
660
753
812
677
832
708
710
851
669
799
725
638
821
708
825
729
732
737
721
841
641
818
761
735
751
700
707
757
776
683
748
748
751
707
835
708
692
779
689
823
662
707
806
644
843
663
783
761
729
752
783
684
706
747
777
739
640
854
684
888
763
701
843
647
754
733
651
808
689
850
705
677
818
670
846
750
629
805
697
820
781
754
616
797
722
746
763
674
749
826
745
828
604
834
754
723
779
699
720
775
734
793
644
696
779
685
792
694
692
813
717
727
696
710
850
670
825
699
671
836
656
767
757
689
788
705
784
694
722
775
632
832
743
755
813
684
776
784
802
914
749
770
774
690
776
759
759
745
713
772
767
788
678
710
844
736
765
697
750
772
668
806
661
767
784
684
730
700
724
814
722
765
734
679
824
679
822
707
713
822
690
687
800
658
856
673
777
736
770
780
690
732
748
746
816
730
683
756
715
844
689
670
739
720
822
695
679
750
690
904
676
633
775
681
816
717
659
843
715
840
684
660
771
770
807
668
757
787
765
729
710
746
741
696
758
781
687
791
683
752
716
733
763
715
775
750
709
758
706
789
734
741
733
611
906
667
711
762
690
839
776
707
770
695
776
707
700
770
696
785
757
785
837
621
761
749
797
794
580
821
729
839
971
701
813
729
767
856
638
797
671
744
849
634
798
685
688
847
696
817
648
709
846
692
851
632
728
856
643
866
635
735
814
699
838
615
852
708
711
828
620
824
710
625
819
662
808
783
639
832
622
864
706
738
805
615
890
706
682
810
655
865
706
702
815
628
806
704
718
831
624
815
768
697
857
581
837
731
568
962
606
851
805
659
847
616
872
701
636
928
570
887
707
631
932
571
800
796
640
957
526
864
750
652
965
503
806
796
688
883
583
843
678
700
867
547
838
714
692
939
568
829
733
698
912
648
823
700
723
884
654
863
610
755
820
685
721
719
713
922
714
682
723
730
795
872
885
739
679
777
701
776
743
714
789
732
739
720
742
847
658
703
744
782
788
709
786
716
747
764
642
793
688
770
782
766
692
760
713
736
711
763
757
771
733
769
720
702
800
745
763
735
772
707
722
734
745
746
748
710
725
748
795
774
724
804
747
757
729
716
787
685
775
723
668
836
674
770
715
643
835
733
822
681
698
784
787
801
686
743
786
716
838
677
725
793
683
825
703
727
734
736
731
766
776
660
782
749
677
766
759
677
777
716
785
650
764
765
702
767
679
692
789
750
757
671
748
742
745
760
762
702
786
735
780
676
742
766
737
810
734
750
759
750
797
743
715
747
860
968
728
703
780
719
795
671
738
747
720
823
699
662
823
737
832
709
675
829
707
745
779
735
775
683
759
711
676
842
660
801
669
680
907
666
796
691
678
934
621
839
641
709
890
657
875
673
713
895
650
855
651
748
758
748
892
576
733
919
574
903
598
743
828
653
842
665
691
900
599
835
676
762
930
606
916
699
736
756
563
829
688
789
771
635
820
658
741
799
575
866
696
792
785
658
760
718
806
711
669
849
672
775
655
746
823
646
788
699
749
885
629
877
651
702
783
576
798
803
747
813
613
828
751
687
846
678
693
716
714
831
716
788
620
724
786
726
757
684
752
834
716
872
860
788
793
742
813
723
715
777
742
788
803
624
738
760
697
810
768
749
743
776
740
711
722
801
763
770
698
816
689
665
824
706
696
761
731
826
728
738
761
729
864
648
742
865
675
791
696
753
788
655
837
689
729
740
725
858
650
736
736
771
757
761
714
742
672
780
748
798
728
697
818
713
761
756
737
742
755
732
721
716
755
680
735
736
812
653
782
746
722
786
660
782
733
708
759
787
744
716
792
692
768
765
752
770
680
739
755
742
790
791
659
745
707
793
721
724
753
716
750
722
789
763
772
727
693
784
742
788
749
650
840
695
747
743
629
862
706
758
854
643
840
659
842
935
720
854
718
769
759
618
834
694
747
753
714
802
695
737
772
670
843
681
810
742
653
833
659
743
742
728
833
646
712
792
712
788
711
609
843
697
859
737
649
821
706
789
739
679
867
664
738
758
649
883
602
897
724
682
832
680
809
697
622
909
648
806
728
685
867
670
830
757
590
907
689
765
730
606
850
756
888
601
732
823
654
827
645
713
826
648
734
690
275
