1168
1350
1100
1323
1158
1362
1022
1049
1104
1098
1312
1055
1099
1015
1078
1091
1022
1051
1386
1087
1091
1073
1060
1053
1053
1034
1074
1071
1049
1067
1067
1009
1095
982
1177
1384
1068
1033
1111
1052
1076
1028
1077
1029
1099
1055
1033
1083
1104
1064
1044
1069
1082
1063
1046
1055
1045
1066
1083
1090
1041
1127
1056
1055
1039
1055
1063
1398
1117
1082
1085
1047
1107
1050
1065
1059
1060
1056
1044
1026
1027
1100
1125
999
998
1085
1010
1101
994
1113
1047
1050
1055
1058
1053
1064
1107
1040
1098
1017
1009
1115
1028
1074
1038
1061
1083
1053
1101
997
1048
1172
1039
1094
1054
1113
1067
1086
1038
1121
1061
1033
1054
1025
1048
1052
1085
1006
1131
1078
1062
1124
1357
1082
1071
1075
1094
1139
1073
1113
1045
1062
1074
1078
1061
1062
1036
1102
1086
1068
1075
1034
1043
966
1046
1087
1073
995
1060
1154
1105
1065
1037
1061
1091
1057
1015
981
1060
1028
1059
1042
1060
1042
1049
1081
1051
1039
1030
1093
1048
1154
1004
1094
1063
1066
1057
1043
1056
1024
1069
1073
1062
1085
1103
1072
1077
1057
1035
995
1057
1060
1050
1076
1019
1115
1071
1055
1091
1081
1047
1055
1126
1118
1090
1064
1048
1079
1045
1079
1056
1068
1010
1068
1058
1105
1006
1110
1119
1082
1151
1045
1333
1174
1042
1042
1140
1038
1070
1124
1022
1049
1076
1021
1059
1084
1153
1053
1050
1099
1088
980
1086
1039
1044
1021
1070
1041
1063
1022
1090
1103
1031
1058
1047
1044
1071
1068
1150
1134
1106
1066
1040
1074
964
1069
1064
1122
1126
1072
1028
1057
1032
1108
1059
1099
1061
1112
1022
1068
1092
1000
1076
1040
1035
1109
1009
1092
1069
1096
1093
1117
1023
1008
1040
1101
1013
1040
1062
1070
976
1089
1021
1059
1007
1008
1059
1111
1092
1044
1077
1098
1000
1062
1068
1107
1004
1113
1039
1010
1021
1062
1290
1220
980
1032
1079
1056
1059
1049
1126
1006
1006
1085
1022
1085
1039
1092
1019
1063
1087
996
1031
1084
1013
1013
1043
1075
1050
1063
1059
1044
1113
1051
1071
1076
1004
1087
1045
1036
1050
1136
1008
1054
1093
1101
1069
1073
1043
1038
1056
1040
1060
1059
1045
1051
1056
1046
1061
1097
1046
1059
1153
992
1068
1082
1049
1083
1065
1025
1021
1038
1083
1034
1039
1068
1073
1068
1072
1058
1067
1143
1088
1045
1049
1014
1128
1034
1065
1075
1062
1026
1019
1060
1100
1071
1065
1097
959
1033
1043
1169
1185
1253
1014
1070
1070
1062
1041
1122
1105
1095
1063
1083
1083
1076
1086
1074
1072
1136
1016
1046
1031
1070
1134
1022
1020
1067
1075
1149
1089
1026
1034
1083
1066
1046
1070
1071
1116
1013
980
1051
1154
1065
1077
1053
1100
1049
1064
1130
1056
1064
1064
1058
1078
1095
1126
1065
1047
1030
1014
1072
1035
1023
1045
1048
985
1071
1044
1040
1019
1144
1041
1052
1057
1057
1152
1052
962
1114
1054
1067
1056
1072
1002
1040
1095
1075
968
1059
1015
1049
1068
1142
1050
1031
1116
1019
1068
1045
1079
1160
1129
1340
1063
1041
1084
1011
1110
1083
1067
1085
991
1082
1098
1017
1078
1054
1073
1089
1113
1035
1106
1104
1076
1060
1024
1054
1106
1039
1069
1037
1050
1026
1112
1095
1070
1102
1074
1076
1024
1051
1007
1053
1078
1100
1105
1121
1097
1095
1044
1040
1053
1044
1095
1104
1066
1053
1045
1075
1030
1123
1030
1082
1057
1079
1024
1012
1127
1056
1110
1083
1086
1076
1048
1040
1011
1045
1096
1029
1084
1119
1012
1054
1097
1077
1091
1070
1036
1041
1022
1092
1059
1074
1073
1065
1050
1101
1051
1066
1072
1091
1131
1313
1157
1044
1086
1053
1122
1050
1082
1007
1073
1078
1045
1042
1105
1039
1129
1035
1075
1058
1026
1060
1093
1099
1010
1061
1104
1049
1057
1067
1079
1045
1045
1073
1055
1070
1047
1039
1094
1127
1006
1105
1080
1066
1028
1057
1090
1085
1017
1066
1061
1082
1110
1078
1052
1040
1060
1021
1051
1018
1027
1041
1028
1075
1066
1119
1056
1059
1034
1033
1051
1054
1014
1096
1016
1081
1074
1057
1080
1042
1069
1050
1075
1084
1018
1046
1010
1103
968
1102
1038
1009
1081
1027
1044
1067
1114
1080
1044
1044
1099
1318
1196
973
1063
1066
1105
1087
1065
1097
1033
1060
1058
1021
1048
1046
1025
1069
1063
1029
1095
1029
1053
1086
1081
1089
1079
1064
1091
1036
1081
1148
1015
960
1088
1075
956
1023
1119
1106
1088
1041
1077
1103
1022
1047
1086
1133
1019
1090
1030
1045
1111
1077
1055
1122
1035
1102
1030
1019
1069
1035
1060
1082
1162
979
1012
1031
1097
1021
1127
1023
1030
1058
1035
1048
1080
1095
1073
1052
1021
1049
1097
1065
1043
1018
1060
1092
1089
1018
1054
1107
1057
1072
1077
1125
1031
1024
1011
1012
1058
1253
1140
1069
1077
1097
1036
1075
1025
1052
1045
1062
1064
1110
1075
991
1108
1003
1057
1034
1109
997
1091
1024
1009
1084
1081
1032
1079
1068
1074
1049
1026
1131
1123
1096
1074
1036
1064
1042
1055
1085
1108
1011
1078
1058
1076
1006
1075
1088
1082
1068
1044
1039
1047
1067
1034
1016
1090
1052
1038
1086
1055
1021
1093
1042
1110
1022
1054
1058
1062
1058
1055
1095
1043
1047
1108
1069
1022
1091
1018
1171
1062
1091
1111
1057
1116
1098
1103
1038
1063
1133
1005
1073
1061
1026
1029
1088
1041
1052
1040
1216
1265
1050
1032
1076
1077
1056
1062
1094
1092
1075
1086
1077
1104
998
1040
1090
1053
1019
1017
1039
1021
1050
1028
1097
1135
1063
1078
1101
1092
1063
1001
1090
1035
1036
1099
1040
1112
1050
1028
1045
1075
1070
1072
1044
1078
1102
1067
1043
1122
1055
1177
1005
1044
1050
1070
1067
1095
1048
1059
1065
1103
1083
1092
982
1089
1046
1112
1089
1054
1063
1014
1140
1025
1077
1063
1060
1095
1079
1074
1038
1054
987
1102
1066
1060
1100
1067
1008
1082
1056
1064
1098
1056
1079
1054
1100
1081
1012
1064
1190
1292
1064
1026
1044
1082
1080
1063
1056
1049
1011
1075
1118
1092
1129
1027
1061
1066
1042
1057
1017
1097
1042
1005
1112
1063
1033
1035
1044
1037
1025
1017
1052
1093
1065
1093
1063
1044
1122
1061
1074
1041
1041
1029
995
1072
1026
1078
1107
1060
1040
1081
1074
1119
1086
1093
1046
997
1019
1075
1024
1143
1015
1059
1054
1058
1080
1036
1098
1063
1069
1071
1056
1045
1124
1041
1034
1054
1065
1167
987
1079
1036
1121
1051
1054
1001
1076
1049
1015
1079
1118
1005
1071
1073
1089
1021
1055
1073
988
1144
1241
1204
1097
1025
1092
1098
1116
1050
1105
1051
968
1072
1048
1064
1088
1082
973
1025
1083
1098
1059
1001
1011
1127
1045
1063
1110
1084
1060
1033
1132
1074
1061
1059
1060
1020
1006
1071
1029
1114
1085
1081
1073
1061
1001
1069
1038
1074
1078
1049
1044
1079
1048
1057
1059
1096
1016
1081
1029
1134
1049
1086
1043
1100
1044
1074
1026
1031
1068
1008
1013
1069
1066
1062
1045
1091
1084
1041
1079
1066
1042
1061
1035
1023
1057
1042
1043
1065
1045
1034
1096
1087
1008
1162
1019
1068
1052
1067
1022
1085
1291
1179
1063
1075
1052
1092
1037
1060
1093
1054
1043
1061
1027
1059
1092
1028
1043
1115
1064
1039
1082
1034
1051
1041
1115
990
1067
991
1122
1041
1059
1090
1016
1075
1077
1130
1062
1046
1052
1053
1002
1083
1003
1096
1070
1137
1119
995
1096
1039
1034
1070
1078
1049
1113
1094
1028
1036
1069
1023
1073
1056
1032
1045
1020
1059
1059
990
1113
1082
1041
1071
1048
1053
1079
1068
1051
1059
1077
1090
1048
1007
1144
1074
1052
998
1074
1101
1085
1098
1011
1016
1026
1136
1054
1041
1087
1029
1063
1065
1255
1247
1039
1039
1046
1082
1049
1018
1043
1098
1031
1078
1022
1086
1111
1104
1073
1105
1001
1045
1035
1124
1063
1063
1062
1060
1068
1025
1069
1058
1051
1056
1100
1101
1022
1057
1007
1061
1080
1068
1051
1055
1085
1048
1039
1028
1075
1087
1039
1083
1063
1060
1104
1044
1075
1130
1020
1101
1140
998
981
1033
1018
1074
1038
1065
1045
1107
1053
994
1134
1104
1066
1093
1033
1099
1057
1019
1051
1071
1027
1055
1027
1098
1036
1063
1039
1076
1028
1047
1134
1035
1024
1082
1084
1064
1079
1007
1077
1045
1133
1325
1064
1055
1047
1053
1034
1045
1079
1044
1041
1074
1096
1008
1093
1104
1067
1078
1040
1038
1029
1026
1071
1077
1060
1051
1073
1080
1096
1003
1034
1038
1072
1088
1087
1083
1094
1088
1034
1095
1018
1037
1088
1059
1055
1060
1082
1070
1038
1172
1066
1053
1064
1075
1054
1051
1109
1059
1112
1040
1059
1088
1045
1155
1089
1040
998
1038
1094
1071
1075
1029
1054
1091
1039
1046
1063
1089
1076
1088
1027
1090
1039
1046
1071
1040
1068
1092
1088
1083
1103
1048
1089
1072
1076
1090
1082
1014
1049
1036
1096
1291
1078
1081
987
1031
1072
1058
1029
1081
1053
1097
1043
1076
1039
1083
1058
1050
1043
1126
1017
1025
1022
1039
1051
1118
1103
1064
1051
1099
1043
1081
994
1090
1044
1034
1061
1029
1040
1049
1069
1042
1002
1024
1103
1099
1058
1081
1085
1064
1007
1025
1083
1088
1093
1009
1081
1001
1088
1065
1022
1081
1099
1064
1059
1041
1023
1035
1077
1064
1043
1098
1077
1036
1043
1009
1085
1031
1058
1098
1055
1077
1080
1097
1053
1076
1071
1090
1087
1064
1122
1046
1088
1060
933
1057
1075
1052
1075
1090
1121
1175
1280
989
1122
1060
1069
1053
1035
1074
1007
1075
1050
1026
1034
1065
1124
1080
1042
1063
1054
1065
1034
1080
1040
995
1084
1039
1073
1063
1039
1092
1106
1101
1091
1077
1039
1051
1023
1090
1088
1112
1102
1072
1025
1072
1079
1106
1033
1052
1024
1060
1026
1062
1044
1043
1095
1109
1101
1026
1032
1080
1137
1032
1033
1025
1066
1070
1081
1069
1097
1056
1069
1031
1042
1040
1080
1041
1058
1029
1063
1079
1042
1089
1085
1022
1083
1012
1103
1120
1030
1057
1029
1058
1109
1100
1030
1046
1001
1028
1098
1107
1322
1031
1056
1088
1052
1057
1100
1081
1032
1086
1084
1061
1048
1069
1066
1026
1057
1123
1079
1042
1098
1044
1023
1144
1060
1044
1062
1128
1048
1038
1076
1116
1034
1069
1014
1070
1036
1062
1095
1058
1099
1078
1067
1114
1040
1090
1037
1061
1044
1080
1072
1145
1020
1061
1042
1054
991
1034
1045
1080
1066
1089
1042
1074
1078
1048
1068
1031
1125
1078
1055
964
1051
1055
1025
1007
1075
1075
1081
1077
1102
1145
1025
1060
1045
1059
1044
1039
1078
1022
1076
1064
1077
1091
990
1072
1066
1067
1069
1107
1255
1116
1115
1169
995
1132
1062
1094
1042
1062
1056
1034
1099
1116
1097
1032
1097
1077
1057
1066
1024
1068
1047
1044
1070
1061
1055
1100
1037
1068
1010
1042
1077
1021
1087
1034
1093
1056
1073
1016
1064
1041
1053
1068
1087
1106
1151
1003
1055
1022
1094
1090
1015
1108
1054
1093
1032
1082
1056
1186
985
1075
1039
1058
1063
1109
1063
1120
1057
1045
1031
1121
1033
1102
1021
985
1058
1072
1012
1054
982
1134
1055
1058
1108
1021
1063
960
1107
1099
1001
1041
1024
1028
1088
1081
1075
1119
1048
1094
1289
1091
1074
1116
1021
1107
1062
1089
1068
1097
1098
1067
1052
1099
1074
991
1097
1039
1021
1036
1061
1080
1076
1080
1028
1054
1011
1086
1052
1056
1044
1078
1042
1116
1095
1051
1037
1062
1064
1036
1095
1074
1033
1036
1066
998
1028
1074
1016
1106
1070
993
1056
1051
1047
1077
1074
1083
1016
1101
1113
1032
1117
1064
1023
1053
1050
1059
1071
1058
1037
1046
1072
1044
1074
1037
1037
1107
1085
1018
1061
1054
1031
1045
1057
1116
1077
1063
1032
1041
1060
1043
1089
1126
1092
1033
1089
1064
1070
1033
1228
1274
1050
1039
1089
1051
1028
1053
1070
1055
1016
1067
1163
986
1072
1085
1052
1087
1053
1081
1049
1064
1113
1037
1122
1096
1053
1005
1067
976
1141
1029
1078
1002
1056
1065
1124
1022
1081
1091
1076
1095
1025
1055
1053
1021
1039
1078
1061
1043
1085
1057
1090
1047
1059
1100
1107
1051
1145
1006
1071
1080
1034
1004
1093
1044
1051
1079
1108
1081
1084
1070
1021
1062
1089
1107
1099
1031
979
1021
1077
1078
1054
1012
1141
1061
1164
1048
1055
1027
1168
1024
1026
1048
1077
1023
1101
1107
1076
1068
1051
1300
1042
1098
1016
1112
1037
1050
1116
1022
1086
1022
1050
1090
1135
1083
1050
1037
1019
1080
1057
1070
1056
1069
1032
1039
1083
1103
1086
1030
1068
1068
1102
1052
1008
1042
1066
1046
1027
1072
1112
1095
1115
1091
1009
1084
1035
1067
1025
1067
1072
1026
996
1073
1094
1091
1134
1063
1085
1077
1069
997
1148
1027
1054
1062
1066
1003
1072
1113
1085
1007
1070
985
1053
1059
1040
1044
1089
1031
1017
1070
1057
1075
1055
1015
1104
1042
1039
1112
1044
1012
1125
1011
1160
1100
1074
1040
1116
1069
1104
1233
1154
1034
1053
1049
959
1066
1077
1085
1060
1125
1092
1063
1066
1048
1126
1092
1004
1018
1054
1073
1011
1036
1075
1069
1040
1095
1139
1015
1062
1049
1149
1105
1042
1080
1054
1066
1108
1082
1079
1006
1094
1041
1040
1047
1181
1026
1036
1079
1088
1061
1126
1139
1060
1115
986
1048
1062
1056
1013
1088
972
1067
1064
1094
1028
1128
1068
1049
1067
1063
1053
1014
1055
1012
1079
1060
1099
1133
1004
987
998
1077
1090
1083
1063
1100
1017
1107
1008
1067
1024
1116
1022
1028
1056
1074
1085
1002
1122
1217
1193
1106
1063
1126
1062
1045
1147
998
1011
1062
1111
1074
1035
1125
1067
1091
1089
1052
1084
1042
998
1072
995
1094
1077
1105
1089
1107
1026
1133
1037
1102
1039
1073
1044
1028
1041
1092
1053
1091
1018
1155
1066
1024
1031
1068
1074
1087
1082
1081
1068
1085
1049
1041
1040
1015
1059
1059
1093
1073
1076
1022
1013
1030
1057
1106
1072
1009
1074
1109
1081
1080
1050
1112
1090
1045
1057
1036
1030
1043
1084
1043
1013
1063
1094
1073
1053
1078
1060
1077
1075
1025
1061
1033
1132
1045
1108
1006
1067
1144
1326
1081
1061
1066
1024
1088
1063
1086
1055
1004
1098
1034
1128
1043
1052
1046
1051
1034
1065
1072
1057
1051
1024
1045
1060
1087
1098
1041
1107
1041
1028
1084
1074
1013
1068
1069
1116
1083
1078
1055
1027
1070
1043
1062
1090
1119
1087
1102
1080
1035
1055
1021
1062
1117
1045
1083
1031
1043
1063
1041
1063
879
424
