0	868	1
0	264	1
0	280	1
0	935	1
0	11	1
0	237	1
0	623	1
0	247	1
0	91	1
0	571	1
0	288	1
0	115	1
0	1179	1
0	14	1
0	1460	1
0	1121	1
0	307	1
0	1020	1
0	370	1
0	1378	1
0	40	1
0	44	1
0	970	1
0	384	1
0	701	1
0	297	1
0	336	1
0	49	1
0	112	1
0	2	1
0	374	1
0	576	1
0	730	1
0	958	1
0	1460	1
0	501	1
0	102	1
0	96	1
0	243	1
0	1437	1
0	97	1
0	75	1
0	1113	1
0	640	1
0	16	1
0	447	1
0	246	1
0	64	1
0	76	1
0	213	1
0	394	1
0	835	1
0	14	1
0	27	1
0	580	1
0	1197	1
0	227	1
0	125	1
0	89	1
0	269	1
0	494	1
0	1460	1
0	798	1
0	130	1
0	338	1
0	218	1
0	1460	1
0	251	1
0	66	1
0	1211	1
0	655	1
0	1446	1
0	1178	1
0	228	1
0	7	1
0	853	1
0	40	1
0	155	1
0	1062	1
0	267	1
0	479	1
0	281	1
0	1357	1
0	95	1
0	63	1
0	440	1
0	516	1
0	153	1
0	1460	1
0	464	1
0	224	1
0	614	1
0	771	1
0	18	1
0	53	1
0	1460	1
0	601	1
0	251	1
0	58	1
0	1434	1
0	186	1
0	42	1
0	1460	1
0	858	1
0	993	1
0	805	1
0	1105	1
0	159	1
0	26	1
0	371	1
0	357	1
0	180	1
0	15	1
0	113	1
0	1241	1
0	366	1
0	8	1
0	679	1
0	47	1
0	566	1
0	207	1
0	379	1
0	106	1
0	262	1
0	135	1
0	1460	1
0	498	1
0	55	1
0	579	1
0	565	1
0	9	1
0	1057	1
0	2	1
0	1006	1
0	221	1
0	284	1
0	296	1
0	156	1
0	762	1
0	67	1
0	191	1
0	1460	1
0	1054	1
0	290	1
0	1460	1
0	122	1
0	185	1
0	775	1
0	255	1
0	85	1
0	580	1
0	271	1
0	973	1
0	1460	1
0	1416	1
0	74	1
0	626	1
0	251	1
0	696	1
0	733	1
0	28	1
0	685	1
0	1460	1
0	296	1
0	362	1
0	839	1
0	43	1
0	339	1
0	968	1
0	314	1
0	545	1
0	528	1
0	36	1
0	1460	1
0	77	1
0	789	1
0	1460	1
0	103	1
0	258	1
0	1039	1
0	447	1
0	752	1
0	149	1
0	52	1
0	102	1
0	186	1
0	63	1
0	524	1
0	774	1
0	108	1
0	562	1
0	914	1
0	102	1
0	171	1
0	1021	1
0	761	1
0	621	1
0	1423	1
0	9	1
0	67	1
0	266	1
0	667	1
0	2	1
0	740	1
0	293	1
0	279	1
0	258	1
0	73	1
0	664	1
0	1460	1
0	135	1
0	92	1
0	463	1
0	58	1
0	662	1
0	1062	1
0	109	1
0	754	1
0	1460	1
0	17	1
0	1460	1
0	380	1
0	342	1
0	87	1
0	32	1
0	813	1
0	242	1
0	284	1
0	259	1
0	25	1
0	663	1
0	1	1
0	642	1
0	311	1
0	270	1
0	66	1
0	996	1
0	1460	1
0	82	1
0	7	1
0	10	1
0	449	1
0	454	1
0	123	1
0	207	1
0	21	1
0	279	1
0	97	1
0	53	1
0	96	1
0	28	1
0	69	1
0	1318	1
0	557	1
0	285	1
0	78	1
0	485	1
0	139	1
0	34	1
0	272	1
0	645	1
0	959	1
0	380	1
0	106	1
0	189	1
0	1460	1
0	362	1
0	118	1
0	1185	1
0	1107	1
0	256	1
0	8	1
0	208	1
0	201	1
0	7	1
0	1397	1
0	1460	1
0	121	1
0	32	1
0	454	1
0	8	1
0	779	1
0	187	1
0	362	1
0	1460	1
0	715	1
0	158	1
0	301	1
0	79	1
0	2	1
0	46	1
0	1460	1
0	1091	1
0	44	1
0	68	1
0	100	1
0	479	1
0	888	1
0	866	1
0	817	1
0	319	1
0	232	1
0	48	1
0	48	1
0	983	1
0	748	1
0	87	1
0	1002	1
0	196	1
0	15	1
0	315	1
0	149	1
2899	122	1
22959	0	1
134284	119	1
254905	103	1
262755	419	1
399224	0	1
470230	224	1
637325	145	1
712387	453	1
868577	0	1
960047	382	1
992184	109	1
1119111	0	1
1437961	821	1
1620799	0	1
2127544	705	1
2136955	0	1
2294061	350	1
2421155	510	1
2546968	303	1
2717258	139	1
2805919	21	1
2991687	2	1
3111153	112	1
3302045	264	1
3519268	183	1
3746923	152	1
3987770	671	1
4112552	166	1
4217395	728	1
4442131	185	1
4492895	167	1
4727757	139	1
4728959	97	1
4858009	298	1
5097085	1078	1
5327434	65	1
5556754	465	1
5681634	0	1
5687055	605	1
5719848	74	1
5937306	0	1
5937771	738	1
6084353	769	1
6334958	257	1
6510457	3	1
6732914	1127	1
6868964	1460	1
7005014	245	1
7250212	186	1
7330658	78	1
7555850	117	1
7793171	1258	1
7915606	328	1
8143929	7	1
8216595	6	1
8294326	423	1
8513174	343	1
8741909	472	1
8794722	577	1
8933172	764	1
9046698	1291	1
9278516	48	1
9309508	265	1
9550556	411	1
9642523	0	1
9744564	112	1
9839950	261	1
10032001	24	1
10062460	0	1
10156983	203	1
10646161	0	1
11347567	759	1
11545286	93	1
11772109	246	1
11787108	164	1
12001401	558	1
12404864	8	1
12426563	1154	1
12652485	383	1
12716062	2	1
12961316	110	1
12989206	714	1
13151415	205	1
13326640	1296	1
13401318	69	1
13563696	140	1
13811197	1115	1
14230781	0	1
15105431	356	1
15346358	838	1
15561179	79	1
15653660	444	1
15708943	477	1
15889288	465	1
15904706	1460	1
15920124	910	1
16082013	548	1
16087750	0	1
16153619	0	1
16222064	961	1
16358429	199	1
16406035	135	1
16423113	62	1
16675865	0	1
17252194	224	1
17294745	0	1
17486070	0	1
17494414	63	1
17716025	661	1
17904785	235	1
17977822	229	1
18202980	97	1
18306676	9	1
18539313	231	1
18683289	838	1
18876328	859	1
19002775	380	1
19030064	542	1
19258442	371	1
19400542	0	1
19500111	104	1
19642570	371	1
19643698	107	1
19746260	37	1
19751431	181	1
19845557	413	1
19949019	0	1
20058072	301	1
20303188	205	1
20530239	163	1
20754109	60	1
21533888	125	1
21589377	1136	1
22273200	359	1
22731643	209	1
22751224	3	1
22762857	29	1
23003323	1460	1
23243790	438	1
23489229	13	1
23601333	0	1
23633966	894	1
23665265	287	1
23694457	0	1
23864634	168	1
23871705	21	1
23907696	0	1
24098115	1043	1
24169538	35	1
24307866	64	1
24350160	0	1
24367273	254	1
24386848	342	1
24466286	197	1
24674160	584	1
24921198	17	1
25020640	1110	1
25192909	260	1
25917224	0	1
26487885	0	1
26499839	105	1
26730262	733	1
26979889	845	1
26992230	806	1
27127981	0	1
27211788	536	1
27437154	0	1
27509307	0	1
27882022	104	1
28124431	0	1
29218141	36	1
29403161	13	1
29601101	1460	1
29799040	232	1
30007101	1460	1
30117435	0	1
30215162	25	1
30457613	173	1
30585514	0	1
30681206	397	1
30908052	0	1
30976473	248	1
31444685	0	1
31747698	0	1
31936351	0	1
32054523	1397	1
32094396	49	1
32141908	761	1
32249573	392	1
32308216	36	1
32388502	0	1
32552889	334	1
32721081	89	1
32759387	0	1
32891928	45	1
33348474	0	1
33592448	631	1
33748583	685	1
34079618	0	1
34348612	0	1
34711245	0	1
35205916	93	1
35281529	0	1
35342810	85	1
35588070	36	1
35775933	755	1
35809123	0	1
35992091	40	1
36215015	195	1
36348470	97	1
36438061	0	1
36591440	84	1
36826738	360	1
37067095	66	1
37080221	0	1
37225416	0	1
37744258	34	1
37793895	0	1
37987058	841	1
38233853	1460	1
38423431	0	1
38480648	674	1
38693048	69	1
38893953	1312	1
38996622	197	1
39048503	0	1
39258144	0	1
39917520	210	1
40126249	1460	1
40334979	178	1
40506158	1263	1
40667891	26	1
41108727	0	1
41657359	0	1
41932730	0	1
42091630	747	1
42252128	898	1
42364585	153	1
42381413	194	1
42515356	350	1
42566415	0	1
42689661	477	1
42755183	0	1
42774561	875	1
43187770	0	1
43207019	0	1
43743255	0	1
43750220	119	1
44093790	0	1
44143596	0	1
44363836	0	1
44966319	0	1
45131062	1460	1
45606473	0	1
46511905	257	1
46591030	25	1
46802381	434	1
46984958	528	1
47158640	1460	1
47332321	48	1
47548077	8	1
47674186	189	1
48045902	332	1
48051818	1225	1
48126561	702	1
48273798	131	1
48385578	8	1
48613204	80	1
48846078	725	1
48951415	0	1
49149117	0	1
49171011	0	1
49738913	547	1
49808427	0	1
49912163	107	1
50038626	0	1
50121522	0	1
50481711	0	1
50836556	21	1
51083571	43	1
51199532	1	1
51403811	913	1
51451644	1460	1
51499477	1443	1
51506594	19	1
51527686	548	1
51668596	128	1
51768295	762	1
51804484	198	1
53218182	78	1
53392878	0	1
54008019	0	1
54228512	0	1
54347598	0	1
54365557	707	1
54587356	157	1
54618832	42	1
54621309	405	1
54844551	20	1
54882420	0	1
55042873	1018	1
55348696	341	1
55567973	494	1
55570567	287	1
55619180	1460	1
55667793	117	1
55770575	336	1
55812673	146	1
55997804	459	1
56173669	294	1
56341301	65	1
56544350	803	1
57823364	180	1
58055940	184	1
58148779	696	1
58176808	262	1
58259393	201	1
58438135	0	1
58504929	1145	1
58649364	12	1
58726483	0	1
58889344	550	1
59016737	7	1
59055538	451	1
59275818	42	1
59526711	68	1
59753471	168	1
59762484	74	1
59904006	771	1
60081885	139	1
60318223	883	1
60461043	26	1
60575628	394	1
61794455	45	1
61943094	0	1
62029309	845	1
62258310	875	1
62348033	0	1
62360350	841	1
62478377	0	1
62596784	72	1
62821228	0	1
62830230	581	1
62898259	103	1
63118072	869	1
63242360	24	1
63256142	60	1
63269314	21	1
63412878	24	1
63426264	0	1
63474893	0	1
63647000	26	1
63861193	1460	1
64045111	0	1
64075385	300	1
64489314	0	1
65083793	0	1
65444233	0	1
65564273	334	1
65670010	117	1
65870513	52	1
65963089	0	1
66104805	141	1
66238389	40	1
66375747	134	1
66394816	0	1
66414475	0	1
66417837	172	1
66514666	43	1
66679362	499	1
66757221	0	1
66822352	575	1
67224796	0	1
67808362	0	1
68195072	599	1
68203375	403	1
68407568	230	1
68622702	891	1
68865584	248	1
68918386	574	1
68989930	360	1
69220046	146	1
69464470	1460	1
69708894	649	1
69864429	326	1
69886307	501	1
70111239	647	1
70352335	1182	1
70579428	1460	1
70806521	513	1
70821054	1460	1
70835586	27	1
71067707	47	1
71316316	21	1
71442802	0	1
71501539	54	1
71564075	29	1
71658963	0	1
71786496	17	1
71804255	196	1
71900102	1037	1
72128757	0	1
72143734	12	1
72550676	0	1
72799856	752	1
72966902	1460	1
73133949	193	1
73165308	0	1
73215326	0	1
73377425	216	1
73801852	0	1
74222787	403	1
74326949	685	1
74346522	1460	1
74366095	529	1
74436523	0	1
74553116	1460	1
74740138	944	1
74805605	658	1
75078758	0	1
75650176	0	1
75712796	0	1
76159585	0	1
76192460	373	1
76242331	934	1
76292161	645	1
76302211	626	1
76471875	714	1
76490974	0	1
76627747	1258	1
76804430	270	1
76868236	167	1
77094333	133	1
77133775	0	1
77186594	263	1
77238056	1183	1
77356286	330	1
77587504	0	1
77599337	765	1
77826742	875	1
77836612	0	1
78066349	1411	1
78249150	185	1
78419639	33	1
78465046	0	1
78602231	60	1
78640228	0	1
79110130	0	1
79262827	755	1
79396454	244	1
79535018	709	1
79745510	0	1
79873701	0	1
80384471	10	1
80401386	0	1
80621773	772	1
80641155	225	1
80803431	20	1
81026315	0	1
81037983	85	1
81265385	695	1
81385192	0	1
81582710	12	1
81611437	727	1
81642284	0	1
81764384	0	1
81856466	214	1
82331620	0	1
82803020	960	1
82952002	0	1
83051103	41	1
83533062	0	1
83967905	0	1
84475794	106	1
84637414	2	1
84721210	224	1
84915613	505	1
85157471	569	1
85311431	791	1
85553168	218	1
85755071	5	1
85885658	260	1
85961779	670	1
86025880	10	1
86265680	48	1
86319497	245	1
86481494	75	1
86678017	126	1
86698994	1284	1
86797805	210	1
86809234	961	1
87001257	533	1
87125822	0	1
87652213	0	1
88008560	0	1
88076314	0	1
88479409	402	1
88636524	42	1
88705072	947	1
88712452	0	1
88900814	2	1
88925472	849	1
89160633	1460	1
89353492	0	1
89395793	917	1
89512565	678	1
89747796	67	1
89938538	0	1
89977070	211	1
89981645	1091	1
90169267	0	1
90224236	841	1
90233651	293	1
90295535	0	1
90332133	0	1
90473583	536	1
90668474	1236	1
90759218	2	1
91689902	285	1
91937375	192	1
92167367	955	1
92389023	723	1
92426090	0	1
92435820	3	1
92666538	531	1
92867825	62	1
92882191	329	1
93050824	0	1
93224229	178	1
93326068	840	1
93677527	195	1
93853921	730	1
93864337	379	1
94073545	0	1
94348093	0	1
94430712	0	1
94848258	0	1
95136093	148	1
95171233	123	1
95171634	322	1
95358196	1227	1
95472856	0	1
95553590	587	1
96083770	0	1
96322464	727	1
96474631	173	1
96706480	152	1
96723923	0	1
96944699	1460	1
97163026	0	1
97182919	240	1
97291697	0	1
97427706	66	1
97554072	25	1
97763698	2	1
97864611	599	1
97874033	43	1
97910629	0	1
97979909	0	1
98096034	1460	1
98318035	546	1
98391490	88	1
98409664	364	1
98632870	294	1
98857124	44	1
98963347	225	1
99189576	302	1
99429949	689	1
99549108	1460	1
99668268	499	1
99870747	34	1
100600852	0	1
100855635	1460	1
101840524	296	1
101907018	1078	1
102143362	101	1
102270551	16	1
102463887	0	1
102512876	17	1
102623296	128	1
102694820	0	1
102810486	1412	1
103323598	0	1
103345340	0	1
104270759	444	1
104519379	372	1
105727525	385	1
105851666	598	1
105994972	0	1
106019288	0	1
106086895	164	1
106186027	281	1
106665098	0	1
106926443	290	1
107075344	0	1
107266536	161	1
107336040	277	1
107409906	151	1
107493180	420	1
107599501	971	1
107705106	0	1
107776461	511	1
107812588	213	1
107902803	5	1
108004050	1460	1
108105296	283	1
108109196	503	1
108113767	0	1
108129733	0	1
108266410	332	1
108482482	683	1
108670141	411	1
108743604	0	1
108897806	1324	1
109087171	60	1
109160253	0	1
109212277	107	1
109448939	1460	1
109685601	1050	1
109690648	205	1
109698699	73	1
109726008	1089	1
109806117	0	1
109840101	1460	1
109954194	586	1
110049307	284	1
110083580	101	1
110176429	0	1
110348540	249	1
110475519	362	1
110712268	0	1
111261739	0	1
111494817	0	1
111941534	105	1
112122185	1193	1
112139095	0	1
112434010	0	1
112576034	214	1
112634479	526	1
112672206	237	1
112745040	31	1
112906095	459	1
113037177	0	1
113148005	81	1
113205256	337	1
113439918	972	1
113661715	0	1
113701266	142	1
114141061	0	1
114679362	0	1
114742258	557	1
114951449	351	1
115156112	163	1
115234265	0	1
115485281	0	1
115971210	104	1
116053422	1	1
116243674	0	1
116758646	179	1
116774542	0	1
116954512	155	1
117355418	0	1
117659912	0	1
117860345	117	1
117975606	307	1
117981518	34	1
118253407	0	1
118529946	73	1
118744187	68	1
118835278	1307	1
118886582	0	1
119072147	143	1
119133499	1072	1
119248467	219	1
119276662	0	1
119483250	454	1
119885016	0	1
120369342	0	1
120600420	596	1
120789676	0	1
120818908	118	1
120821067	815	1
120967633	0	1
121040776	1460	1
121260485	30	1
121494668	1460	1
121633526	0	1
121728851	266	1
121917011	1384	1
121924011	391	1
122125952	151	1
122211872	319	1
122242468	116	1
122269668	229	1
122473733	209	1
122719047	135	1
122787281	857	1
123035791	4	1
123277812	449	1
123436953	331	1
123654177	47	1
123730405	118	1
123948800	241	1
124171897	114	1
124871662	1460	1
125079804	0	1
125571427	417	1
125655279	0	1
125746122	175	1
125806608	420	1
126181751	424	1
126197218	308	1
126280696	0	1
126438292	37	1
126604626	206	1
126734674	69	1
126747765	383	1
126814391	0	1
126886938	75	1
126977968	58	1
127228776	66	1
127379880	326	1
127381167	0	1
127390342	0	1
127608092	393	1
128452175	1256	1
128497259	9	1
128700182	116	1
128894660	169	1
129554932	369	1
129647684	32	1
129881318	418	1
129881945	0	1
129903682	701	1
130000129	173	1
130066797	1460	1
130133465	1460	1
130200133	15	1
130220043	399	1
130299008	0	1
130440859	1460	1
130490071	0	1
130661675	562	1
130800746	289	1
130918026	0	1
130997675	280	1
131080579	291	1
131092372	0	1
131287639	489	1
131579204	145	1
131609690	0	1
131807454	9	1
131933513	43	1
132026473	0	1
132240954	0	1
132480934	0	1
132757137	0	1
132877108	11	1
133002434	0	1
133104359	447	1
133261003	0	1
133311856	705	1
133346414	119	1
133551233	76	1
133560622	56	1
133735902	847	1
133843841	0	1
134174037	593	1
134212358	0	1
134349166	318	1
134517994	623	1
134576798	366	1
134595937	0	1
134800448	157	1
134972210	0	1
135677060	348	1
135808784	1152	1
135921432	67	1
136115776	227	1
136131601	300	1
136241487	83	1
136301790	43	1
136396211	1	1
136522945	1224	1
136530374	494	1
136763457	178	1
136890991	227	1
136937493	1460	1
136983995	436	1
137102071	370	1
137180777	108	1
137360614	109	1
138296532	1309	1
138445888	161	1
138605661	622	1
138627040	0	1
138723874	89	1
138793602	610	1
138978019	388	1
139204585	1050	1
139264526	0	1
139413256	1003	1
139618450	431	1
139622507	97	1
139855096	1059	1
140855328	734	1
140909915	828	1
141088419	977	1
141134830	392	1
141191643	869	1
141345460	83	1
141629339	0	1
142195554	0	1
142573910	0	1
142669750	380	1
142747481	364	1
142826773	1160	1
142849991	21	1
143008548	0	1
143091686	140	1
143247142	585	1
143485997	306	1
143573233	1073	1
143592871	0	1
143626797	0	1
143632188	0	1
143705895	413	1
143794497	0	1
143943179	1460	1
144180463	689	1
144214629	44	1
144373854	0	1
144428681	336	1
144462481	668	1
144514375	717	1
144578336	587	1
144702321	450	1
144740753	37	1
144954629	0	1
144985698	906	1
145181680	724	1
145197702	149	1
145270701	232	1
145492378	1460	1
145714056	54	1
145906704	761	1
146028025	860	1
147484353	350	1
147630149	1016	1
147727717	27	1
147796450	0	1
147860092	354	1
147968847	152	1
148086851	7	1
148241593	477	1
148317270	0	1
148482547	107	1
148882922	0	1
148938291	0	1
149243331	0	1
149279167	340	1
149397663	1121	1
149631586	145	1
149770071	0	1
149792381	114	1
149864383	1062	1
149979351	0	1
149993306	0	1
150080476	0	1
150114649	553	1
150243264	0	1
150279231	1460	1
150443813	116	1
150679707	1191	1
150840188	0	1
151423998	0	1
151478538	725	1
151654647	140	1
151660724	16	1
151676518	0	1
151724499	0	1
151742442	1112	1
151965577	1460	1
152188712	226	1
152356853	0	1
152384348	367	1
152601476	0	1
152611343	1318	1
152743263	377	1
152803650	231	1
152822548	0	1
153014755	1460	1
153121807	0	1
153225859	964	1
153582879	0	1
153738036	38	1
153930131	561	1
154067666	1012	1
154222641	0	1
154295476	64	1
154446072	0	1
154934374	41	1
155021701	0	1
155170194	516	1
155418196	374	1
155653445	0	1
156281659	0	1
156403150	0	1
156649405	38	1
156704277	8	1
156893325	0	1
157123939	0	1
157655977	0	1
157843134	1460	1
158295477	0	1
158669611	0	1
158981992	403	1
159667110	0	1
159735314	0	1
159963827	139	1
160017086	0	1
160181779	221	1
160295552	0	1
160516280	0	1
160767936	1460	1
160949769	0	1
161354093	105	1
161428968	0	1
162519821	1094	1
162702873	1347	1
162920544	425	1
163163922	570	1
163281811	65	1
163524228	101	1
163668603	843	1
163766970	23	1
163780042	585	1
163820066	1039	1
163885349	1037	1
164177282	1460	1
164469216	534	1
164562283	1245	1
164698745	596	1
164766564	225	1
164975520	1093	1
165130356	0	1
165212741	405	1
165257226	1460	1
165301710	399	1
165408483	0	1
165456162	0	1
165551968	26	1
165564138	0	1
165640408	0	1
166357891	0	1
166574567	0	1
167028029	676	1
167041920	110	1
167149277	0	1
167186827	0	1
167286876	13	1
167373017	0	1
167408159	1460	1
167529442	505	1
167721013	389	1
167938266	308	1
168107457	275	1
168338467	282	1
168399265	1460	1
168460062	456	1
168462062	129	1
168874017	179	1
168928990	5	1
169789393	839	1
169882314	471	1
169944813	1460	1
170007313	630	1
170182454	100	1
170971186	0	1
171218166	233	1
171404984	0	1
171449250	212	1
171604268	0	1
171657920	277	1
171862869	1454	1
171971248	0	1
172099178	338	1
172314775	0	1
172575804	0	1
172707353	549	1
172866284	78	1
173051563	882	1
173216613	115	1
173431509	1	1
173599200	799	1
173820115	66	1
174052218	448	1
174141201	1460	1
174230183	567	1
174388096	348	1
174638588	496	1
174742612	333	1
174938397	202	1
175052103	1172	1
175258831	233	1
175366762	239	1
175795308	0	1
175839426	0	1
176178161	0	1
176422907	0	1
176475293	193	1
176711054	46	1
176772485	0	1
176951452	213	1
177186403	444	1
177285948	130	1
177325898	0	1
177362617	1460	1
177439285	193	1
177537241	0	1
177554912	422	1
177611465	354	1
177932615	0	1
178408558	0	1
178748988	310	1
178839338	329	1
178989341	0	1
179073162	55	1
179291576	67	1
179325097	0	1
179713376	389	1
179864988	868	1
179931134	41	1
179938244	0	1
180102318	212	1
180312089	874	1
180413198	93	1
180422686	0	1
180608440	275	1
181992434	1460	1
183376428	361	1
183411321	300	1
183599524	607	1
183743129	71	1
183992989	1460	1
184001022	0	1
184242848	96	1
184476682	1460	1
184588361	0	1
184710516	704	1
184877873	6	1
185034433	0	1
185059108	108	1
185293310	1460	1
185527513	421	1
185558405	258	1
185616938	0	1
185759146	267	1
185965817	37	1
186017139	33	1
186134905	0	1
186514051	0	1
186910951	0	1
187057413	0	1
187425288	70	1
187425622	227	1
187464301	0	1
187550657	178	1
187966932	0	1
188265951	24	1
188285860	498	1
188320519	0	1
188364253	1282	1
188489320	770	1
188583502	93	1
188643740	999	1
188870331	26	1
188958635	180	1
189028005	568	1
189085783	476	1
189289530	0	1
189309308	867	1
189316953	0	1
189555653	82	1
189648935	717	1
189753503	1309	1
189800004	124	1
189939708	451	1
190182203	532	1
190232274	188	1
190235604	474	1
190261124	1	1
190269343	1438	1
190349880	137	1
190436040	0	1
190593122	517	1
190813961	230	1
190936837	190	1
190978116	0	1
191067212	52	1
191103963	184	1
191113378	0	1
191206568	18	1
191214415	33	1
191341330	1460	1
191468244	1039	1
191524558	428	1
191987733	0	1
192429251	0	1
192932632	1460	1
193055308	0	1
193059487	0	1
193411262	0	1
194340706	198	1
194380819	89	1
194605443	180	1
194748852	637	1
194869195	570	1
194983031	919	1
195051390	0	1
195395870	415	1
195502205	1460	1
195608539	394	1
195664147	148	1
195681412	0	1
195709887	257	1
195720230	0	1
195723144	1460	1
195736400	554	1
195965185	590	1
196178316	835	1
197063127	286	1
197299006	679	1
197534129	232	1
198977369	22	1
199169683	133	1
199346792	17	1
199424033	0	1
199474721	40	1
199520771	925	1
199626071	475	1
199924290	0	1
200188976	0	1
200304667	0	1
200663290	199	1
200783410	402	1
200865500	0	1
201001772	217	1
201248768	131	1
201310960	728	1
201337575	587	1
201435177	0	1
201542919	72	1
201767854	111	1
201966072	641	1
202040981	0	1
202190036	155	1
202321796	59	1
202471485	606	1
202610349	797	1
202634669	0	1
202830258	25	1
202992363	0	1
203019132	1460	1
203208007	690	1
203367317	30	1
203602216	7	1
204715499	119	1
205677745	0	1
206093031	208	1
206339357	255	1
206442596	26	1
206678239	158	1
206746257	141	1
206813462	43	1
206860959	111	1
207017830	560	1
207120243	1460	1
207222656	709	1
207246251	1309	1
207359966	487	1
207394379	108	1
207522199	13	1
207669310	954	1
207894373	733	1
208034492	1460	1
208174611	886	1
208272224	276	1
208332730	56	1
208424186	833	1
208533798	0	1
208661128	372	1
208682417	985	1
208808929	717	1
208886935	17	1
209083172	0	1
209087724	8	1
209276516	279	1
209374104	1003	1
209460644	0	1
209555542	1268	1
209578641	44	1
209823359	18	1
209938652	582	1
209968969	169	1
210023558	0	1
210183151	202	1
210330454	0	1
210406657	1460	1
210630163	685	1
210705629	81	1
210924102	482	1
211167744	440	1
211409076	337	1
211417844	203	1
211537974	0	1
211835723	0	1
211849435	667	1
211919625	1460	1
211989815	777	1
212331603	140	1
212425962	0	1
212551711	123	1
212688234	0	1
212742294	1	1
212800993	0	1
212981051	366	1
213141375	0	1
213203055	1460	1
213322267	0	1
213425058	697	1
213644058	1460	1
213781152	0	1
213863057	120	1
213903223	2	1
214024183	61	1
214078433	234	1
214195461	0	1
214363808	0	1
214549355	0	1
214587266	0	1
214713788	541	1
214873393	0	1
214934644	52	1
215015035	185	1
215263532	50	1
215440492	0	1
215899735	0	1
216498673	0	1
216589204	0	1
216599947	0	1
216660954	1460	1
217110161	0	1
217488108	0	1
218058376	655	1
218078826	0	1
218133123	0	1
218359633	0	1
218632273	0	1
218747144	94	1
218946360	1	1
219188592	50	1
219395471	1460	1
219602349	287	1
219794362	0	1
219826807	147	1
220031797	0	1
220299047	0	1
220375295	116	1
220803061	779	1
220885190	68	1
220905226	0	1
220947673	22	1
221192647	358	1
221232687	1460	1
221272726	434	1
221315257	0	1
221383722	274	1
221632374	472	1
221821024	76	1
222070532	392	1
222192720	10	1
222250771	338	1
222353223	438	1
222364160	119	1
222491402	1316	1
222740309	152	1
222814452	43	1
223062064	773	1
223313023	1460	1
223563981	1177	1
223642642	837	1
223655416	35	1
223708726	508	1
223910367	98	1
224622616	0	1
224741465	221	1
224751192	498	1
224781304	341	1
224861399	13	1
224951961	49	1
225244025	0	1
225592721	340	1
225632018	0	1
225948034	0	1
226013814	310	1
226253239	164	1
226481875	1460	1
226558498	0	1
226710511	235	1
226711939	272	1
226956615	112	1
227042115	0	1
227157597	1380	1
227177175	361	1
227445140	1396	1
227467836	226	1
227633168	0	1
228252662	0	1
228266334	326	1
228343154	8	1
228502221	0	1
228503774	332	1
228620173	0	1
228746128	9	1
228964570	529	1
229002539	0	1
229188260	392	1
229408031	355	1
229439714	0	1
229923697	0	1
230163464	0	1
230697713	0	1
230789145	58	1
230841054	810	1
230961596	884	1
231083214	0	1
231095288	466	1
231107991	715	1
231379363	0	1
231508429	0	1
231994431	0	1
232351511	1444	1
232523916	1236	1
232759914	13	1
232791371	23	1
232941214	195	1
232978832	792	1
233203117	226	1
233362646	1460	1
233522175	295	1
233937752	176	1
234153445	1460	1
234369138	720	1
234603446	49	1
234832715	195	1
235037589	55	1
235155208	146	1
235204038	0	1
235245291	617	1
235463765	0	1
235464637	581	1
235497042	0	1
236060066	0	1
236627717	82	1
236673095	1460	1
236718473	180	1
236842517	1076	1
237073453	187	1
237301564	79	1
237311294	23	1
237734047	68	1
237978704	34	1
238081554	28	1
238280628	6	1
238477246	0	1
238516006	253	1
238841432	0	1
239474987	0	1
239738493	896	1
239927415	157	1
240132679	364	1
240191641	1089	1
240416011	940	1
240429782	1166	1
240621084	215	1
240649300	0	1
240688160	416	1
240784218	0	1
240859287	212	1
240968621	0	1
241107375	45	1
241302467	324	1
241399199	0	1
241525119	1460	1
241599421	0	1
241747771	248	1
241779821	986	1
242020775	417	1
242156859	0	1
242268233	30	1
242349225	0	1
242381801	541	1
242468094	3	1
242560270	171	1
242739301	57	1
242973340	0	1
243395731	0	1
243415400	676	1
243573111	1460	1
243730822	33	1
243746789	173	1
243773031	9	1
243820527	0	1
243860858	597	1
243954855	61	1
244199765	1155	1
244325583	18	1
244427258	0	1
244522974	0	1
244562864	13	1
244693521	1439	1
244808247	0	1
244930832	728	1
245174429	593	1
245381233	0	1
245407929	42	1
245612310	442	1
245805260	545	1
245985651	63	1
246020050	0	1
246158280	22	1
246201191	11	1
246431203	811	1
246464794	655	1
246591525	607	1
246724095	375	1
246886316	806	1
246928392	51	1
246978392	361	1
247068797	663	1
247299821	61	1
247537990	429	1
247541641	0	1
247602725	37	1
247662079	342	1
247791587	322	1
248011109	93	1
248154734	180	1
248177539	0	1
248380988	379	1
248456064	51	1
248683081	180	1
248788493	1133	1
248970012	1460	1
249151531	1	1
249252179	988	1
249489451	797	1
249538210	1460	1
249586970	320	1
249617786	23	1
249654767	131	1
250825120	487	1
250831304	467	1
250917145	481	1
251013838	847	1
251246010	70	1
251433869	0	1
251528126	124	1
251588516	155	1
251640787	0	1
251672592	337	1
251842586	264	1
252056908	0	1
252411929	790	1
252588823	155	1
252639587	0	1
252791594	629	1
252879263	129	1
253030078	146	1
253245244	0	1
253485553	105	1
253874365	0	1
254857125	317	1
255085199	754	1
255319926	202	1
256100841	546	1
256257434	228	1
257261590	0	1
257716274	640	1
257754918	578	1
257889940	0	1
257960695	62	1
258127145	586	1
258360328	514	1
258522356	0	1
258606626	0	1
259119003	12	1
259165869	679	1
259191320	0	1
259237539	1430	1
259288855	770	1
259504020	1460	1
259719185	279	1
259767843	0	1
259939288	37	1
260169372	167	1
260210949	333	1
260251828	0	1
260422648	8	1
260646639	183	1
260862366	150	1
261039685	128	1
261784491	29	1
261812111	799	1
261962077	1460	1
262112043	823	1
262359757	254	1
263421014	0	1
263789012	0	1
263830498	450	1
264886616	296	1
265039417	766	1
265212948	1162	1
265528909	373	1
265760389	83	1
265994326	142	1
266186414	110	1
266288992	1460	1
266391570	808	1
266529696	202	1
266543099	235	1
266774563	48	1
267005633	605	1
267187754	0	1
267255827	391	1
267490072	275	1
267553569	0	1
267598897	130	1
267697999	346	1
267780833	132	1
267883318	133	1
268052224	0	1
268078460	1460	1
268273601	316	1
268328272	0	1
268495298	269	1
268550366	1031	1
268636849	1116	1
268638264	287	1
268741398	1004	1
268752764	140	1
268873397	0	1
268885687	985	1
268956344	123	1
269077510	1420	1
269103414	0	1
269277993	715	1
269511328	336	1
269571998	0	1
269697576	1460	1
269883824	22	1
269906404	0	1
269924891	69	1
270474857	0	1
270769417	0	1
271040313	1233	1
271288372	116	1
271310574	0	1
271517800	1017	1
271668223	1066	1
271727786	824	1
271873161	1	1
271969083	1180	1
272111959	164	1
272269362	384	1
273162986	407	1
274392145	75	1
274591420	0	1
274599155	234	1
274617386	0	1
274632622	108	1
274678479	112	1
274725183	499	1
274972471	281	1
275112096	0	1
275442902	0	1
275548578	0	1
275730602	1003	1
275954241	82	1
276032955	107	1
276077360	178	1
276187155	0	1
276265886	73	1
276320534	1062	1
276396707	233	1
276644570	31	1
276850677	1460	1
277023162	0	1
277056785	37	1
277605787	0	1
277935616	34	1
278039892	277	1
278250230	0	1
278275316	440	1
278507594	58	1
278727335	96	1
278873422	0	1
278880771	0	1
278887363	459	1
279097163	3	1
279261514	537	1
279480310	315	1
279510526	0	1
279716040	47	1
279820083	0	1
280231523	0	1
280743596	140	1
280813440	0	1
280990297	127	1
281201819	444	1
281429040	1460	1
281656261	647	1
281675840	1448	1
281755858	161	1
281936162	90	1
283286842	16	1
283408136	1460	1
283529429	114	1
283707513	103	1
283883542	1460	1
284059572	1164	1
284121386	208	1
284282553	6	1
284336476	0	1
284367492	1071	1
284419837	0	1
284716820	0	1
284983074	104	1
285004971	1432	1
285072643	213	1
285101222	1460	1
285129801	153	1
285246459	77	1
285277732	0	1
285491714	23	1
286496689	422	1
286669555	13	1
286919771	700	1
287027920	978	1
287092044	316	1
287174102	620	1
287202108	892	1
287248976	0	1
287390264	75	1
287476104	288	1
287571194	400	1
287814342	240	1
288004530	31	1
288183629	7	1
288330934	1	1
288469548	49	1
288636314	261	1
288858086	255	1
288875569	0	1
288927502	990	1
289057991	51	1
289241639	87	1
289421340	44	1
289434669	0	1
290031382	0	1
290422993	92	1
290593259	9	1
290650042	0	1
290825852	409	1
290950827	736	1
291066446	9	1
291288291	102	1
291536761	421	1
292604531	0	1
292931974	53	1
293171169	0	1
293176047	1017	1
293368633	1460	1
293369199	0	1
293561220	110	1
293736830	0	1
293795693	32	1
293799491	0	1
293856325	0	1
293915661	50	1
293947040	935	1
293963661	0	1
294386192	0	1
294645973	435	1
294780175	301	1
295018238	0	1
295027087	30	1
295045210	1106	1
295264035	132	1
295381914	752	1
295619175	0	1
295691872	0	1
295777721	0	1
296370292	0	1
296572199	585	1
296923523	0	1
297988151	51	1
298196615	1	1
298276639	194	1
298434165	271	1
298630580	487	1
298817490	178	1
298822033	198	1
299044712	787	1
299287300	0	1
299293724	1026	1
299502723	281	1
299621075	94	1
299659882	0	1
299765312	14	1
299816611	0	1
300197092	0	1
300254070	137	1
300423275	21	1
300651790	0	1
301160394	0	1
301463733	151	1
301693852	896	1
301762957	0	1
301858699	0	1
301904900	13	1
302136756	164	1
302280012	1210	1
302510193	373	1
303715870	318	1
303877898	759	1
304108645	92	1
304310084	77	1
304556444	123	1
304669558	0	1
304776272	118	1
304889233	569	1
305022107	0	1
305138010	7	1
305293191	304	1
305502841	0	1
305517569	410	1
305527785	519	1
305714775	304	1
305964857	1255	1
306155523	410	1
306381587	91	1
306528992	134	1
306630803	119	1
306646120	61	1
306803975	98	1
306874983	47	1
307065757	769	1
307145021	187	1
307260944	154	1
307499523	1033	1
307747265	14	1
307936143	47	1
308048301	29	1
308072679	0	1
308289806	1460	1
308531311	148	1
308643048	0	1
308669434	510	1
308734327	44	1
308866548	0	1
308907508	206	1
309155749	33	1
309376283	1351	1
309491592	0	1
309636331	317	1
309771301	172	1
309966270	209	1
310069070	0	1
310211558	45	1
310313008	297	1
310413655	462	1
310421127	0	1
310635594	62	1
310671406	1460	1
310707217	1460	1
310743028	31	1
310911197	270	1
310966934	1027	1
311196460	536	1
311385520	144	1
311410965	1460	1
311436410	570	1
311661847	394	1
311782169	594	1
311952913	33	1
312185613	335	1
312290687	275	1
312448767	989	1
313094025	691	1
313184996	471	1
313436013	498	1
313542510	396	1
313674367	47	1
314025611	0	1
314270423	0	1
314491689	0	1
314746389	123	1
314770276	790	1
314772599	0	1
315888288	38	1
316038078	632	1
316261653	1460	1
316485228	77	1
316504442	56	1
316508366	21	1
316672704	1069	1
316869435	38	1
317092069	270	1
317162734	133	1
317394320	431	1
317554800	107	1
317731277	690	1
317966213	1	1
318192399	503	1
318438691	1044	1
318490476	0	1
318603644	403	1
318655852	52	1
318681295	1460	1
318706739	306	1
318883956	87	1
319107560	20	1
319271511	287	1
319422318	74	1
319646913	888	1
319758290	627	1
319960584	395	1
320039775	0	1
320179090	162	1
320209414	0	1
320356828	68	1
320580197	11	1
320803483	0	1
320816220	54	1
321060168	363	1
321107200	786	1
321175889	47	1
321902219	150	1
322139034	69	1
322209072	964	1
322262690	97	1
322983958	1249	1
323116297	599	1
323278259	180	1
323461230	266	1
323611603	0	1
323697862	1433	1
323809218	270	1
324032336	132	1
324064322	0	1
324067231	771	1
324313198	21	1
324413113	0	1
324746478	0	1
325114402	89	1
325182377	315	1
325225208	1304	1
325234432	0	1
325313929	212	1
326729997	563	1
326789946	758	1
326908159	64	1
327158211	147	1
327181964	342	1
327289889	244	1
327409873	717	1
327621176	132	1
327812367	0	1
327836966	269	1
327866712	0	1
327891291	23	1
328081641	206	1
328486274	0	1
329518508	339	1
329544687	0	1
329587926	219	1
329840670	1460	1
330093414	97	1
330132346	104	1
330144900	0	1
330364514	996	1
330782470	0	1
331015259	205	1
331019442	0	1
331211726	0	1
331263873	604	1
331408981	499	1
331416313	0	1
331417407	524	1
331600790	0	1
331650530	256	1
331915207	0	1
332578327	262	1
332862910	0	1
333490876	0	1
333535829	981	1
333682066	0	1
333702385	256	1
333722870	616	1
333754948	191	1
333945524	24	1
334070188	157	1
334286877	0	1
334309303	347	1
334451887	0	1
334830098	0	1
335349548	707	1
335387546	264	1
335412001	0	1
335558022	367	1
335718507	180	1
335867346	0	1
335925753	1460	1
336133000	1033	1
336210648	0	1
336218173	377	1
336242855	1460	1
336267537	457	1
336403121	202	1
336405079	549	1
336596856	0	1
336630024	582	1
336680740	704	1
336918599	1224	1
337105625	0	1
337164116	505	1
337325962	121	1
337402218	126	1
337445873	0	1
337553082	8	1
337781430	1024	1
337850393	244	1
337975818	0	1
338077520	187	1
338079236	79	1
338199336	259	1
338292654	0	1
338440256	606	1
338623213	229	1
338683773	431	1
338896962	29	1
339101228	1460	1
339305494	218	1
339437543	0	1
339525118	82	1
339755581	0	1
339837004	667	1
340061647	108	1
340371785	0	1
340756357	0	1
341314207	64	1
341354630	0	1
341495645	196	1
341643227	0	1
341738564	670	1
341898782	1157	1
342166354	0	1
342255405	0	1
342822147	145	1
343000963	512	1
343002719	650	1
343066857	489	1
343068445	415	1
343108678	827	1
343123391	1	1
343204520	0	1
343211717	557	1
343275619	0	1
343423172	2	1
343474249	238	1
343496393	168	1
343527776	661	1
343716386	20	1
344743288	117	1
344909175	316	1
345156329	450	1
345283112	14	1
345317207	23	1
345567557	154	1
345804056	262	1
346046867	141	1
346471448	21	1
346567211	1040	1
346708100	87	1
346938166	274	1
346979880	0	1
347089968	0	1
347183383	78	1
347193390	0	1
347419828	668	1
347607185	436	1
347754241	868	1
347997567	127	1
348218621	589	1
348304575	782	1
348426054	767	1
348456115	43	1
348606355	183	1
348767779	782	1
348989119	607	1
349223754	592	1
349313919	0	1
349461540	614	1
349496498	0	1
350625341	0	1
350755002	374	1
350798025	64	1
350926505	423	1
351043030	486	1
351082601	0	1
351197768	0	1
351361921	0	1
351395052	231	1
351577204	60	1
351804154	6	1
351812246	1090	1
351812505	294	1
351843986	6	1
351920222	1014	1
351979849	5	1
352737845	230	1
352805950	128	1
353021348	281	1
353083792	38	1
353088269	0	1
353188073	36	1
353387298	0	1
353392420	0	1
353429686	357	1
353433089	0	1
353469763	0	1
353489521	133	1
353520496	0	1
353739670	140	1
353760699	1093	1
353984179	141	1
353994684	0	1
354226651	86	1
354264264	0	1
354462281	135	1
354548409	270	1
354594370	16	1
354813202	389	1
354871884	0	1
355046386	35	1
355513007	0	1
355571405	249	1
355671884	885	1
356694886	25	1
356945545	157	1
357059322	334	1
357232007	378	1
357466102	740	1
357710733	247	1
357823796	4	1
358066106	725	1
358149163	0	1
358297255	9	1
358328984	87	1
358503863	33	1
358570588	75	1
358741780	0	1
359076797	1191	1
359314362	0	1
359657726	0	1
359940969	178	1
359976875	664	1
360054970	450	1
360163149	156	1
360290061	0	1
360387427	447	1
360586528	382	1
360665951	1408	1
360849876	27	1
360927627	0	1
360930553	473	1
361043044	0	1
361086573	0	1
361159217	0	1
361160057	495	1
361847751	0	1
362230673	0	1
362260744	551	1
362424777	441	1
362470603	0	1
363744885	1460	1
364618852	0	1
365064992	568	1
365157916	129	1
365262465	0	1
365390138	79	1
365628819	1	1
365648027	1285	1
365720611	368	1
365850274	0	1
366068155	0	1
366319433	515	1
366328064	349	1
366630143	0	1
367039848	0	1
367349957	0	1
367492625	196	1
367720824	44	1
367800756	0	1
367915636	126	1
368255516	0	1
368849802	0	1
368960591	0	1
368997103	230	1
369013395	1167	1
369019304	0	1
369123076	0	1
369327746	0	1
369778786	0	1
370336944	0	1
370508716	33	1
370616003	156	1
370777399	0	1
371745410	641	1
372031840	121	1
372115236	1397	1
372339232	300	1
372570099	342	1
373239875	0	1
373459406	0	1
373815697	348	1
373824659	284	1
374048589	0	1
374279099	1213	1
374315339	22	1
374373134	576	1
374506997	249	1
374730253	90	1
374832934	0	1
374918462	14	1
375169827	0	1
375215639	0	1
375646626	0	1
376162216	0	1
376318590	760	1
376547096	17	1
376610997	37	1
376637205	0	1
376781594	666	1
376964139	40	1
376973390	0	1
377186703	265	1
377332126	237	1
377565687	1214	1
377609000	0	1
377687828	154	1
377844678	0	1
378099770	334	1
378349225	934	1
378368921	0	1
378592351	119	1
378659335	67	1
378884921	1088	1
378973263	0	1
379308426	573	1
379316538	721	1
379451535	457	1
379488409	0	1
379607560	288	1
379851395	871	1
379992282	21	1
380115540	0	1
380131059	0	1
380219873	255	1
380439484	0	1
380469128	607	1
380500432	786	1
380730302	1460	1
380960172	13	1
380972404	55	1
381015942	0	1
381119777	1331	1
381458573	0	1
381541494	107	1
381785229	1270	1
381892753	0	1
381961394	765	1
382177033	142	1
382424623	1460	1
382492263	0	1
382672212	259	1
382864938	1460	1
383056266	0	1
383057663	134	1
383287763	194	1
383438628	434	1
383618426	1009	1
383640420	1460	1
383662414	18	1
383810824	311	1
384311953	0	1
384547026	0	1
384698301	1460	1
384926243	0	1
384968762	0	1
385370376	0	1
385585777	202	1
385755366	777	1
385847007	0	1
385938993	557	1
385998907	1001	1
386329590	0	1
386786678	591	1
386894389	0	1
387458633	0	1
387499494	667	1
387590870	274	1
387764555	1093	1
387989336	0	1
388516545	0	1
388529352	645	1
388564445	68	1
388684385	881	1
388905111	2	1
388907496	235	1
389089322	197	1
389097750	0	1
389252711	470	1
389356951	282	1
389468042	859	1
389577229	0	1
389638946	445	1
389871451	108	1
390091033	1289	1
390213333	0	1
390293830	93	1
390421340	0	1
390539768	548	1
390759951	441	1
390782240	11	1
390790539	1259	1
390899551	0	1
391035631	447	1
391171605	1025	1
391269899	0	1
392125288	188	1
392291590	66	1
392430862	18	1
393332998	413	1
393432033	53	1
393623113	51	1
393648574	824	1
393829032	366	1
394050271	182	1
394229356	191	1
394311281	168	1
394687238	3	1
394814011	414	1
395081505	0	1
395651109	0	1
395715181	37	1
395913669	550	1
396110262	0	1
396161170	552	1
396269136	387	1
396361219	0	1
396372200	0	1
396972787	0	1
396988994	0	1
397633004	0	1
397674439	514	1
397826549	176	1
398068512	12	1
398211811	1071	1
398235387	525	1
398266302	0	1
398315375	62	1
398361838	74	1
398496457	52	1
398669804	662	1
398844107	0	1
398911271	1460	1
399152737	164	1
399372095	1460	1
399408473	0	1
399591452	711	1
399632811	0	1
399674847	0	1
399836526	303	1
399866930	509	1
401208953	139	1
401377876	133	1
401528981	165	1
402579829	297	1
402752229	42	1
402977328	543	1
402978623	545	1
403183639	0	1
403221941	1460	1
403241707	0	1
403465259	1080	1
403714089	6	1
403965015	158	1
404105226	425	1
404127345	502	1
404214451	159	1
404415033	544	1
404416388	53	1
404560726	122	1
404739225	587	1
404966954	28	1
405046776	41	1
405279260	19	1
405451702	50	1
405615040	76	1
405834439	556	1
405854573	282	1
405857880	134	1
406960006	220	1
407057099	0	1
407184119	257	1
407205813	736	1
407259328	144	1
407401781	0	1
407611332	0	1
407772111	0	1
407896152	18	1
408113951	250	1
408259107	427	1
408410612	0	1
408491898	25	1
408496791	150	1
408533520	0	1
408664503	239	1
408826726	670	1
409028526	1264	1
409056884	0	1
409171276	0	1
409536440	0	1
409639609	0	1
409908624	0	1
410486102	614	1
410523591	0	1
411124787	0	1
411644994	0	1
411968181	123	1
412219253	987	1
412244964	0	1
412403406	559	1
412483344	0	1
412638844	1460	1
412874282	51	1
413114130	171	1
413340771	364	1
413563956	701	1
413687709	222	1
413905655	1460	1
414123601	106	1
414330307	34	1
414467560	670	1
414663474	1460	1
414859389	268	1
415083333	273	1
415326337	54	1
415362457	580	1
415608642	186	1
415774769	1058	1
415883696	3	1
415921602	346	1
416113048	0	1
416171756	523	1
416244080	1460	1
416316404	56	1
416460260	0	1
416530552	623	1
416780866	180	1
416872348	728	1
416920011	295	1
416969463	167	1
417101228	0	1
417217620	323	1
417455062	143	1
417533151	2	1
417665626	0	1
417727602	80	1
417821687	0	1
417895540	587	1
418180134	0	1
418750246	0	1
418877584	0	1
419104029	158	1
419299462	383	1
419477802	25	1
419483399	0	1
419693925	0	1
419695492	733	1
419773213	63	1
419952635	1460	1
419987711	0	1
420132057	421	1
420378033	645	1
420497510	0	1
420565316	965	1
420631956	199	1
420738682	628	1
420826049	0	1
420912020	91	1
421044783	581	1
421418142	0	1
421898049	0	1
422260975	162	1
422375333	379	1
422468146	0	1
422606893	1460	1
422838453	1118	1
423061643	28	1
423096239	0	1
423601178	0	1
424029137	0	1
424058940	0	1
424086700	5	1
424181349	219	1
424644528	0	1
424689323	779	1
424703941	0	1
424905997	208	1
425321999	0	1
425602606	0	1
425740420	18	1
425940003	1460	1
426139586	246	1
426246538	0	1
426388850	370	1
426506653	513	1
426649970	299	1
426816643	0	1
426875332	354	1
427064289	182	1
427217930	53	1
427468633	25	1
427693078	409	1
427911159	11	1
428133203	1027	1
428198315	263	1
429095630	355	1
430323244	0	1
430535166	15	1
430576392	0	1
431096887	29	1
431165994	0	1
431321619	435	1
431552519	1460	1
431763052	0	1
431783419	69	1
431828764	171	1
431891136	237	1
432376857	422	1
432552373	1460	1
432727890	685	1
432937881	123	1
433098603	45	1
433164074	342	1
433281394	10	1
433333770	189	1
433580000	284	1
433695093	157	1
433853870	623	1
435209096	373	1
435279947	75	1
435374820	824	1
435416416	43	1
435462473	0	1
435662166	586	1
435886705	1460	1
435965469	0	1
436018437	0	1
436111244	66	1
436201798	103	1
436425953	1246	1
436615594	0	1
436667056	8	1
436885473	546	1
436945065	1336	1
437193011	657	1
437215262	0	1
437350971	59	1
437454727	7	1
437463657	70	1
437627634	65	1
437657994	53	1
437796855	0	1
437825717	998	1
438035091	0	1
438152912	0	1
438604278	82	1
438669955	0	1
438846781	29	1
438935790	0	1
439081801	137	1
439166178	83	1
439232000	443	1
439412969	165	1
439477718	0	1
439637435	370	1
439892567	0	1
440420610	0	1
440694206	0	1
440854856	800	1
441063846	512	1
441292613	672	1
441444989	45	1
441673245	759	1
441770530	0	1
442238543	0	1
442860358	0	1
442964810	121	1
443108654	0	1
443611992	0	1
443731682	0	1
444452626	1323	1
444570271	1460	1
444687916	1126	1
444813399	73	1
444951094	392	1
445182452	9	1
445431919	1316	1
445432541	458	1
445574161	262	1
445789325	81	1
446022039	56	1
446199169	57	1
446276654	320	1
446290413	21	1
446350791	1077	1
446501141	280	1
446519228	0	1
446735588	578	1
446746899	1068	1
446803783	0	1
446813211	1460	1
446879524	81	1
447019520	67	1
447245562	0	1
447514675	1460	1
447882896	0	1
448009831	213	1
448725813	292	1
448761828	47	1
448926174	211	1
449155783	329	1
449716905	80	1
449936844	808	1
449997935	48	1
450172611	100	1
450317537	0	1
450344117	77	1
450430125	22	1
450622387	449	1
450688603	0	1
450698728	13	1
450899477	615	1
450907764	58	1
451293710	0	1
451341011	0	1
451845018	0	1
451988652	0	1
452056439	58	1
452146708	293	1
452147571	0	1
452342625	146	1
452586274	1043	1
452693081	0	1
452717096	281	1
452857359	411	1
453061040	0	1
453662961	0	1
453986635	0	1
454315696	1222	1
454391731	217	1
454555281	228	1
454557169	0	1
454664728	18	1
454743278	0	1
455323840	0	1
455967148	0	1
456070094	44	1
456217412	141	1
456373514	69	1
456502741	0	1
456747520	0	1
456761319	719	1
457008317	10	1
457050218	6	1
457184279	34	1
457225891	686	1
457314617	0	1
457389113	1321	1
457411646	127	1
457469631	0	1
457510038	849	1
457557240	1223	1
457756938	461	1
457763495	0	1
457856673	110	1
458069418	0	1
458089798	266	1
458316885	1317	1
458333950	239	1
458494819	0	1
458567539	993	1
458771719	154	1
458844168	1460	1
458916617	181	1
459147539	710	1
459211773	1105	1
459257996	843	1
459737617	42	1
459979219	99	1
461111536	97	1
461317735	0	1
461541719	0	1
462047247	0	1
462345295	510	1
462580300	284	1
462828508	1460	1
463076717	223	1
463222458	94	1
463462697	112	1
463692917	1276	1
463938621	325	1
464087277	1106	1
464828265	0	1
464856093	48	1
464954629	0	1
465053332	101	1
465206964	0	1
465302906	836	1
465529592	186	1
465591299	758	1
465666310	0	1
465666605	62	1
465888226	83	1
465998950	1460	1
466028066	0	1
466109674	501	1
466287652	0	1
466497717	0	1
467421953	77	1
467510516	689	1
467747900	868	1
467842815	80	1
468044153	84	1
468205748	27	1
468440946	316	1
468608214	28	1
468830452	205	1
469046704	899	1
469244940	0	1
469294352	134	1
469524866	14	1
469559147	48	1
469684535	981	1
469691085	0	1
469914123	1113	1
470214708	1460	1
470292107	0	1
470515293	280	1
470933474	0	1
471315713	0	1
471492725	158	1
471708022	0	1
471734718	38	1
471805509	0	1
471947638	6	1
472149397	223	1
472381229	121	1
472425384	625	1
472615928	25	1
472833357	1376	1
472968304	79	1
473126966	0	1
473144420	146	1
473347729	77	1
473413046	0	1
473552943	50	1
473771557	83	1
473984767	0	1
474003757	102	1
474338263	0	1
474808527	86	1
476072707	203	1
476636938	0	1
476642930	0	1
476886168	871	1
477067627	405	1
477262684	0	1
477303656	1204	1
477414525	0	1
477443075	262	1
478005250	0	1
478331274	0	1
478798374	0	1
478870033	226	1
479417785	0	1
479703791	0	1
479833729	0	1
479973656	0	1
480027154	0	1
480165133	116	1
480206335	24	1
480306415	395	1
480314747	11	1
480408408	175	1
480606036	164	1
481241693	120	1
481482975	806	1
481512000	0	1
481719810	662	1
481771661	0	1
482378449	0	1
482454649	0	1
482457826	5	1
482692369	905	1
482867939	0	1
483077211	0	1
483698137	147	1
483722101	0	1
483845362	65	1
484079161	492	1
484177170	0	1
484313870	208	1
484768458	0	1
484925255	0	1
485281426	745	1
485516935	16	1
485570813	1460	1
485624692	790	1
485744876	432	1
485839052	53	1
485843319	970	1
486579168	832	1
487082167	716	1
487193434	1460	1
487304702	807	1
487519047	1102	1
487583302	378	1
487817416	108	1
487938998	582	1
487967451	819	1
487979628	0	1
488579804	0	1
488605962	0	1
488660810	0	1
489134315	0	1
489432001	1227	1
489553414	396	1
489624846	554	1
489725687	0	1
489773837	421	1
489962491	1128	1
490158224	785	1
490245517	0	1
490323238	1460	1
490488252	470	1
490859488	0	1
490880554	0	1
490912348	0	1
491299005	537	1
491379029	91	1
491392107	0	1
491618884	941	1
491853689	1044	1
491871557	157	1
492009267	180	1
492035239	0	1
492129252	903	1
492288934	1460	1
492448616	828	1
492476501	0	1
492508520	1209	1
492516478	283	1
492516770	517	1
492667515	194	1
492671473	260	1
492900690	0	1
492901282	494	1
492979519	1460	1
493000388	0	1
493057756	282	1
493145223	990	1
493228258	0	1
493304471	465	1
493527049	0	1
493530942	40	1
493600431	19	1
493734191	100	1
493778177	0	1
493859714	149	1
494094441	53	1
494637442	0	1
494690739	0	1
495257054	0	1
495590789	612	1
495780340	1311	1
495947749	27	1
496147057	298	1
496166034	199	1
496193541	304	1
496211115	183	1
496367494	557	1
496394591	0	1
496486646	61	1
496542412	288	1
496565595	24	1
496581001	632	1
496840616	0	1
497456535	0	1
497548864	258	1
497683513	493	1
497684926	43	1
497741210	0	1
497857637	0	1
497872587	593	1
498084943	530	1
498388822	0	1
498750812	750	1
498870160	64	1
498913419	364	1
498971120	0	1
499015303	186	1
499139788	1460	1
499264273	17	1
499381345	644	1
499470856	0	1
499554931	0	1
499592202	896	1
500116838	0	1
500546044	0	1
500751270	688	1
501146385	0	1
501819507	527	1
501971328	86	1
501971552	15	1
502131979	0	1
502243904	1460	1
502516255	107	1
502564068	20	1
502633066	347	1
502640387	1110	1
502734193	0	1
502775567	103	1
502979167	3	1
503060659	0	1
503140022	0	1
503281515	0	1
504397002	69	1
504907130	883	1
505313847	0	1
505609735	0	1
505632193	43	1
505763395	6	1
505765354	0	1
506004420	34	1
506033502	9	1
506056763	0	1
506082075	0	1
506281645	172	1
506464592	83	1
506508867	0	1
506531988	0	1
506692881	1391	1
506758701	0	1
506782153	107	1
506995488	0	1
507005551	485	1
507118631	1460	1
507231711	332	1
507425601	52	1
507497405	0	1
507644767	120	1
507832709	8	1
507845103	0	1
507994749	1460	1
508076941	0	1
508156788	328	1
508330342	287	1
508553097	7	1
508682199	0	1
508683792	983	1
508733571	181	1
508741183	1460	1
508748796	683	1
508855609	69	1
508984219	194	1
509216939	0	1
509220106	190	1
509331809	477	1
509355436	1460	1
509379063	835	1
509571363	0	1
509622889	89	1
509761226	448	1
510001792	531	1
510117608	0	1
510226606	677	1
510306040	0	1
510381000	66	1
510421592	1304	1
510659391	60	1
510765540	534	1
510809257	292	1
510970738	364	1
511030746	59	1
511436128	486	1
511461380	352	1
511519056	0	1
511616238	1305	1
511638203	0	1
511753288	757	1
511992569	1460	1
512202970	0	1
512231849	87	1
512372335	0	1
512471229	340	1
512688434	249	1
512999849	0	1
513164165	0	1
513592281	0	1
514106918	21	1
514164280	0	1
514321176	405	1
514476186	259	1
514799387	0	1
514919545	0	1
515205912	24	1
515445670	2	1
515480632	0	1
515677989	322	1
515736759	0	1
515777565	82	1
516003451	44	1
516165439	58	1
516385430	1195	1
516514071	1014	1
516634423	311	1
516876511	645	1
517772354	59	1
518000007	498	1
518197471	0	1
518677396	0	1
518996097	0	1
519368623	629	1
519544695	42	1
519620155	0	1
519699228	195	1
519845348	99	1
519903635	0	1
519923737	307	1
520050520	433	1
520126386	0	1
520196079	179	1
520324970	108	1
520447843	62	1
520764260	0	1
521303086	0	1
521533845	753	1
521750725	408	1
521812368	456	1
521889895	0	1
522035313	79	1
522260325	705	1
522262658	0	1
522382307	1100	1
522420809	95	1
522484662	0	1
522652844	69	1
522885941	274	1
522925803	54	1
523176021	84	1
523518614	894	1
523762884	59	1
524337543	90	1
524370231	404	1
524516082	2	1
524697361	0	1
524764573	553	1
524927829	446	1
525883623	48	1
525953068	57	1
526200291	84	1
526223372	803	1
526471354	85	1
526601441	1460	1
526731528	545	1
526861904	1044	1
527070550	1450	1
527254353	739	1
527257345	141	1
527259687	1032	1
527412943	79	1
527645718	469	1
527884942	282	1
527905767	561	1
527936195	172	1
528061970	59	1
528231780	473	1
528456984	0	1
528519667	0	1
528842803	0	1
529126241	0	1
529579564	10	1
529698227	447	1
529704803	0	1
529751691	0	1
529942841	197	1
530034691	702	1
530221075	81	1
530313386	0	1
530459681	412	1
530492876	0	1
530536109	121	1
530571121	901	1
530818288	846	1
531060123	0	1
531062636	0	1
531068397	82	1
531101356	125	1
531217291	1217	1
531466568	0	1
531611457	162	1
531820773	37	1
531886189	5	1
531926428	139	1
532057256	0	1
532149922	6	1
532172482	0	1
532332435	361	1
532358293	119	1
532462855	0	1
532555844	1226	1
532612588	0	1
532742714	32	1
532853094	360	1
533050870	1382	1
533083458	14	1
533229796	0	1
533282920	0	1
533326581	55	1
533353734	0	1
533358889	304	1
533456616	0	1
533469826	129	1
534022088	0	1
534490267	0	1
534662211	49	1
534987841	0	1
535324804	0	1
535377163	737	1
535591990	466	1
535767145	104	1
535969815	0	1
536001253	0	1
536294669	0	1
536324583	0	1
536497727	0	1
537041958	0	1
537152622	0	1
537247939	237	1
537695002	0	1
537795560	49	1
537833659	346	1
537885158	62	1
537971034	0	1
538050674	639	1
538122300	0	1
538135000	15	1
538195044	0	1
538330435	833	1
538537305	59	1
538540811	0	1
539551044	405	1
539774018	345	1
539866659	670	1
539953716	117	1
539964680	231	1
540190129	729	1
540289916	209	1
540510149	1460	1
540657304	0	1
540730382	199	1
540880861	463	1
540927375	0	1
541550430	0	1
541559165	0	1
541622509	0	1
541808064	1093	1
541840975	198	1
541974141	54	1
542126864	0	1
542184887	158	1
542293730	1380	1
542532843	18	1
542637738	0	1
542685679	1460	1
542838515	625	1
543083358	1460	1
543328202	290	1
543355662	149	1
543544048	1460	1
543732434	1460	1
543920820	55	1
543955148	202	1
544726956	0	1
545237701	0	1
545247995	125	1
545314752	0	1
545441268	6	1
545679741	250	1
545697634	720	1
545793517	0	1
545808860	1114	1
545932732	54	1
546183351	266	1
546316040	490	1
546332143	0	1
546585230	532	1
546662432	443	1
546692190	152	1
546760777	0	1
546887798	62	1
547051593	607	1
547106160	14	1
547230145	0	1
547346840	6	1
547398785	0	1
547447092	0	1
547583129	17	1
547662612	397	1
547670383	568	1
547724351	0	1
547895407	51	1
548068983	745	1
548261904	128	1
548282201	618	1
548891620	0	1
549618480	278	1
549717914	105	1
549753062	594	1
549919717	454	1
550076538	45	1
550239276	207	1
550392820	0	1
550466622	1460	1
550693967	214	1
550769617	0	1
550888325	148	1
551051954	0	1
551120037	674	1
551311435	202	1
551322542	175	1
551649824	0	1
552501399	91	1
552736738	1	1
552773304	267	1
552899099	91	1
552976215	331	1
553134128	205	1
553375228	253	1
553604013	138	1
553688662	654	1
553776489	101	1
554313568	0	1
554715828	0	1
554841377	351	1
555051970	24	1
555170578	129	1
555204650	0	1
555232492	277	1
555368419	1272	1
555394898	0	1
555597213	104	1
555616807	79	1
555622920	751	1
555932006	0	1
556201673	0	1
556491134	251	1
556506981	338	1
556589894	138	1
556607160	14	1
556786247	42	1
556922744	61	1
557067688	353	1
557108298	42	1
557116557	13	1
557178842	96	1
558336005	365	1
558564671	578	1
558799794	108	1
558925353	448	1
559037944	10	1
559165688	679	1
559313185	532	1
559502712	255	1
559737481	81	1
559776373	0	1
560162474	0	1
560669424	0	1
560945723	44	1
561114455	239	1
561167435	764	1
561175962	15	1
561302308	0	1
561314973	315	1
561536288	83	1
561787277	50	1
561839043	44	1
561872517	0	1
562059146	499	1
562068055	245	1
562174956	786	1
562275708	580	1
562424360	657	1
562481721	0	1
562507137	0	1
562620004	7	1
562679117	0	1
562697505	426	1
562919058	419	1
563039565	0	1
563420642	0	1
563879881	0	1
564085876	0	1
564232407	0	1
564372829	18	1
564621474	1460	1
564808457	0	1
564870119	831	1
564943389	60	1
565162396	522	1
565176990	0	1
565754583	0	1
565764504	397	1
565901013	245	1
565995303	296	1
566056462	465	1
566192596	0	1
567516227	66	1
567700219	275	1
567896378	595	1
568397941	746	1
568564913	862	1
568797771	117	1
568974534	237	1
569195569	78	1
569894677	0	1
569922880	1049	1
570064050	0	1
570162144	765	1
570383152	251	1
570598317	1436	1
570701795	0	1
570833828	318	1
570854835	292	1
570967887	0	1
571093540	0	1
571096191	1270	1
571291810	0	1
571329155	60	1
571548078	1225	1
571614208	0	1
571765201	0	1
572161982	0	1
572426922	5	1
572652747	520	1
572674759	0	1
573124095	0	1
573552647	11	1
573795529	1460	1
574038412	662	1
575366717	166	1
575443556	74	1
575490324	51	1
575529895	0	1
575729912	276	1
575767589	1460	1
575805266	451	1
575841701	24	1
575884519	0	1
576070607	56	1
576149941	339	1
576382162	862	1
576418573	0	1
576600465	28	1
576705607	661	1
576800203	0	1
577409413	0	1
577556947	816	1
577697740	0	1
577808038	75	1
578026684	622	1
578096006	1335	1
578204878	1295	1
578771633	245	1
578987776	526	1
579187011	36	1
579309588	654	1
579458457	1084	1
579544197	35	1
580262212	454	1
580429361	139	1
580591695	18	1
580828488	276	1
580831237	432	1
580913632	132	1
580953589	0	1
580995190	1160	1
581073553	1460	1
581092462	0	1
581151917	90	1
581495332	0	1
582041234	108	1
582047264	0	1
582065845	0	1
582099192	75	1
582291016	1460	1
582482840	446	1
582542937	0	1
582616342	8	1
582833209	601	1
582856615	60	1
583003543	170	1
583104017	56	1
583147460	0	1
583161854	460	1
583337823	127	1
583391602	0	1
583439886	559	1
583504354	34	1
583548255	0	1
583595774	42	1
583820629	63	1
583826477	934	1
584031218	1460	1
584235959	113	1
584295469	685	1
584360473	93	1
584593049	169	1
584933995	1332	1
585106560	0	1
585133823	56	1
585150659	336	1
585390602	1	1
585432911	1460	1
585475220	326	1
585529708	0	1
585889217	79	1
585955942	0	1
586120969	7	1
586255472	785	1
586491334	1140	1
586600624	37	1
586688231	435	1
586820447	172	1
587043692	967	1
587274462	397	1
587507824	79	1
587708593	70	1
587858343	429	1
587972931	482	1
588774999	934	1
589193327	216	1
589315365	595	1
589414127	0	1
589503460	431	1
589559517	0	1
590367769	1246	1
590542859	314	1
590593161	62	1
590606922	0	1
590641713	193	1
590720300	159	1
590928404	0	1
591150079	0	1
591485261	0	1
591509519	0	1
591678100	0	1
592128182	95	1
592205242	0	1
592211067	392	1
592228257	192	1
592842139	0	1
593405935	289	1
593477847	132	1
593515369	33	1
593679857	1460	1
593844345	455	1
594022121	1242	1
594041379	191	1
594281108	4	1
594883286	122	1
594902969	129	1
595029649	21	1
595159708	769	1
595160063	353	1
595334358	0	1
596460130	14	1
596473016	36	1
597863845	305	1
598023439	1460	1
598062723	0	1
598183033	373	1
598226071	32	1
598472284	263	1
599403899	256	1
600404081	0	1
600406758	45	1
600494430	0	1
600511632	1081	1
600538356	0	1
600744547	221	1
600801262	0	1
602066954	494	1
602288030	1460	1
602509106	950	1
602751905	1460	1
602917863	0	1
602948056	0	1
602994703	282	1
603245834	246	1
603438757	236	1
603576697	0	1
603626474	116	1
603873000	1237	1
603937441	371	1
604142014	0	1
604162868	101	1
604259676	224	1
604434838	867	1
604577434	626	1
604628390	0	1
604672674	765	1
604899701	676	1
605143686	904	1
605249522	0	1
605364634	802	1
605609522	358	1
605742326	43	1
605849431	0	1
605926791	495	1
606129279	270	1
606144964	154	1
606340423	205	1
606368253	0	1
606527764	531	1
606613813	3	1
606818706	0	1
606847586	1253	1
607073604	1442	1
607253196	312	1
607337194	73	1
607446577	0	1
607477911	0	1
607543788	1400	1
607609193	0	1
607782404	308	1
608014435	350	1
608181487	142	1
608285873	618	1
608335491	373	1
608583961	280	1
608630776	0	1
608815914	359	1
608871639	397	1
609046069	75	1
609152851	0	1
609155591	0	1
609243699	266	1
609286499	419	1
609494547	31	1
609705039	610	1
609709449	402	1
609855025	117	1
610101195	174	1
610244526	324	1
610437840	16	1
610681648	388	1
610774574	1347	1
611005039	194	1
611069494	250	1
611191704	379	1
612236673	0	1
612275415	0	1
612628612	1068	1
612744157	612	1
612849011	571	1
613099296	436	1
614011605	637	1
614244605	993	1
614318325	503	1
614490214	53	1
614527460	416	1
614754058	29	1
614968374	235	1
615399327	0	1
615566193	0	1
615848554	0	1
616415835	0	1
616441300	220	1
616671059	399	1
616685376	186	1
616905487	50	1
617030631	0	1
617322735	148	1
617359073	0	1
617384300	338	1
617574575	1016	1
617614625	117	1
617750200	6	1
617802235	0	1
617954772	219	1
618164915	583	1
618391049	137	1
618898650	13	1
619402549	0	1
619596123	0	1
619868202	1264	1
619978992	461	1
620219456	0	1
620225096	1460	1
620471200	917	1
620494985	125	1
620818197	0	1
620921466	108	1
621089914	150	1
621098541	215	1
621317979	26	1
621382012	0	1
621431510	824	1
621476116	606	1
621704245	477	1
621838853	314	1
622002676	0	1
622036664	860	1
622524703	0	1
623146846	0	1
623519642	130	1
623584307	238	1
623722417	52	1
623742460	0	1
623952650	1460	1
624182884	878	1
624208381	0	1
624358087	421	1
625348689	740	1
625587655	243	1
625801926	829	1
626570033	14	1
626605257	1460	1
626640480	66	1
626881302	1315	1
627096162	275	1
627960555	0	1
628151461	98	1
628327699	1460	1
628382771	0	1
628503936	51	1
628528342	941	1
628693309	184	1
628791190	97	1
628987590	457	1
628989322	310	1
629001140	11	1
629159635	72	1
629210581	162	1
629389504	94	1
629492631	320	1
629710119	190	1
629812809	127	1
630042669	502	1
630109802	359	1
630193027	506	1
630258930	449	1
630359110	21	1
630404598	128	1
630609112	154	1
630836296	1460	1
631063480	302	1
631377183	0	1
631705255	0	1
631802848	49	1
632229438	0	1
632809487	0	1
633237983	45	1
633675480	383	1
633719136	272	1
633887197	172	1
634054244	75	1
634290177	198	1
634319369	783	1
634570241	1161	1
634737845	0	1
634891895	0	1
634932230	0	1
635283356	185	1
635530243	9	1
635555480	0	1
635771221	398	1
635892978	0	1
636081806	155	1
636106664	420	1
636109909	1228	1
636195801	625	1
636419695	1460	1
636501968	0	1
636643589	594	1
637086838	0	1
637369713	32	1
637475761	707	1
637557577	0	1
637699586	290	1
638196765	0	1
638701352	592	1
638848351	399	1
639466810	0	1
639872918	110	1
640007833	68	1
640069950	0	1
640226582	10	1
640392199	0	1
640400436	6	1
640510734	3	1
640710316	1171	1
640741187	1460	1
640772059	480	1
640857755	0	1
640931046	1158	1
641169430	320	1
641175553	99	1
641195067	0	1
641701187	0	1
642154020	0	1
642640385	202	1
642757414	0	1
642871524	300	1
642897864	134	1
643047288	698	1
643221008	13	1
643380797	0	1
643471282	75	1
643560398	0	1
643705622	1016	1
643721624	0	1
643765009	51	1
643991749	1086	1
644585432	5	1
644674169	703	1
644815020	43	1
644837857	254	1
645059117	416	1
645076212	1034	1
645215954	94	1
645445383	71	1
645682496	565	1
645739599	47	1
645792242	650	1
645910236	90	1
646156016	81	1
646163173	247	1
646239134	0	1
646597438	1172	1
646825463	0	1
646835531	1022	1
646921210	0	1
646996162	10	1
647146223	416	1
647267506	311	1
647515666	838	1
647628107	0	1
647745985	1211	1
647935427	0	1
647976081	1137	1
648058019	307	1
648097009	0	1
648231851	298	1
648405113	0	1
648471198	43	1
648635835	186	1
648636574	395	1
648708694	923	1
648926296	95	1
648962765	0	1
649033383	18	1
649085484	0	1
649101637	43	1
649193306	958	1
649408660	0	1
649421979	0	1
649792290	787	1
649913152	190	1
649974766	0	1
649988800	214	1
650086643	29	1
650127874	242	1
650227338	0	1
650347223	881	1
650480048	848	1
650730644	139	1
650904465	242	1
650951376	257	1
650996696	55	1
652206867	399	1
653091718	0	1
653121594	650	1
653219916	0	1
653229787	202	1
653460681	0	1
653462616	396	1
653712683	224	1
653849627	0	1
653910406	0	1
653929401	204	1
654086103	6	1
654175950	0	1
654251444	243	1
654258750	0	1
654374429	37	1
654425499	206	1
654452097	1460	1
654478695	112	1
654722719	50	1
654873960	271	1
654879183	163	1
655107739	1460	1
655336294	872	1
655559140	383	1
655649069	1460	1
655738998	89	1
655769372	332	1
655886733	479	1
655955669	99	1
656187629	299	1
656292961	16	1
656351718	1089	1
656573141	464	1
657076805	682	1
657828204	0	1
658174551	0	1
658223409	790	1
658333302	360	1
658564667	724	1
658666532	21	1
658712671	0	1
658820465	18	1
658953374	261	1
659189899	204	1
659402525	29	1
659588252	769	1
659757778	35	1
659774658	92	1
660281054	398	1
660378509	361	1
660400392	57	1
660708795	0	1
661292356	799	1
661312347	378	1
661721917	1460	1
662131487	210	1
662152725	314	1
662168322	0	1
662215669	135	1
662639865	54	1
662701637	833	1
662769063	0	1
662867811	35	1
662972057	792	1
663060022	1460	1
663147986	857	1
663220808	0	1
663379024	153	1
663495465	0	1
663536615	423	1
663564325	92	1
663804303	385	1
663936650	0	1
664052574	326	1
664160100	1460	1
664267626	585	1
664307720	2	1
664323440	0	1
664552681	155	1
664668778	110	1
664799671	337	1
664980769	163	1
665189891	460	1
665382193	51	1
665388551	6	1
665596871	349	1
665792908	33	1
665897069	1392	1
666001728	0	1
666010176	1460	1
666123284	273	1
666260471	53	1
666312700	0	1
666481295	1460	1
666702118	389	1
666903025	261	1
666937239	0	1
667142085	776	1
667271296	193	1
667355303	0	1
667374866	379	1
667380178	686	1
667546348	148	1
667549548	0	1
667564511	409	1
667777730	578	1
667840213	0	1
667922420	592	1
668014883	712	1
668079798	922	1
668185047	0	1
668285981	566	1
668834798	1460	1
669383616	440	1
669983475	138	1
670090209	0	1
670212532	86	1
670316961	559	1
670523342	851	1
670604412	0	1
670764810	0	1
670767705	9	1
670815753	611	1
670820198	135	1
670897323	755	1
670942826	0	1
670969650	659	1
671506947	0	1
672461939	699	1
672688319	1312	1
672869758	270	1
672960826	1132	1
672966342	963	1
673204408	113	1
673900099	445	1
674131611	27	1
674134050	0	1
674211838	123	1
674270784	58	1
674473977	1460	1
674564616	0	1
674677169	264	1
674798773	4	1
675026799	77	1
675029414	0	1
675214214	1369	1
675345883	0	1
675452155	160	1
675581895	313	1
675635293	0	1
676463629	582	1
676701899	245	1
676949272	735	1
677046384	329	1
678184094	123	1
678279353	0	1
678359626	931	1
678581374	1460	1
678803121	1051	1
678824309	0	1
679004474	484	1
679271178	0	1
679577661	450	1
679584171	1460	1
679590681	212	1
679609594	0	1
679806425	131	1
680026348	841	1
680033323	67	1
680119494	327	1
680199210	0	1
680284537	0	1
680366444	109	1
680589090	196	1
680885638	0	1
681127243	860	1
681142702	83	1
681164759	97	1
681352040	136	1
681473177	0	1
681597141	580	1
681751115	0	1
682563905	279	1
682655602	277	1
682892625	36	1
682981302	105	1
683226767	154	1
683386127	150	1
683626197	397	1
683746435	0	1
683876256	405	1
684053907	83	1
684054840	0	1
684175499	32	1
684252437	290	1
684435230	46	1
684515909	0	1
684548206	1042	1
684775105	273	1
684804530	609	1
684822048	542	1
684934952	125	1
685018164	194	1
685146946	0	1
685255108	333	1
685280553	188	1
685513246	66	1
685607528	44	1
685728770	0	1
686342245	0	1
686644952	333	1
686908386	0	1
686935330	0	1
687514296	0	1
687552485	891	1
687685048	0	1
687685675	498	1
687714267	58	1
687789684	26	1
688219507	0	1
688271601	0	1
688815406	476	1
688857885	0	1
688930522	0	1
689066016	515	1
689078680	454	1
689123878	267	1
689349035	361	1
689497694	1295	1
689661390	1054	1
689884723	93	1
689920787	38	1
690152240	451	1
690403317	166	1
690566744	22	1
690673113	727	1
690809953	714	1
690853521	817	1
690918482	0	1
691086189	383	1
691264857	69	1
691298430	87	1
691419047	1341	1
691654663	1065	1
691781428	390	1
692400403	1454	1
692530162	385	1
692738275	918	1
692857983	56	1
692901596	9	1
692996703	1408	1
693220840	28	1
693401254	41	1
693627564	117	1
693826805	0	1
693863794	457	1
693922802	0	1
693978613	286	1
694245216	0	1
694593116	0	1
695225762	0	1
695265524	891	1
695500769	182	1
695562589	0	1
695731930	0	1
696075577	0	1
696381280	0	1
696783675	0	1
696822956	114	1
697399066	0	1
697651591	0	1
697862831	0	1
697927072	204	1
698075244	63	1
698142530	113	1
698373473	378	1
698497504	0	1
698539580	918	1
698741582	1460	1
698943585	488	1
699084755	673	1
699273801	1460	1
699462847	728	1
699893849	0	1
700243657	0	1
700592049	1441	1
700715304	420	1
700764141	0	1
700965299	1009	1
701187434	14	1
701418255	1460	1
701649076	543	1
701900093	450	1
701971964	11	1
701986432	32	1
702206280	108	1
702387836	175	1
702756775	533	1
702779880	105	1
703018552	140	1
703162954	104	1
703401728	75	1
703639123	124	1
704542647	0	1
704939393	238	1
705123137	0	1
705145814	178	1
705273788	1127	1
705339619	1460	1
705405451	291	1
705867145	711	1
706040672	91	1
706104760	496	1
706163874	131	1
706399067	332	1
706450278	56	1
707810645	593	1
707962743	107	1
708167602	578	1
708195024	185	1
708355795	0	1
708408259	7	1
708529622	233	1
708759632	91	1
708936662	0	1
708990440	408	1
709007195	246	1
709167092	0	1
709229594	908	1
709471654	245	1
709533538	134	1
710349721	332	1
710366255	459	1
710561062	417	1
710629729	420	1
710694532	141	1
710918570	0	1
710933460	654	1
711160426	312	1
711372223	48	1
711614025	499	1
711638523	1064	1
711645682	401	1
711855840	1460	1
712065998	760	1
712239670	105	1
713432024	0	1
713629292	309	1
713652103	0	1
713744042	1460	1
713858791	132	1
713905974	218	1
713943851	13	1
714115069	373	1
714236239	734	1
714316147	503	1
714464527	936	1
714610768	227	1
714840275	582	1
715064495	360	1
715217224	113	1
715364805	134	1
716310184	0	1
716319484	1460	1
716493696	0	1
716679891	0	1
716943698	0	1
717164282	0	1
717274164	1317	1
717290837	0	1
717300926	121	1
717458346	1318	1
718808926	159	1
719136205	677	1
719378180	368	1
719439114	1460	1
719500049	20	1
719733353	182	1
719767314	282	1
719770686	410	1
720014642	529	1
720213355	104	1
720283905	0	1
720384372	100	1
720570146	1460	1
720755921	1371	1
720896326	140	1
720925249	0	1
721085107	90	1
721255759	928	1
721493092	938	1
721545937	0	1
721652438	193	1
721731756	303	1
721849256	0	1
721850432	386	1
722068015	0	1
722132014	72	1
722451113	0	1
722495272	0	1
722715793	0	1
722896037	0	1
723025953	939	1
723225507	847	1
723228282	593	1
723284138	128	1
723409078	407	1
723640377	1	1
723738099	626	1
723980721	1457	1
724164006	199	1
724339656	875	1
724471586	371	1
724707770	0	1
724710809	1460	1
724950032	167	1
725033159	0	1
725200959	542	1
725362063	0	1
725426407	466	1
725550752	7	1
725555964	0	1
725798289	634	1
726037787	385	1
726070246	0	1
726279497	222	1
726515385	95	1
726624998	1460	1
726710064	0	1
726734611	71	1
726765781	0	1
726956914	44	1
726995829	0	1
727032955	211	1
727173793	0	1
727195733	1177	1
727212177	0	1
727385459	0	1
727446849	1100	1
727692592	576	1
727868649	980	1
727962615	1460	1
728056580	745	1
728091740	84	1
728211081	279	1
728342517	226	1
728394245	31	1
728636889	325	1
728816879	445	1
728937796	1	1
729150051	161	1
729357344	390	1
729465043	21	1
729546268	516	1
729579384	1460	1
729612500	786	1
729730145	0	1
729734706	0	1
729738434	28	1
729955326	215	1
730066008	788	1
730284775	128	1
730387349	0	1
730531424	418	1
730586003	815	1
730759740	228	1
730780318	0	1
730961093	455	1
730977274	0	1
731147746	0	1
731203615	127	1
731269897	294	1
731387631	1380	1
731440845	182	1
731681731	306	1
731927658	346	1
732154431	350	1
732193050	40	1
732388485	64	1
732566135	20	1
732709423	1460	1
732852712	9	1
732860782	285	1
733095684	161	1
733150389	0	1
733172993	489	1
733348518	102	1
733449753	0	1
733471657	127	1
733708466	463	1
733879020	232	1
733976912	0	1
733988765	35	1
734175358	839	1
734322337	490	1
734390388	389	1
734632487	2	1
735876016	27	1
736059778	552	1
736420078	557	1
736563729	232	1
736806567	153	1
737771275	0	1
738013220	0	1
738252953	13	1
738255708	19	1
738315224	0	1
738353009	0	1
738941736	0	1
738956547	0	1
739425918	51	1
739550850	0	1
739653482	505	1
739832588	0	1
740187551	0	1
740196518	161	1
740400271	365	1
740633113	646	1
741473801	706	1
741577417	164	1
741610174	108	1
741728146	275	1
742343196	479	1
742465834	1460	1
742588472	564	1
742736297	84	1
742958882	835	1
743087645	145	1
743091903	339	1
743340717	565	1
743355081	0	1
743380238	1460	1
743419760	419	1
743536818	0	1
743594891	500	1
743808975	1460	1
744023060	35	1
744035248	704	1
744094338	36	1
744120381	0	1
744332410	713	1
744571694	70	1
744616294	452	1
744716729	0	1
744846962	79	1
745353659	0	1
745614847	0	1
746067873	872	1
746205181	0	1
746796750	0	1
747004397	99	1
747170595	925	1
747233959	0	1
747403524	79	1
747438406	669	1
747661584	182	1
747763843	1339	1
747768266	455	1
747826373	0	1
747831369	6	1
747857908	196	1
747951121	0	1
748096090	672	1
748312636	662	1
748327195	0	1
748396090	1460	1
748479545	239	1
748598515	1	1
748843024	0	1
749417717	0	1
749659325	457	1
749775618	1460	1
749891912	36	1
749907475	14	1
749992702	0	1
750022823	447	1
750083259	0	1
750268712	520	1
750387276	380	1
750546766	1460	1
750613413	0	1
750706255	324	1
750940827	662	1
751049470	0	1
751136451	0	1
751175657	34	1
751419857	858	1
751479738	33	1
751547980	432	1
751738932	102	1
751746805	0	1
751789135	0	1
751947286	0	1
751983482	72	1
752065439	123	1
752290176	40	1
752327328	0	1
752383285	0	1
752434049	744	1
752658298	639	1
752711666	365	1
752807385	1083	1
752985638	606	1
753047262	222	1
753166670	238	1
754071658	71	1
754316880	318	1
754553603	545	1
754800756	87	1
755609743	230	1
755695586	0	1
756152193	0	1
756655012	638	1
756794836	0	1
756800884	420	1
756916003	224	1
757159975	881	1
757170987	0	1
757345501	22	1
757349340	789	1
757593031	1004	1
757667286	0	1
757755690	1460	1
757918348	200	1
758218756	0	1
758332175	82	1
759527394	38	1
759741958	117	1
759991368	817	1
760230247	45	1
760399908	482	1
760626487	342	1
760765628	715	1
760944660	1040	1
761163879	345	1
761173447	1026	1
761329299	0	1
761414605	585	1
761532878	145	1
761695108	0	1
761761888	472	1
761882680	258	1
762087810	0	1
762131687	161	1
762459469	156	1
762627453	893	1
762627616	0	1
762631290	70	1
762782127	115	1
762852025	0	1
763029168	1460	1
763105779	0	1
763276208	902	1
763514268	1460	1
763752327	501	1
763993647	408	1
764223621	461	1
764286040	12	1
764512483	141	1
764638217	0	1
765234989	192	1
765251687	0	1
765418905	589	1
765652780	215	1
765778035	516	1
765885611	0	1
766004341	26	1
766106550	0	1
766188747	0	1
766776232	0	1
767176839	0	1
767328203	8	1
767565750	880	1
767758572	129	1
767792889	0	1
768008542	49	1
768221138	564	1
768394794	0	1
768408553	293	1
768987105	0	1
769041075	0	1
769441393	0	1
769500171	308	1
769548268	244	1
769731689	42	1
769795832	1460	1
769859976	108	1
769970449	0	1
770111251	0	1
770568591	39	1
770642984	0	1
770808918	78	1
770917085	187	1
770979276	117	1
771108001	0	1
771216292	34	1
771221366	0	1
771401006	28	1
771564656	0	1
771651930	117	1
771684249	1460	1
771716568	1013	1
771935951	1460	1
772155335	296	1
772156392	176	1
772265647	50	1
772473387	814	1
773575633	57	1
773795870	37	1
774033539	46	1
774058033	917	1
774078721	0	1
774109854	1460	1
774161674	1181	1
774349757	9	1
774500179	352	1
774531346	0	1
774684478	810	1
774757757	723	1
774923349	162	1
775005157	0	1
775100548	107	1
775266105	0	1
775331613	767	1
775476739	370	1
775636790	589	1
775687839	714	1
775813438	195	1
775897066	0	1
776037727	12	1
776162496	0	1
776280492	1115	1
776397199	970	1
776519319	119	1
776798961	0	1
777409692	0	1
777645161	30	1
777832240	164	1
777922120	19	1
777967584	588	1
777972811	0	1
778147531	292	1
778269181	427	1
778471235	612	1
778567267	0	1
778710678	102	1
778929914	672	1
779013107	63	1
779102875	0	1
779167033	129	1
779268588	932	1
779535707	0	1
779741940	0	1
779842660	248	1
780062699	24	1
780254947	45	1
781135324	114	1
781213167	173	1
781305195	371	1
781519473	760	1
781752790	219	1
781976272	31	1
782042640	1460	1
782109008	56	1
782336947	112	1
782536778	17	1
782536946	941	1
782559378	837	1
782610581	723	1
782716415	802	1
782752752	10	1
782867874	0	1
782942981	220	1
783488522	0	1
784091383	0	1
784193880	106	1
784317530	1104	1
784547938	264	1
784654185	364	1
784670634	0	1
785029497	0	1
785065401	0	1
785115368	26	1
785223755	279	1
785401749	0	1
785446145	373	1
785642811	341	1
785760467	34	1
785822140	1210	1
786030151	0	1
786066170	33	1
786289843	58	1
786320719	30	1
786401258	190	1
786517441	226	1
786605543	0	1
786882483	0	1
787071332	0	1
787453873	0	1
787508724	0	1
787593691	206	1
787815617	108	1
787880348	27	1
787942246	701	1
787994370	31	1
788164311	23	1
788329503	30	1
788412238	478	1
788513017	46	1
788641981	138	1
788665753	196	1
789602577	1460	1
790400646	0	1
790539401	8	1
790604674	405	1
790832154	43	1
791074266	45	1
791106050	0	1
791296659	44	1
791538029	0	1
791545251	353	1
791897851	0	1
792050790	365	1
792269908	43	1
792460620	0	1
792495743	73	1
792576002	620	1
792777650	233	1
792815126	0	1
792917030	185	1
793134333	364	1
793372784	0	1
793375720	219	1
793510296	0	1
793619549	390	1
793831959	164	1
793833266	0	1
793957160	850	1
794149630	219	1
794477398	0	1
794887936	0	1
794917557	0	1
795209029	0	1
795285436	0	1
795531282	12	1
795543606	0	1
795703626	0	1
795745954	1073	1
795814799	29	1
796031016	224	1
796286071	0	1
796848372	0	1
796884657	261	1
796899337	248	1
797137212	202	1
797353356	926	1
797386305	610	1
797432609	175	1
797485992	0	1
797680138	59	1
797733427	1048	1
797845879	221	1
797862865	175	1
797917496	1460	1
797959517	0	1
797972128	1087	1
798084001	137	1
798269899	124	1
798364657	95	1
798366322	0	1
798406905	21	1
798552786	540	1
798759585	0	1
798797272	0	1
798801392	202	1
798956804	1	1
799191126	414	1
799291786	281	1
799409355	0	1
799485862	893	1
799716502	129	1
799826027	0	1
799941627	1460	1
800166753	554	1
800209158	474	1
800304503	392	1
800355034	0	1
800485082	569	1
800649540	569	1
800909767	0	1
801371918	0	1
801781795	0	1
801986643	108	1
801998930	33	1
802090430	15	1
802163748	0	1
802188813	1181	1
802430493	371	1
802473388	43	1
802607641	249	1
802685470	0	1
802729910	70	1
802878398	36	1
802927322	46	1
803000227	94	1
803241588	7	1
803253171	0	1
803448930	18	1
803471778	0	1
803709421	58	1
803810332	2	1
803913211	0	1
803986630	633	1
804175302	558	1
804301860	0	1
804705495	0	1
804717029	349	1
804820514	489	1
805136707	0	1
805165009	268	1
805230971	108	1
805383729	0	1
805390911	197	1
805601526	432	1
805718349	21	1
806840113	705	1
807083719	685	1
807212488	14	1
808243366	96	1
808648919	0	1
809134689	68	1
809186707	655	1
809198140	0	1
809437640	52	1
809566789	754	1
809657928	284	1
809741287	1055	1
809869518	869	1
810104955	43	1
810343388	272	1
810751683	277	1
810956701	1300	1
811046675	330	1
811289090	5	1
811356134	412	1
811594479	59	1
811787761	684	1
811856659	125	1
812011960	102	1
812320239	0	1
812619388	0	1
812789569	52	1
812794234	666	1
812932616	0	1
813042448	236	1
813671571	0	1
814201139	395	1
814213777	0	1
814237889	1221	1
814274084	623	1
814436248	250	1
814549493	214	1
814652247	183	1
814785924	1271	1
814811392	0	1
815017646	1460	1
815249368	470	1
815419967	10	1
816577481	86	1
