17818
17311
17417
19370
20106
16826
19346
21477
21126
20872
15827
21462
21044
21359
21424
21185
21489
20300
22470
15427
21829
18869
22200
20561
22325
20572
19734
21504
21211
22763
20751
22464
20972
20620
22481
19421
20482
18013
21009
22007
22740
18559
21999
20976
20979
21100
21044
22332
20693
20491
21195
20726
20884
21477
20309
21703
20764
18734
20995
21569
19721
22296
20284
21449
20321
19761
23410
20334
20546
21489
19979
19196
19974
21893
22293
22206
21419
20361
22903
19705
22687
22339
20685
20218
21459
21443
22149
21417
21127
20338
20112
21625
19360
21470
19944
22478
20447
22090
20799
21970
19302
21056
21249
19638
22093
20306
21488
21475
22073
20320
22456
20820
19662
21705
18688
21367
20623
21258
21491
20951
21446
19029
20362
19997
21477
20881
21592
20444
22228
19134
20410
21459
20243
21476
21692
20857
21440
21372
19941
18152
22319
21232
21954
21490
22475
21149
20650
20606
20696
19737
20689
20150
20853
20143
20323
20403
21005
19685
20785
20231
21123
20326
20488
20903
19312
19445
21409
20697
19332
21887
20976
19647
20377
20810
20142
19837
21374
20886
18070
21167
20207
19892
20865
20905
18986
20574
20334
20001
20931
21225
21552
21084
19370
19876
21358
21034
21114
19994
22114
21281
19426
21587
20177
20759
21482
19848
20593
21644
21005
18491
21159
20943
20288
20010
21106
21410
19679
21251
21303
21477
20019
20852
21437
19800
21405
20442
19797
20145
20326
19641
21383
21270
21426
19263
20414
20731
18782
21037
21435
21303
19571
20197
19710
19541
21457
21275
18805
21882
20539
21831
18336
21666
21055
21489
21498
21258
21426
21021
20342
21308
21570
20931
20333
20580
20807
20228
19024
20525
19052
20787
20881
20820
19037
20325
20218
19812
20211
16910
20205
18852
21354
21337
19311
21439
21878
20452
18127
21141
21544
21036
19468
20982
18695
20347
20724
20973
19666
20826
19900
20663
20808
20726
21163
21307
19653
21169
20779
19447
19992
20663
19211
22085
20073
21205
19331
21584
20207
20703
22259
20834
20872
20177
21632
19084
21269
21945
19378
21473
21346
22412
19890
18963
20063
21341
21065
21294
21733
20946
21957
20358
19631
19116
21492
20640
21110
20736
21982
19363
19136
21560
20927
21163
20548
21073
20780
20795
21125
17797
21616
21483
21305
20661
21174
21545
20983
17975
19626
21774
21313
21527
19546
21243
17008
20462
21283
21541
20134
21200
19718
17637
20871
21884
20312
20673
20222
17707
20933
21796
21163
20246
20505
16675
21071
21149
21540
19694
21392
16694
20798
21302
21447
21497
19976
21717
18241
20057
21400
21107
21257
20701
21160
19922
16803
21262
21258
20676
19525
18885
19026
20975
21216
21472
19978
21035
19033
20567
21062
21689
21347
21121
19137
26750
16198
18742
21718
19825
21665
21186
21094
22362
18317
20434
19418
20982
21538
20399
19045
19820
19778
21264
21234
20868
21487
18538
20770
20995
19856
21355
21016
20940
18627
20766
19336
20198
20966
20683
18033
21553
19906
21274
21473
20602
21604
21564
21043
18230
21813
21806
18692
21499
20319
21161
20201
21468
19788
21239
19112
19761
21034
20848
20163
21421
18113
20625
21154
21225
21163
19073
20236
19760
21528
19895
21282
19810
18808
19755
22021
20898
21147
21386
20521
19088
20237
20070
21445
21162
21033
21309
21069
18791
20205
20030
21480
21182
20767
20723
18863
20751
19492
21458
21451
20343
21641
20451
22061
18866
21380
19159
21165
21596
20895
21137
20507
18948
21636
20450
19907
21370
20746
19881
19591
20625
20016
20626
20410
21434
20935
18152
20628
20370
20471
20604
21146
18686
20317
21562
19738
21342
20697
21492
21214
20481
19757
21107
21113
20405
21379
21287
21485
19801
21770
20856
19696
20090
21127
22467
20597
21486
21361
19247
22060
20046
21211
20108
19519
21096
19613
20991
20103
20350
19833
21265
21498
21774
21221
21408
22102
20404
19105
21495
20787
20029
20649
21785
20542
20076
19204
20729
20078
21114
21466
20712
20907
20867
19914
21194
19979
21741
19878
21471
22289
20762
20806
21488
19358
22884
20817
22147
21449
21812
21160
21483
21018
21358
21699
22362
17279
21972
21401
21240
20482
21488
20465
21057
22124
22224
21718
20584
22086
20299
20988
20727
19509
21187
21106
20832
20558
20911
20536
21285
21229
18558
21158
21503
22029
18780
21619
21352
21429
19371
22388
19242
22488
19774
21913
19355
21933
21082
19963
21461
18700
22426
20643
20621
20663
21125
19394
20709
21021
20124
21341
18878
21539
19311
19929
20796
20520
19000
20839
18889
21231
20627
21489
21239
20420
20312
20487
19240
21219
20708
19644
20151
20132
19236
20401
20744
20963
21438
18358
21457
20209
20351
22573
21060
21120
20410
21423
19834
20455
20177
21187
20468
21440
20838
21067
20208
21698
19484
20589
21587
19953
20880
20366
20502
22448
20208
18981
21601
20849
20285
20162
21643
21502
20179
18579
20611
21303
21120
21237
21240
19452
21342
20325
20857
21370
20352
20643
21864
21534
20800
21942
20293
21038
21915
21483
20460
21485
21639
20238
22026
20169
21475
19948
21156
20707
22192
20488
19592
20372
21591
19697
19707
21901
21376
21527
20179
21633
21098
20593
22020
21131
20313
21474
22008
19274
21969
21484
21744
20670
21500
23012
20550
20272
21539
21077
22030
19766
21586
23028
21018
21959
21352
21543
20660
21666
21484
20719
22560
22380
18445
21949
21759
21830
21729
22235
21730
22005
21684
21327
21412
21711
22202
21170
22474
19153
21482
22249
22149
21813
22344
21349
19988
21427
20345
20859
22280
21490
21292
21502
21566
21989
19682
20951
21971
20684
20154
21355
20297
20447
21272
22358
21468
20283
21880
20766
22098
22954
22021
23811
21598
22826
21492
22476
22463
21468
23639
22866
22775
22656
25260
20639
23399
23265
21474
21097
20077
20513
20636
21455
21569
21032
21396
21754
19632
22496
21276
18398
22108
21482
20760
21162
22340
20788
20821
21416
21503
21841
21289
21287
21790
21472
18938
22310
21466
20475
21492
21963
21585
21856
21316
22178
20817
20604
22956
19877
21536
21469
20736
22754
21382
21967
19955
22790
21153
21340
21809
21918
20664
22254
19877
21316
22310
22463
21986
21960
20646
22269
20384
21477
21748
22270
20022
20864
22332
22068
21885
21873
20522
22833
20728
21476
21622
21572
22794
22070
22091
21401
20957
22852
22694
21246
23262
21809
21330
22704
22046
21900
22031
22294
21872
21799
22567
22409
22496
20862
23554
22343
21243
23585
21482
22549
23000
21273
24573
21080
22461
21493
23713
21616
22349
22212
21748
22034
21897
22211
21725
21624
21562
20982
22469
21019
21071
21417
22530
22451
23382
23127
22767
21616
23417
21674
22261
21477
22958
21291
22308
22332
21669
23228
23426
20534
22447
19689
22309
21640
20218
21502
22262
21001
22471
21490
23110
20620
22670
21289
22688
21776
22144
21955
21576
21588
23246
22474
20571
23578
21467
23541
22447
20430
23771
22470
23130
22314
22255
23834
23846
21876
23401
23563
24373
24328
21789
22340
24851
22964
21992
21849
22225
21848
22318
22055
22486
20890
22803
21492
22449
23298
25170
24274
23363
24435
23301
23938
21857
22964
24511
22702
24801
22073
19849
24346
23172
22089
23218
21867
22112
21741
22024
22055
21325
20878
18823
21753
21482
21651
21262
20958
22974
20980
22248
20954
21470
20694
21882
22458
21483
20690
21359
21306
22682
21136
21572
21587
22791
21154
20348
21703
21488
22119
21794
21460
22523
21209
21956
21834
21633
20208
22461
20120
22455
21068
22308
21219
22490
18089
20571
22195
21700
22445
21578
21869
20526
22229
20078
20550
21334
22257
19333
21631
22263
20701
19865
20986
21656
22269
19976
20661
18977
21201
21148
20337
21259
20415
21026
19890
20152
21100
19638
21558
20725
20897
21283
17892
21247
20233
21143
20455
21472
20529
20094
19745
18691
20585
21228
20328
18589
20897
20633
19169
20558
19571
19617
19734
20989
19056
21883
18989
20309
18553
20854
21388
20590
19568
21160
18855
21416
19252
21484
21272
20115
21688
21847
19593
22461
21148
19639
18527
20453
20905
21076
20953
18887
20024
20411
21738
20727
20361
21194
19943
18800
21645
20912
20895
20164
20325
19568
19652
20028
21058
20396
20389
19220
20934
20128
20409
22398
20140
21225
20731
22204
18949
20823
19615
22239
20615
21206
21302
19413
19840
21296
20152
21481
20032
20617
20141
19816
21207
21035
19304
22489
20381
20224
21351
18891
21376
19113
21223
19567
21248
20392
19638
21093
19149
21481
21141
20679
17746
22466
21306
20313
21770
21136
20042
22294
20302
21594
20405
21597
22188
21633
20900
22917
19961
22473
21401
22171
20550
21732
19512
23713
20354
20442
22371
21219
22214
22478
21159
21377
22358
21241
21879
20521
20978
21036
21480
21179
19543
21807
21225
20613
20178
20894
22158
21850
20404
20889
20266
22379
20414
22311
19656
22207
20850
21573
22067
20883
18831
20672
21610
20650
21306
21810
19418
20116
19222
20999
20925
21017
20910
19648
21105
18218
20647
21772
24236
16079
19314
20295
20343
20658
19872
18499
20084
20410
28616
13070
18900
21133
17630
20762
19769
19979
20485
20254
20612
21478
19692
20141
21432
20307
21132
19373
20964
21003
19295
21268
20784
21188
20442
20960
20498
21169
18100
21489
21183
21255
21677
19689
20594
20901
20275
21498
22272
19590
21141
20416
20942
20182
20452
20050
20291
21549
20615
19314
20648
18700
22142
19731
21433
21344
18971
22129
20763
20331
20623
21053
20809
21477
21048
18487
21488
19223
21004
20988
21316
21232
21505
19185
21556
19016
20735
21081
22012
21183
19936
20577
21748
21666
21503
20649
19813
21264
21069
21891
21565
21249
20273
21936
20758
18713
21545
21837
20654
20141
21925
19943
19315
21564
20121
20187
21796
20101
21539
21428
21490
19750
18228
21830
21364
21098
21475
21015
21769
20965
18547
22797
18534
22181
20731
22458
21767
22007
21469
20157
22051
21519
21839
22101
22051
21596
20630
21168
18397
21108
22025
20341
21477
22134
21819
21167
21834
21055
20461
19430
19712
21227
21936
20656
22450
20647
21478
20429
20181
18199
21461
21182
21954
20719
18397
20267
19291
21095
21672
21225
20625
19857
18276
20146
21483
20968
19855
20937
19029
18825
21305
21009
20540
19194
20853
20391
20376
20622
21730
21443
20391
21892
21240
19883
20961
20444
21489
20534
20713
21622
21052
20643
21053
20319
19097
20261
21368
21077
21663
17804
20998
20399
21459
20271
21225
21250
21722
19497
19211
21372
18864
21996
20975
21297
21610
21132
20535
21257
19932
21379
19990
21274
21070
20914
21683
18334
19772
20177
21984
20668
21183
21075
18067
18913
21402
20765
20555
20937
18367
21497
20107
20567
22225
21319
21917
21455
20573
21936
19365
20028
20308
21730
21613
20231
20749
22110
20058
23110
21136
20850
21333
19858
21642
20519
21334
21227
20652
21561
19943
22235
21483
19715
21743
19027
19832
21729
21630
21266
20561
18129
23493
20262
21844
20933
20519
20312
21481
20313
21933
20552
21578
22247
19621
20535
20937
21323
20984
21387
21172
21031
19737
21478
18559
22816
18846
21702
21076
22399
18938
20032
22306
18161
22702
20599
21809
19357
20465
20515
21599
18081
20402
20082
21472
20794
20257
18248
21087
21688
20074
21367
20861
20715
20243
19004
20913
20475
19361
20837
17846
21286
21665
19633
19832
20266
19069
21079
21229
20668
18264
21207
17786
20990
21195
19039
20135
18658
22389
21153
21856
20557
21432
20037
20221
20296
21480
21519
21040
20654
20632
21628
21493
21086
19723
20927
20440
20915
20667
21473
22257
21582
20692
21667
19449
20864
20273
20905
20973
20219
20689
19961
19520
21485
22124
21845
19688
20935
21538
19023
20480
21768
20113
20922
19100
22041
20291
21017
19689
20870
21114
20584
21966
19780
22413
20880
22043
17830
21249
19758
20094
20944
21026
19758
19874
21133
20755
19437
21680
20144
21065
19407
21116
20321
19686
22301
21515
20239
20240
22178
22272
18996
21179
20707
19588
22003
19736
21356
21497
20878
19281
21078
20532
20506
21500
20824
18774
22273
21482
21679
20334
21878
22178
21904
20235
23076
20890
21167
21361
21481
21331
21543
21484
20816
21625
22131
19673
21385
21870
21194
21199
18682
20414
22057
21464
22914
26202
12405
21169
20874
18610
21389
21494
21046
20504
21197
19181
22191
19014
21491
20826
19760
20721
22040
20286
20448
19881
21129
20569
19877
20919
20008
20651
19431
21622
21248
21291
20884
19685
22422
20614
19734
21594
19916
21619
21490
21020
19873
20635
20294
20318
19483
22322
20831
21226
20021
21402
19716
21370
21573
22221
20554
19980
22004
20194
20972
22331
20965
21129
22946
18770
21784
21279
21412
21714
19747
20858
21457
22300
20990
21517
21505
21049
20313
20812
20284
20886
20640
21651
20583
21360
20602
20053
21248
21149
20802
20733
20946
20085
20584
22064
18698
20675
20885
21474
20335
19824
21056
20904
19884
20504
20030
20633
20444
21146
19876
20913
20685
22323
18893
21483
20526
20530
22304
20284
21025
21404
19018
20475
21369
19595
20279
21292
20247
17795
21257
20685
18864
21043
17077
21087
20449
19603
20381
17800
21528
20118
19280
19907
18877
21012
19927
20321
19857
20954
18099
20360
20753
20189
20052
17691
21014
20245
18244
20692
19407
19635
21123
19860
20329
20605
19572
20133
21107
20930
22121
18053
19710
20746
19985
20975
18816
20927
19629
20787
19691
21254
20982
20343
20076
19650
20527
20765
20547
19409
20968
19719
19660
21799
20432
19433
19711
18690
20863
19948
20640
18172
21358
19123
20557
21237
17239
20669
19661
20768
19891
20764
19131
21246
19770
21056
21243
19390
20012
20070
21134
19186
21545
20140
19221
19857
19958
20966
20962
20749
17146
21327
20409
19420
21314
18384
20241
21334
19931
19720
22019
18359
19091
20956
20954
19643
20590
17845
20521
20034
20015
20004
18315
20679
20703
19273
18255
19729
20893
19300
20620
18996
20563
18388
19369
20429
19435
18699
20374
19692
18457
20199
20197
18363
20389
0
