255
165
77
78
34
124
32
246
75
37
83
120
34
208
33
32
32
211
76
36
124
39
33
31
75
36
32
37
80
32
34
34
37
50
32
115
32
122
35
31
34
81
34
32
37
83
77
34
77
80
77
33
117
81
80
116
34
77
35
35
32
77
79
39
80
36
36
32
76
35
163
34
75
122
34
75
121
89
77
33
75
36
34
119
34
32
89
78
31
118
32
35
79
37
32
115
47
89
34
81
37
37
36
120
34
77
78
34
175
38
50
139
37
33
75
34
34
37
37
78
33
32
77
118
32
119
79
33
78
36
33
80
79
44
37
78
172
42
86
83
49
90
121
41
34
32
39
125
36
53
37
123
82
37
83
46
92
79
89
41
36
119
40
82
37
37
34
77
90
74
91
32
46
132
46
134
45
35
92
37
118
43
126
84
37
83
123
206
41
35
79
83
34
39
87
79
37
37
37
167
34
80
85
36
122
123
33
159
125
83
34
40
86
86
34
35
124
34
80
128
77
83
33
116
36
82
75
36
79
34
36
131
83
33
87
81
39
37
33
76
79
121
36
34
79
85
164
77
169
36
79
37
37
83
37
80
80
34
36
82
37
33
82
37
34
77
36
79
34
80
33
78
85
37
121
34
34
51
179
48
37
127
34
80
77
33
34
34
80
49
95
76
34
77
81
81
37
37
33
77
37
80
81
79
77
33
75
79
37
122
39
34
34
77
34
38
38
84
80
34
38
127
34
36
37
83
81
34
34
80
92
36
79
80
118
45
36
34
77
35
83
37
83
33
77
36
82
92
36
82
37
84
77
34
37
126
34
165
34
36
79
83
78
79
81
37
36
34
42
88
34
76
34
120
104
117
90
116
34
34
37
129
34
119
34
36
35
36
125
39
37
36
81
37
125
37
121
37
63
37
172
36
56
37
123
48
34
37
123
33
33
76
34
80
45
91
123
96
36
82
38
80
79
35
79
37
43
39
127
34
77
37
37
79
52
34
120
49
132
37
79
51
94
78
50
139
37
85
34
120
90
117
36
34
117
34
76
90
47
176
49
34
79
37
95
76
149
37
46
35
51
34
131
132
37
33
42
37
90
34
95
40
83
37
136
49
94
140
36
34
92
88
81
97
120
33
84
47
92
77
96
79
37
33
89
48
35
125
49
53
153
34
77
48
37
79
43
95
77
90
126
37
33
43
133
43
129
43
34
82
89
75
37
92
77
33
76
136
35
87
37
45
179
34
79
96
79
133
45
39
37
86
45
34
37
134
83
36
44
95
43
34
47
90
46
38
55
101
87
33
39
53
96
35
41
97
37
36
86
48
33
40
83
48
91
79
34
77
93
33
76
87
37
83
89
36
96
89
38
84
53
37
37
83
136
51
94
40
83
33
37
37
94
36
37
82
36
44
93
136
80
37
97
47
146
39
38
44
102
33
79
39
141
40
34
93
37
37
135
34
39
88
102
39
125
37
39
94
85
86
91
97
37
143
40
94
40
102
42
84
40
145
36
133
38
84
40
33
78
93
37
86
36
34
37
93
33
37
91
39
34
43
89
39
84
52
34
87
154
88
103
94
47
46
111
44
90
52
163
36
138
37
84
39
102
43
42
34
148
34
86
39
98
88
93
134
98
95
34
49
58
39
41
87
36
33
139
44
37
146
39
36
47
100
35
134
34
180
102
47
37
46
110
88
36
127
45
51
37
129
36
37
140
34
85
53
34
131
49
33
51
43
40
48
33
79
42
45
102
86
45
35
95
86
101
101
41
47
98
37
79
47
90
43
89
37
37
48
94
99
91
80
42
128
47
45
48
95
137
81
81
145
85
36
92
84
165
43
34
37
86
88
39
85
40
36
91
37
83
41
98
127
45
34
82
40
86
51
49
47
93
44
99
34
80
52
33
82
47
90
94
33
164
49
42
148
37
42
40
86
39
85
34
80
176
34
36
44
100
124
39
33
36
131
33
79
142
37
170
83
33
136
37
45
236
34
127
47
33
79
37
82
40
39
87
54
36
85
45
177
52
37
86
106
33
36
85
44
93
95
37
44
102
37
136
37
134
93
88
91
37
83
101
83
52
149
36
92
134
36
106
95
36
106
91
47
92
104
37
144
94
46
95
91
37
34
42
134
94
85
37
84
98
36
81
45
37
126
54
40
40
132
47
136
40
127
41
132
106
91
37
56
113
41
49
95
102
45
56
102
37
33
46
94
40
90
92
39
44
50
139
107
37
89
94
83
55
144
50
37
48
143
36
47
51
44
135
50
96
37
95
95
36
143
115
39
147
48
41
41
144
40
48
145
38
90
36
94
37
40
44
199
96
42
88
43
90
53
142
92
84
94
36
50
42
37
126
36
34
80
137
85
93
36
43
36
92
34
134
40
43
37
102
44
41
49
44
90
40
58
40
141
37
80
105
86
36
49
47
40
90
36
43
91
54
106
83
37
48
111
82
41
37
52
36
82
85
48
36
82
47
139
39
91
105
84
91
37
39
37
83
36
37
123
132
49
45
37
85
39
173
42
38
41
86
43
96
189
50
44
37
84
42
53
42
102
37
88
48
38
134
43
36
83
87
39
43
40
37
47
106
41
92
85
42
143
100
45
94
101
52
37
43
95
50
36
45
47
150
45
53
107
97
101
47
154
42
57
199
45
37
149
41
104
101
102
148
98
52
103
40
39
51
156
39
38
37
39
87
40
48
93
53
102
40
40
36
55
40
37
88
98
43
92
48
36
90
91
94
43
38
138
40
41
150
36
173
39
37
83
41
38
100
94
86
42
90
96
41
145
40
49
42
147
138
51
37
48
50
154
143
40
36
88
102
37
89
39
87
145
92
139
37
51
46
50
96
38
57
36
40
88
100
85
99
36
131
40
86
40
89
85
40
40
87
39
37
45
94
89
52
98
37
86
40
37
43
92
36
48
48
50
37
141
37
83
104
37
39
48
107
43
46
94
54
49
42
95
103
40
94
106
40
149
48
38
91
48
43
48
107
99
45
146
45
47
99
106
42
49
106
95
37
203
37
143
48
37
43
52
52
37
141
53
42
145
86
40
96
83
93
143
42
40
161
47
39
89
50
99
45
142
104
89
149
37
44
38
47
103
94
42
37
144
39
44
43
194
39
39
187
41
88
105
38
52
53
44
100
44
111
47
109
56
54
37
158
112
50
105
54
113
50
109
156
48
197
106
50
102
50
101
107
148
91
119
45
45
105
38
46
50
54
118
42
107
151
112
40
161
43
57
169
42
53
47
48
100
46
51
37
42
107
55
45
104
45
44
112
98
45
47
59
41
99
49
104
48
104
94
49
102
47
50
47
40
47
110
40
47
45
94
49
39
37
50
47
57
106
95
56
161
94
59
55
43
98
40
34
58
111
49
161
93
45
52
117
50
46
101
43
48
58
52
97
110
47
37
95
106
42
41
105
91
43
104
39
85
46
48
96
40
38
101
98
85
97
39
43
47
183
52
50
211
105
166
51
105
51
112
91
107
98
97
46
50
41
140
104
40
99
40
134
97
40
137
36
45
98
132
52
156
102
51
107
40
45
36
50
106
50
96
49
45
94
44
43
96
40
87
113
47
102
55
46
92
40
37
94
104
43
100
95
45
90
104
36
85
96
45
183
38
45
40
100
85
40
46
196
44
47
45
40
90
96
93
40
96
42
91
40
54
101
44
45
42
38
89
44
89
38
51
97
143
139
103
141
86
140
192
38
95
40
38
85
95
128
56
106
41
42
91
113
47
196
39
49
94
50
151
57
105
38
40
34
54
43
34
81
90
84
92
43
131
64
120
149
88
94
44
36
39
104
102
53
147
38
44
54
146
40
45
38
84
104
37
38
41
90
54
42
36
142
106
58
43
92
95
48
37
86
97
143
38
50
189
41
43
41
141
37
86
132
37
135
42
39
36
43
107
135
113
146
45
39
51
50
98
47
143
40
95
146
101
46
146
53
47
92
112
150
46
105
96
56
50
97
51
61
107
111
92
57
164
88
91
110
43
47
44
52
106
44
47
154
96
45
58
107
98
82
42
105
50
51
43
42
39
56
170
35
60
181
40
45
95
47
37
88
57
105
41
50
143
116
90
47
92
48
49
115
53
108
138
46
57
162
56
107
95
43
54
99
101
141
113
89
112
41
88
54
38
99
95
43
108
95
36
60
117
104
44
60
47
151
137
50
46
36
85
49
150
40
134
50
37
36
47
100
95
144
43
93
108
111
40
54
110
102
47
52
48
166
92
271
38
58
173
96
222
49
51
40
95
39
53
51
201
44
101
52
47
56
101
46
150
44
95
149
93
47
91
40
47
108
104
45
90
107
139
99
44
38
47
44
105
45
103
50
109
59
37
50
160
105
50
167
51
45
50
99
99
42
53
96
108
191
113
51
46
105
96
43
36
148
37
50
109
89
34
46
160
33
47
159
37
50
99
48
105
138
36
159
35
51
103
117
42
53
49
153
40
82
99
34
37
92
52
50
156
43
54
107
48
140
48
91
103
43
46
197
51
51
151
34
52
42
151
89
111
49
51
34
81
47
50
37
85
58
47
39
37
138
100
84
47
33
55
41
43
86
48
34
89
190
54
40
47
132
39
105
37
37
36
85
37
56
39
94
37
142
49
34
94
48
51
111
37
90
42
41
87
97
53
51
98
45
47
90
44
46
103
51
33
89
157
51
46
95
52
143
37
40
82
45
140
97
45
105
37
46
52
97
90
53
36
44
49
94
39
131
112
80
107
39
84
121
57
36
46
180
45
141
58
46
33
47
56
47
148
47
137
50
106
78
49
43
129
143
40
49
35
48
161
47
103
57
52
39
46
61
56
159
109
34
58
105
105
115
96
41
106
54
166
105
56
221
55
36
51
160
49
160
36
46
44
104
52
153
49
103
65
121
94
110
111
49
108
45
92
107
38
45
93
39
48
40
37
38
37
88
41
89
50
61
112
43
93
36
54
45
37
87
96
50
141
45
90
42
46
35
145
94
39
101
42
42
87
48
44
134
99
47
97
161
42
42
53
164
43
89
111
101
90
45
58
104
87
105
36
43
39
190
54
98
45
99
37
37
53
195
39
130
54
36
41
139
91
39
43
89
38
49
38
46
140
92
37
39
39
50
99
38
86
50
95
40
180
35
40
142
36
36
37
38
138
38
50
35
38
38
85
39
85
87
36
85
41
85
37
82
36
95
47
92
101
36
174
35
40
191
36
35
133
109
40
91
79
36
132
53
98
88
36
51
97
79
83
103
36
35
81
146
34
38
98
34
38
88
40
83
38
34
132
93
42
132
34
35
42
98
101
36
82
147
94
149
91
39
106
137
42
35
102
34
88
36
33
98
95
82
46
91
81
142
102
36
56
104
103
47
49
35
81
36
101
104
36
188
49
46
38
128
142
91
45
42
38
95
50
35
87
92
36
34
37
89
145
49
33
38
96
82
101
92
91
49
34
37
41
88
56
102
81
36
38
152
35
42
34
64
156
33
35
55
102
90
36
33
58
37
93
37
38
101
36
81
42
105
39
83
42
143
34
81
47
106
36
44
38
81
101
33
124
36
80
40
36
58
103
36
48
36
46
39
93
86
81
142
78
38
95
126
84
81
37
46
91
38
81
44
34
36
86
33
42
87
34
125
80
131
87
36
81
88
35
38
86
82
39
36
88
37
38
85
99
37
83
35
102
36
39
84
39
84
81
87
120
42
90
85
36
83
37
82
36
89
37
82
46
38
36
83
36
101
84
95
35
86
37
190
81
149
36
37
84
144
38
84
95
41
34
82
35
80
85
93
34
36
82
38
37
39
130
38
37
83
86
38
124
35
36
36
36
91
81
36
37
139
35
41
141
39
36
37
82
37
35
38
84
38
37
35
39
52
98
37
35
41
52
99
83
49
35
88
85
101
35
93
34
53
36
139
80
39
147
36
37
39
98
36
81
48
155
77
163
34
36
79
164
33
92
51
34
85
101
102
85
96
37
38
37
88
94
41
37
35
139
98
41
102
145
48
146
38
35
39
190
34
88
46
89
36
189
35
46
88
36
35
59
146
98
171
64
35
81
43
89
39
34
126
33
40
45
94
95
45
34
165
33
93
77
95
45
39
34
77
33
94
82
94
52
41
34
47
41
129
79
88
34
34
79
48
34
79
39
94
39
49
34
142
42
87
42
144
34
136
34
82
52
35
91
130
35
33
83
37
38
37
89
41
34
37
90
34
39
34
42
39
34
82
46
34
82
41
34
42
39
37
79
37
34
128
39
132
37
37
35
34
129
40
123
87
40
86
38
81
36
40
36
34
82
83
83
37
81
83
86
89
34
125
90
81
85
39
34
83
88
38
86
39
36
82
39
41
84
86
101
34
36
81
53
140
36
38
34
77
35
121
53
39
136
45
34
76
99
150
87
97
97
45
98
141
53
36
42
49
44
92
38
36
79
37
79
126
77
81
34
36
79
34
96
77
34
83
35
79
34
80
39
33
79
77
82
80
38
36
34
76
48
91
82
34
48
93
37
33
77
34
39
82
79
77
81
34
78
37
34
121
34
80
36
83
46
131
80
36
39
82
35
83
39
81
38
38
34
34
84
80
37
37
80
33
36
79
39
81
79
120
37
34
78
37
80
39
35
82
83
35
39
87
79
39
81
36
34
122
39
82
37
85
37
121
82
36
39
84
37
40
130
83
77
35
117
51
34
78
37
53
96
125
34
52
37
85
37
34
79
95
39
36
52
97
47
39
82
35
124
121
38
36
38
178
36
39
134
84
36
36
84
39
35
49
34
124
34
39
34
127
34
37
35
128
36
81
126
78
129
39
87
101
126
61
34
79
41
114
36
41
88
145
81
51
98
36
125
103
33
51
142
39
35
81
105
39
89
105
36
39
36
140
36
34
82
36
38
128
108
84
46
93
100
49
94
103
35
40
51
39
38
125
39
47
182
39
92
77
36
119
36
34
78
53
96
39
34
34
51
34
81
40
82
38
81
35
120
96
79
80
34
34
82
86
37
79
80
41
128
42
34
37
128
34
120
34
39
37
126
35
34
82
80
33
33
34
82
39
37
37
126
34
37
83
86
39
34
77
37
126
83
41
36
36
36
128
41
91
94
45
36
131
33
40
136
80
54
101
32
73
136
34
34
32
73
32
114
32
123
31
32
35
126
31
32
32
32
97
31
32
76
37
33
77
34
56
97
78
32
49
90
32
31
75
43
85
47
132
33
32
73
31
32
36
35
76
90
32
35
114
32
31
71
32
39
124
35
39
37
81
35
51
34
36
124
34
31
83
91
44
90
121
94
31
119
32
32
34
37
39
96
39
121
37
41
131
36
77
39
68
149
32
78
135
36
117
32
72
92
93
43
32
79
150
45
86
51
33
86
40
93
37
91
42
83
103
31
40
85
32
90
31
37
78
88
35
37
44
91
32
33
37
120
34
34
77
37
34
37
33
131
34
34
37
83
83
79
80
39
37
34
37
82
77
36
32
118
32
38
81
83
34
34
33
36
77
34
37
78
37
79
75
34
34
31
37
36
83
78
33
117
34
77
80
33
37
35
81
80
34
124
31
73
88
78
34
34
77
80
34
37
37
90
81
48
33
79
35
34
43
33
79
93
35
33
79
36
39
32
37
83
53
38
39
85
86
76
31
73
99
34
94
111
76
90
37
37
34
34
82
37
33
36
37
35
34
80
37
78
77
79
76
93
39
39
32
37
122
32
34
77
80
34
33
36
77
80
32
78
50
93
34
33
80
36
37
34
126
79
35
37
34
77
74
37
80
36
78
77
37
123
32
77
37
37
34
79
34
80
122
37
33
75
83
120
37
80
37
34
78
77
81
81
36
32
123
36
31
73
84
34
34
78
93
34
34
37
80
32
34
34
83
78
96
40
37
34
78
34
87
78
34
88
85
39
99
34
36
34
32
88
40
32
36
79
32
162
34
34
80
36
79
79
34
31
36
39
82
32
75
32
77
85
40
34
79
38
125
33
34
49
33
79
127
34
41
86
35
119
32
33
89
39
34
77
32
78
37
37
37
122
34
32
34
37
83
145
120
36
32
34
37
83
79
82
77
123
37
79
32
77
32
78
43
86
35
37
34
31
93
84
122
107
34
46
90
39
32
50
93
34
32
33
36
79
34
38
119
53
136
33
75
99
32
79
51
92
39
31
37
50
34
80
77
93
89
37
83
165
32
78
81
32
34
76
75
34
35
40
37
34
36
34
82
32
76
33
32
35
84
33
79
34
40
33
76
37
36
35
81
33
81
34
34
31
77
82
32
77
33
82
36
34
32
78
33
38
32
37
34
95
34
117
103
33
36
32
34
140
34
120
48
37
85
83
32
33
41
88
78
34
164
47
44
145
33
34
35
77
83
36
79
45
89
79
33
43
97
34
79
124
38
34
35
90
34
80
148
38
32
56
108
79
49
34
34
134
49
34
51
105
86
34
89
34
33
92
88
47
34
80
36
79
105
33
49
102
34
37
48
92
34
45
36
82
56
107
130
56
33
57
38
87
54
110
34
83
50
33
79
96
80
56
121
40
48
102
54
41
53
36
142
93
44
45
87
147
46
89
33
86
82
48
100
86
90
46
33
138
142
110
35
37
40
133
107
42
137
36
52
45
140
40
47
40
129
37
82
139
34
37
90
83
45
38
126
44
33
86
90
140
39
86
37
94
55
146
94
35
40
87
61
39
40
91
34
93
40
97
135
40
85
36
102
40
33
103
41
34
47
97
41
37
54
105
102
54
103
97
47
41
93
34
47
147
85
52
157
40
45
47
43
133
44
35
96
40
47
41
84
85
34
77
40
33
138
34
40
37
155
37
34
83
125
34
45
40
43
153
44
35
83
93
36
38
50
142
34
36
51
100
82
36
34
83
40
34
36
40
48
34
83
39
129
40
39
38
86
40
97
45
93
139
34
82
40
104
39
64
40
103
39
95
110
50
47
187
44
33
80
40
99
47
43
131
45
33
128
44
136
42
134
36
51
48
143
94
40
137
40
83
101
37
94
37
40
124
40
40
226
40
40
132
92
80
45
52
95
40
47
89
37
39
97
37
55
43
39
39
45
94
33
39
91
83
39
95
45
37
42
97
36
43
100
89
137
34
43
42
91
48
50
93
91
111
87
98
91
83
100
92
87
138
47
99
82
105
47
39
56
47
42
88
39
34
42
52
109
132
48
101
86
107
103
40
54
101
48
36
85
41
43
89
40
85
48
99
139
42
140
40
47
41
135
46
37
45
44
100
102
45
154
45
41
47
145
44
40
41
156
45
46
95
50
106
54
46
94
113
48
195
43
54
105
143
56
101
106
97
96
94
56
40
36
85
107
41
49
40
85
41
42
91
39
196
39
44
153
42
88
156
37
138
49
40
148
37
38
96
52
98
44
51
54
103
157
95
41
100
101
41
43
101
101
148
37
89
111
84
47
102
43
91
49
50
36
83
49
39
100
40
51
42
144
52
100
42
93
39
41
39
97
90
48
97
40
47
52
97
47
39
87
49
100
87
39
88
39
91
91
40
39
87
98
40
40
96
98
90
105
39
45
94
101
43
50
144
41
104
150
103
99
51
98
39
40
138
43
96
39
39
85
95
41
91
51
40
132
52
150
50
153
45
143
42
45
101
103
44
53
52
105
43
102
42
94
41
99
40
47
95
47
149
47
101
44
48
95
164
83
58
121
47
39
182
36
99
152
41
136
51
144
42
36
150
196
48
150
55
112
53
45
143
47
44
91
54
110
96
142
40
36
47
45
144
44
97
101
100
42
43
47
100
45
212
101
48
107
89
43
48
147
45
52
100
108
133
42
88
40
91
56
196
42
47
142
37
36
45
195
43
101
36
97
102
37
91
124
40
95
94
39
50
40
37
86
106
43
47
96
39
141
37
52
109
92
37
56
113
107
87
48
101
90
133
101
37
83
48
37
85
37
37
38
95
46
133
54
100
93
37
93
51
46
92
48
41
54
37
86
51
195
56
101
48
56
37
137
37
83
54
50
96
46
50
96
158
43
47
42
93
44
37
146
42
45
43
47
103
40
43
49
195
49
100
54
103
43
46
54
103
37
41
138
91
50
40
41
145
47
93
42
90
41
140
37
39
36
48
148
84
36
145
87
91
100
52
40
37
83
48
137
54
149
38
42
37
83
46
91
40
49
99
139
47
93
50
48
47
95
45
99
36
45
99
37
50
98
88
41
52
36
47
43
61
107
44
53
145
52
155
51
51
48
97
55
54
38
48
152
54
37
96
37
95
149
54
36
99
51
52
37
111
95
37
39
58
42
101
41
56
50
105
81
43
37
86
92
37
42
90
147
37
37
86
38
83
47
40
88
40
57
40
91
88
57
37
85
46
50
95
91
90
162
46
37
58
218
105
96
46
39
101
47
104
52
163
43
47
50
149
45
41
36
49
45
52
40
40
88
103
85
99
95
83
39
87
40
44
139
114
89
58
39
51
45
56
149
154
85
39
41
97
57
45
36
87
102
39
154
38
41
42
105
60
36
40
209
38
53
99
102
36
83
43
97
57
44
95
53
45
61
42
42
47
111
39
37
55
161
104
140
161
37
191
40
207
41
47
58
159
51
145
43
111
40
93
49
58
37
44
103
37
153
51
42
39
212
38
102
104
37
50
39
38
143
39
39
91
52
45
95
54
153
39
52
115
111
98
56
212
40
45
57
116
40
40
101
106
39
44
90
41
56
37
48
40
168
94
102
36
90
50
96
38
94
91
106
38
92
50
97
94
37
90
111
37
48
47
159
52
40
144
50
56
176
103
90
95
46
51
97
47
106
48
191
94
89
113
45
37
53
169
46
100
55
44
99
37
38
101
111
44
47
99
48
47
49
44
47
100
103
45
37
86
115
54
168
51
45
187
36
58
49
110
52
152
98
86
46
38
87
106
39
40
90
95
37
48
42
91
50
150
88
104
140
37
99
49
108
98
155
99
170
55
49
52
169
50
45
95
182
99
52
112
47
63
131
109
46
102
50
54
52
209
51
99
170
43
146
53
42
145
56
110
115
110
54
118
128
160
55
55
110
109
103
62
160
49
35
54
102
90
110
96
47
173
41
54
58
117
90
54
44
44
41
51
54
37
142
43
45
100
88
39
51
101
39
53
102
49
43
41
39
40
45
38
139
51
38
85
54
44
97
98
50
95
108
35
87
107
51
39
95
91
36
126
102
37
39
96
51
95
206
36
57
165
97
144
37
44
42
99
39
39
41
86
36
183
36
44
50
41
141
36
97
104
42
39
147
45
44
47
151
110
50
176
88
102
163
58
53
52
153
58
103
52
46
36
96
42
54
114
85
54
56
103
93
36
60
109
51
98
98
99
86
34
42
105
58
33
85
38
81
49
45
133
101
43
93
91
109
35
44
42
58
120
40
52
103
119
37
50
62
162
43
41
36
51
100
35
148
42
39
156
83
170
102
40
87
44
38
95
52
44
107
41
91
159
51
40
85
56
34
36
142
103
83
36
58
151
36
51
98
54
33
41
39
107
139
192
36
78
55
39
84
45
36
102
48
106
96
103
39
157
53
49
39
106
52
49
94
46
109
146
36
94
58
112
49
107
54
156
100
92
101
65
62
38
36
97
39
62
158
50
95
123
56
159
40
36
94
123
107
96
46
40
104
47
114
57
40
98
121
155
57
38
92
61
39
110
196
47
55
104
92
37
44
153
39
93
160
41
43
146
49
98
48
113
36
41
92
50
39
38
88
52
36
90
88
62
43
150
51
47
36
144
116
39
144
117
90
109
48
105
96
94
105
40
56
113
53
38
88
95
144
85
95
108
51
41
44
211
201
42
38
201
97
141
95
47
152
43
46
143
37
37
54
116
97
47
36
52
54
42
47
106
41
46
101
42
47
108
37
201
46
41
154
36
137
39
84
50
110
104
42
96
36
87
36
87
41
91
39
95
37
36
42
192
140
42
36
89
39
50
94
87
138
40
34
48
150
40
91
38
97
43
91
40
35
131
35
86
100
39
133
36
82
143
39
142
36
40
89
98
88
51
37
45
95
83
42
37
80
57
110
40
36
149
37
45
39
146
45
38
53
169
36
43
34
152
185
39
198
34
35
80
103
37
82
49
96
80
46
41
83
45
34
82
99
36
79
88
89
128
47
89
38
39
34
80
38
128
53
138
40
51
186
36
34
40
87
87
77
37
36
124
37
34
39
86
36
84
79
37
83
83
41
126
38
34
42
139
34
37
46
41
129
47
37
181
37
34
86
95
36
128
94
39
85
101
44
38
43
95
35
46
37
91
85
33
84
85
81
94
34
39
37
139
36
39
91
37
39
86
83
82
36
168
36
78
37
37
83
125
37
123
36
35
40
37
83
82
82
81
40
131
36
36
39
124
34
131
85
36
81
37
85
85
37
93
79
38
37
82
88
36
37
82
90
34
79
40
41
84
36
121
39
83
36
43
88
34
34
43
50
97
37
39
50
97
37
82
84
36
37
34
133
34
37
82
90
35
36
36
134
36
90
123
35
83
83
39
141
83
79
53
98
37
39
87
39
34
51
154
79
53
101
142
34
53
42
55
33
133
84
51
99
34
92
33
87
56
101
51
40
49
96
33
53
141
92
51
190
79
49
97
33
84
191
33
45
90
87
33
45
92
79
82
75
43
37
82
91
34
34
39
93
95
89
82
90
136
45
88
39
38
36
40
51
35
124
36
94
90
87
38
142
37
80
35
93
37
100
39
39
41
91
34
127
37
37
176
84
79
38
82
43
92
44
43
97
53
41
34
80
45
99
37
127
32
37
42
129
36
44
32
37
126
32
75
34
78
34
79
33
77
31
79
34
78
35
77
32
76
73
85
34
35
90
79
45
32
35
114
32
73
40
84
169
31
36
135
32
72
51
37
79
86
32
37
81
32
126
32
76
90
37
78
31
36
36
166
36
48
140
205
75
37
99
34
77
32
130
36
93
75
33
31
35
80
37
33
77
42
34
32
37
89
36
129
33
33
42
36
38
99
37
36
34
38
35
78
33
32
35
37
80
76
33
76
73
80
33
31
72
47
37
35
78
89
32
34
35
32
88
114
129
35
34
79
35
35
36
82
84
35
37
31
32
129
32
80
77
79
37
81
75
32
73
35
76
35
37
31
33
77
128
159
32
75
37
32
34
129
31
40
38
83
78
41
83
37
32
46
36
36
77
31
81
74
32
34
36
120
79
38
84
81
34
77
78
34
75
80
117
164
32
34
37
83
34
34
77
35
31
79
37
80
35
37
34
75
35
77
34
37
78
51
135
81
92
31
31
36
36
32
124
159
34
34
75
83
76
37
51
50
135
80
31
74
37
41
82
37
34
37
35
34
117
36
77
37
31
36
81
37
78
37
174
51
37
125
78
37
83
35
35
80
83
32
44
87
78
34
122
37
134
40
32
78
81
46
34
77
37
31
73
87
34
80
32
36
119
123
81
134
81
151
85
49
40
142
44
40
45
112
138
45
89
37
34
36
85
37
34
76
54
145
44
43
173
33
34
39
84
124
36
120
42
33
36
83
37
33
37
36
82
34
79
88
81
51
50
93
90
33
157
34
77
83
34
82
123
37
34
37
37
83
39
37
80
80
37
34
79
34
80
37
122
38
84
89
36
136
37
122
37
79
86
37
83
127
79
79
80
34
94
75
41
37
80
37
36
79
82
80
82
80
37
37
80
79
34
125
37
48
34
37
42
37
36
36
79
35
84
36
81
40
82
80
34
40
171
87
86
34
77
90
37
123
40
123
37
34
34
80
83
75
40
127
39
37
190
37
82
148
34
34
41
171
124
100
34
76
84
121
40
34
39
126
40
39
126
40
123
44
137
87
80
51
46
88
138
40
36
40
98
87
48
39
37
40
129
34
40
45
94
80
144
83
36
41
34
79
40
34
40
36
40
83
40
86
128
38
132
34
58
42
136
83
110
34
85
52
141
90
39
37
83
38
37
96
40
44
37
81
40
37
80
36
100
141
173
39
37
48
98
50
95
141
97
48
139
48
43
37
87
100
34
38
89
109
36
37
47
90
88
33
49
138
36
37
43
180
84
37
45
131
177
45
34
46
95
34
41
150
33
37
40
161
37
179
34
125
99
40
89
140
47
34
83
37
50
41
37
83
58
34
80
60
156
49
158
37
48
37
51
110
36
154
86
50
144
37
47
34
48
48
46
134
45
88
41
47
101
36
87
47
36
47
40
139
45
144
89
34
80
40
44
90
36
40
92
142
40
146
36
82
40
52
51
99
137
34
79
175
37
82
80
34
38
136
36
40
40
93
86
41
138
42
37
85
40
87
44
92
40
139
41
84
88
36
33
80
86
172
39
125
40
38
87
84
44
40
89
37
39
101
37
40
87
106
86
98
90
40
153
39
92
110
81
49
40
40
89
98
85
89
37
83
40
55
48
142
52
154
44
100
50
45
191
45
92
101
51
44
105
109
97
40
150
95
99
140
47
93
93
50
48
97
40
48
47
163
92
94
45
94
150
47
95
41
97
45
93
84
141
43
41
44
50
141
37
83
39
88
43
137
86
41
132
40
36
81
92
131
42
44
93
90
37
50
40
132
180
37
52
149
37
37
86
100
85
58
193
104
151
49
95
40
88
38
95
37
57
155
143
55
46
36
83
45
41
87
40
142
42
40
40
102
47
96
36
40
39
85
36
128
100
40
141
37
126
40
85
39
39
85
40
37
128
85
36
83
40
39
135
39
45
93
52
107
49
42
98
50
47
107
135
37
51
39
146
38
39
95
94
41
86
41
37
39
88
48
37
131
85
99
37
91
48
41
87
43
37
50
42
96
39
138
41
47
95
37
41
87
92
131
38
87
83
133
46
41
87
42
91
101
132
50
37
37
83
42
87
39
46
44
138
89
59
196
37
37
104
94
81
57
40
129
37
50
40
145
99
55
105
53
159
92
159
40
47
93
54
100
92
37
54
47
141
54
44
37
83
45
56
150
43
37
102
92
37
39
145
36
82
99
37
48
99
91
95
90
104
44
149
111
48
169
36
47
47
149
48
44
37
53
48
146
46
47
37
40
99
36
94
94
40
94
40
47
93
52
44
40
40
42
98
103
47
95
36
139
52
197
147
105
257
39
54
167
45
37
141
37
47
143
36
38
95
106
42
42
149
37
83
99
37
39
40
93
132
87
93
37
83
199
82
204
38
48
159
43
93
56
36
141
54
100
111
86
104
37
40
44
101
45
40
94
42
137
46
105
145
39
102
44
44
43
162
39
93
40
37
92
103
37
47
50
107
138
37
93
112
37
47
165
47
95
52
40
96
47
104
40
42
53
156
102
43
53
111
43
147
51
103
51
44
93
40
96
94
45
144
44
145
89
88
105
40
99
107
41
49
102
91
40
57
118
102
143
59
47
44
48
96
60
43
36
91
48
145
50
101
43
47
45
94
53
53
99
37
49
53
109
40
44
49
112
41
90
50
41
136
45
36
137
37
50
106
53
100
50
109
53
111
50
174
50
51
50
107
55
43
105
42
53
156
103
41
98
148
150
101
89
36
44
153
37
90
44
36
48
41
97
98
44
43
108
37
89
206
47
93
109
102
39
40
98
37
43
48
102
88
90
105
52
41
144
167
43
47
42
110
40
66
184
38
87
50
120
85
42
38
142
100
48
97
93
147
37
51
205
36
37
207
133
106
45
40
43
37
145
40
39
166
98
39
157
96
209
38
93
121
40
98
55
242
50
97
144
58
104
152
58
104
201
205
50
55
148
52
53
146
45
36
81
39
44
90
53
101
46
40
128
114
83
40
50
47
142
40
48
40
92
104
42
138
52
36
92
98
97
95
42
48
91
41
53
104
55
52
210
51
57
171
46
103
147
47
42
48
148
155
52
49
38
42
91
151
192
44
99
40
47
38
42
95
39
41
145
39
85
44
46
36
140
41
100
40
90
160
40
37
54
161
40
85
57
156
46
94
51
40
39
49
53
51
40
42
99
95
47
190
97
40
89
100
39
45
94
57
37
87
102
44
102
141
152
194
46
46
40
110
51
47
56
104
58
162
40
48
113
42
49
141
48
94
40
52
105
84
41
90
105
40
134
45
144
36
47
51
106
39
37
36
50
151
145
92
136
97
37
85
102
162
98
44
99
100
37
88
156
148
107
45
206
46
94
103
101
37
91
46
44
99
44
39
95
56
156
105
54
102
59
45
43
42
52
161
42
92
101
102
48
96
102
36
43
44
55
48
36
85
112
55
150
51
107
49
100
41
48
93
44
42
54
159
93
56
152
53
42
54
41
57
44
97
43
91
44
40
97
112
38
45
157
40
94
52
49
108
103
105
45
54
51
39
39
96
110
40
96
60
108
40
158
45
47
100
45
44
48
165
53
43
210
45
97
48
110
43
47
165
38
93
109
150
36
45
106
37
96
108
100
36
50
100
54
113
162
50
98
117
146
50
51
155
46
105
46
97
47
167
45
51
162
164
58
45
44
50
54
52
148
95
50
109
55
114
103
97
102
102
46
110
56
44
110
97
51
148
47
102
44
48
44
91
109
105
42
95
164
42
97
41
101
42
246
52
44
156
54
39
143
153
42
38
55
159
42
88
51
106
42
100
49
150
44
43
136
47
99
100
50
103
39
41
96
111
45
103
112
39
49
100
46
38
93
100
100
146
87
102
36
38
40
148
200
39
47
51
170
37
93
39
90
102
87
157
37
44
45
54
48
40
150
95
166
37
91
92
36
141
56
35
39
97
37
96
40
148
45
37
41
164
40
100
40
45
101
91
44
37
98
40
39
91
137
39
43
39
191
46
36
88
101
86
43
48
46
96
38
41
43
139
143
49
44
54
102
49
102
52
201
36
50
168
38
40
48
217
45
94
150
55
100
45
98
88
37
49
39
92
108
36
89
43
35
43
150
147
96
44
55
102
88
47
92
96
42
86
43
96
54
44
96
42
145
48
42
103
102
42
99
148
36
45
94
93
38
83
42
96
41
37
45
40
91
44
39
88
96
40
89
109
87
45
45
36
86
46
36
142
48
46
95
55
45
90
104
36
147
35
52
102
36
51
115
50
108
93
93
36
47
45
42
54
38
53
53
111
38
146
47
92
55
37
97
90
42
39
97
51
39
99
89
148
89
97
87
41
44
37
49
42
142
42
97
103
41
152
34
44
39
104
46
91
49
44
56
49
94
90
51
36
42
140
36
48
208
42
98
132
54
41
153
44
51
54
102
44
104
54
102
46
158
44
94
113
141
46
154
36
43
92
44
36
89
87
45
99
40
41
85
100
35
137
34
94
84
37
35
49
101
36
82
33
61
106
49
49
37
40
57
51
40
99
47
45
36
94
98
36
49
43
44
99
46
34
138
47
45
37
191
36
36
204
42
95
100
38
94
37
91
39
46
143
49
105
98
141
36
92
59
34
47
97
89
90
34
52
98
101
34
90
34
85
146
37
144
44
87
37
88
43
48
94
44
37
36
94
94
126
103
42
37
90
97
101
40
46
152
45
88
155
90
48
99
47
44
36
47
103
42
46
131
46
47
37
36
149
133
125
37
133
33
128
36
127
41
92
86
135
95
142
93
40
108
39
102
33
90
137
85
33
37
95
94
37
143
84
95
89
85
37
47
177
39
85
90
40
41
89
40
42
37
49
95
89
132
42
45
37
132
46
33
36
42
138
47
93
42
85
41
40
36
188
88
88
41
90
47
93
87
112
92
50
160
34
137
34
37
40
105
34
37
46
136
42
42
39
83
83
36
89
37
52
33
140
84
88
34
41
86
50
34
82
93
137
55
100
99
92
38
84
54
39
52
99
92
38
130
40
39
40
86
44
39
45
180
33
80
49
95
38
45
50
101
45
93
94
43
50
110
34
40
138
86
88
88
39
39
141
39
42
47
98
41
42
41
86
41
92
80
132
133
37
34
39
91
37
174
137
93
94
37
50
47
94
37
33
90
37
43
132
84
84
142
95
40
86
33
47
45
40
86
80
37
120
37
34
44
40
134
82
94
39
36
37
54
39
41
36
92
41
33
88
45
88
151
48
54
164
39
39
47
111
38
94
42
106
96
85
103
44
38
40
39
92
39
87
41
40
83
89
40
86
85
37
80
85
125
85
43
88
40
34
80
100
36
146
35
131
43
92
86
34
48
97
35
45
37
82
47
39
33
39
39
137
35
129
82
33
193
34
121
34
34
125
35
119
81
80
48
137
83
78
136
37
85
81
85
33
37
39
89
47
34
79
39
37
129
42
88
42
37
37
45
94
39
34
35
40
99
39
37
91
106
37
86
51
36
49
144
33
175
91
90
93
45
90
140
87
40
152
37
40
43
159
40
37
143
37
45
37
126
34
51
34
132
34
47
109
80
46
33
48
34
135
33
48
146
34
45
103
36
138
34
82
138
40
155
45
37
48
117
49
51
37
47
99
57
37
45
105
36
103
107
81
108
39
37
37
38
51
96
46
101
49
34
45
153
36
185
38
36
151
44
46
37
194
39
37
39
142
43
37
38
101
95
37
198
86
50
102
98
90
33
46
90
34
188
183
48
49
147
47
34
39
51
155
37
97
147
87
43
111
36
147
108
141
49
175
33
89
157
45
37
51
222
49
151
50
41
33
156
44
34
147
54
48
37
95
162
52
33
85
111
37
151
55
34
57
49
112
52
112
36
95
157
150
99
197
34
42
102
106
100
86
44
63
44
90
101
34
85
115
34
47
54
149
40
45
101
99
57
206
34
50
158
34
44
86
100
92
98
102
39
54
97
43
86
102
34
92
95
48
37
39
94
103
40
93
130
43
39
133
96
136
85
41
85
83
34
47
95
84
42
38
87
85
43
133
83
40
85
87
83
39
38
48
36
83
143
132
38
36
79
86
33
179
88
132
35
36
93
36
45
96
51
33
80
40
34
80
36
39
82
49
34
85
42
54
106
83
40
34
80
90
34
37
40
137
40
89
39
36
49
100
39
45
97
100
46
39
40
103
84
47
50
105
152
80
177
46
101
55
46
154
55
109
79
33
56
157
34
80
114
82
36
136
100
82
90
39
38
39
88
86
37
83
86
39
129
33
130
34
92
92
43
90
40
33
35
43
101
37
89
58
43
87
108
84
49
49
94
45
102
100
86
105
79
52
34
37
94
94
124
147
42
98
98
86
34
38
147
37
36
125
110
41
39
134
37
38
44
136
42
95
84
39
36
34
135
34
41
40
54
96
84
126
99
37
40
39
133
36
128
90
169
89
85
39
43
93
34
36
175
36
80
82
36
34
181
86
46
92
42
86
34
34
86
82
93
36
88
88
34
79
46
99
178
33
88
87
95
35
80
54
100
83
150
98
204
46
99
128
50
92
137
50
101
41
39
43
54
39
88
38
42
52
39
33
93
54
97
94
34
86
38
94
40
136
39
37
189
34
80
166
36
81
43
106
38
92
155
43
155
81
34
36
149
34
86
142
84
139
96
34
45
146
45
39
52
100
92
77
152
37
93
140
43
141
39
33
36
147
35
39
149
85
39
98
44
90
179
34
79
147
39
95
125
34
82
40
95
81
40
141
37
82
39
33
75
84
95
35
78
82
34
33
135
34
132
41
84
90
48
38
41
103
50
102
154
34
80
108
32
32
37
52
96
36
80
73
94
44
35
119
35
34
94
91
32
79
97
75
103
32
36
53
139
38
79
98
83
34
34
77
100
37
83
99
32
37
35
136
34
75
39
93
32
117
37
40
34
77
45
32
93
34
37
78
87
129
37
33
41
33
78
73
31
43
179
32
40
51
111
32
85
79
105
76
42
47
88
35
40
124
34
31
46
92
78
33
74
37
38
32
82
38
79
41
37
116
34
37
37
118
34
89
37
83
36
83
83
36
36
37
37
82
39
35
93
41
37
47
35
81
41
33
37
80
35
89
33
78
40
87
129
93
37
37
35
97
77
37
49
34
77
37
124
39
38
84
44
33
43
89
124
113
84
31
73
32
78
34
31
76
132
41
41
34
118
97
31
40
86
87
32
127
35
33
128
37
77
37
33
81
40
48
91
83
31
32
79
88
43
137
92
31
37
92
34
88
37
36
89
45
40
84
35
76
52
31
77
40
45
94
37
