423
158
206
335
115
206
302
74
249
113
208
198
248
122
136
205
203
161
75
205
77
203
201
199
119
161
159
159
160
206
113
167
199
169
118
204
75
170
197
117
201
129
124
167
202
196
175
84
223
153
161
77
198
238
115
164
135
128
210
172
133
162
122
164
224
82
141
134
216
166
125
120
170
168
213
172
91
135
171
213
123
123
245
126
123
209
80
210
122
128
248
212
125
123
215
77
163
211
77
126
158
202
173
217
131
127
164
79
206
167
244
212
162
123
208
122
168
160
122
123
118
130
201
219
48
220
160
121
123
217
161
121
163
122
163
120
200
122
124
160
128
122
167
118
167
166
132
162
160
170
126
165
117
177
121
204
77
165
208
119
164
163
181
168
123
227
210
157
121
185
199
80
168
169
168
169
91
241
144
163
217
170
133
131
123
221
127
126
167
176
120
170
94
163
175
215
121
179
134
213
169
211
169
47
219
181
174
192
133
188
183
127
191
244
191
137
194
134
172
220
135
131
176
173
131
179
94
192
187
216
170
175
79
174
181
223
130
172
129
176
172
179
122
178
175
182
129
220
88
187
173
93
231
180
181
168
130
136
219
173
209
37
175
138
130
186
126
176
223
131
189
179
232
80
157
187
129
227
184
86
185
178
233
165
91
182
180
140
183
239
127
229
133
181
220
126
127
178
179
129
181
145
245
200
215
139
246
191
135
190
196
135
238
93
134
239
156
189
232
37
246
185
185
285
106
244
176
103
274
182
128
235
135
149
197
150
133
235
101
144
208
128
243
175
196
174
190
144
235
81
229
131
179
165
137
217
136
190
225
127
186
175
109
238
122
237
132
137
164
245
81
181
131
80
219
182
167
81
175
224
210
83
232
45
236
221
132
187
133
188
226
52
253
175
148
190
145
190
230
182
230
125
191
229
36
249
106
138
242
144
137
189
123
134
230
185
169
177
105
178
183
172
185
200
207
88
200
198
138
151
238
92
249
229
132
194
96
247
245
148
237
36
261
191
123
191
105
200
233
134
199
141
232
187
92
234
143
220
220
85
195
186
184
92
205
192
103
248
188
138
147
180
140
192
197
172
183
128
136
184
134
192
187
170
165
178
191
230
98
178
96
292
176
104
144
198
227
222
140
195
140
148
246
137
201
185
146
197
258
101
259
247
94
196
208
253
98
150
141
244
174
182
144
135
146
189
191
144
188
243
101
206
224
179
147
183
140
143
201
248
138
151
208
192
134
237
138
145
279
149
185
193
100
187
177
141
140
184
182
229
140
181
181
139
251
141
169
195
108
208
150
161
254
149
203
154
209
249
150
204
204
37
261
247
147
199
110
145
245
179
196
40
271
242
190
196
202
134
200
239
139
194
89
232
196
153
159
225
152
280
112
211
166
268
244
106
153
152
258
213
202
143
228
107
266
211
105
263
212
152
200
211
163
195
217
149
255
208
159
206
193
155
149
204
56
258
166
202
206
257
104
216
190
115
272
148
160
247
193
188
196
147
186
200
232
110
211
274
159
162
201
253
248
104
152
185
141
223
233
52
261
207
136
154
199
192
144
203
196
202
140
146
198
243
138
149
229
92
188
292
150
240
138
151
189
192
188
180
141
143
245
230
140
192
188
229
128
200
138
156
246
203
197
150
127
190
177
137
185
272
88
193
146
147
236
196
140
250
177
146
251
103
249
140
243
88
247
93
185
221
178
132
149
135
262
145
155
237
95
250
199
111
207
204
204
217
97
221
150
255
204
144
201
204
148
259
138
147
159
263
82
229
141
206
155
252
116
145
212
156
249
93
215
250
148
101
257
256
143
257
152
138
266
90
217
195
193
198
190
151
142
242
143
222
201
155
108
261
271
38
217
96
269
207
94
260
236
212
208
153
245
144
140
215
246
139
151
144
252
151
161
268
50
275
150
199
207
307
94
204
250
94
245
200
84
207
195
246
36
213
264
85
261
184
195
115
204
199
198
251
246
51
263
95
151
248
193
107
195
159
138
231
150
198
143
230
238
148
125
138
199
204
202
205
130
191
148
204
207
193
146
197
195
143
171
203
149
193
242
149
144
197
195
172
208
150
237
206
152
263
194
164
186
129
250
257
145
170
161
271
203
223
160
150
274
278
114
202
250
198
210
171
163
207
156
256
165
183
142
175
143
212
182
150
186
183
200
245
94
194
185
188
142
261
89
257
89
215
191
194
161
88
238
244
129
245
130
155
233
181
158
184
182
189
133
137
221
80
226
223
139
170
135
173
220
126
179
240
174
35
296
175
154
173
203
141
128
221
83
189
230
80
198
225
82
228
228
78
244
82
244
149
133
246
85
239
182
180
155
81
247
188
198
177
208
36
291
235
142
133
194
95
237
171
145
133
181
196
190
171
142
168
234
244
81
236
120
157
189
128
187
123
185
232
129
185
165
188
191
139
187
86
226
120
95
213
166
137
172
169
168
208
221
214
168
127
176
128
229
144
172
135
171
120
222
125
176
131
179
170
188
136
128
190
233
81
231
225
86
224
85
178
173
173
88
215
167
122
217
181
81
184
169
125
189
126
183
187
182
176
144
177
198
80
231
82
231
201
243
77
246
178
142
206
184
102
132
185
182
98
144
187
232
231
127
131
230
171
143
247
210
151
177
171
88
238
88
227
173
186
179
179
134
142
182
170
172
185
188
97
184
274
178
132
97
224
166
93
189
177
129
130
128
179
132
169
171
175
123
170
165
127
212
171
124
169
212
86
134
218
81
144
219
126
87
184
173
180
266
123
136
161
195
91
178
240
97
242
141
144
195
167
132
126
222
162
176
167
121
168
159
165
125
121
219
133
165
163
159
126
166
164
123
123
214
170
163
124
125
167
163
159
124
79
208
203
82
168
168
121
166
165
122
124
206
166
82
216
125
161
180
139
164
183
162
184
139
181
183
121
142
178
84
221
166
122
179
121
166
211
36
210
210
39
191
172
146
203
130
229
140
166
183
182
234
39
241
84
185
186
170
195
137
144
241
141
170
86
221
217
166
120
186
166
138
186
121
219
162
176
128
220
128
128
128
211
82
165
206
161
167
169
79
212
122
171
171
212
41
236
182
77
136
225
111
173
153
166
164
109
167
154
176
138
161
137
157
166
201
169
78
169
156
165
169
146
200
83
163
221
87
177
128
218
156
130
179
163
37
223
118
232
78
175
163
167
180
232
123
185
133
184
189
87
218
155
125
175
113
198
171
214
76
123
165
165
165
116
203
119
161
156
158
197
117
163
119
160
199
79
164
202
73
209
200
77
217
93
163
168
174
127
122
125
188
165
116
137
208
169
123
160
121
164
199
158
131
125
161
198
114
160
157
187
165
169
117
161
114
204
120
123
160
83
205
122
84
161
158
170
158
165
84
208
202
162
172
175
161
177
124
159
214
88
232
116
167
163
205
77
127
204
116
206
116
127
178
203
174
165
126
216
127
164
121
84
208
115
231
120
116
123
164
203
117
116
161
165
176
209
150
178
176
134
177
159
176
118
221
132
122
179
173
132
251
32
206
192
116
126
171
154
162
159
179
82
208
115
202
120
162
168
118
138
175
179
220
159
91
171
122
169
207
90
185
156
205
127
127
178
79
210
130
123
191
79
227
229
94
234
168
223
90
139
230
183
175
150
239
130
147
190
149
191
178
136
208
201
248
93
180
147
180
171
229
140
190
142
213
176
147
201
97
179
228
130
181
216
88
231
179
187
146
136
243
188
118
191
136
235
140
203
149
142
149
195
102
246
186
230
125
200
147
179
194
183
137
171
224
241
84
255
134
200
229
92
186
125
185
169
128
139
127
175
221
142
132
191
248
82
173
253
95
239
175
139
233
179
182
177
91
200
137
191
187
198
167
93
226
229
92
177
184
189
182
152
208
130
141
193
185
142
229
133
185
187
201
192
83
195
228
226
144
157
201
130
244
156
196
151
191
139
196
182
99
196
239
188
148
256
45
203
243
98
255
146
203
154
170
248
54
251
144
206
193
166
238
187
196
239
39
243
88
156
244
40
206
209
202
160
157
256
147
148
252
246
135
154
191
187
155
146
190
143
191
237
145
141
200
133
190
145
153
192
239
142
191
150
243
90
194
257
103
145
192
182
186
183
183
189
207
196
194
99
207
157
166
260
149
191
204
201
145
164
261
93
238
254
191
205
99
150
254
202
214
200
144
258
142
145
197
140
294
197
259
101
154
203
204
262
190
150
135
196
244
137
195
187
245
91
169
245
144
238
145
240
152
135
266
132
194
237
132
185
131
141
187
196
191
192
202
144
246
198
248
141
199
148
200
195
91
243
203
137
244
148
161
204
241
135
99
188
243
182
129
190
127
235
194
143
145
182
237
186
145
145
183
192
149
197
194
141
190
150
218
195
206
157
203
256
99
250
149
111
202
267
138
165
151
244
135
180
240
85
230
183
87
245
114
183
189
255
91
261
204
97
270
215
163
208
137
161
240
187
181
154
241
114
201
150
149
242
201
157
192
198
152
218
251
84
249
149
203
198
163
216
85
268
304
250
40
265
97
214
310
198
159
153
257
260
38
252
141
236
151
201
223
160
212
269
102
232
147
213
206
156
168
251
133
252
200
192
194
143
205
213
109
201
232
196
203
143
160
288
205
94
257
143
205
144
151
197
159
256
97
204
260
244
100
220
152
252
139
202
188
144
137
241
247
153
161
256
99
277
224
103
280
267
101
243
222
113
262
272
201
109
202
228
169
249
224
171
215
211
102
143
203
138
261
177
206
144
259
96
191
197
196
147
135
190
188
117
198
251
129
149
246
179
143
181
95
261
207
244
82
190
176
236
82
247
36
252
195
109
201
152
267
268
114
212
215
206
218
141
259
97
269
98
252
145
193
134
260
101
146
245
136
214
225
88
260
135
155
195
204
83
275
185
189
165
138
248
184
244
103
180
196
184
143
249
192
138
186
94
266
202
212
154
217
211
258
146
215
155
259
196
177
197
203
138
168
214
266
107
218
149
165
285
155
200
106
309
204
147
249
93
204
193
140
203
134
158
197
181
260
192
144
163
264
202
147
193
193
214
186
232
95
219
258
201
42
249
97
239
196
90
242
159
194
157
199
148
211
251
46
206
242
137
110
260
147
202
230
128
192
195
180
229
138
143
207
133
233
218
128
141
190
228
185
85
190
190
138
190
124
196
231
197
91
256
88
152
234
198
82
186
170
179
180
176
144
170
220
130
128
137
174
197
232
82
127
209
167
83
169
166
124
123
211
179
135
223
37
235
227
36
225
130
140
189
130
179
217
81
188
224
172
80
172
126
211
163
211
37
210
170
167
121
175
81
174
219
121
143
187
224
126
176
175
121
173
162
128
172
127
186
85
224
123
218
78
214
80
176
216
135
138
227
164
140
188
82
236
156
184
144
194
146
236
129
186
100
180
236
230
79
188
84
234
219
76
174
205
131
178
231
89
175
177
183
129
181
139
180
185
124
187
146
181
170
87
176
166
125
190
147
153
224
165
92
209
127
171
201
119
129
172
116
203
161
74
211
203
122
123
169
75
176
173
168
91
122
169
169
167
76
166
219
205
75
174
117
169
224
156
82
166
167
170
117
189
126
162
115
200
113
196
152
93
208
116
205
129
158
81
123
170
209
120
159
121
193
116
123
114
128
218
156
207
80
164
168
174
169
158
117
202
38
206
158
118
200
164
76
161
117
163
122
122
118
160
256
81
177
118
124
197
201
116
97
218
153
176
123
158
156
77
206
213
51
182
122
123
207
163
128
170
176
208
176
162
125
164
119
207
134
81
151
136
239
93
253
180
168
197
195
44
223
122
211
163
88
165
122
204
88
181
186
214
120
123
82
208
166
164
122
165
119
165
176
181
165
122
126
213
161
124
172
167
162
82
165
166
162
173
137
128
164
127
165
165
79
171
226
77
142
166
208
206
118
169
37
233
233
120
171
227
120
208
83
166
89
175
168
227
124
145
180
186
130
96
227
180
80
230
133
168
125
129
217
171
99
200
196
174
234
93
173
184
189
172
244
173
104
186
95
241
184
147
190
137
241
175
169
184
82
267
216
177
91
183
233
79
203
233
125
139
232
95
222
186
209
211
200
137
195
243
187
147
145
183
189
144
190
234
45
236
187
181
134
142
244
135
101
285
79
218
210
176
81
228
181
91
132
226
184
126
176
169
215
170
220
97
177
187
196
187
136
153
139
194
156
190
177
142
150
188
154
189
247
141
146
274
150
248
99
191
189
205
98
217
189
148
198
246
145
84
244
238
125
144
180
134
227
176
179
141
132
231
180
37
237
129
188
246
258
202
240
241
143
155
179
132
197
196
193
173
173
100
230
171
127
173
174
128
180
185
187
156
196
163
189
246
84
192
182
178
227
85
145
195
199
195
191
92
184
182
174
173
182
139
241
132
148
132
177
190
134
252
147
178
241
135
201
148
153
254
159
190
148
181
201
153
177
196
151
182
244
184
96
193
188
148
263
48
271
202
149
248
145
142
239
147
185
149
190
146
168
181
197
255
257
39
262
192
103
248
204
88
211
233
85
228
183
139
284
204
91
159
196
203
148
200
157
190
202
196
46
253
213
97
216
188
241
203
189
208
85
207
203
149
199
204
146
220
147
205
212
193
204
190
89
252
99
204
244
164
102
274
199
165
141
191
194
193
216
207
96
214
143
243
188
89
272
162
165
225
158
213
161
204
150
249
150
193
93
202
192
193
140
214
89
261
205
148
190
194
88
256
202
221
99
218
230
131
208
249
100
143
243
93
248
249
133
150
143
200
212
150
157
96
255
217
142
286
142
195
259
147
201
205
103
204
204
98
189
138
198
245
135
99
241
146
162
242
193
195
193
206
106
210
273
46
253
151
148
259
190
151
192
202
140
192
197
146
242
145
134
223
86
314
211
140
161
156
202
138
190
240
153
197
150
164
246
152
246
214
157
164
264
158
249
140
238
143
105
192
251
92
196
236
145
92
236
236
162
156
202
143
156
258
45
255
200
146
201
199
150
264
204
162
251
196
150
201
134
162
200
205
165
200
200
95
255
207
162
167
151
200
212
246
137
108
214
205
159
209
193
155
206
197
98
213
269
151
212
214
153
262
90
165
207
158
203
278
50
218
201
211
162
148
218
269
164
170
163
148
274
156
103
202
267
105
210
264
160
195
217
141
215
141
154
301
214
118
143
251
203
190
160
158
252
182
202
206
141
163
260
192
145
203
236
195
192
200
141
214
243
192
202
141
264
95
208
186
36
272
138
158
241
91
219
190
195
92
196
231
94
282
140
190
157
192
186
198
102
256
257
82
209
87
258
247
153
148
194
147
257
135
150
246
194
138
191
145
189
156
256
157
155
250
84
190
182
184
185
183
142
89
244
188
240
104
140
258
192
110
200
163
204
187
149
160
159
203
200
190
201
101
191
240
187
140
240
146
103
239
87
249
144
249
149
203
250
140
184
213
99
200
150
152
200
210
141
245
177
139
231
85
188
179
224
80
182
173
216
141
219
142
244
143
192
235
242
89
204
145
151
236
95
183
206
190
200
137
182
185
140
240
192
144
187
176
189
137
223
195
190
143
237
88
155
238
141
190
179
109
245
133
165
176
174
174
181
135
95
142
246
142
139
225
180
134
230
95
223
220
39
178
177
137
230
132
151
185
130
274
131
134
188
179
146
136
202
135
203
188
188
125
224
217
136
143
140
226
126
192
233
55
202
229
144
239
186
88
192
225
122
139
137
149
190
199
88
227
179
96
184
191
87
176
175
132
177
174
222
137
190
86
150
181
90
219
229
95
181
140
169
212
130
219
140
127
149
185
136
242
91
249
156
139
146
184
200
182
139
178
131
174
212
125
125
179
183
191
177
43
181
181
134
177
126
177
214
236
164
83
170
203
123
223
217
129
169
84
173
132
220
127
128
179
123
154
245
179
96
193
269
186
130
140
130
192
292
40
228
91
169
229
76
232
142
175
225
143
181
279
195
91
203
152
142
211
146
191
148
128
140
183
92
196
226
195
90
246
136
185
193
95
241
135
102
289
129
239
225
49
250
240
37
247
241
190
252
49
227
249
145
264
192
100
260
206
209
162
115
256
151
157
215
156
255
150
99
254
142
209
186
159
154
256
90
259
203
57
261
198
179
195
98
196
151
253
190
99
243
134
179
182
96
224
216
78
224
135
126
219
215
125
140
229
132
162
127
179
223
174
96
198
168
177
126
185
154
188
225
80
180
180
142
188
142
94
244
158
152
260
188
215
149
140
241
80
242
239
82
144
177
128
172
169
176
231
130
140
185
134
151
249
189
102
189
231
192
221
187
98
239
187
98
283
181
83
224
95
178
177
126
229
126
139
222
36
221
261
124
184
215
120
138
223
130
221
177
178
142
139
237
178
142
185
133
237
150
98
204
150
179
232
142
174
197
138
196
161
154
244
185
103
249
80
208
245
132
195
239
245
136
229
238
228
89
240
77
191
236
180
83
231
39
237
147
135
179
136
187
223
135
137
124
186
182
162
135
220
175
177
129
135
201
148
196
191
117
177
156
143
169
185
215
175
156
77
182
180
161
180
125
138
217
112
177
117
139
168
172
168
171
126
201
216
73
195
167
184
179
202
75
210
114
136
125
167
154
201
136
160
169
79
167
81
181
177
123
123
225
135
225
78
220
78
132
218
129
137
216
113
122
196
75
211
173
218
160
125
179
216
122
167
137
164
170
175
138
172
136
132
177
118
186
178
