1471
1513
1367
1377
1426
1391
1237
1226
1290
1371
1170
1136
1194
1135
1223
1422
1333
1284
1064
1218
1325
1232
990
1144
1324
1007
1080
1368
1314
1357
1212
1176
1205
1336
1209
1206
1167
1226
1315
1139
1160
1263
1082
1038
1315
1381
1245
1096
1176
1046
1374
1066
1324
1361
1365
1216
992
1373
1248
1314
1155
987
1366
1089
1128
1113
1127
1349
1046
1119
1262
1035
1370
1221
945
1161
1247
1026
1189
1134
1179
1238
1358
1218
1242
1097
1114
1147
1086
1136
1127
1095
1180
1335
1204
1327
1401
1208
1293
1280
1166
1017
1366
1459
1077
1380
1306
1351
1179
1107
1357
1385
953
1324
1387
1078
1377
1064
1351
1172
964
1400
1228
1367
1106
1402
1073
1267
1218
1236
1171
1219
1344
1136
1181
1351
1257
1250
1113
1299
1137
1292
1218
1285
1389
1397
1218
975
1391
1238
1315
1047
1354
1279
1199
1199
1102
1376
1390
1172
1384
1376
1195
1047
1343
1297
1013
1384
1358
918
1139
932
1306
1181
1142
1174
1320
1276
1095
1079
1170
1247
1348
1023
1127
1143
1349
1010
1377
1075
944
1422
1106
1161
1264
1420
993
1258
1226
1334
1222
1395
1214
1384
1212
1292
1329
1127
1434
1172
1247
1225
1350
1348
1388
1197
1206
1153
1373
902
1334
1396
1346
1058
1276
1123
1186
1136
1227
1361
1414
1008
1312
1309
985
1407
1020
1369
930
1406
1126
1283
1374
1289
1063
1357
1317
1101
1288
1186
1253
1255
1057
1236
1157
1357
1328
1215
1357
1139
1396
1173
1365
1276
1372
1016
1282
1337
1174
1357
1017
936
1301
1315
1252
1132
1038
1346
1041
1388
1149
1376
1107
1213
1352
1082
1385
924
1388
1228
1231
1127
1274
1381
1336
1140
1322
1222
1129
1353
1247
1397
1025
1331
1189
1413
1266
1271
1139
1317
1028
1399
1030
1440
1051
1365
1267
1257
1263
1325
1137
1391
1340
1062
1365
1147
1276
1242
1397
1117
1380
1122
1264
1214
1355
1364
1323
1215
1136
1013
1350
1381
1272
1344
1102
1194
1385
1275
1229
1329
1186
1234
1186
1206
1080
1203
1360
1351
1050
1166
1133
1084
1382
1073
1352
1186
1058
1203
1373
1141
1270
1140
862
1378
1252
1296
1167
1073
1288
1390
1226
1339
1261
1177
834
1403
1283
1273
1319
1077
1275
993
1380
1283
1039
1193
1306
1264
1273
1176
1387
1310
1152
1170
1129
1083
1400
1267
1280
1114
1363
1104
1379
1062
1337
1367
1086
1189
1292
1180
1335
1151
1366
1027
1275
1142
1379
894
1380
1174
1071
1372
1307
1238
1265
1359
1085
1289
957
1367
1062
1257
1279
1059
1205
1382
1249
1160
1387
1016
1164
1331
1270
1292
1419
1052
1380
1224
1043
1381
1212
1376
1142
1145
1342
1399
1361
1403
1418
1175
1255
1339
1291
1416
1165
1243
1365
1310
1370
1089
1378
1358
1036
1262
1318
1191
1291
1372
1312
1336
1284
1102
1385
1215
1409
1052
1381
1354
1302
1361
1078
1376
1255
1261
1167
1307
1045
1358
1370
1163
1390
1191
1392
1080
1166
1294
1338
1042
1348
926
1356
1144
1105
1294
1360
1082
1249
1218
1031
1265
1348
1109
1072
1307
1330
1049
1225
1350
1212
1367
997
1388
1115
1417
1020
1381
1400
1136
1410
1401
1395
1159
1365
1325
1370
1382
1291
1418
1129
1193
1318
1061
1412
1418
1112
1357
1241
1256
1403
1129
1373
1089
1353
1415
1312
1218
1235
1263
1117
1320
1260
1416
1315
976
1177
1204
1230
1368
1230
1094
1294
1343
1345
1310
1115
1370
1100
1337
1187
1359
1130
1279
965
1363
1094
1390
1035
1148
1372
1139
1332
1118
1335
1397
1264
1347
1255
1080
1417
1070
1312
1354
1236
1172
1286
1359
1389
1184
1386
1006
1394
1221
1376
1386
1183
1385
1129
1371
1357
1266
1215
1378
1261
1371
1233
1199
1035
1389
1226
1287
1376
1369
1011
1210
1409
1282
1248
1200
1255
1307
1257
1263
1293
1407
1091
1097
1350
1129
1352
1356
1346
1184
1376
1185
1334
1395
1306
1292
1208
1335
1322
1389
1393
1227
1335
1186
1282
1385
1174
1210
1390
1044
1383
1384
930
1388
1369
1289
1376
1205
1289
1381
1385
1371
1058
1365
1182
1046
1369
1246
1350
1371
820
1389
1353
1222
1213
1340
1044
1158
1365
1304
1401
998
1260
1366
1071
1286
1335
1293
1111
1047
1380
1235
1267
1346
1209
1417
1271
1322
1376
1262
1195
1128
1377
1060
1232
1140
1161
1380
1261
1287
1102
1403
1268
1238
1372
1321
1249
1403
1221
1404
1225
1011
1386
1267
1392
999
1369
1361
1391
1194
1215
1191
1313
1265
1268
1222
1331
965
1372
1253
1178
1332
1291
1151
1379
1315
1256
1279
1353
1222
1360
1342
1211
1322
1129
1155
1368
1320
1248
1376
1366
1159
1312
1372
1301
1155
1384
1009
1413
1183
1419
1050
1295
1343
1116
1423
1064
1267
1274
1332
1187
1369
1095
1311
1271
1313
1383
1194
1222
1387
1075
1357
1236
1373
987
1383
1314
1348
1349
1018
1371
1271
1369
1032
1171
1407
1183
1203
1080
1243
1267
1271
1283
1181
1279
1206
1372
1373
1186
1190
1111
1160
1400
1198
1205
1391
957
1297
1019
1301
1033
1398
1165
1390
1283
1052
1032
1314
1301
1205
1197
1111
1239
1299
1277
1355
1190
1118
1172
1255
1365
968
1340
1079
1250
1134
1260
1130
1253
1033
1365
1162
1249
1131
1262
1285
1295
1109
1349
1064
1359
1189
1256
1343
1203
1012
1373
1093
1374
1230
1134
1345
1081
1286
1184
1331
1088
1238
1213
1101
1238
1369
1072
1365
1117
1397
1035
1218
1288
1330
1407
1363
1214
1054
1140
1358
1204
1246
1220
1045
1386
1317
1295
1152
1261
1064
1303
1223
1363
1205
1317
1192
1291
1217
1308
1308
1342
1315
1191
1199
1258
1261
1164
997
656
1187
847
947
1149
967
1049
1159
1094
1228
1073
1164
999
1171
1001
1135
1232
1224
1167
1276
1348
1259
1161
1388
1322
1263
1102
1374
1090
1083
1300
1316
1100
1167
1382
1061
1298
1241
1107
1227
1362
1061
1224
1347
958
1211
1353
1099
1280
1328
1061
1230
1348
899
1208
1406
1304
1233
1204
1389
1269
1364
1341
1409
1349
1187
1195
1351
1433
1365
1194
1351
1089
1374
1264
1202
1341
1247
1371
1249
1349
1111
1350
1063
1222
1366
1324
1208
1238
1350
1058
1333
1188
1242
1286
1224
1226
1400
1200
1343
1261
1334
1390
1136
1103
1274
1300
1286
1333
1379
1141
1248
1344
1363
1349
1199
1231
1251
1326
1380
1212
1122
1238
1315
1409
1177
1305
1148
1392
1230
1375
1396
1293
1405
1318
1401
1179
1193
1452
1279
1084
1365
1115
1383
1150
1413
1144
1420
1290
1399
1122
1389
1321
1391
1256
1384
1404
1095
1338
1386
1134
1073
1410
1358
1345
1253
1399
1086
1377
1213
1393
1364
1178
1383
1353
1232
1246
1332
1373
1065
1389
1378
1394
1290
1280
1135
1368
1301
1362
1238
1333
1355
1319
1371
1282
1228
1379
1399
1379
1082
1360
1363
1343
1389
1410
1292
1401
1294
1383
1256
1375
1401
1420
1423
1342
1294
1386
1288
1422
1353
1316
1383
1396
1388
1387
1321
1379
1366
1135
1410
1355
1391
1283
1318
1402
1270
1367
1156
1344
1372
932
1381
1173
1236
1384
1377
1370
1374
1137
1396
1388
1397
1371
1422
1212
1384
1402
1284
1367
1231
1372
1354
1263
1373
1401
1350
1407
1367
1382
1304
1394
1376
1391
1292
1365
1288
1279
1397
1313
1330
1293
1340
1294
1077
1379
1081
1370
1320
1424
1361
1296
1382
1278
1383
1382
1063
1322
1398
1130
1379
1248
1360
1041
1227
1355
1250
1365
1195
1397
1257
1359
1294
1309
1380
1178
1208
1360
1394
1248
1308
1352
1221
1354
1224
1372
1362
1361
1179
1343
1355
989
1375
1360
1183
1093
1368
1377
1390
1246
1266
1370
1241
1091
1347
1362
1275
1166
1399
1383
1364
1116
1284
1177
1396
1365
1149
1326
1291
1356
1319
1298
1378
1090
1397
1212
1281
1393
1162
1380
1318
1402
1159
1366
1378
1399
1125
1376
1396
1174
1379
1401
1242
1394
1355
1408
1133
1370
1380
1249
1360
1399
1224
1356
1328
1135
1311
1405
1357
1015
1382
1179
1318
1316
1411
1361
1291
1393
1180
1385
1383
1375
946
1348
1364
1140
1372
1058
1358
1282
1163
1341
1300
1208
1400
1267
1375
1349
1125
1334
1383
1321
1331
1276
1152
1201
1229
1310
1173
1162
1285
1200
1126
1363
1153
1148
1264
1285
1225
1314
1282
1178
1348
1241
1318
1096
1349
1273
1177
1337
1333
1321
1089
1383
1257
1349
1359
989
1363
1285
1391
1173
1204
1336
1261
1238
1110
1391
1136
1428
1094
1249
1376
1222
1322
1388
1249
1443
1325
1211
1355
1311
1314
1186
1415
1245
1154
1359
1367
1233
1347
1361
1157
1390
1251
1395
1131
1246
1365
1139
1361
1362
1402
1360
1227
1393
1337
1371
1371
1385
1365
1327
1265
1379
1374
1374
1145
1319
1393
1269
1268
1385
1356
1358
1371
1365
1290
1389
1356
1386
1379
1312
1382
1191
1384
1418
1227
1257
1404
1286
1268
1395
1314
1350
1056
1413
1236
1386
1361
1096
1293
1425
1272
1377
1408
1387
1363
1213
1396
1150
1305
1109
1352
1069
1357
1225
1292
1357
750
1295
1387
1241
1415
1246
1370
1092
1302
1363
1164
1409
1169
1412
1374
1027
1337
1346
1397
1325
1376
992
1372
1289
1252
1430
1342
1388
1368
1308
1335
1335
1412
1339
1102
1366
1356
1366
1150
1379
1281
1379
1274
1298
1359
1377
1187
1385
1351
1363
1379
1164
1320
1371
1167
1365
1198
1360
858
1372
1350
1038
1153
1410
1262
1382
1375
1198
1380
1208
1345
1387
1123
1183
1225
1365
1220
1279
1261
1364
1076
1373
1273
1353
1350
1346
1158
1338
1317
1365
1398
1346
1398
1291
1357
1367
1326
1424
1231
1382
1398
1394
1402
1417
1192
1377
1385
1338
1371
1165
1394
1196
1344
1335
1231
1403
1204
1203
1372
1396
1181
1258
1390
1344
1201
1312
1234
1191
1348
1295
1181
1359
1333
1066
1369
1405
1410
1264
1361
1384
1124
1370
1384
1282
1361
1350
1161
1379
1264
1375
1311
1254
1366
1021
1362
1294
1371
1344
1182
1262
1377
1340
1364
1380
1269
1404
1365
1079
1389
1238
1364
1259
1402
1351
1261
1237
1374
1366
1366
1256
1356
1108
1319
1394
1199
1408
1359
1369
1124
1345
1309
1278
1390
1256
1361
1362
1350
1379
1364
1245
1242
1292
1351
1299
1322
1344
1390
1110
1404
1184
1382
1030
1364
1321
1124
1367
1269
1412
1323
1321
1391
934
1395
1408
1365
1266
1365
1135
1383
1289
1405
1171
1395
1148
1355
1314
1338
1385
1311
1202
1393
1325
1359
1378
1331
1375
1401
1265
1201
1367
1287
1321
1360
1228
1350
1418
1283
1357
1352
1366
1180
1361
1352
1407
1019
1411
1440
1362
1314
991
1396
1089
1392
1389
1198
1368
1266
1410
1236
1370
1240
1365
1316
1194
1394
1171
1384
1273
1353
1235
1387
1069
1373
1350
1190
1325
1412
1405
1137
1302
1351
1375
1377
1234
1360
1320
1431
1363
1252
1272
1263
1391
1363
1221
1276
1403
1383
1150
1318
1400
1342
1407
1368
1306
1394
1132
1327
1359
1311
1285
1312
1240
1367
1169
1151
1377
1055
1359
891
1345
1258
1259
1378
1160
1361
1249
1271
1244
1346
1139
1292
1193
1303
1273
1271
1372
1315
1179
1230
1305
1336
1277
1386
1291
1067
1448
1072
1369
1308
1269
1363
1228
1205
1379
1209
1338
1388
1104
