969
952
262
795
347
831
434
493
198
647
319
694
536
714
327
630
420
297
305
330
469
333
395
650
377
739
287
448
305
437
441
292
434
457
352
378
489
288
342
465
483
361
693
450
647
362
318
502
353
423
365
526
167
494
465
320
416
330
506
354
338
609
272
396
349
539
312
264
539
224
470
286
383
332
501
390
302
626
239
487
487
437
483
538
339
481
368
450
382
350
383
368
453
453
266
453
281
750
334
404
321
549
271
475
404
441
142
725
352
341
391
478
306
489
345
465
507
294
454
332
430
356
373
120
601
221
476
275
457
441
488
394
455
398
494
234
604
349
363
272
454
478
327
329
413
429
446
534
348
471
282
451
673
194
427
622
613
511
387
247
376
357
556
333
337
390
475
485
462
351
394
513
466
446
275
542
329
389
332
345
402
301
475
395
274
434
200
746
338
427
414
160
457
480
290
349
432
406
325
346
440
286
404
458
302
429
452
355
231
369
571
462
442
401
454
446
166
522
251
249
391
471
543
310
310
514
185
443
432
384
314
551
265
365
171
580
340
392
517
320
223
706
335
474
364
427
258
490
421
421
407
290
404
248
554
232
555
367
292
440
356
284
456
390
256
490
308
352
366
293
469
446
445
283
556
405
441
303
476
482
465
366
440
400
498
381
419
459
420
633
305
475
284
437
423
303
471
323
396
280
676
326
323
482
386
673
334
542
195
551
469
354
461
394
506
284
704
296
467
466
476
242
420
372
431
403
503
513
407
479
242
403
480
671
297
372
553
456
411
316
455
389
478
584
142
528
478
410
553
495
328
448
177
548
233
649
306
551
414
426
369
515
500
304
305
555
465
575
243
641
183
542
455
336
371
484
536
291
326
566
338
494
231
375
533
481
223
579
347
412
276
586
309
389
381
405
263
561
433
557
283
499
364
433
356
348
485
365
371
472
450
413
405
313
363
417
506
437
287
488
568
400
311
552
463
428
365
549
458
411
319
500
290
566
322
379
538
505
375
364
526
616
143
537
293
305
509
339
580
415
545
354
372
381
440
258
374
561
302
477
317
464
545
537
402
328
580
429
383
466
349
503
426
561
427
421
519
451
376
294
399
493
522
363
481
406
451
407
304
357
418
604
458
455
317
370
502
225
301
335
346
429
253
365
359
520
253
541
251
496
452
335
349
402
406
379
432
444
361
569
284
646
140
500
141
474
378
476
256
367
345
513
328
603
343
386
348
498
580
134
465
355
336
285
429
466
590
277
358
478
335
449
433
293
490
305
326
552
296
437
246
598
340
568
456
332
361
273
500
350
365
585
362
620
331
453
409
228
434
378
416
331
577
407
513
403
311
503
407
497
271
444
409
411
589
426
586
269
356
480
396
471
349
498
430
368
396
560
407
401
243
584
461
699
435
449
344
548
210
508
299
484
420
394
483
428
618
306
561
371
380
440
478
382
442
313
400
370
545
412
259
462
601
267
391
374
437
304
341
576
457
428
399
567
334
411
353
503
329
564
210
566
171
547
164
528
403
394
284
427
518
326
379
556
491
416
403
417
636
208
304
442
454
399
511
525
433
287
280
444
255
637
271
682
287
500
378
368
413
435
321
413
474
452
313
470
339
472
294
554
252
630
406
509
181
651
451
313
329
415
380
524
447
409
387
515
226
525
344
468
237
577
446
322
457
420
354
428
203
506
540
214
409
481
321
405
495
397
220
490
389
574
388
521
454
347
327
485
397
395
544
412
419
512
202
484
452
501
396
470
358
548
293
581
494
291
563
347
442
434
325
545
274
524
302
616
266
510
591
300
433
449
392
510
247
447
317
285
518
311
322
487
347
366
419
479
379
425
534
347
373
404
434
234
322
616
345
627
345
319
368
386
433
392
532
400
425
432
548
306
486
325
395
531
270
629
291
437
377
408
332
505
386
576
275
467
433
455
224
512
606
377
325
338
403
398
410
499
515
266
150
675
462
381
444
467
304
529
577
354
382
392
431
464
391
411
281
323
532
426
395
465
623
268
444
470
652
385
413
350
529
357
415
378
497
475
114
677
404
555
316
438
569
474
383
254
289
467
474
556
296
434
301
409
579
223
495
440
347
331
299
377
661
394
297
500
253
704
402
549
333
379
425
395
431
366
471
379
528
300
480
304
385
360
619
509
391
348
462
524
479
310
267
553
424
538
334
545
243
435
283
582
411
475
279
853
83
624
510
251
244
622
551
311
212
638
217
496
545
300
521
340
492
367
537
601
380
527
452
412
505
446
303
420
365
550
251
362
218
486
517
473
430
468
404
275
476
543
353
547
479
146
591
368
318
488
329
620
387
520
198
502
569
408
370
553
318
465
432
352
246
582
376
543
309
431
241
508
366
429
405
471
296
307
289
506
402
491
468
507
470
283
536
389
352
292
506
337
369
252
421
447
335
369
499
615
335
452
377
306
356
485
504
349
508
315
421
362
424
383
382
332
506
460
621
247
200
568
329
546
485
223
369
446
372
236
309
378
619
407
432
324
515
476
349
474
343
496
363
351
418
191
299
781
182
733
260
453
389
496
383
639
345
239
504
521
246
578
249
497
326
131
423
504
485
469
432
437
336
484
384
437
515
424
320
364
196
719
323
302
581
238
372
316
541
305
438
482
516
300
150
636
313
521
353
374
493
391
396
457
353
387
453
423
446
310
293
504
432
623
285
517
272
409
532
435
424
353
271
443
407
430
218
475
242
605
411
459
397
355
525
270
442
566
303
318
412
435
580
411
330
478
275
576
296
672
462
320
299
553
221
556
378
419
472
417
541
320
350
393
459
345
387
439
430
372
471
453
396
482
169
581
343
358
421
576
320
460
122
467
454
385
477
367
390
444
458
448
248
411
467
411
446
434
436
400
387
386
292
475
408
529
394
458
455
494
352
387
499
372
501
294
570
405
343
501
258
358
482
388
465
202
630
331
429
409
325
489
307
492
402
533
454
377
295
205
553
355
474
329
395
410
423
312
629
430
430
320
424
428
530
464
340
294
421
483
360
323
554
323
454
489
253
628
199
616
306
564
527
484
293
480
314
479
503
441
460
509
396
465
176
563
389
649
387
596
92
549
599
461
281
419
300
611
175
560
383
507
427
451
285
548
564
452
243
700
467
393
439
504
352
473
472
328
444
477
473
489
302
572
217
565
463
364
532
320
603
287
472
385
380
730
492
472
496
435
355
484
391
572
234
400
466
380
482
571
462
462
342
603
294
483
353
354
557
386
471
457
367
539
263
514
478
460
569
369
348
556
551
298
414
366
462
509
519
193
440
393
409
573
494
365
239
687
599
420
478
268
243
645
405
498
392
435
444
473
391
455
440
498
416
354
357
558
447
506
478
461
269
614
342
423
316
473
294
408
343
632
250
421
391
427
567
445
357
613
485
404
233
612
332
423
375
610
311
542
297
598
249
536
295
454
349
341
472
450
425
452
417
363
396
481
241
429
335
537
219
332
519
481
397
369
435
542
296
443
322
567
206
486
344
572
342
432
271
472
395
459
348
301
655
270
470
366
315
344
425
490
331
440
327
409
331
522
536
206
279
527
425
408
352
687
181
351
528
380
222
650
306
355
648
321
384
496
288
366
457
539
343
526
126
566
574
499
298
497
426
457
493
643
264
296
482
516
690
367
473
522
265
489
480
530
492
460
379
556
248
619
673
114
541
398
578
332
445
458
342
472
550
518
346
537
371
470
507
616
477
339
491
485
331
484
449
314
324
474
460
345
442
443
344
526
562
578
468
431
480
511
242
376
425
554
390
406
350
502
362
515
391
453
364
453
512
391
508
432
401
356
384
410
477
506
276
483
440
574
181
644
481
429
268
515
323
403
503
504
290
514
222
553
285
421
397
537
439
515
259
608
530
525
311
611
481
85
375
367
581
229
502
397
415
400
328
377
431
645
250
389
469
515
245
431
319
694
249
408
276
605
536
400
393
546
483
421
400
477
342
290
525
361
478
401
501
192
692
319
361
535
344
322
338
581
430
531
318
218
356
514
462
358
414
226
605
265
518
382
353
353
563
489
356
279
303
482
449
283
576
462
471
371
446
398
250
411
624
377
369
407
248
530
288
626
477
440
517
331
351
547
438
403
476
418
420
357
302
349
527
406
421
412
416
417
532
378
396
529
528
437
461
203
528
367
583
207
571
370
381
673
277
568
352
580
287
544
407
382
560
231
606
246
443
448
497
443
404
345
466
416
568
386
406
526
560
274
464
398
388
517
511
455
366
436
405
408
627
306
423
563
278
552
301
530
336
649
225
590
418
476
337
445
627
292
510
351
461
353
389
506
296
360
373
330
617
436
410
504
350
620
291
326
533
465
416
531
487
356
330
403
280
425
336
612
355
487
540
331
555
354
484
374
441
481
331
222
559
307
452
482
536
348
406
399
420
454
492
172
524
506
559
492
361
388
565
275
201
525
430
390
441
513
382
343
484
457
415
502
465
511
358
569
426
348
344
590
208
682
398
410
615
382
424
411
442
552
453
545
281
610
351
413
346
658
302
452
374
370
558
361
439
322
557
399
502
474
454
448
530
316
464
468
472
528
194
487
286
605
292
421
406
718
256
474
375
323
500
394
454
515
329
355
588
241
476
514
568
387
336
439
607
165
452
348
400
603
442
347
481
472
551
317
478
443
427
481
419
304
532
508
333
466
439
430
491
381
567
434
328
595
371
454
467
365
369
526
374
470
524
321
282
393
425
494
397
373
520
438
504
342
498
477
412
641
133
220
398
392
396
598
656
291
383
493
464
262
462
449
447
470
274
430
365
260
693
357
301
312
538
594
416
484
215
451
472
431
383
447
436
461
201
484
264
653
510
293
304
509
247
614
419
458
420
451
495
431
306
240
424
496
252
534
255
514
485
375
536
533
266
399
480
531
351
543
356
404
401
486
480
400
335
563
389
467
321
507
448
371
527
435
503
468
317
276
617
285
277
521
523
411
391
506
171
369
444
425
419
415
464
352
355
437
342
511
320
396
548
422
392
447
281
469
306
721
127
620
323
556
269
555
490
369
456
407
433
612
321
302
387
626
388
686
169
353
494
550
213
633
434
586
301
446
346
655
279
325
344
405
382
458
492
553
377
351
420
447
519
480
322
395
420
491
387
495
316
520
510
548
244
530
425
511
313
487
312
520
283
554
314
427
336
583
328
440
341
534
326
572
315
393
257
525
314
532
181
500
578
528
322
540
312
333
436
362
411
540
419
358
523
360
338
640
260
502
395
638
179
404
512
570
295
462
297
500
399
560
506
403
367
382
448
571
591
385
270
732
340
478
387
580
258
478
393
429
301
454
420
275
572
546
244
561
303
614
440
269
410
617
339
600
295
660
271
202
481
488
504
406
431
569
291
417
635
515
131
552
251
642
287
406
451
392
457
323
309
552
535
442
256
626
453
387
398
500
260
561
355
378
293
491
551
399
237
523
399
551
467
414
328
316
467
419
416
561
299
367
429
383
514
522
302
357
714
368
374
473
190
377
465
466
494
491
384
396
329
547
365
509
407
573
296
481
465
417
290
630
355
518
215
502
409
622
142
606
507
439
328
619
282
511
409
325
202
709
406
602
308
460
255
685
412
394
430
414
414
362
438
636
410
698
158
530
384
444
468
512
225
438
297
443
302
573
548
420
239
531
363
424
389
428
345
542
294
490
227
482
305
493
388
575
258
587
356
338
437
522
328
376
385
655
226
580
365
298
484
477
341
505
344
424
409
553
439
385
208
486
239
535
397
519
255
418
369
645
426
348
301
543
413
542
244
588
154
690
344
423
341
473
311
451
300
387
323
411
285
550
408
339
392
335
512
382
548
411
267
619
252
570
400
502
341
534
277
443
305
321
363
450
373
448
568
420
247
480
260
622
380
356
279
596
234
469
211
478
249
663
362
400
381
617
431
588
181
600
191
591
186
527
280
446
298
541
381
503
318
482
474
450
280
507
175
599
461
274
368
528
224
374
367
456
302
395
478
420
363
424
352
559
213
433
182
679
156
628
196
505
337
602
313
360
623
259
291
468
408
413
409
319
353
578
356
375
508
442
307
577
358
502
188
449
403
556
272
427
394
501
388
430
383
513
262
664
255
585
353
479
372
437
233
501
329
452
338
551
438
380
218
494
381
566
365
385
413
568
262
415
357
622
232
579
283
513
279
571
239
470
411
389
378
523
373
429
222
519
341
547
281
404
371
428
408
331
367
397
380
502
350
422
594
388
193
541
426
429
352
443
460
396
255
437
603
445
168
570
292
378
485
411
484
323
471
497
264
455
628
387
566
398
494
497
365
548
173
414
353
312
373
348
527
571
317
526
273
535
416
461
326
513
313
378
382
303
299
488
403
601
238
608
389
529
393
484
372
405
369
354
316
544
227
597
223
377
476
451
323
545
293
411
469
480
350
493
406
436
203
549
458
599
259
509
458
318
338
301
424
533
337
580
191
565
362
620
365
576
308
476
476
507
331
396
242
439
465
328
498
378
454
445
451
487
285
386
344
239
286
268
312
192
305
369
393
220
376
248
157
417
478
378
289
419
458
100
252
634
264
353
433
425
254
354
465
269
261
455
397
381
387
405
435
259
508
141
393
418
243
430
428
389
364
347
339
290
500
286
507
392
263
481
403
409
575
289
493
433
287
654
293
509
386
444
430
240
475
376
573
322
591
274
508
539
292
371
639
308
376
423
434
489
531
364
381
287
368
370
425
365
513
373
397
407
498
188
562
207
657
369
329
499
442
463
315
424
398
341
368
423
471
381
502
234
463
51
659
524
300
459
412
449
393
400
345
271
596
408
373
523
363
401
270
289
572
344
483
371
576
233
471
306
545
393
336
516
565
241
184
530
392
506
385
372
475
384
566
316
307
378
512
269
407
455
340
645
476
412
338
528
127
460
426
456
631
400
450
400
641
249
685
230
514
524
431
380
591
166
713
431
326
519
240
768
320
402
445
345
428
379
581
409
572
487
429
391
431
544
314
316
412
425
545
367
303
501
486
501
469
477
353
304
442
468
443
426
554
443
496
249
633
169
420
503
384
511
472
380
435
325
419
458
596
260
584
343
124
536
472
475
322
618
342
401
551
233
479
337
475
476
615
246
513
357
258
590
353
351
414
412
411
569
316
393
351
452
461
269
466
293
707
323
323
481
393
611
331
502
364
492
302
530
385
409
547
291
497
473
519
393
430
387
499
525
395
300
490
453
247
397
534
373
361
466
448
380
412
386
424
397
438
511
351
315
681
428
426
346
493
460
289
470
453
415
557
324
476
359
622
499
545
249
513
289
437
467
293
427
519
398
418
434
554
441
443
352
568
260
482
311
509
384
396
393
372
387
589
554
293
362
423
557
334
322
480
447
404
495
256
482
388
630
481
373
209
629
372
526
422
642
138
690
534
358
425
500
501
282
660
286
351
699
239
509
394
579
165
402
675
442
441
353
527
393
336
412
417
436
388
507
350
383
405
526
450
415
329
450
449
354
588
414
370
477
670
294
440
631
364
346
646
349
504
505
426
319
658
400
312
529
512
478
522
435
519
409
398
266
522
514
596
193
697
209
563
322
428
352
511
453
502
551
473
298
344
416
333
505
480
523
413
473
559
433
645
328
550
293
515
423
468
520
373
432
429
521
564
343
430
332
650
464
420
470
374
480
546
410
348
506
447
332
566
381
517
440
415
289
547
278
524
501
443
255
609
214
618
274
497
548
489
393
515
505
525
478
398
378
609
419
456
342
439
390
241
348
637
339
545
290
708
127
576
584
467
507
446
228
511
478
485
302
619
432
345
451
517
397
558
404
468
256
561
363
577
326
659
397
614
592
402
374
461
561
471
240
447
504
423
427
573
446
530
488
255
402
489
693
408
491
500
467
398
427
541
421
534
386
458
456
656
344
617
416
446
402
612
457
363
321
748
470
435
548
423
485
716
374
328
557
338
501
465
325
551
567
375
447
634
393
528
259
690
439
588
565
227
457
614
322
567
390
586
311
478
718
406
280
726
323
590
232
701
485
333
446
332
446
494
296
522
650
423
465
458
599
395
562
425
353
661
324
438
276
580
573
495
491
275
628
412
370
620
372
520
258
520
454
504
526
570
349
475
235
685
233
557
441
491
607
344
245
530
240
623
549
397
535
378
511
428
394
471
597
266
624
241
606
408
601
748
351
419
472
626
318
567
478
309
568
576
354
698
358
436
427
712
398
539
498
529
275
523
471
391
564
407
230
791
515
480
555
436
345
416
464
588
472
478
544
485
439
539
324
760
468
494
433
418
455
716
255
500
432
503
515
252
662
469
497
517
498
620
444
467
523
437
503
402
437
395
334
560
307
554
360
512
475
418
417
531
415
562
331
448
316
590
333
470
410
556
291
389
711
256
268
643
445
468
359
316
587
259
365
521
452
513
501
450
425
380
414
670
458
402
431
522
627
410
483
444
502
532
297
656
379
561
300
462
375
307
572
286
448
550
412
363
631
221
551
454
281
507
529
429
368
372
387
599
372
291
387
423
411
413
614
439
275
563
289
624
482
334
375
411
538
488
363
499
429
485
343
615
458
493
437
415
432
518
351
564
752
386
364
469
386
529
348
479
451
487
406
517
475
392
347
500
460
443
478
591
255
564
449
372
485
305
495
528
456
440
403
384
431
407
678
370
435
449
451
408
390
426
502
524
209
480
658
429
310
428
324
581
331
536
373
539
322
468
529
142
348
527
558
436
309
631
262
548
625
453
402
413
390
488
593
310
357
418
607
528
298
658
347
301
442
333
547
409
450
576
362
557
236
584
318
427
363
582
418
486
403
525
641
380
508
428
287
326
535
512
293
417
358
447
425
360
580
444
617
421
325
386
469
508
470
403
398
339
483
466
385
516
399
505
416
437
511
385
517
392
570
330
519
268
452
660
298
387
552
451
420
515
339
695
461
459
442
284
454
566
373
519
353
550
518
495
440
567
208
434
537
303
658
542
461
454
289
654
328
645
59
781
289
730
380
600
167
653
634
544
396
431
509
560
358
388
438
509
815
294
632
390
392
650
460
321
335
471
558
565
455
327
723
394
647
315
452
361
478
562
518
429
367
545
310
705
328
511
412
512
368
390
422
450
381
520
493
481
580
399
470
464
289
419
501
591
504
391
309
473
495
444
373
509
370
431
383
470
552
519
461
434
374
582
314
532
287
583
527
401
231
550
408
475
373
525
494
539
462
495
237
269
343
512
533
395
549
515
328
426
430
544
311
511
341
503
415
614
446
386
402
576
290
482
330
435
479
427
488
473
289
422
594
234
652
182
747
197
579
343
669
176
565
431
544
430
333
470
298
388
503
618
379
379
673
413
387
570
423
448
183
465
512
277
474
413
408
326
429
535
375
431
363
515
348
330
232
464
590
223
490
427
377
437
336
517
372
447
257
422
343
508
612
406
349
402
391
297
458
328
639
136
550
472
355
459
418
395
509
204
575
388
287
574
317
490
384
576
322
405
607
292
448
379
465
468
369
310
370
485
488
411
267
520
480
383
598
294
636
256
376
682
136
557
416
344
466
471
230
444
518
334
463
570
347
416
487
446
369
506
440
413
394
402
414
491
331
469
599
389
504
380
437
583
332
402
456
323
419
405
412
513
343
418
494
418
463
306
306
530
313
403
439
543
172
675
283
539
444
439
361
485
373
470
375
359
485
357
790
401
363
568
221
423
453
544
472
459
340
515
453
422
454
401
405
668
472
403
285
526
503
365
540
406
510
330
505
379
571
363
237
739
393
486
374
525
215
705
273
501
546
347
524
516
321
643
271
313
382
411
548
498
471
431
407
478
285
589
506
329
542
356
544
512
396
465
194
522
527
356
434
365
639
405
409
330
394
632
374
480
577
539
517
472
458
405
403
557
362
390
463
454
606
550
492
478
250
634
392
620
372
392
394
730
475
576
304
643
345
381
478
529
432
395
452
425
463
448
519
378
452
650
350
446
432
273
462
490
343
758
287
380
403
620
395
509
327
701
369
341
420
474
500
503
301
589
391
627
278
483
398
602
382
649
266
632
345
524
521
507
535
313
514
349
635
453
340
534
397
372
581
492
256
574
265
520
531
417
464
629
522
364
403
310
470
383
515
610
345
467
336
599
263
294
609
518
404
544
474
363
440
759
97
604
238
504
449
481
492
528
432
560
336
565
626
394
355
651
363
413
269
658
322
348
458
500
467
485
378
356
674
490
540
549
415
436
507
429
439
648
434
355
382
546
394
461
524
342
529
277
439
496
419
281
464
336
579
209
724
445
218
495
341
470
325
505
481
401
437
393
452
343
719
186
393
139
559
452
306
636
435
282
342
478
446
580
322
570
322
503
493
445
436
497
344
309
535
425
545
359
366
453
479
509
280
465
393
555
385
606
181
676
288
492
490
511
495
247
508
354
335
463
405
585
321
552
537
490
443
569
339
508
483
700
286
302
536
496
595
374
403
454
364
582
300
619
320
719
272
675
351
586
400
642
286
362
590
302
636
418
344
505
346
649
333
614
281
623
441
566
326
248
503
413
596
481
413
475
592
468
441
482
390
374
437
492
420
565
276
520
487
390
446
572
453
446
281
374
542
563
519
236
352
702
244
489
492
359
369
542
447
457
330
518
488
585
374
503
491
463
462
503
349
494
409
411
512
543
374
439
408
336
393
477
595
291
515
464
420
460
317
339
241
565
392
571
481
404
511
258
560
436
234
480
343
605
208
448
394
728
175
414
389
665
411
444
656
359
336
498
570
303
431
567
218
373
441
642
494
210
594
393
523
299
229
413
475
459
370
491
394
514
360
445
468
336
328
518
483
494
332
335
634
395
464
491
287
304
563
298
702
370
437
305
735
219
578
480
517
287
615
614
240
580
291
334
623
311
720
294
437
396
464
405
496
491
470
315
603
372
654
423
563
299
577
409
239
601
704
201
611
559
375
436
469
500
449
585
277
571
360
404
594
408
527
521
468
311
474
639
366
517
440
364
529
411
466
420
609
396
479
398
494
446
614
371
541
124
763
149
729
269
645
471
333
392
520
312
624
392
443
365
597
377
601
253
449
426
515
338
479
299
637
257
433
583
470
565
391
340
463
334
677
274
405
354
556
484
283
688
500
445
437
508
259
501
400
317
458
435
462
272
462
467
441
336
653
372
534
383
450
527
198
548
435
472
414
427
384
430
588
268
522
522
492
558
382
514
498
500
414
407
501
352
536
448
477
432
431
441
472
532
624
457
311
697
451
435
517
449
625
284
425
440
722
341
374
435
611
526
430
319
591
516
376
546
351
459
495
463
598
335
447
532
385
248
498
527
301
458
550
432
455
440
334
546
296
595
440
489
397
383
486
380
349
407
633
420
466
331
536
577
466
418
511
573
236
545
318
485
578
253
642
322
621
370
477
348
478
379
658
316
574
394
404
550
446
361
537
312
430
571
565
397
590
370
603
331
340
478
372
520
431
458
392
650
413
364
547
509
498
459
412
569
361
413
357
378
511
571
334
448
274
666
291
587
444
505
422
444
470
457
468
373
390
743
400
386
472
364
514
330
577
344
410
539
366
605
464
542
399
521
296
549
443
604
348
445
411
513
507
488
473
507
628
425
414
471
460
489
195
633
379
542
286
396
439
654
211
491
549
383
508
319
521
460
401
523
443
515
347
478
216
645
296
583
417
444
317
503
351
569
401
475
371
511
439
628
487
262
391
529
236
640
417
542
286
600
284
676
425
492
578
451
395
533
283
574
489
485
308
505
381
462
372
539
623
353
422
621
604
417
324
411
374
549
428
617
205
572
454
516
390
524
294
569
310
688
312
622
231
448
536
564
426
300
626
515
427
669
101
519
321
498
532
452
428
540
287
512
506
406
526
365
315
649
434
480
440
499
462
591
640
369
413
704
206
336
385
617
427
656
491
447
401
552
533
331
355
680
259
568
485
351
498
568
220
580
390
511
566
340
321
559
503
531
443
622
310
381
379
595
382
620
404
440
285
784
306
690
498
560
208
468
251
672
440
561
327
727
395
584
166
480
274
650
246
649
311
711
555
439
478
468
330
551
368
420
156
844
193
490
237
550
400
571
511
646
320
473
358
592
93
750
246
566
351
698
256
627
513
415
501
375
347
502
513
542
352
503
441
580
282
455
286
568
397
590
258
537
444
407
433
438
389
476
448
586
254
645
316
327
530
494
385
541
411
397
504
337
338
385
361
818
165
555
582
384
128
572
175
774
195
603
510
586
245
750
155
708
297
507
439
536
313
398
508
374
425
673
421
562
322
812
383
635
205
684
389
450
466
457
278
525
434
598
368
584
513
443
395
401
417
448
552
313
392
519
397
519
516
564
278
418
595
471
414
351
602
397
540
333
610
480
353
516
337
495
383
372
328
602
464
599
428
579
325
595
267
443
443
467
539
378
617
391
469
491
319
407
561
408
318
613
417
466
310
485
560
414
393
472
476
476
354
480
358
396
420
483
547
416
344
362
382
387
410
518
373
481
282
638
246
417
355
565
336
316
318
631
273
606
297
518
305
483
420
614
415
519
342
482
199
653
275
722
201
541
352
414
334
578
404
480
421
438
408
364
319
505
481
411
331
404
348
515
376
562
224
413
368
482
644
397
431
399
377
566
475
359
496
324
534
401
606
233
296
464
314
519
425
542
254
651
344
476
356
565
359
510
144
731
282
366
413
464
396
582
344
632
90
682
236
580
325
462
446
465
397
425
513
464
380
326
401
556
363
458
415
482
387
569
281
353
633
489
343
535
534
499
398
317
428
428
