41352
38956
42995
42454
38593
45000
45000
45000
39268
45000
45000
45000
45000
45000
35451
45000
45000
45000
45000
45000
45000
45000
45000
45000
45000
45000
39120
45000
45000
45000
45000
45000
45000
45000
45000
45000
45000
45000
45000
45000
45000
45000
45000
45000
44740
45000
45000
45000
45000
40605
45000
45000
35615
44500
45000
45000
42791
45000
45000
45000
45000
43934
45000
45000
45000
45000
45000
45000
45000
45000
45000
44889
45000
45000
45000
45000
45000
45000
45000
45000
45000
44752
45000
45000
45000
45000
45000
45000
45000
45000
45000
45000
45000
45000
45000
43329
45000
45000
45000
45000
45000
44211
42535
45000
43430
45000
44367
45000
45000
44008
38212
45000
45000
38924
45000
39653
45000
38303
45000
45000
38291
45000
42515
45000
40411
45000
45000
45000
45000
45000
45000
44910
45000
45000
44070
45000
45000
45000
45000
45000
45000
45000
45000
42775
41773
45000
45000
38866
45000
45000
45000
41225
45000
45000
45000
45000
42950
42880
45000
42831
41586
45000
45000
36849
45000
45000
42304
44830
45000
45000
45000
45000
45000
45000
45000
45000
45000
45000
45000
45000
45000
43082
45000
45000
45000
43984
45000
41523
45000
45000
35927
45000
45000
45000
43714
45000
45000
45000
45000
45000
42166
45000
44905
45000
45000
45000
45000
34186
45000
45000
45000
45000
45000
44151
45000
45000
45000
40346
45000
45000
44695
45000
45000
45000
45000
45000
45000
45000
45000
39661
45000
45000
45000
45000
41611
45000
40007
45000
42684
45000
45000
42417
45000
45000
45000
45000
45000
45000
45000
45000
45000
45000
45000
45000
45000
45000
45000
43296
45000
43527
45000
43882
45000
39046
45000
45000
45000
45000
38761
45000
45000
45000
45000
45000
45000
45000
37223
45000
42964
45000
43168
45000
45000
43453
45000
38287
45000
43867
45000
45000
45000
45000
44357
45000
45000
45000
45000
45000
42221
45000
33027
45000
45000
45000
41911
45000
45000
45000
45000
45000
44268
45000
43168
45000
45000
45000
45000
45000
45000
45000
43376
45000
45000
40136
45000
45000
45000
40105
45000
41064
45000
45000
45000
43794
38343
45000
45000
45000
45000
45000
42887
45000
45000
45000
45000
38866
45000
45000
45000
45000
45000
45000
45000
45000
45000
42495
45000
45000
45000
45000
45000
36420
45000
43446
45000
45000
45000
39836
45000
45000
45000
45000
44678
45000
45000
45000
45000
45000
43150
45000
45000
45000
45000
45000
41351
45000
45000
45000
45000
45000
45000
42430
45000
45000
45000
45000
45000
45000
45000
44827
45000
45000
45000
45000
45000
44540
45000
45000
45000
44417
45000
38864
45000
45000
43832
45000
45000
45000
45000
45000
45000
44739
45000
45000
45000
41831
45000
39830
45000
45000
41753
45000
45000
45000
41974
45000
45000
45000
37137
45000
45000
45000
45000
45000
43845
45000
45000
42232
45000
45000
45000
45000
45000
40669
45000
37907
45000
45000
36477
45000
40175
45000
45000
45000
43875
45000
44315
44487
45000
45000
45000
45000
44856
45000
45000
34529
45000
43099
45000
43901
32971
45000
45000
45000
45000
45000
37638
45000
45000
45000
45000
42592
45000
36064
45000
44784
45000
45000
43932
45000
36828
45000
45000
45000
45000
45000
41046
42851
45000
43811
45000
43087
45000
45000
45000
45000
45000
41730
45000
41173
45000
45000
45000
43941
45000
45000
45000
45000
45000
44707
45000
45000
45000
45000
45000
45000
45000
45000
42176
45000
37058
45000
37301
45000
36473
42896
45000
39188
44673
44420
45000
45000
45000
43360
42292
45000
37882
45000
45000
45000
45000
35999
39948
45000
45000
45000
45000
44033
45000
43688
45000
44929
43499
45000
45000
45000
45000
45000
45000
45000
36508
45000
45000
45000
45000
45000
42810
45000
45000
45000
40704
45000
45000
45000
43734
45000
45000
45000
44844
45000
45000
45000
42269
45000
40257
45000
45000
42245
45000
45000
45000
45000
44931
45000
45000
45000
45000
42788
45000
45000
38376
45000
45000
45000
42918
43475
45000
44475
45000
39710
45000
44970
42136
45000
44506
45000
41321
45000
45000
45000
42213
45000
42283
45000
45000
45000
41882
45000
45000
43297
41870
45000
45000
43463
45000
45000
45000
45000
45000
45000
45000
45000
38624
45000
45000
41448
45000
41002
42402
45000
45000
42114
45000
45000
39961
45000
45000
45000
45000
45000
43916
42303
45000
45000
45000
45000
43817
45000
45000
41927
45000
43279
42615
45000
42946
44522
45000
44656
45000
45000
43513
41750
44646
45000
39042
45000
45000
43758
45000
43806
42008
45000
43179
43589
45000
45000
45000
45000
45000
42780
45000
43842
45000
45000
40033
45000
45000
45000
45000
45000
45000
40122
45000
45000
43613
45000
44151
45000
45000
43829
45000
45000
45000
44755
45000
45000
45000
45000
44003
45000
45000
45000
40024
45000
45000
43913
45000
45000
44598
45000
44296
45000
45000
41868
45000
42822
45000
43001
44541
43691
45000
45000
45000
45000
45000
45000
45000
45000
45000
38996
45000
45000
45000
45000
45000
44030
45000
45000
45000
40936
45000
36983
45000
45000
45000
45000
45000
43503
45000
45000
41337
44877
45000
45000
44089
45000
45000
44981
45000
40429
45000
43209
45000
45000
45000
45000
42221
45000
45000
45000
45000
45000
39326
45000
45000
45000
45000
43394
45000
45000
39377
45000
43692
45000
43111
45000
38173
45000
45000
45000
45000
32973
45000
44112
45000
45000
41225
45000
45000
45000
45000
45000
45000
45000
45000
45000
45000
44688
44974
45000
45000
45000
45000
39424
45000
45000
41477
45000
45000
45000
45000
45000
43733
45000
41236
45000
45000
45000
45000
45000
45000
45000
45000
45000
45000
45000
41397
45000
45000
45000
45000
42419
45000
45000
45000
45000
45000
45000
45000
45000
45000
41797
45000
45000
45000
45000
45000
45000
45000
45000
45000
40376
45000
45000
43565
45000
45000
43715
45000
44555
45000
45000
40642
45000
45000
45000
45000
45000
45000
45000
45000
45000
42827
45000
44974
45000
44835
45000
45000
45000
45000
41398
43669
45000
45000
45000
41129
45000
45000
45000
45000
44579
45000
45000
45000
45000
45000
45000
45000
44719
45000
45000
45000
45000
45000
45000
45000
45000
45000
45000
45000
45000
45000
45000
45000
45000
45000
45000
45000
45000
45000
45000
45000
45000
45000
45000
45000
45000
45000
45000
45000
45000
45000
45000
45000
40056
45000
45000
44793
45000
45000
45000
40305
45000
45000
45000
45000
45000
45000
42746
45000
45000
45000
45000
45000
44038
45000
45000
41021
45000
45000
43315
45000
45000
45000
45000
45000
38321
45000
45000
44376
45000
45000
45000
40187
45000
43396
45000
42963
44141
45000
45000
44835
43606
44620
45000
43692
45000
39190
45000
45000
45000
45000
44044
45000
45000
45000
40167
45000
45000
43448
45000
45000
45000
43773
45000
45000
45000
45000
45000
45000
45000
39852
45000
45000
45000
45000
41378
45000
45000
45000
45000
45000
45000
44381
45000
45000
45000
42065
39861
45000
45000
45000
45000
44729
45000
45000
45000
45000
43860
45000
45000
45000
44323
45000
42683
40683
45000
44484
45000
44306
45000
45000
42720
45000
45000
44067
45000
42941
45000
41889
45000
41556
45000
38466
45000
37306
45000
43831
45000
44420
43352
45000
45000
38977
45000
45000
40900
39666
39738
45000
44114
45000
36021
45000
43975
41812
45000
44897
45000
45000
45000
45000
39518
45000
42221
44004
41822
45000
45000
45000
43739
45000
41161
45000
45000
40637
45000
44567
45000
45000
35468
42333
45000
45000
45000
37215
45000
42257
43732
45000
43732
45000
35259
45000
41391
43420
41172
40547
45000
45000
40035
45000
40221
44934
45000
43402
42322
42743
44992
45000
44633
42357
45000
38113
41152
40553
45000
45000
41255
45000
40764
45000
40225
37926
45000
34348
45000
45000
41152
44979
44132
42090
45000
38546
37502
42357
44898
41868
45000
43383
35613
45000
41072
45000
34138
43415
45000
39964
42247
42039
38053
45000
42665
45000
38361
43161
39196
45000
43157
45000
45000
43572
45000
45000
45000
45000
45000
45000
36475
45000
42806
45000
42165
43730
45000
37119
45000
43347
42697
45000
45000
41877
45000
43828
45000
44931
45000
45000
37699
45000
43776
45000
44966
45000
38889
45000
45000
27281
45000
45000
41832
42070
45000
45000
40855
45000
43876
45000
44538
43262
45000
45000
45000
40687
45000
40007
44036
45000
45000
41482
43408
43144
45000
45000
37429
45000
45000
44470
39614
45000
45000
41388
40150
44555
45000
45000
45000
41510
42896
45000
45000
45000
44515
45000
45000
36139
45000
39062
45000
45000
38673
45000
38691
45000
43504
45000
43627
39035
43233
45000
39655
36951
45000
39851
37563
45000
38979
40775
41804
45000
36213
40276
45000
45000
43161
45000
34927
45000
45000
45000
39179
39457
45000
37461
45000
45000
45000
44419
44558
45000
44625
45000
42955
44275
40402
45000
44463
40270
45000
40525
45000
34880
45000
45000
45000
45000
45000
41704
45000
44981
41202
45000
45000
42686
45000
45000
45000
45000
45000
45000
45000
45000
45000
45000
45000
45000
42104
45000
45000
45000
45000
45000
45000
45000
45000
41682
45000
45000
45000
41812
45000
45000
45000
45000
45000
45000
42974
45000
45000
43859
45000
40840
45000
40792
45000
45000
45000
45000
45000
45000
43833
45000
39369
45000
45000
43083
45000
45000
39678
45000
44626
45000
45000
40506
45000
45000
45000
36779
45000
45000
41124
44314
45000
45000
42828
45000
41095
45000
39668
45000
45000
41558
45000
40218
42017
42753
44896
45000
33966
45000
44556
42648
40680
42374
45000
45000
43840
43971
44909
45000
45000
39964
45000
45000
41604
43272
45000
44396
42613
45000
40892
45000
40450
44695
45000
44522
45000
44395
37966
45000
45000
43281
45000
45000
43577
45000
45000
45000
31977
45000
34478
45000
45000
45000
44023
45000
37102
43295
42381
40970
45000
43539
45000
45000
45000
39431
45000
42472
45000
45000
41112
45000
45000
44742
45000
42371
45000
41517
45000
45000
40495
45000
42343
45000
43352
43792
45000
45000
41086
41092
45000
35240
45000
34399
45000
45000
41669
45000
39000
42937
45000
45000
45000
40702
45000
45000
36978
43785
41759
45000
40992
45000
44122
45000
45000
44918
44262
45000
44639
44969
43290
38071
45000
45000
40719
45000
42189
45000
42109
45000
37665
43485
45000
45000
44221
45000
43571
41543
45000
43202
45000
45000
42446
45000
45000
45000
44140
45000
45000
45000
43109
45000
39762
45000
41013
45000
36504
45000
45000
45000
44205
42409
45000
42648
45000
43054
42446
45000
40782
45000
44844
41787
44722
42193
44347
45000
44012
42514
45000
41996
45000
39242
45000
41295
45000
45000
44668
45000
45000
39008
43347
45000
45000
39356
45000
45000
45000
45000
45000
39259
45000
45000
42629
45000
45000
33547
44589
41775
45000
45000
41227
45000
35029
36671
45000
42640
38682
45000
39727
45000
36971
45000
45000
36325
45000
44269
45000
44427
42215
45000
45000
41973
45000
42950
40818
45000
44511
40996
45000
38785
45000
42980
45000
44459
37703
45000
45000
43807
43755
39943
45000
40719
45000
45000
39563
45000
42456
42400
40815
45000
42012
45000
45000
38573
45000
38652
45000
43150
38505
41693
45000
45000
45000
45000
45000
45000
42677
43837
45000
40399
45000
40248
45000
38146
45000
45000
34993
45000
40772
45000
45000
36479
45000
37998
42654
42811
45000
42514
45000
37980
45000
41379
45000
39261
45000
38215
45000
45000
41770
45000
45000
42716
45000
40161
40845
45000
42704
36350
45000
45000
35396
45000
45000
42934
45000
36461
44656
45000
42559
39995
41906
45000
45000
41893
35764
45000
42327
41438
44846
45000
45000
36423
45000
39736
43179
45000
42081
45000
40513
45000
38109
45000
43807
45000
45000
41418
45000
42247
45000
44391
45000
41966
45000
43820
44111
45000
45000
44781
36769
45000
45000
45000
43187
30107
45000
42266
45000
44971
39578
45000
45000
45000
43564
36193
45000
45000
39872
44348
45000
45000
41587
45000
44533
44924
45000
41810
45000
45000
37870
45000
45000
45000
45000
42089
45000
45000
39855
45000
42609
45000
42139
45000
45000
39087
45000
44436
45000
45000
45000
42109
45000
45000
45000
45000
45000
45000
39629
45000
45000
45000
45000
45000
45000
43945
45000
45000
43138
45000
43298
45000
45000
44684
45000
45000
40811
45000
45000
35568
45000
0
