41352
38956
42995
42454
38593
49558
50000
40229
50000
49244
50000
49744
50000
41884
43759
48151
50000
47539
50000
48830
50000
50000
50000
50000
45744
47500
46126
50000
49670
50000
42056
50000
50000
45762
50000
47391
50000
47054
50000
49841
44993
49722
48943
50000
45125
50000
46879
43991
46868
41588
50000
48498
45401
48867
47877
50000
50000
50000
47911
50000
50000
50000
50000
50000
49168
50000
43648
50000
50000
49534
50000
50000
50000
50000
50000
42263
50000
43753
50000
50000
50000
50000
50000
50000
46409
49471
46147
46569
47868
50000
43780
49156
50000
44966
50000
39711
50000
39201
50000
40653
50000
50000
43486
50000
44302
49478
46455
49965
45620
46059
50000
44436
41706
44311
50000
38994
50000
46589
50000
41808
50000
50000
47270
50000
46012
47261
50000
44316
50000
46586
44763
50000
45497
47011
41380
50000
44437
46105
49301
50000
50000
39116
50000
45140
50000
43738
42721
50000
43229
41586
50000
49303
44025
50000
44576
50000
50000
50000
50000
46903
50000
50000
42118
50000
48236
50000
50000
50000
45730
50000
50000
47294
44482
50000
50000
48288
50000
38942
50000
48280
49154
50000
49322
44835
45317
50000
48725
38570
50000
47211
50000
43131
48589
38752
50000
40129
50000
42761
49071
49558
47837
50000
41434
50000
46172
47349
50000
45626
50000
48861
50000
48364
40900
50000
50000
43344
50000
45929
50000
40033
50000
43906
50000
39872
50000
50000
48500
45298
47726
50000
49639
46221
50000
46198
50000
50000
46124
47508
45928
48460
47748
48188
47803
46477
46519
50000
47304
50000
39336
50000
40465
50000
47720
50000
46219
46312
50000
41155
50000
49645
45490
47450
49908
50000
47832
48630
50000
48358
47032
50000
41379
50000
42511
46019
45915
50000
50000
42628
46065
42944
49354
47131
50000
39964
47751
50000
50000
47467
50000
50000
50000
42799
44623
50000
49625
50000
44806
50000
43195
50000
42387
50000
47496
46245
41426
47889
50000
46414
50000
45053
48448
37997
45569
48585
50000
50000
38951
50000
45930
49682
50000
45332
48672
48377
45960
50000
50000
50000
45214
50000
44265
44417
50000
50000
50000
50000
40419
50000
43374
50000
50000
50000
44056
47724
50000
50000
46060
50000
45496
50000
50000
47010
45286
49071
46619
44141
50000
50000
43500
50000
44412
50000
49869
50000
43201
50000
50000
44809
45742
50000
50000
49915
45049
50000
50000
49635
50000
44217
50000
46353
50000
47272
45875
43346
50000
47413
45862
50000
49691
50000
39932
50000
46108
50000
45696
50000
48706
50000
45116
50000
45665
50000
46791
46888
41852
50000
50000
47091
50000
49921
42417
50000
40571
50000
38643
50000
42520
50000
50000
47103
46048
50000
40892
50000
50000
37546
50000
36843
50000
42587
50000
50000
45452
39643
47204
43414
49711
45047
49277
46583
44093
50000
39368
42222
44212
43655
50000
48010
42140
49081
45679
44458
47652
47254
44582
50000
50000
45897
47784
44447
42427
48225
44015
44302
50000
38347
50000
44816
45144
50000
49304
50000
43276
41276
50000
43912
45969
49963
49859
49689
48051
50000
46339
50000
41724
50000
48767
50000
48956
50000
47424
50000
48557
50000
45925
50000
44086
48608
50000
43308
48184
49976
49685
46559
39944
49214
50000
37463
42896
50000
37517
49598
36605
50000
43690
48789
47123
46092
35497
44958
50000
50000
48073
44290
37020
50000
40414
50000
46448
48007
43713
47649
50000
49075
50000
40079
50000
42354
50000
50000
38731
43311
44198
48155
50000
49239
50000
47604
50000
47892
50000
39860
43736
47446
48919
50000
47217
48276
50000
49349
50000
50000
47208
44066
50000
50000
45976
44466
50000
49153
43591
47906
43420
45790
50000
50000
42501
50000
43492
40776
50000
48305
48578
44603
44378
48387
50000
45372
47160
48190
43539
50000
42786
47515
45656
44768
50000
42871
50000
44860
48973
45350
50000
47138
44505
50000
44523
43493
50000
48214
44317
50000
46898
50000
47904
50000
44380
48809
45654
47069
50000
43504
50000
43097
50000
40884
48966
46581
42744
42655
49148
42536
47038
50000
50000
38295
49157
45948
43341
50000
42198
45497
49699
50000
44601
47861
48203
50000
44637
48732
38961
50000
50000
45902
49133
40146
43936
50000
42688
50000
50000
45325
47035
44907
49542
50000
36692
47309
50000
46368
50000
47535
42654
50000
44506
50000
50000
38303
50000
36743
50000
50000
50000
45409
41085
50000
46162
45683
44570
50000
46896
46959
44010
49628
50000
45462
50000
49036
50000
50000
40300
50000
43676
50000
48533
50000
37603
50000
36958
50000
41409
48243
41433
50000
43570
42413
48951
50000
46680
43187
45077
45093
50000
43026
50000
41823
48274
50000
47518
48844
45137
50000
48489
47406
50000
42426
50000
43489
50000
31950
50000
43107
44982
41807
50000
50000
46236
50000
37246
49352
44757
50000
43082
48330
37448
50000
47607
45473
48614
47015
44036
50000
50000
44951
50000
39112
50000
40815
50000
40806
46534
50000
48066
47076
47225
46614
45664
50000
39921
50000
41226
50000
40529
50000
37403
49923
43971
50000
40236
50000
41399
49076
50000
41050
49569
47758
50000
50000
41389
50000
45830
50000
41449
50000
50000
43062
50000
48371
49478
50000
44051
50000
40613
50000
50000
50000
50000
50000
40461
50000
45985
49082
50000
49148
46946
50000
50000
46327
50000
45327
36409
48654
50000
50000
44794
45099
50000
50000
50000
48706
50000
48619
50000
50000
42718
49746
50000
50000
46266
47802
46493
50000
42579
50000
45175
47430
49133
41326
50000
41998
50000
43726
50000
50000
41702
50000
47128
50000
46115
49743
50000
49369
49621
49032
50000
46611
50000
47400
50000
47432
46080
50000
35010
44310
50000
50000
45705
48236
48996
48064
50000
46943
49274
41001
50000
48882
50000
47463
50000
45742
49147
46273
50000
50000
47286
45152
45940
43747
50000
50000
41698
48623
50000
50000
50000
50000
50000
50000
50000
46385
50000
50000
50000
50000
50000
50000
50000
50000
49775
50000
43306
50000
44133
48509
50000
38059
47136
45756
50000
41351
50000
50000
50000
50000
39836
50000
43812
50000
50000
50000
48117
45269
50000
50000
43130
50000
44102
50000
45284
46915
50000
50000
42135
50000
48516
42636
50000
50000
34184
48240
42234
46015
43057
48616
47922
50000
39686
47837
40148
46536
50000
50000
41017
46178
50000
43524
50000
44180
48244
49341
47122
43669
50000
43143
47444
50000
37568
50000
45864
50000
42630
50000
50000
47285
41990
47940
50000
42910
47712
49068
42299
50000
48303
50000
47631
43093
50000
39872
41095
50000
48666
38671
44574
50000
50000
43730
40697
47252
50000
47147
47329
45402
48824
50000
47800
42950
49160
39471
49339
46342
40797
50000
42478
50000
40915
49544
48170
50000
48564
43438
50000
44033
44519
41741
49828
40462
46114
45654
47870
39212
50000
45536
42517
50000
44736
39786
50000
37478
44750
39736
47013
45722
50000
39284
48242
44200
48826
40961
48605
44876
50000
40029
48877
50000
40954
44227
46439
43667
47732
50000
46806
47642
41970
49782
50000
40915
46044
45204
45966
41012
42537
45923
44765
46347
40750
48087
42221
41005
50000
39268
43576
44518
41558
45938
44545
41271
41678
44574
43812
46160
44242
40846
45432
46485
43440
42322
42743
44992
48128
42605
48397
45515
40591
38705
44434
46381
50000
41966
42477
45016
47528
41652
50000
38144
46356
50000
41970
47041
47174
40651
48097
39074
42352
40624
47203
43712
35518
42829
42819
44252
45547
44662
36704
49163
41328
42902
42775
41987
39942
41513
48176
47998
40607
38857
41973
43467
50000
41863
48636
45026
48639
49281
46187
44890
48227
45806
50000
42286
41160
49415
44142
40970
42010
39941
46105
50000
50000
43701
48234
45855
40517
50000
50000
48950
44038
44695
48483
44537
49834
44892
42404
46102
40228
45261
50000
41177
42070
50000
44897
42316
46941
46592
50000
45492
47753
49181
42150
45282
44671
50000
40455
46521
50000
44694
43648
41345
50000
45206
38935
46678
50000
43234
40878
50000
46746
44500
39289
48162
50000
50000
43980
42980
50000
39609
50000
44585
49714
46607
40706
50000
42435
50000
44632
36695
48451
43060
45443
43143
47390
36882
50000
44132
47750
38257
47732
40494
37563
50000
34067
44149
41172
48812
40494
44935
43574
43484
46822
40101
48602
46989
46409
43345
42136
50000
38440
48796
48425
49030
38547
46687
48368
45090
50000
43712
41538
49266
50000
44172
48011
46097
50000
36209
47581
50000
42530
47657
48090
49850
42560
50000
42245
50000
41945
42315
42981
50000
44655
50000
45291
50000
47988
50000
48021
50000
49482
42331
50000
49860
44944
50000
49238
45236
50000
46515
44631
47293
50000
45196
48583
46093
46500
45410
48158
50000
41179
49845
44932
50000
48685
43831
45624
47230
50000
45479
48189
50000
49672
50000
40928
47559
50000
45299
38864
50000
45012
44933
44812
43074
50000
43530
45361
49034
49026
37987
50000
37582
48386
41703
50000
41658
46549
41110
49383
41113
50000
42752
44404
50000
46323
38951
40559
46975
47115
34449
49227
45295
43478
40680
42374
46631
46305
48232
41058
45405
50000
43456
42729
49854
36852
50000
38358
46034
45397
40132
46511
42162
43555
44589
43739
41896
50000
44299
43494
45128
50000
38307
50000
45374
41983
46040
47310
44441
43171
45108
38252
45445
50000
42554
42926
47747
37325
44929
45403
41662
50000
39780
49466
50000
40837
47500
50000
40162
47628
50000
50000
48447
44286
46457
46148
44830
44441
50000
45385
47268
48398
41631
49928
41941
44491
50000
45167
38244
45546
40766
50000
35652
48823
47622
35174
47529
40550
47358
48248
50000
29655
44074
50000
44625
46946
35012
50000
45850
45282
48328
44741
48480
47400
43452
46048
50000
40965
39901
43254
43196
47481
45182
48845
42451
48688
47255
50000
39899
47714
50000
50000
37782
50000
38224
43052
49784
50000
41377
47481
50000
50000
46161
43384
50000
43248
43702
48249
50000
47693
37002
49907
41631
44497
48865
46703
43091
46100
45913
42161
41803
49331
39390
45270
43850
46067
46222
43511
47863
40473
46466
44409
46388
43416
44721
50000
32978
50000
43453
45927
42394
50000
41825
50000
36138
50000
44648
50000
47150
38370
47574
48681
46324
50000
38973
46832
49883
43451
50000
44114
38042
47193
39284
47691
50000
44784
36451
43539
40436
46757
43973
49736
38188
49714
37197
49013
45598
50000
42113
48291
50000
41191
45926
50000
40871
48844
39556
41978
50000
43540
37977
50000
39295
49062
43774
49185
40707
37989
50000
45221
46223
41556
41646
44889
50000
44692
43141
47078
41000
46427
49671
39731
50000
44986
48137
39767
46764
39108
47108
44544
40867
40132
48508
47751
46414
49747
46420
46184
44716
46592
50000
42646
50000
42619
44108
45331
50000
38388
49197
41250
49555
40130
48886
48355
37679
47602
46560
44136
50000
39431
45916
42821
50000
36231
45034
43892
50000
41545
46799
49223
42622
39299
46795
38892
36860
50000
38289
46483
38443
50000
40772
48387
42957
47592
40369
49736
43957
44819
40679
38319
50000
47064
41545
38650
50000
44479
39254
46383
46494
43468
50000
39678
43774
45174
48949
39404
44600
42008
50000
40203
39670
50000
44845
46542
50000
42174
49469
43429
47898
50000
42653
50000
46909
50000
35708
50000
42868
46730
46873
46533
38023
36127
49090
44258
46679
40866
44364
48140
50000
41434
50000
36527
44493
46914
45232
50000
47681
35198
47756
44051
43425
45600
49273
49655
38755
45361
50000
42073
50000
44608
50000
49321
44282
50000
50000
45279
50000
49673
37587
47008
50000
36638
50000
40813
50000
48265
47912
50000
49609
49931
41995
47690
46800
47899
50000
38001
50000
46214
46633
50000
46612
49851
41182
48417
47512
41663
50000
47234
44073
48242
41378
49312
46688
0
