472
546
397
465
314
382
441
375
299
262
445
435
374
269
277
370
318
319
315
367
494
312
299
310
300
389
374
278
324
307
310
347
289
312
323
322
324
299
433
423
325
344
273
359
277
308
332
285
374
294
303
341
314
332
285
323
363
314
289
352
289
335
312
288
313
311
361
310
295
348
287
317
377
273
445
398
342
325
311
301
329
342
312
305
277
310
309
362
275
296
307
320
361
277
321
342
308
360
301
358
286
351
321
334
293
316
359
284
320
275
317
344
342
372
233
355
342
340
358
222
365
305
313
316
228
370
350
310
325
247
300
377
327
302
258
314
362
314
264
311
325
308
323
274
303
311
502
386
275
329
288
322
353
290
325
324
295
362
331
320
249
358
351
311
298
270
298
314
325
376
272
299
306
301
367
307
316
319
315
372
287
324
318
319
330
274
313
319
353
319
292
278
343
332
344
294
333
338
310
354
293
341
265
292
334
281
386
300
312
350
277
321
311
309
339
275
357
328
272
371
274
344
293
264
362
280
352
271
329
268
355
323
284
333
299
322
306
323
295
279
353
351
290
296
307
356
353
272
297
282
361
353
270
300
291
374
354
404
412
287
308
358
275
360
278
331
339
311
351
280
350
324
296
281
294
355
308
337
279
300
326
316
327
267
327
313
304
389
285
348
321
342
314
265
353
315
354
329
233
367
314
309
338
243
362
358
271
349
291
292
356
261
306
307
318
341
285
324
304
321
341
291
304
325
304
354
239
336
324
296
360
245
289
309
359
381
252
306
307
335
364
278
320
322
367
320
304
272
364
329
329
263
302
291
355
317
287
312
335
381
305
336
269
322
329
347
290
316
397
405
415
231
334
306
319
344
228
339
320
309
353
297
301
314
332
351
294
333
319
309
372
306
272
311
315
298
302
334
305
333
352
313
276
350
294
338
319
290
346
317
289
338
264
365
325
347
278
281
359
316
370
280
293
383
301
373
285
291
357
305
314
307
262
355
364
238
342
330
308
339
297
300
339
278
369
315
288
362
275
354
248
346
313
306
357
339
300
309
326
360
315
283
322
315
356
322
286
309
305
350
287
283
336
287
314
377
316
228
328
321
487
412
287
312
322
325
322
273
274
359
353
295
242
312
348
348
338
316
237
376
350
320
301
301
342
319
387
270
312
296
310
360
317
281
329
367
274
347
225
347
323
316
335
244
339
302
324
345
250
357
299
304
333
311
299
306
305
317
313
331
311
304
341
325
266
330
320
357
285
299
321
330
355
243
367
331
291
356
258
353
281
350
356
256
318
357
310
357
256
357
317
297
355
252
319
347
314
358
333
282
338
319
328
266
309
300
320
338
286
301
300
425
462
279
263
303
335
302
318
302
328
356
323
306
276
326
355
333
306
289
350
331
331
343
334
288
360
306
303
317
270
340
319
296
244
382
342
341
313
307
299
353
328
337
251
326
356
317
348
289
288
309
358
320
308
279
363
322
317
269
342
361
318
323
285
336
367
339
310
280
320
357
269
364
281
326
351
277
349
287
320
344
281
368
236
315
335
372
329
284
303
302
355
301
285
304
294
352
285
327
342
301
350
314
275
308
308
372
334
283
279
311
400
459
333
340
297
351
343
250
308
310
334
377
220
320
282
333
289
264
280
352
346
317
305
281
359
334
292
324
281
350
374
283
312
279
372
353
279
356
216
361
317
343
302
305
337
358
249
308
263
335
341
286
326
332
312
324
325
304
315
307
319
295
288
288
359
325
349
278
273
332
324
363
265
326
359
295
349
278
256
374
290
382
301
247
357
314
367
304
227
355
320
363
289
282
357
317
349
278
272
362
304
346
268
297
361
325
365
268
279
284
364
324
370
412
331
349
351
316
280
311
345
307
300
304
313
346
344
314
278
362
310
311
297
279
364
339
268
369
269
361
299
278
348
275
312
358
280
337
324
285
319
295
352
280
323
325
322
349
285
308
278
376
374
288
318
247
346
343
270
331
271
335
365
280
332
261
358
345
303
309
300
382
335
327
292
315
340
375
270
320
299
334
373
262
345
241
339
354
287
347
292
303
367
304
329
279
321
355
304
351
293
320
349
283
315
249
352
339
275
340
282
328
324
345
448
293
364
372
279
365
292
309
313
289
357
265
345
344
283
327
240
363
357
286
305
287
350
333
269
330
290
365
352
270
322
287
357
329
283
316
316
344
339
235
333
324
383
388
273
227
352
373
356
315
252
334
357
369
292
263
344
350
334
294
270
274
367
343
247
324
302
338
383
277
283
314
350
320
326
277
354
301
359
261
321
352
323
324
263
325
336
347
311
321
328
321
304
326
297
352
278
320
353
300
353
287
332
376
270
338
289
334
265
312
359
473
412
260
335
364
313
317
238
328
308
318
310
306
344
337
271
342
285
308
354
330
287
288
353
323
332
277
325
280
379
332
255
345
285
304
361
269
280
358
301
340
313
287
302
322
374
332
283
291
317
335
362
286
288
362
297
347
301
275
378
304
344
263
272
380
305
364
253
366
312
310
362
316
298
324
323
345
280
306
290
360
354
268
315
263
348
338
290
296
303
386
347
301
289
286
360
355
333
275
273
349
362
320
294
264
340
316
356
303
297
329
404
506
272
319
294
299
362
268
377
320
321
358
262
374
306
317
354
275
281
313
368
374
296
321
290
357
362
296
318
271
358
333
310
283
308
363
334
313
294
286
355
320
311
318
264
358
277
333
282
303
321
310
334
314
286
361
336
289
313
316
326
352
283
347
262
353
337
302
264
367
349
294
343
282
307
360
282
327
284
311
363
288
323
297
318
351
304
302
319
306
381
291
279
367
298
377
227
314
373
299
359
244
346
367
305
327
251
315
349
327
334
353
441
373
315
309
367
298
314
359
267
377
285
315
326
290
326
283
308
359
300
282
304
320
353
298
298
288
325
355
325
270
290
339
349
284
358
232
348
336
299
377
258
328
348
274
306
284
337
339
292
312
331
305
357
268
357
274
317
361
319
326
280
344
351
331
307
269
335
312
347
329
257
356
362
312
311
253
359
332
320
335
287
292
352
310
295
261
341
364
309
303
304
313
377
346
278
235
349
312
353
201
364
329
345
386
273
274
348
349
332
243
310
400
471
354
303
250
335
355
370
255
302
308
377
370
240
318
319
359
327
310
290
303
345
361
251
320
298
372
367
245
341
261
358
357
286
300
282
358
373
275
306
283
339
354
327
344
256
344
359
337
275
229
366
353
347
279
286
302
365
321
332
272
307
335
358
296
284
268
365
318
358
298
287
360
317
355
248
313
373
300
322
268
266
341
330
352
271
278
374
311
355
279
273
323
335
325
297
228
378
378
330
335
258
360
339
307
365
268
304
369
280
361
313
446
380
290
358
278
313
340
322
340
296
315
334
291
297
299
291
362
287
290
297
342
312
296
311
332
292
321
262
329
338
325
307
286
334
335
327
315
284
374
274
356
284
302
350
288
348
307
276
312
315
347
285
291
386
263
329
309
373
299
281
371
325
323
307
296
345
311
319
303
293
326
303
310
275
313
303
330
319
293
308
329
342
286
298
346
304
337
302
277
308
349
323
327
337
307
307
302
342
262
335
313
276
336
271
330
343
277
321
297
382
331
380
452
356
322
325
266
364
333
304
253
354
308
354
363
224
374
356
300
303
270
298
357
299
316
259
338
366
311
356
271
297
342
332
284
331
326
379
346
295
299
330
359
298
328
239
364
368
301
297
335
309
349
321
269
323
333
328
333
362
272
314
342
319
317
295
347
346
324
315
278
339
336
366
253
345
305
345
361
241
307
292
373
348
262
330
331
356
333
273
308
320
361
309
284
354
273
329
357
315
278
297
350
329
326
224
339
355
312
318
275
309
452
414
364
247
340
347
326
315
289
304
309
330
312
289
340
327
340
265
331
309
326
356
304
272
315
363
321
309
248
353
315
350
339
235
317
314
351
360
218
302
289
366
346
260
286
296
349
370
204
349
295
378
344
204
372
297
331
352
233
370
330
333
288
250
298
348
362
371
238
295
370
374
310
291
294
364
330
341
330
251
324
364
324
305
280
302
348
313
305
337
267
366
316
319
326
306
278
378
312
302
278
328
324
365
350
262
326
298
353
313
257
356
458
423
336
267
323
304
322
349
313
280
323
327
359
327
313
269
355
349
314
325
287
334
345
315
278
273
307
339
360
323
300
257
304
340
329
283
313
335
318
313
337
254
289
370
328
358
274
318
314
298
368
235
349
307
333
366
264
343
285
291
348
284
323
312
315
312
274
336
319
322
316
310
298
291
301
307
296
318
359
282
324
318
326
316
317
293
303
344
343
295
303
313
313
303
338
271
321
335
328
332
241
368
365
275
343
278
335
321
296
298
351
422
404
318
298
295
339
304
345
371
260
334
280
356
340
261
371
292
358
354
262
354
289
340
340
235
300
344
307
356
338
245
352
313
333
314
231
339
349
357
342
229
326
322
347
353
210
370
311
382
366
221
302
362
357
341
183
311
373
357
375
208
332
352
341
289
314
275
370
363
341
272
315
324
349
314
270
283
336
331
258
294
325
355
348
263
256
308
354
340
276
269
309
338
308
298
299
320
362
351
332
220
366
317
362
303
242
363
323
376
261
289
432
448
348
287
295
364
296
344
274
260
345
325
333
297
275
357
312
318
294
288
342
297
326
314
268
359
343
336
333
288
339
302
365
321
288
329
385
298
294
323
318
348
286
335
318
324
347
244
352
330
323
345
244
343
288
332
340
248
347
329
283
346
231
347
336
295
314
283
334
311
321
312
336
273
325
339
298
323
328
357
290
305
328
307
352
294
320
326
320
319
317
321
303
342
314
325
271
374
322
362
376
262
345
296
317
351
242
352
319
340
347
302
419
419
322
336
290
272
323
296
342
248
338
366
335
360
282
275
350
319
356
316
245
303
357
374
300
254
311
356
376
280
266
332
338
354
323
240
335
310
369
281
284
315
334
378
247
331
359
310
368
265
308
358
351
274
292
322
327
345
337
196
363
355
367
309
218
338
352
343
274
221
360
359
383
306
271
289
356
357
313
240
322
318
349
268
307
290
347
325
347
293
285
346
348
290
303
265
359
358
261
274
325
322
367
271
288
317
336
365
345
233
328
415
499
314
200
377
340
370
332
203
334
366
371
332
269
327
364
350
280
202
315
364
344
325
200
353
383
354
381
258
272
364
336
372
196
319
330
343
343
194
307
366
336
349
198
337
352
351
304
295
303
357
346
251
292
335
320
352
287
313
280
356
337
293
232
327
359
342
284
274
323
359
346
321
266
263
371
319
338
246
317
344
349
314
288
302
346
347
320
299
291
326
380
276
296
279
329
366
325
288
298
342
337
322
263
325
336
332
339
300
282
333
397
434
325
351
321
365
312
267
276
347
354
291
319
283
375
358
317
243
317
341
369
274
304
271
342
352
263
338
309
303
333
271
295
286
336
339
283
321
269
343
348
299
364
224
363
369
328
270
342
304
367
323
304
324
339
323
318
289
314
290
329
346
319
269
343
318
352
329
248
323
311
345
325
268
355
329
361
283
308
310
317
327
235
361
320
294
344
258
332
319
334
338
227
357
316
299
358
229
354
296
331
333
363
273
364
298
330
292
268
337
296
381
413
407
304
275
349
329
317
290
304
367
311
308
312
284
365
321
352
255
320
344
311
326
293
303
362
327
325
302
340
353
342
280
275
304
340
334
303
315
280
367
366
278
295
286
342
358
310
245
326
334
291
347
260
372
350
281
372
261
351
360
278
364
289
326
371
315
304
285
311
378
342
323
285
379
329
310
318
317
314
333
288
321
282
313
363
315
274
313
322
310
306
320
337
313
335
313
289
364
302
312
341
249
342
327
308
354
257
348
299
321
416
296
408
391
312
313
257
354
305
287
319
305
324
306
341
326
258
308
291
344
356
291
341
278
327
349
302
366
303
349
320
286
330
264
321
332
279
319
306
359
271
306
330
275
355
280
354
325
283
364
285
355
282
333
368
303
329
275
330
333
318
327
231
334
353
305
346
261
359
376
284
338
216
347
310
375
321
227
365
375
330
318
228
355
293
382
319
275
317
380
347
328
285
340
359
311
323
308
300
357
316
307
230
362
353
301
321
246
384
346
308
351
243
408
467
337
327
237
348
355
309
305
253
348
344
318
369
255
312
347
304
321
306
293
374
326
306
323
350
370
309
273
342
275
361
332
280
328
352
309
318
325
305
344
290
316
351
307
352
315
289
367
316
329
297
305
344
309
344
313
271
351
296
340
289
267
339
258
343
333
270
376
230
