206
202
194
41
232
239
129
63
198
193
129
171
57
67
266
35
53
235
39
55
35
174
111
41
107
157
53
191
165
93
115
45
95
99
47
97
87
150
35
41
146
45
95
128
55
111
60
113
117
41
109
161
203
35
96
123
65
129
127
65
55
190
63
59
188
72
209
97
57
127
55
57
188
74
140
267
59
57
182
61
43
186
43
63
237
59
237
107
107
43
103
105
59
35
72
138
130
55
61
129
335
146
73
135
97
53
129
55
174
62
183
35
53
119
168
123
82
137
64
108
209
59
182
35
181
182
109
234
35
304
51
174
51
109
69
76
171
121
221
96
52
107
59
58
47
132
35
35
154
211
130
117
35
63
170
35
35
107
122
109
53
46
167
51
57
101
105
35
215
59
51
51
155
180
54
49
176
47
178
57
199
139
153
60
162
72
116
273
101
96
109
35
62
43
35
79
97
159
103
95
38
127
50
179
144
38
38
88
35
82
152
79
66
114
35
79
97
35
38
49
111
91
258
59
103
99
59
121
152
51
35
109
87
105
153
97
99
35
110
38
57
125
169
78
59
103
105
132
105
178
35
63
38
145
35
276
63
121
70
35
55
76
145
38
59
184
53
35
199
59
160
65
225
120
158
35
54
131
94
49
113
38
174
35
69
35
211
123
97
51
41
89
97
51
43
52
99
101
45
41
85
43
149
109
101
51
101
35
224
87
114
43
105
41
45
97
43
92
38
101
57
47
35
190
95
95
114
35
79
53
43
38
163
51
61
35
87
61
115
55
116
119
154
55
109
38
110
101
35
85
60
104
35
45
107
90
38
137
43
178
91
47
38
142
118
49
266
38
82
52
96
126
59
123
139
180
35
99
59
121
110
129
55
35
91
97
110
59
53
122
79
53
35
79
132
35
65
228
99
97
111
59
210
123
111
63
125
51
64
120
38
174
53
111
154
53
113
91
111
43
146
127
59
109
48
94
79
116
120
148
58
35
154
106
115
170
52
35
99
117
47
213
231
39
61
131
67
72
38
108
136
45
190
79
45
193
158
35
49
59
103
112
38
38
53
154
222
51
95
103
230
176
38
35
47
146
35
85
164
179
140
43
35
79
35
35
159
43
57
185
107
55
38
95
94
111
59
35
134
35
93
91
51
230
99
164
55
99
120
108
57
115
100
51
154
148
130
55
160
49
205
57
51
117
295
53
109
173
110
41
85
111
193
49
146
99
47
39
38
99
35
108
114
35
140
39
57
43
35
95
51
118
99
148
119
217
51
95
53
155
138
51
158
57
49
63
209
35
55
129
85
150
72
53
97
51
35
155
61
160
55
35
105
99
57
164
163
95
43
201
115
181
53
39
182
41
142
106
125
35
187
144
90
131
38
88
35
48
142
43
35
93
93
201
41
43
150
41
183
156
48
116
99
57
39
86
39
44
88
204
166
91
61
207
105
50
164
61
128
124
55
103
84
130
66
114
85
49
151
45
92
39
35
97
41
89
207
57
35
79
272
35
215
111
99
103
70
138
59
107
118
174
105
174
98
127
90
62
106
62
106
43
55
156
87
101
39
89
166
40
163
118
41
103
64
45
97
58
58
159
35
45
96
99
47
101
143
46
104
107
46
155
76
53
55
53
184
53
45
109
112
46
110
113
46
179
51
46
177
43
101
112
124
157
176
53
60
46
114
169
118
41
41
109
55
105
109
61
53
74
135
49
106
109
57
105
112
55
115
41
104
117
155
47
57
41
86
53
41
124
96
119
57
168
59
53
117
102
60
181
86
49
115
97
156
59
162
41
152
220
61
164
59
47
43
104
61
215
106
111
111
123
95
65
187
36
69
180
220
63
154
86
167
36
59
109
85
89
148
200
216
41
53
117
136
113
41
53
117
41
91
58
108
46
106
94
100
85
41
61
156
41
61
161
41
67
36
130
51
35
83
132
166
92
43
47
91
43
113
38
106
35
183
35
136
96
97
39
83
126
79
106
38
56
101
45
115
79
103
35
79
36
35
91
47
36
35
82
36
80
173
146
35
35
107
100
59
35
149
63
35
103
35
69
176
36
80
70
36
80
38
103
127
63
35
80
95
36
194
51
49
36
121
35
36
35
95
52
39
86
109
124
113
95
145
67
153
58
144
35
93
80
142
182
35
36
88
43
35
106
80
55
140
55
35
39
105
93
35
36
88
35
36
157
38
67
119
80
43
129
230
97
168
114
101
86
106
99
36
80
107
131
164
107
50
36
55
68
122
96
115
46
110
49
93
51
35
35
213
41
138
45
41
161
144
88
41
144
35
132
35
193
39
97
39
92
132
89
138
67
41
55
41
98
115
55
51
41
146
43
93
100
53
159
41
208
41
101
35
44
98
35
135
123
35
85
100
35
85
53
103
93
112
91
41
109
107
59
115
50
121
117
124
126
50
51
55
51
176
116
45
150
47
105
143
37
96
113
258
97
62
39
90
105
92
35
43
59
152
59
35
124
35
59
148
170
39
35
39
66
154
61
115
148
160
38
61
120
111
105
153
61
205
101
151
101
180
35
48
92
161
35
97
35
92
278
183
41
97
41
132
43
87
50
44
88
87
96
85
39
124
91
89
35
38
88
83
35
39
133
35
85
139
79
89
96
35
35
133
35
130
39
83
148
83
49
41
85
42
141
41
199
49
47
49
207
49
53
97
35
88
163
35
142
47
91
91
45
95
41
38
91
139
108
85
143
91
140
98
91
35
89
97
191
88
45
45
145
92
35
89
41
226
156
100
50
94
117
200
50
114
44
207
39
50
100
139
97
132
100
232
93
85
227
47
136
39
41
189
39
35
177
85
136
132
89
41
136
41
130
41
35
85
35
86
91
91
43
100
41
89
98
102
35
41
138
45
183
35
97
39
41
148
100
41
107
105
55
125
162
96
112
61
162
61
117
161
35
193
93
41
38
93
85
41
137
85
38
44
154
46
96
144
41
132
130
45
41
135
93
89
144
51
146
89
93
41
185
147
91
99
138
98
241
46
90
44
94
38
51
101
85
104
240
44
44
97
88
41
167
85
85
176
35
45
177
35
120
47
142
49
140
149
89
99
35
59
254
113
128
145
41
97
97
190
44
147
35
79
97
98
131
140
105
88
111
51
44
99
95
104
52
116
96
50
158
39
39
158
104
40
55
253
51
145
41
144
35
46
152
102
111
49
157
146
102
57
108
39
55
57
101
214
49
203
59
202
43
61
203
45
113
54
101
35
66
242
90
35
46
172
35
146
91
120
35
73
35
79
79
195
59
35
79
50
157
41
143
38
156
88
153
35
169
40
182
41
146
35
79
89
41
116
106
35
82
140
87
35
35
35
44
152
35
57
189
85
87
107
106
152
98
45
200
89
92
148
35
41
145
102
45
242
96
135
90
187
142
50
46
90
38
41
173
79
38
38
82
35
123
35
35
35
120
35
161
35
79
35
35
38
167
35
161
35
35
79
79
120
35
82
38
35
161
120
35
35
35
120
79
35
35
35
123
35
35
120
35
127
85
123
93
38
35
138
139
35
35
186
35
35
38
105
108
45
147
35
57
115
142
108
157
46
46
214
57
209
50
67
179
67
126
64
50
211
106
153
108
98
50
146
46
47
147
38
82
102
87
146
93
58
178
53
205
163
99
91
46
51
68
179
50
105
166
120
110
100
110
173
58
262
104
143
101
150
57
116
50
46
142
114
39
136
107
101
152
103
109
50
217
46
51
115
43
46
203
35
90
105
90
94
106
245
196
50
43
159
44
59
109
51
146
70
55
144
192
39
150
155
91
111
142
39
164
41
96
116
47
35
142
35
100
116
145
100
108
103
109
50
49
104
46
104
164
211
65
120
155
126
55
158
55
50
176
53
108
35
58
51
147
50
209
50
164
152
50
109
137
89
94
91
94
46
141
53
103
79
35
124
144
39
102
130
87
101
53
154
43
107
105
47
91
119
110
123
117
149
110
59
35
102
177
112
153
268
94
48
50
113
46
41
201
158
85
196
82
152
35
173
89
185
35
79
35
37
35
194
140
87
189
95
95
35
195
111
43
47
91
149
142
93
90
96
46
90
44
46
131
137
41
88
79
35
176
85
35
38
35
167
167
35
85
82
35
79
35
35
170
85
79
223
101
49
38
132
189
35
53
152
35
88
102
200
41
96
35
90
189
165
65
156
98
35
158
106
107
102
46
35
105
195
111
90
151
54
98
46
140
46
96
164
144
41
46
169
38
195
54
172
142
106
144
46
44
41
157
41
94
35
72
182
35
53
155
90
46
153
41
85
57
44
54
44
97
160
149
46
41
148
46
46
41
159
61
111
90
54
109
72
127
85
101
108
46
201
101
103
92
112
53
149
102
138
35
140
109
108
50
113
90
52
196
85
120
89
79
35
35
144
156
35
49
162
35
35
99
159
106
63
131
79
40
150
45
95
107
35
163
61
185
55
165
54
157
46
35
103
99
59
168
53
167
47
100
98
44
49
102
46
60
163
49
121
142
226
44
107
201
49
93
65
51
38
186
144
49
40
84
113
203
47
44
149
51
42
151
41
57
109
230
95
35
92
104
51
144
42
35
143
98
145
51
46
90
169
46
54
101
46
53
97
104
51
151
90
101
89
51
35
126
35
85
35
43
87
41
85
41
93
38
82
35
44
99
35
134
35
35
87
126
95
35
79
85
35
79
41
85
79
175
35
41
38
52
99
97
48
95
79
111
59
164
35
35
61
211
35
105
57
167
35
101
53
35
108
59
103
107
41
46
114
90
197
41
99
90
46
137
41
53
44
38
99
41
44
62
115
53
110
101
97
46
101
53
46
142
53
46
101
57
112
93
124
96
44
99
35
100
117
42
52
65
109
154
35
89
170
61
115
53
97
170
44
162
41
35
103
74
35
42
96
57
111
46
46
169
57
51
59
139
95
163
201
51
109
46
109
57
35
93
45
38
162
46
35
142
45
211
46
137
41
111
150
105
141
96
144
64
41
49
96
54
109
103
61
157
41
46
101
51
46
46
162
118
46
90
63
44
35
152
115
88
112
35
46
49
35
46
49
198
90
177
46
158
35
199
35
45
60
104
111
35
49
213
100
102
151
52
158
46
46
164
46
39
35
97
52
153
35
43
87
56
111
46
46
35
139
35
91
101
83
46
101
79
134
35
79
35
54
150
85
41
138
35
35
35
35
82
48
35
79
96
95
82
82
95
49
134
95
79
152
44
143
44
88
149
110
90
114
55
35
79
35
249
93
93
46
35
190
187
100
94
35
50
112
53
38
46
90
54
165
46
112
35
79
192
151
46
35
197
45
145
53
100
102
79
54
35
52
96
45
106
90
110
44
88
35
88
92
44
196
49
143
46
50
94
151
54
98
35
90
35
102
45
184
138
43
43
48
146
88
100
41
135
35
218
110
86
139
95
96
85
41
179
39
83
95
38
49
138
51
140
87
82
102
55
39
91
99
162
61
114
86
83
129
52
96
39
94
66
45
35
190
39
83
44
47
91
35
127
98
35
128
39
83
41
93
165
39
124
38
131
95
38
35
124
103
151
35
79
112
35
150
35
35
83
84
35
59
158
38
82
35
108
46
35
161
46
212
53
97
133
83
147
49
103
94
85
240
79
54
98
137
124
108
55
192
46
147
96
38
39
38
129
35
131
35
191
135
141
90
79
87
39
89
79
82
136
124
35
39
83
79
66
170
39
53
47
38
48
103
102
39
151
198
46
90
99
39
102
35
58
210
142
35
47
45
96
39
45
100
41
96
93
46
193
94
90
35
41
89
35
39
180
79
35
79
95
89
38
85
85
39
83
212
130
79
171
35
85
38
35
83
38
183
134
35
134
39
144
85
152
35
57
35
128
40
84
143
79
60
53
149
154
211
59
103
90
35
61
166
79
99
115
63
159
47
35
131
150
46
204
104
49
151
93
90
97
49
35
183
131
37
35
79
90
46
142
46
38
35
137
134
79
35
91
35
79
83
93
35
35
35
79
106
79
102
40
45
38
45
158
93
101
106
90
46
35
142
46
90
134
46
107
44
185
41
35
134
44
135
79
161
85
38
38
131
38
123
35
35
79
79
35
133
53
35
35
38
35
82
99
79
85
41
85
120
35
85
128
85
84
47
140
85
107
41
39
46
90
85
110
55
104
92
202
110
149
216
93
174
46
46
214
155
101
61
116
46
90
46
209
46
122
158
109
95
101
109
98
46
194
101
90
140
35
79
59
103
107
79
35
35
198
67
162
211
46
101
112
46
209
35
194
35
46
54
117
35
54
46
166
46
166
90
101
46
38
93
168
46
162
46
194
110
97
114
46
54
109
47
54
208
41
41
138
82
126
35
89
79
97
79
35
99
120
79
134
41
85
43
35
40
44
152
189
35
167
35
79
85
35
85
79
41
126
79
35
79
44
170
126
38
35
85
35
129
79
126
35
49
178
57
142
120
105
40
35
146
40
94
72
38
195
57
164
168
46
109
35
46
46
217
153
103
46
162
218
46
46
168
46
253
142
229
102
46
109
112
49
104
142
101
143
101
147
90
101
46
46
102
46
101
44
201
46
51
199
197
35
141
39
137
42
93
53
214
43
95
101
39
90
89
42
144
45
46
141
109
38
54
160
43
152
39
87
87
42
93
94
45
99
142
95
87
42
135
135
47
100
39
83
95
35
52
39
45
89
47
153
160
50
35
42
154
89
41
147
43
43
140
39
87
92
38
41
94
126
45
175
94
40
35
245
160
38
90
152
39
148
86
98
54
159
90
142
131
35
49
140
35
79
88
41
85
79
35
35
89
35
35
82
64
35
120
79
38
194
35
63
215
101
108
116
90
46
46
191
191
35
54
41
98
46
90
175
35
128
35
43
87
35
45
133
182
35
188
35
240
40
149
45
144
74
46
101
46
63
222
238
55
206
46
114
90
46
249
168
54
126
101
46
170
54
224
145
46
101
144
46
191
148
35
46
104
99
41
49
99
41
220
79
85
85
85
164
129
79
126
79
41
167
41
126
170
82
126
79
126
41
126
41
170
120
93
120
136
35
138
79
53
100
51
101
142
199
47
160
196
42
97
35
160
99
42
162
35
44
149
108
112
145
46
168
35
46
160
88
170
86
90
103
177
88
164
88
55
109
93
171
157
46
227
230
65
46
157
50
94
46
114
243
50
94
93
35
98
46
35
41
89
82
35
35
124
168
39
83
126
43
87
35
79
38
35
79
104
127
103
35
83
79
134
110
103
105
59
118
38
61
180
50
94
46
72
46
90
58
113
105
198
50
268
35
105
61
116
154
105
209
46
104
90
46
50
47
143
99
101
44
97
102
209
114
103
51
38
54
54
98
46
105
154
88
48
101
46
162
48
118
88
265
105
112
48
103
111
35
46
101
161
44
220
122
99
46
114
94
152
118
105
35
59
54
206
101
46
58
113
46
276
105
155
90
48
103
48
155
46
199
164
142
111
35
90
98
153
152
92
49
140
40
148
104
155
92
126
98
136
57
209
35
153
50
113
104
154
95
56
105
147
103
35
101
53
171
48
35
129
93
70
70
54
62
40
87
56
39
39
130
109
33
78
64
153
80
77
38
36
36
124
36
35
87
52
38
83
100
38
94
81
38
140
36
53
98
99
94
43
95
97
50
106
100
49
39
58
199
33
93
93
144
75
35
55
97
43
35
97
35
77
35
121
128
35
35
49
94
38
53
139
35
55
99
75
136
75
35
82
36
35
35
77
80
77
79
35
118
33
35
79
38
33
169
192
51
231
36
172
33
173
33
75
149
45
89
36
33
35
132
33
47
136
53
33
118
35
33
119
33
38
138
33
35
79
77
35
38
82
41
126
78
128
36
35
87
77
35
124
33
163
167
33
83
127
35
88
78
35
85
33
55
99
87
77
47
89
51
96
93
33
128
55
35
118
66
35
118
55
35
79
78
35
116
38
80
114
134
33
33
77
33
51
134
36
100
55
138
53
35
80
77
35
77
33
138
35
35
77
64
35
79
78
35
33
33
97
82
97
118
35
35
33
139
55
97
36
83
33
77
35
99
33
35
143
75
97
75
95
33
175
118
81
118
35
79
35
160
33
75
35
82
36
80
35
77
35
82
77
77
35
82
35
77
35
33
157
35
118
121
80
77
118
38
33
124
35
118
77
35
157
33
116
79
35
121
121
83
77
91
77
157
33
75
120
75
35
33
38
121
33
77
77
92
36
35
121
33
35
118
77
35
38
119
38
160
35
77
77
33
77
132
35
33
77
35
79
80
35
33
163
35
33
98
77
41
35
33
125
35
36
131
85
183
53
148
53
154
33
55
119
77
35
97
33
78
95
33
46
33
126
35
77
146
33
77
98
38
147
53
33
83
35
33
81
136
95
124
95
128
132
100
98
137
101
136
59
109
95
105
95
136
118
57
217
33
193
142
33
104
36
113
51
36
196
107
97
55
45
148
33
55
97
41
33
134
41
33
51
157
83
68
110
35
153
33
35
55
105
41
86
99
41
35
138
41
53
178
53
139
51
46
129
47
133
33
158
77
167
36
33
97
52
94
107
33
193
33
75
176
95
51
115
33
53
164
145
146
51
101
168
33
62
118
101
253
33
97
109
33
170
33
55
127
86
109
33
86
85
41
78
120
99
109
49
91
166
105
117
33
166
68
33
101
67
57
99
123
33
57
175
33
48
120
49
91
55
123
113
59
119
33
95
62
128
91
49
107
133
49
51
184
51
41
93
55
138
33
101
114
207
46
190
41
48
208
100
91
41
150
107
95
101
169
36
55
57
121
101
59
56
165
49
33
103
132
99
128
60
259
45
118
162
57
115
101
41
103
33
53
41
33
142
105
122
107
94
121
33
97
41
105
99
59
57
99
61
162
41
47
154
101
134
41
58
57
160
57
123
144
33
162
33
49
57
165
142
103
47
144
45
103
161
104
41
160
33
83
111
33
83
62
48
192
41
83
105
205
49
146
105
147
47
136
41
45
113
95
92
94
163
51
33
140
33
199
86
55
49
149
55
41
91
83
45
45
138
53
33
89
59
33
147
166
83
209
168
86
107
89
52
54
52
166
51
61
211
268
158
101
51
63
33
50
171
33
41
51
155
49
41
141
49
41
54
114
41
94
105
55
41
86
124
83
108
33
83
101
201
57
111
83
117
83
33
260
199
33
153
123
55
53
205
107
136
195
55
105
93
41
105
83
107
33
41
41
44
216
86
99
33
51
53
113
83
57
164
95
105
48
45
154
41
203
45
41
51
58
154
55
109
59
115
49
166
120
33
64
114
103
86
45
64
53
103
57
41
109
98
111
115
55
113
103
59
41
61
106
118
47
173
171
59
33
41
111
111
142
33
144
124
61
119
59
162
86
164
136
113
134
41
133
63
33
83
160
83
113
41
163
41
49
33
87
180
83
113
33
43
43
160
41
41
152
41
91
83
143
33
43
41
83
143
100
91
51
198
41
152
89
209
41
41
95
74
126
33
63
44
33
44
94
116
41
105
41
83
173
95
49
210
45
158
33
53
41
149
55
41
157
41
101
41
55
188
41
59
117
59
183
33
41
172
53
121
36
89
55
33
99
99
101
95
116
41
91
111
83
41
33
41
91
154
141
33
49
99
111
111
98
133
41
91
157
95
83
112
142
49
140
43
41
146
45
33
87
66
51
55
52
155
49
47
138
41
95
97
91
43
85
43
41
148
109
89
57
99
100
45
87
212
45
152
33
41
97
115
59
41
158
91
36
41
116
33
41
103
33
53
41
98
95
51
33
95
157
33
41
217
41
49
166
47
41
33
41
112
100
54
183
115
107
51
162
33
55
41
105
53
187
53
109
112
45
53
119
51
117
118
47
115
49
91
60
33
68
128
119
61
119
125
55
63
141
69
127
33
59
197
33
93
121
59
117
120
154
41
106
114
41
209
49
209
136
109
94
142
187
53
52
158
112
154
53
45
87
129
130
113
41
180
33
49
113
51
104
175
99
91
130
154
53
123
101
132
55
124
174
113
119
57
41
166
250
49
93
55
35
88
123
101
132
57
51
170
49
176
59
58
45
43
167
64
53
57
160
41
152
53
41
45
154
55
45
107
102
100
120
152
97
47
41
100
95
47
97
107
106
107
43
103
49
49
111
115
47
148
238
57
127
103
271
146
113
154
41
91
35
41
41
147
43
45
136
143
45
149
49
216
35
41
168
61
125
35
55
183
35
57
119
115
59
43
150
113
112
61
136
233
35
101
164
158
107
119
99
173
35
57
168
107
57
182
53
113
60
194
51
115
136
65
131
61
105
245
205
35
207
38
35
107
101
112
59
35
105
38
59
103
60
104
101
57
35
128
35
152
61
35
87
80
130
90
115
161
160
109
233
227
35
217
57
115
59
226
63
53
97
131
211
57
111
44
108
132
41
69
35
56
108
134
49
102
148
49
199
148
61
51
186
38
228
35
35
152
147
151
201
35
131
53
52
58
61
108
107
59
57
154
35
93
59
103
172
35
59
103
74
59
197
117
107
166
106
150
59
177
105
105
44
151
138
170
111
59
109
59
244
55
105
35
64
59
219
123
74
59
161
136
158
103
123
168
114
221
35
243
57
158
55
99
35
72
35
79
212
83
131
148
213
159
45
196
57
142
93
134
103
250
49
103
78
49
93
152
35
53
103
101
45
55
154
173
95
166
51
145
35
110
160
221
49
117
35
63
47
101
104
221
57
161
191
45
92
115
97
181
79
121
59
165
63
168
35
55
55
99
51
95
134
55
99
52
159
39
141
41
126
132
142
97
152
41
110
119
53
41
107
53
67
191
51
186
85
105
44
114
51
115
38
108
41
148
51
55
166
61
252
35
170
43
49
59
47
91
193
107
170
142
103
69
125
99
61
131
107
100
115
47
43
87
174
87
47
154
55
111
95
51
95
107
35
44
59
35
111
104
41
57
35
159
35
47
35
58
131
79
100
79
102
101
35
38
117
104
61
35
120
43
119
192
35
120
123
35
203
35
57
170
38
107
35
35
93
53
97
134
101
99
35
54
161
35
41
126
55
41
126
35
178
35
79
160
101
79
143
38
35
130
51
136
35
82
70
35
142
35
103
79
35
214
101
79
35
35
79
143
35
99
174
238
79
154
95
99
35
35
53
97
56
100
93
99
43
87
35
35
42
89
103
35
142
35
35
43
59
103
63
159
35
49
72
171
85
89
134
95
103
57
101
59
103
79
57
35
38
165
49
99
152
35
138
55
151
35
35
55
174
51
95
47
91
87
35
79
47
91
88
90
101
38
55
165
35
49
156
43
109
79
38
88
35
43
139
35
43
164
43
41
38
255
149
35
44
138
132
152
38
41
206
41
99
83
105
47
41
61
152
105
178
156
45
35
105
35
218
65
131
49
93
109
50
186
61
47
115
89
51
136
54
98
113
137
35
59
159
35
38
104
60
35
101
103
99
35
66
181
35
43
93
53
56
106
85
118
99
97
171
35
101
58
35
49
170
35
57
76
212
57
49
121
156
59
180
61
129
95
98
50
94
108
277
176
119
103
53
35
105
128
179
49
59
178
62
59
76
123
179
103
103
109
35
181
114
109
39
83
59
158
88
35
95
59
103
44
112
85
166
47
48
102
101
97
64
53
100
38
100
53
121
138
78
35
55
99
35
66
131
38
82
53
121
61
61
169
158
129
103
131
57
190
38
57
184
35
97
123
51
57
209
61
172
44
116
107
59
111
68
51
43
59
202
35
59
125
119
76
48
67
71
148
35
61
63
127
66
136
130
68
195
112
182
49
51
117
117
61
173
43
63
115
44
167
53
61
43
35
85
122
93
44
53
103
43
59
241
63
182
109
113
51
59
39
107
110
43
109
55
56
110
125
57
56
201
59
45
45
99
57
111
61
115
53
111
53
59
177
53
61
186
53
53
123
56
214
64
136
115
53
125
60
126
121
49
57
123
72
138
69
143
122
65
51
57
117
142
49
178
59
179
41
167
59
45
113
97
47
113
59
45
112
111
112
178
105
119
181
72
122
111
41
109
107
41
120
50
122
57
59
103
185
105
110
57
221
41
85
191
91
101
107
109
88
109
116
113
41
35
107
112
97
55
39
134
99
35
85
132
113
61
53
71
187
61
105
45
63
203
41
113
59
72
122
114
41
105
70
47
97
60
116
105
45
53
49
93
47
113
87
176
57
117
66
59
162
35
107
146
79
35
129
60
35
148
45
139
129
35
41
157
35
126
45
59
35
35
96
88
101
95
138
35
79
51
35
198
119
49
38
41
115
35
152
45
39
53
35
87
104
85
55
156
85
134
35
208
59
47
97
96
107
35
43
105
44
147
87
43
87
35
138
85
41
85
104
129
45
152
35
191
177
38
146
111
116
35
101
35
166
61
35
167
85
35
126
125
45
185
49
134
35
262
57
38
156
124
97
45
35
97
120
142
118
258
49
61
170
170
55
175
99
53
119
82
136
106
97
64
204
35
185
97
35
89
85
53
97
168
106
151
199
88
93
94
35
41
35
135
82
99
35
79
41
66
35
126
59
41
173
156
41
55
102
51
104
85
137
41
35
79
41
35
88
99
35
140
95
89
59
38
201
49
117
48
106
57
101
158
35
41
85
105
51
95
95
79
56
100
94
229
85
91
151
35
45
148
35
35
99
91
35
136
38
82
35
88
161
41
146
89
135
95
132
189
194
47
35
79
35
43
96
85
89
95
47
41
38
64
111
99
162
63
116
107
69
117
41
35
63
184
35
152
39
35
69
205
39
235
164
63
155
45
168
39
117
72
122
148
39
35
85
134
256
107
148
164
110
90
120
85
238
172
99
158
107
122
41
85
232
61
121
102
49
133
76
184
58
147
35
41
50
174
41
163
35
57
50
165
59
57
107
126
38
44
99
117
53
46
96
46
186
35
202
35
142
54
178
105
210
39
105
96
96
109
57
201
41
141
91
122
41
166
39
83
170
61
105
39
144
68
42
55
104
49
158
41
39
211
98
50
182
92
124
99
57
163
39
107
57
173
112
39
163
125
57
78
308
179
63
59
61
222
115
105
58
120
50
110
112
145
39
66
172
171
107
154
120
189
102
155
139
50
112
43
111
107
96
173
41
145
180
50
152
50
100
167
106
117
73
123
164
110
174
171
99
41
109
170
113
152
140
124
205
161
128
54
46
122
124
114
61
41
167
63
113
65
59
221
101
113
96
121
101
134
131
99
46
165
46
41
113
69
168
41
163
41
223
153
44
51
153
46
109
46
62
170
43
215
158
91
35
148
202
43
87
114
67
152
101
88
72
146
38
205
93
164
158
76
40
199
158
119
51
45
167
111
101
192
57
129
46
54
49
109
68
173
46
53
46
120
96
41
113
46
148
113
167
49
107
99
96
126
55
119
46
110
104
164
55
59
166
44
99
171
96
108
101
99
41
46
161
99
173
209
96
178
55
110
112
94
49
93
111
156
57
114
155
96
106
99
163
144
99
108
44
46
164
101
109
46
96
113
61
172
35
47
138
259
103
52
120
88
45
111
134
45
146
43
98
111
45
162
41
49
166
49
46
104
96
41
46
46
119
44
44
110
93
105
94
264
152
44
41
54
167
41
95
105
41
151
46
154
44
41
59
162
91
114
101
44
94
127
105
116
159
53
41
154
107
93
91
87
95
47
91
63
38
96
61
38
208
41
222
39
209
111
83
126
87
59
113
119
173
35
88
68
185
94
43
168
57
284
46
156
192
108
46
122
63
52
170
61
239
110
44
68
124
114
59
167
46
68
126
49
165
118
165
46
49
99
49
99
179
55
157
153
45
105
154
159
46
60
172
49
46
173
173
110
109
109
99
38
68
43
140
39
207
102
169
101
117
102
164
53
49
97
57
108
89
161
62
116
46
152
45
46
241
46
112
111
157
55
113
175
281
113
105
46
44
102
101
172
46
96
117
163
60
46
165
159
44
108
161
49
212
156
46
50
101
35
158
35
46
110
49
43
151
43
41
96
102
98
102
157
191
94
50
232
44
106
96
311
46
193
35
204
110
112
210
46
178
179
41
91
174
146
41
41
95
60
46
148
46
90
46
46
205
51
101
85
35
134
47
43
131
35
79
101
43
131
42
135
35
149
141
103
203
61
166
41
49
148
51
156
46
116
46
55
166
51
199
215
42
35
166
53
43
152
155
115
51
106
152
58
46
137
35
132
46
199
46
49
97
98
43
42
108
39
118
70
142
90
35
142
35
47
61
105
53
125
97
240
47
117
162
118
167
63
118
46
72
46
109
200
226
63
218
63
159
63
279
101
114
46
150
63
118
105
54
126
38
93
116
240
61
157
72
168
63
35
109
35
109
186
46
114
118
185
94
63
188
61
193
57
119
57
54
41
113
49
120
49
49
107
110
41
41
153
46
41
96
210
46
156
35
46
104
140
110
96
44
110
35
88
116
95
55
148
42
151
57
166
91
117
135
111
101
173
35
98
46
76
131
35
46
166
61
46
171
61
59
41
46
116
116
46
175
46
46
61
129
55
110
144
53
108
59
121
112
121
176
123
116
118
107
135
46
65
113
100
49
99
49
39
89
35
41
91
104
47
102
96
46
148
90
148
95
91
88
41
35
79
41
38
180
79
97
103
40
45
97
100
46
43
146
49
142
46
90
46
60
118
145
35
196
46
104
118
93
55
151
57
112
95
114
89
164
46
116
90
155
90
90
49
35
56
54
148
35
129
41
35
120
85
35
167
120
85
35
79
35
96
79
35
123
35
79
105
38
57
101
123
35
123
35
35
79
134
79
85
35
79
35
35
129
41
170
35
35
120
85
41
38
38
123
35
79
85
120
88
79
35
88
79
41
35
161
35
79
79
120
97
57
101
53
38
82
143
79
39
107
79
87
35
60
35
79
35
89
92
45
35
127
35
131
35
93
41
38
41
129
129
141
35
167
120
35
170
41
85
35
38
170
35
35
79
85
35
79
38
35
167
35
85
35
82
126
120
173
41
35
35
41
85
82
35
132
85
97
85
143
85
85
110
82
35
35
140
35
79
85
189
35
144
