608
663
253
590
436
362
349
587
434
367
342
285
324
433
525
484
412
441
396
372
311
544
327
396
386
441
391
569
388
420
331
389
320
468
294
598
322
399
345
318
324
195
526
299
391
333
336
376
439
398
382
414
392
366
237
365
284
391
238
360
301
292
352
327
396
307
418
355
359
281
463
499
203
323
313
470
266
369
269
394
327
413
250
391
248
311
273
384
226
300
306
365
290
389
391
400
312
233
319
410
199
573
204
412
485
443
303
341
279
463
313
407
332
413
325
382
341
370
239
410
356
242
394
451
189
566
315
242
369
420
201
450
392
346
208
375
275
307
252
436
271
431
231
487
344
409
258
448
335
395
309
248
348
323
373
490
217
512
243
373
287
447
323
432
261
378
225
427
234
480
184
319
287
450
250
424
190
386
305
362
205
418
268
408
270
408
183
561
213
348
405
513
137
356
456
438
220
350
472
408
386
361
477
322
422
514
345
292
468
363
281
415
322
384
340
327
373
397
317
427
254
375
267
267
487
286
511
261
432
327
240
419
209
346
375
292
235
455
244
255
459
298
192
384
282
358
251
356
314
177
318
469
255
302
371
325
292
399
274
274
256
486
194
349
269
319
279
292
283
395
287
403
343
341
246
408
246
400
360
311
293
308
282
474
152
460
239
387
404
463
198
333
314
353
359
401
356
369
356
507
259
358
259
286
462
362
169
503
223
542
350
255
371
353
373
233
385
226
321
357
262
455
270
219
328
344
276
356
314
299
411
339
194
484
234
334
335
288
231
529
261
382
320
387
235
416
227
278
239
449
224
402
268
232
285
378
273
340
359
331
211
580
286
335
272
249
287
373
282
435
185
399
234
442
184
377
347
188
352
305
312
312
181
384
354
333
246
381
233
483
311
304
256
466
194
448
254
412
291
325
248
461
336
369
212
423
314
395
281
383
250
363
301
398
238
331
240
332
275
408
273
440
184
489
335
465
239
362
120
334
243
325
331
284
243
334
202
287
246
332
258
272
180
319
298
514
268
399
262
405
379
417
299
288
341
327
249
415
385
454
213
479
250
425
239
416
256
476
249
401
254
395
248
418
304
339
222
508
256
454
219
418
259
475
393
336
230
450
252
475
196
438
248
370
171
423
232
413
324
447
257
512
268
325
344
395
284
265
229
401
230
385
239
447
238
334
225
365
258
340
167
334
252
393
142
425
285
355
285
398
304
377
245
376
449
447
195
466
213
450
347
375
289
355
274
459
304
366
290
319
414
365
359
392
149
452
249
359
200
390
268
476
246
527
277
412
259
412
234
536
275
311
262
390
304
459
310
389
153
473
440
369
205
334
400
316
220
356
181
362
257
361
298
257
190
432
287
427
260
322
317
454
293
302
243
322
358
370
353
366
376
324
346
491
262
321
369
330
403
364
366
351
255
418
337
348
266
428
263
298
506
389
262
238
471
462
212
468
255
306
298
400
280
336
292
449
268
420
161
402
265
279
373
191
353
391
340
445
249
343
245
412
315
422
249
341
197
394
339
452
187
301
290
416
288
199
399
341
327
306
143
467
232
419
244
359
248
377
246
404
272
344
176
417
274
347
317
203
294
469
274
384
182
322
289
475
192
362
232
329
234
384
262
267
297
209
252
455
233
407
238
338
296
383
265
303
224
300
343
341
174
354
216
288
322
465
130
372
255
454
299
303
325
355
288
439
267
328
137
356
347
216
270
292
418
388
272
397
316
331
214
347
202
315
269
419
208
265
389
270
358
467
216
330
372
365
406
395
251
396
241
282
377
414
262
469
307
284
308
426
316
452
270
312
302
399
212
445
216
257
252
352
337
331
120
343
343
249
219
414
320
370
205
384
414
372
262
517
142
386
320
444
303
360
203
496
242
326
190
457
264
380
162
406
307
430
185
363
231
284
398
365
339
320
192
444
181
460
245
379
251
380
304
299
212
357
299
347
271
448
242
251
399
251
315
314
240
404
315
532
258
519
209
444
317
396
344
349
228
390
214
337
208
378
255
337
167
334
216
400
239
391
210
400
416
294
223
427
292
458
333
353
334
380
342
347
360
298
241
399
254
298
254
381
228
461
221
425
272
489
268
484
217
375
307
370
314
327
306
364
409
423
220
321
306
488
308
388
364
282
320
411
357
366
256
399
247
387
262
461
267
383
359
312
295
398
93
131
201
145
149
197
163
236
233
182
171
289
231
241
242
289
248
341
230
327
371
256
349
305
275
291
243
237
319
213
504
242
273
319
293
273
320
278
237
291
248
248
334
208
355
262
369
325
229
293
342
237
197
338
256
281
358
259
307
278
342
262
224
318
260
317
296
241
283
245
240
281
281
239
325
198
246
239
358
201
248
370
239
196
325
299
239
238
245
278
294
243
245
305
256
405
226
359
312
281
276
267
326
306
361
226
336
241
385
342
377
258
308
293
406
337
403
243
291
272
374
274
284
308
227
408
255
463
313
331
441
370
300
392
412
367
227
420
307
455
380
335
474
386
378
399
414
231
414
463
320
255
423
315
411
294
340
429
322
419
301
387
304
382
340
406
287
480
286
404
313
309
361
338
315
462
197
441
321
189
461
288
369
289
357
432
295
367
186
336
482
378
381
276
365
390
258
404
352
317
412
252
379
315
334
410
292
310
282
317
370
286
397
364
323
323
300
275
442
308
339
386
311
403
285
302
419
339
362
252
304
472
297
371
276
171
340
434
301
349
202
399
424
466
347
301
417
389
305
307
366
347
330
392
319
212
452
296
346
354
214
383
387
340
402
202
401
346
380
315
300
308
410
303
344
262
411
361
334
353
399
374
355
400
366
387
403
302
365
387
351
243
332
368
417
274
437
326
384
367
469
482
256
318
462
354
343
431
376
273
378
308
364
377
345
457
274
420
311
237
376
336
322
398
383
343
381
427
325
390
379
343
380
353
427
494
331
255
359
376
358
415
288
442
345
301
463
468
414
263
336
391
400
445
293
408
396
231
340
400
378
278
427
275
497
370
425
460
246
415
300
403
411
536
273
283
380
282
430
388
336
291
283
395
350
440
255
497
268
277
444
345
399
258
479
201
449
370
326
397
273
307
509
279
347
500
305
392
352
425
395
401
221
411
415
258
330
255
306
254
287
306
253
260
449
311
293
297
319
408
310
364
301
183
389
276
408
226
475
307
276
320
395
220
339
324
371
234
296
351
379
330
338
298
257
300
466
263
275
209
412
277
415
295
302
231
469
393
269
360
451
385
293
380
315
351
320
299
335
497
226
374
373
283
313
503
427
328
272
456
341
418
359
256
346
424
326
337
309
268
469
236
303
409
246
468
277
396
365
310
451
356
434
382
286
265
401
440
351
406
403
395
258
318
276
481
356
344
405
380
266
406
478
355
414
376
484
374
385
390
305
409
390
340
407
411
287
335
380
354
283
284
477
310
275
388
152
366
377
383
462
219
410
374
311
308
397
388
285
273
355
221
400
344
340
238
367
501
327
241
472
314
356
352
281
267
324
234
412
379
393
322
295
331
462
274
316
365
379
266
513
245
345
314
373
301
431
290
272
267
322
310
373
297
272
321
387
213
403
412
275
319
244
317
327
338
332
238
351
325
324
288
354
281
304
322
334
474
338
276
441
329
361
267
517
277
301
413
370
271
543
174
425
469
328
342
322
426
308
375
373
303
373
302
377
409
306
372
308
143
551
340
355
348
416
358
448
347
319
391
387
452
389
320
377
253
485
404
454
337
398
422
500
374
411
309
441
324
370
454
455
426
255
261
440
299
353
308
347
260
468
281
411
347
462
291
389
382
427
329
327
334
384
331
381
318
439
308
343
256
427
371
374
246
377
359
388
441
144
366
395
272
481
310
268
364
361
255
473
251
477
208
380
386
375
277
387
204
480
371
359
235
376
333
510
416
361
291
455
461
293
454
260
333
363
424
276
285
445
345
416
378
389
278
364
371
364
438
358
397
321
427
335
393
341
423
251
249
417
351
456
147
485
376
452
225
456
328
425
212
358
457
269
348
290
225
399
423
239
260
441
417
314
369
276
400
247
392
308
360
380
339
389
403
395
239
429
322
493
279
446
347
400
376
297
339
468
344
388
352
352
413
200
412
340
366
355
352
310
369
329
343
388
344
386
424
420
361
426
347
406
305
271
349
346
379
237
309
310
303
395
312
403
286
423
264
457
393
196
327
302
331
249
241
246
420
286
298
290
343
202
217
340
211
337
255
325
245
328
361
227
361
302
272
405
331
252
340
202
258
337
211
381
214
306
378
173
283
351
377
