665
606
581
369
608
321
507
628
367
342
416
309
481
586
564
339
547
433
376
520
335
522
381
549
547
465
481
331
389
546
427
403
554
300
519
318
365
368
353
493
385
402
360
436
458
382
533
377
371
390
260
521
238
360
348
339
425
439
319
361
392
422
346
463
499
279
335
486
478
328
310
394
453
387
356
234
365
421
276
334
300
306
447
386
390
436
446
171
426
410
344
428
303
638
361
448
316
404
463
384
450
275
527
425
455
288
321
410
397
321
508
331
369
537
240
380
464
201
494
515
322
240
478
209
350
436
373
329
402
467
397
346
456
398
444
360
238
476
307
493
372
416
335
442
365
430
370
490
358
299
326
379
480
184
368
442
313
389
322
268
467
407
205
505
386
343
331
393
343
431
348
513
405
297
445
423
398
330
440
507
386
422
531
397
530
503
287
473
424
419
328
389
424
326
451
400
422
427
254
436
324
367
460
425
445
309
450
240
419
348
372
299
394
338
322
341
459
339
337
297
353
297
448
323
221
467
361
327
439
280
351
312
471
274
383
359
235
391
376
328
375
283
395
287
403
489
297
388
315
380
426
363
293
399
387
278
382
411
391
461
463
239
292
420
458
370
362
488
413
507
259
358
413
344
442
297
397
374
542
350
438
352
284
514
282
238
412
357
303
414
315
362
377
242
445
369
299
505
301
280
436
335
433
184
379
529
261
439
411
374
335
411
233
284
449
265
408
315
282
340
410
385
359
331
263
528
393
275
320
444
318
337
435
249
335
334
389
325
539
88
405
352
312
312
333
273
501
394
231
383
483
311
345
437
351
343
391
356
315
415
248
502
501
222
439
353
423
354
383
250
363
473
267
371
315
376
316
408
371
342
382
332
479
466
242
296
334
243
366
413
243
290
369
284
290
332
307
223
410
238
403
531
327
334
405
431
365
449
333
242
483
359
385
510
213
479
507
265
312
505
256
469
401
295
354
466
241
410
417
363
401
454
278
359
422
312
551
339
461
313
475
308
326
392
273
312
429
346
371
508
321
448
426
260
450
436
220
321
401
230
429
350
437
285
236
417
299
381
208
334
381
327
228
431
244
488
398
304
377
510
358
386
410
319
411
450
397
366
451
275
414
451
304
404
319
466
365
447
252
358
454
253
347
390
309
476
441
291
484
417
361
335
536
275
368
451
248
457
465
206
386
473
440
369
283
308
481
365
301
277
362
355
345
394
170
338
442
360
368
322
364
448
392
314
259
411
415
412
366
376
408
424
370
424
397
366
460
364
366
403
417
277
516
295
392
369
298
506
389
355
346
533
348
318
421
356
350
389
332
295
473
446
320
302
402
265
377
421
136
513
442
293
380
405
286
453
406
301
405
234
452
380
452
187
345
483
228
441
178
420
469
306
187
423
387
305
421
320
363
332
404
272
344
319
428
276
405
264
339
469
274
384
425
231
375
432
230
364
329
316
302
405
251
270
259
508
285
407
291
344
433
275
360
300
306
339
386
218
310
312
435
314
312
266
412
454
349
387
398
302
335
424
267
282
356
347
298
342
299
451
469
209
454
381
214
388
338
223
395
337
303
433
270
358
467
312
286
517
525
335
311
448
337
292
472
427
308
458
271
382
426
368
400
374
472
226
344
404
339
257
390
255
378
290
296
299
381
260
414
371
319
376
306
479
435
305
398
386
372
392
448
273
390
451
231
330
457
411
233
369
330
362
432
318
276
284
467
388
439
223
323
356
454
297
379
303
369
354
290
297
339
282
430
507
242
344
388
210
359
472
257
410
584
375
402
442
252
424
494
348
330
390
340
211
419
167
384
378
211
339
400
286
344
461
312
398
375
375
344
458
435
251
427
520
310
509
242
297
399
295
302
357
296
415
383
425
324
489
315
437
395
305
405
481
270
311
416
476
356
370
316
425
479
381
375
334
428
409
453
164
401
504
236
413
461
329
428
309
407
358
279
131
201
145
237
234
277
191
224
229
231
231
342
235
343
242
432
327
371
387
301
365
292
253
322
319
252
504
242
464
211
388
255
400
278
291
290
333
207
424
277
355
370
325
293
381
198
378
333
182
401
357
309
317
342
262
365
362
253
317
323
322
245
279
281
283
319
284
328
237
358
242
287
372
276
286
293
364
157
326
319
294
284
346
332
309
373
276
395
320
425
219
370
300
451
132
445
385
342
377
403
343
312
461
291
441
291
272
374
274
406
241
413
350
342
509
331
500
350
517
331
386
340
396
419
455
380
513
390
453
442
404
376
456
463
320
408
309
461
394
367
269
584
419
348
340
424
429
321
437
444
433
404
313
416
340
375
449
405
302
362
287
461
347
404
404
414
464
257
238
394
482
447
312
475
354
399
382
438
317
412
408
223
454
453
348
190
462
356
409
453
348
364
336
405
263
505
308
339
433
474
320
374
392
319
498
252
394
431
334
371
278
332
373
456
349
241
427
410
513
468
270
433
444
354
366
461
216
498
428
292
341
461
354
271
467
405
332
353
250
500
480
315
300
365
353
511
251
451
410
395
353
438
401
450
425
474
376
316
474
387
351
302
430
343
523
298
371
460
424
469
523
306
407
510
347
401
472
332
378
406
375
384
448
409
377
419
278
376
395
304
459
521
372
306
561
390
379
528
392
336
536
480
210
463
376
423
350
406
436
463
470
435
514
263
336
542
400
359
489
505
213
399
400
378
478
396
318
393
576
327
452
456
300
529
509
312
440
413
368
430
388
336
397
373
344
479
367
330
451
318
444
463
363
385
433
321
395
470
397
314
460
315
471
432
531
337
407
425
452
462
370
350
360
261
371
369
254
391
309
287
389
287
458
242
374
449
310
423
242
398
384
288
374
441
382
276
477
279
378
334
422
275
337
351
379
399
313
303
429
395
375
316
209
457
323
365
301
448
314
487
371
360
451
445
386
335
407
407
325
376
497
285
417
318
450
418
384
457
373
456
341
491
354
370
407
410
346
294
374
469
339
324
428
387
464
290
471
310
533
393
389
412
314
429
415
484
406
403
440
385
302
419
410
416
401
443
333
453
423
422
488
488
408
462
454
305
456
459
338
523
357
388
386
409
283
372
389
422
329
322
352
446
383
462
344
402
406
383
307
458
338
330
355
381
356
332
373
424
393
392
331
472
414
297
401
332
321
366
412
379
393
363
333
452
380
383
312
524
266
513
384
263
445
389
377
353
322
308
322
486
244
338
370
427
246
427
453
275
366
197
411
431
275
347
442
325
324
370
364
280
378
431
382
493
276
441
370
365
481
425
326
326
545
271
543
361
326
481
444
331
357
497
375
373
415
328
405
466
344
326
469
143
551
407
345
399
535
356
460
432
391
387
594
361
438
328
388
448
580
337
398
630
357
486
475
396
336
474
454
455
478
250
387
522
195
456
404
260
468
483
332
442
426
449
382
479
329
327
441
446
336
413
378
385
442
256
427
480
265
409
430
312
401
406
366
395
437
371
354
428
469
205
415
359
477
312
384
389
454
353
328
480
371
359
411
388
371
508
366
429
457
511
293
511
305
391
468
263
460
398
392
416
498
328
422
380
275
522
518
397
321
547
281
396
539
257
361
408
401
456
382
564
258
484
275
415
472
259
410
493
275
358
365
342
360
408
260
441
467
323
428
357
391
352
408
360
380
439
409
505
225
390
551
493
279
446
466
441
335
290
465
577
388
352
465
352
309
399
397
371
346
464
369
329
416
489
336
463
493
357
541
347
458
345
327
405
339
352
297
346
349
395
460
316
382
416
414
460
227
389
302
419
260
309
272
416
316
331
384
290
255
337
211
425
331
242
331
402
268
450
315
261
484
334
208
334
299
337
334
305
300
320
319
371
351
377
