29979.000000000	1404.000000000	0.000000000	17.000000000
54593.000000000	1374.000000000	0.000000000	18.000000000
88959.000000000	1425.000000000	0.000000000	19.000000000
121344.000000000	1378.000000000	0.000000000	21.000000000
151739.000000000	1396.000000000	0.000000000	23.000000000
179315.000000000	1431.000000000	0.000000000	18.000000000
216391.000000000	1389.000000000	0.000000000	24.000000000
257217.000000000	1393.000000000	0.000000000	24.000000000
296757.000000000	1422.000000000	0.000000000	24.000000000
320373.000000000	1381.000000000	0.000000000	21.000000000
358249.000000000	1405.000000000	0.000000000	25.000000000
393227.000000000	1365.000000000	0.000000000	25.000000000
434219.000000000	1378.000000000	0.000000000	23.000000000
474750.000000000	1389.000000000	0.000000000	24.000000000
514319.000000000	1359.000000000	0.000000000	25.000000000
548977.000000000	1383.000000000	0.000000000	25.000000000
578981.000000000	1392.000000000	0.000000000	18.000000000
617776.000000000	1369.000000000	0.000000000	24.000000000
653937.000000000	1388.000000000	0.000000000	26.000000000
693286.000000000	1371.000000000	0.000000000	25.000000000
731838.000000000	1409.000000000	0.000000000	26.000000000
778843.000000000	1288.000000000	0.000000000	23.000000000
807883.000000000	1394.000000000	0.000000000	25.000000000
850841.000000000	1419.000000000	0.000000000	25.000000000
884431.000000000	1414.000000000	0.000000000	23.000000000
924319.000000000	1395.000000000	0.000000000	25.000000000
962989.000000000	1394.000000000	0.000000000	24.000000000
1001131.000000000	1425.000000000	0.000000000	26.000000000
1041530.000000000	1385.000000000	0.000000000	23.000000000
1073931.000000000	1501.000000000	0.000000000	24.000000000
1105765.000000000	1372.000000000	0.000000000	19.000000000
1138361.000000000	1395.000000000	0.000000000	25.000000000
1186751.000000000	1301.000000000	0.000000000	23.000000000
1223756.000000000	1360.000000000	0.000000000	25.000000000
1261826.000000000	1424.000000000	0.000000000	25.000000000
1294977.000000000	1387.000000000	0.000000000	25.000000000
1333638.000000000	1386.000000000	0.000000000	25.000000000
1377277.000000000	1364.000000000	0.000000000	26.000000000
1413561.000000000	1384.000000000	0.000000000	26.000000000
1460102.000000000	1375.000000000	0.000000000	26.000000000
1496751.000000000	1379.000000000	0.000000000	25.000000000
1536889.000000000	1366.000000000	0.000000000	24.000000000
1568340.000000000	1385.000000000	0.000000000	26.000000000
1604891.000000000	1355.000000000	0.000000000	25.000000000
1651589.000000000	1256.000000000	0.000000000	22.000000000
1672678.000000000	1382.000000000	0.000000000	25.000000000
1717863.000000000	1230.000000000	0.000000000	23.000000000
1755998.000000000	1400.000000000	0.000000000	26.000000000
1795179.000000000	1402.000000000	0.000000000	25.000000000
1834897.000000000	1366.000000000	0.000000000	24.000000000
1866579.000000000	1396.000000000	0.000000000	25.000000000
1912291.000000000	1393.000000000	0.000000000	25.000000000
1948659.000000000	1415.000000000	0.000000000	25.000000000
1992705.000000000	1376.000000000	0.000000000	25.000000000
2029623.000000000	1370.000000000	0.000000000	24.000000000
2067042.000000000	1386.000000000	0.000000000	24.000000000
2101134.000000000	1387.000000000	0.000000000	21.000000000
2142112.000000000	1404.000000000	0.000000000	24.000000000
2176575.000000000	1374.000000000	0.000000000	24.000000000
2207671.000000000	1363.000000000	0.000000000	26.000000000
2251269.000000000	1390.000000000	0.000000000	25.000000000
2294664.000000000	1372.000000000	0.000000000	26.000000000
2330315.000000000	1387.000000000	0.000000000	26.000000000
2375875.000000000	1267.000000000	0.000000000	24.000000000
2412879.000000000	1407.000000000	0.000000000	27.000000000
2447289.000000000	1375.000000000	0.000000000	25.000000000
2494032.000000000	1322.000000000	0.000000000	24.000000000
2526177.000000000	1376.000000000	0.000000000	26.000000000
2563424.000000000	1370.000000000	0.000000000	25.000000000
2610175.000000000	1353.000000000	0.000000000	26.000000000
2648834.000000000	1375.000000000	0.000000000	25.000000000
2685946.000000000	1372.000000000	0.000000000	24.000000000
2725259.000000000	1361.000000000	0.000000000	26.000000000
2762585.000000000	1382.000000000	0.000000000	25.000000000
2806517.000000000	1367.000000000	0.000000000	25.000000000
2844889.000000000	1387.000000000	0.000000000	25.000000000
2882961.000000000	1372.000000000	0.000000000	26.000000000
2921395.000000000	1387.000000000	0.000000000	26.000000000
2956972.000000000	1408.000000000	0.000000000	25.000000000
2999410.000000000	1372.000000000	0.000000000	24.000000000
3036353.000000000	1415.000000000	0.000000000	25.000000000
3081110.000000000	1366.000000000	0.000000000	24.000000000
3117862.000000000	1378.000000000	0.000000000	24.000000000
3153595.000000000	1399.000000000	0.000000000	24.000000000
3200333.000000000	1369.000000000	0.000000000	24.000000000
3228323.000000000	1357.000000000	0.000000000	24.000000000
3262156.000000000	1394.000000000	0.000000000	24.000000000
3298072.000000000	1379.000000000	0.000000000	24.000000000
3337764.000000000	1370.000000000	0.000000000	25.000000000
3381277.000000000	1402.000000000	0.000000000	25.000000000
3425241.000000000	1378.000000000	0.000000000	24.000000000
3446155.000000000	1370.000000000	0.000000000	26.000000000
3492185.000000000	1213.000000000	0.000000000	22.000000000
3538099.000000000	1245.000000000	0.000000000	23.000000000
3569290.000000000	1411.000000000	0.000000000	26.000000000
3603931.000000000	1376.000000000	0.000000000	25.000000000
3643660.000000000	1358.000000000	0.000000000	25.000000000
3691468.000000000	1167.000000000	0.000000000	21.000000000
3732445.000000000	1362.000000000	0.000000000	25.000000000
3766700.000000000	1358.000000000	0.000000000	24.000000000
3806226.000000000	1354.000000000	0.000000000	24.000000000
3846335.000000000	1401.000000000	0.000000000	25.000000000
3885167.000000000	1381.000000000	0.000000000	25.000000000
3925443.000000000	1402.000000000	0.000000000	25.000000000
3956587.000000000	1420.000000000	0.000000000	24.000000000
3993567.000000000	1396.000000000	0.000000000	23.000000000
4030285.000000000	1383.000000000	0.000000000	25.000000000
4075391.000000000	1335.000000000	0.000000000	22.000000000
4102828.000000000	1415.000000000	0.000000000	21.000000000
4137557.000000000	1354.000000000	0.000000000	21.000000000
4169354.000000000	1380.000000000	0.000000000	26.000000000
4206557.000000000	1380.000000000	0.000000000	25.000000000
4246055.000000000	1413.000000000	0.000000000	26.000000000
4290629.000000000	1404.000000000	0.000000000	25.000000000
4325287.000000000	1406.000000000	0.000000000	25.000000000
4362538.000000000	1366.000000000	0.000000000	24.000000000
4404209.000000000	1386.000000000	0.000000000	24.000000000
4440010.000000000	1402.000000000	0.000000000	24.000000000
4478223.000000000	1364.000000000	0.000000000	24.000000000
4514255.000000000	1412.000000000	0.000000000	24.000000000
4553855.000000000	1384.000000000	0.000000000	25.000000000
4591958.000000000	1369.000000000	0.000000000	23.000000000
4622628.000000000	1395.000000000	0.000000000	23.000000000
4664423.000000000	1334.000000000	0.000000000	23.000000000
4691364.000000000	1382.000000000	0.000000000	24.000000000
4733542.000000000	1414.000000000	0.000000000	24.000000000
4772376.000000000	1372.000000000	0.000000000	23.000000000
4802866.000000000	1385.000000000	0.000000000	23.000000000
4847213.000000000	1409.000000000	0.000000000	25.000000000
4883231.000000000	1418.000000000	0.000000000	24.000000000
4919969.000000000	1393.000000000	0.000000000	24.000000000
4966009.000000000	1308.000000000	0.000000000	22.000000000
4990729.000000000	1380.000000000	0.000000000	23.000000000
5028882.000000000	1389.000000000	0.000000000	24.000000000
5068413.000000000	1417.000000000	0.000000000	25.000000000
5110497.000000000	1397.000000000	0.000000000	24.000000000
5146273.000000000	1365.000000000	0.000000000	25.000000000
5188681.000000000	1384.000000000	0.000000000	24.000000000
5216880.000000000	1374.000000000	0.000000000	25.000000000
5262110.000000000	1397.000000000	0.000000000	24.000000000
5292591.000000000	1394.000000000	0.000000000	25.000000000
5334706.000000000	1408.000000000	0.000000000	24.000000000
5370916.000000000	1420.000000000	0.000000000	25.000000000
5401685.000000000	1392.000000000	0.000000000	24.000000000
5446932.000000000	1339.000000000	0.000000000	23.000000000
5478937.000000000	1416.000000000	0.000000000	23.000000000
5519850.000000000	1393.000000000	0.000000000	24.000000000
5552325.000000000	1406.000000000	0.000000000	24.000000000
5592828.000000000	1370.000000000	0.000000000	23.000000000
5626378.000000000	1410.000000000	0.000000000	24.000000000
5668369.000000000	1396.000000000	0.000000000	23.000000000
5701605.000000000	1401.000000000	0.000000000	24.000000000
5744051.000000000	1383.000000000	0.000000000	24.000000000
5777543.000000000	1386.000000000	0.000000000	25.000000000
5807671.000000000	1420.000000000	0.000000000	24.000000000
5849597.000000000	1407.000000000	0.000000000	24.000000000
5890135.000000000	1374.000000000	0.000000000	24.000000000
5926105.000000000	1381.000000000	0.000000000	24.000000000
5958439.000000000	1398.000000000	0.000000000	24.000000000
5998400.000000000	1407.000000000	0.000000000	23.000000000
6030527.000000000	1366.000000000	0.000000000	23.000000000
6067214.000000000	1371.000000000	0.000000000	25.000000000
6104400.000000000	1409.000000000	0.000000000	25.000000000
6150871.000000000	1417.000000000	0.000000000	24.000000000
6185449.000000000	1399.000000000	0.000000000	24.000000000
6228644.000000000	1412.000000000	0.000000000	25.000000000
6259086.000000000	1365.000000000	0.000000000	24.000000000
6300358.000000000	1406.000000000	0.000000000	25.000000000
6347570.000000000	1354.000000000	0.000000000	24.000000000
6373824.000000000	1398.000000000	0.000000000	24.000000000
6411775.000000000	1396.000000000	0.000000000	25.000000000
6450143.000000000	1414.000000000	0.000000000	25.000000000
6492958.000000000	1402.000000000	0.000000000	25.000000000
6532838.000000000	1362.000000000	0.000000000	23.000000000
6561582.000000000	1361.000000000	0.000000000	25.000000000
6604180.000000000	1407.000000000	0.000000000	25.000000000
6637664.000000000	1402.000000000	0.000000000	24.000000000
6680175.000000000	1372.000000000	0.000000000	24.000000000
6720301.000000000	1399.000000000	0.000000000	25.000000000
6752146.000000000	1418.000000000	0.000000000	26.000000000
6793375.000000000	1382.000000000	0.000000000	25.000000000
6833489.000000000	1412.000000000	0.000000000	24.000000000
6869594.000000000	1376.000000000	0.000000000	23.000000000
6902528.000000000	1392.000000000	0.000000000	23.000000000
6941023.000000000	1366.000000000	0.000000000	24.000000000
6977622.000000000	1378.000000000	0.000000000	23.000000000
7020748.000000000	1397.000000000	0.000000000	24.000000000
7050367.000000000	1420.000000000	0.000000000	25.000000000
7093437.000000000	1411.000000000	0.000000000	26.000000000
7135551.000000000	1387.000000000	0.000000000	24.000000000
7168631.000000000	1418.000000000	0.000000000	25.000000000
7208272.000000000	1380.000000000	0.000000000	24.000000000
7244618.000000000	1390.000000000	0.000000000	24.000000000
7279525.000000000	1339.000000000	0.000000000	24.000000000
7312034.000000000	1378.000000000	0.000000000	24.000000000
7353293.000000000	1363.000000000	0.000000000	23.000000000
7398364.000000000	1388.000000000	0.000000000	25.000000000
7427082.000000000	1397.000000000	0.000000000	24.000000000
7468340.000000000	1384.000000000	0.000000000	25.000000000
7505498.000000000	1392.000000000	0.000000000	25.000000000
7547000.000000000	1405.000000000	0.000000000	25.000000000
7589853.000000000	1397.000000000	0.000000000	25.000000000
7626118.000000000	1393.000000000	0.000000000	25.000000000
7659081.000000000	1406.000000000	0.000000000	24.000000000
7696213.000000000	1416.000000000	0.000000000	25.000000000
7740019.000000000	1367.000000000	0.000000000	24.000000000
7784588.000000000	1366.000000000	0.000000000	25.000000000
7813584.000000000	1383.000000000	0.000000000	24.000000000
7857103.000000000	1373.000000000	0.000000000	25.000000000
7891001.000000000	1369.000000000	0.000000000	25.000000000
7932334.000000000	1390.000000000	0.000000000	25.000000000
7969146.000000000	1375.000000000	0.000000000	25.000000000
8007572.000000000	1389.000000000	0.000000000	25.000000000
8047598.000000000	1377.000000000	0.000000000	23.000000000
8077319.000000000	1413.000000000	0.000000000	19.000000000
8114084.000000000	1367.000000000	0.000000000	22.000000000
8146846.000000000	1409.000000000	0.000000000	24.000000000
8180201.000000000	1396.000000000	0.000000000	24.000000000
8219268.000000000	1375.000000000	0.000000000	24.000000000
8256943.000000000	1378.000000000	0.000000000	25.000000000
8299100.000000000	1371.000000000	0.000000000	24.000000000
8335353.000000000	1405.000000000	0.000000000	26.000000000
8366880.000000000	1370.000000000	0.000000000	23.000000000
8405762.000000000	1424.000000000	0.000000000	25.000000000
8445346.000000000	1375.000000000	0.000000000	24.000000000
8486327.000000000	1380.000000000	0.000000000	24.000000000
8526265.000000000	1356.000000000	0.000000000	24.000000000
8561656.000000000	1388.000000000	0.000000000	25.000000000
8597688.000000000	1406.000000000	0.000000000	25.000000000
8640482.000000000	1383.000000000	0.000000000	26.000000000
8682817.000000000	1362.000000000	0.000000000	25.000000000
8715156.000000000	1360.000000000	0.000000000	24.000000000
8751400.000000000	1398.000000000	0.000000000	25.000000000
8797719.000000000	1393.000000000	0.000000000	26.000000000
8835069.000000000	1385.000000000	0.000000000	26.000000000
8868530.000000000	1369.000000000	0.000000000	24.000000000
8911964.000000000	1388.000000000	0.000000000	25.000000000
8951490.000000000	1372.000000000	0.000000000	25.000000000
8989430.000000000	1402.000000000	0.000000000	25.000000000
9030659.000000000	1388.000000000	0.000000000	24.000000000
9063046.000000000	1363.000000000	0.000000000	24.000000000
9107284.000000000	1358.000000000	0.000000000	24.000000000
9148685.000000000	1365.000000000	0.000000000	25.000000000
9181426.000000000	1375.000000000	0.000000000	26.000000000
9219056.000000000	1371.000000000	0.000000000	24.000000000
9258858.000000000	1419.000000000	0.000000000	24.000000000
9297392.000000000	1372.000000000	0.000000000	24.000000000
9337338.000000000	1407.000000000	0.000000000	25.000000000
9377190.000000000	1414.000000000	0.000000000	26.000000000
9406116.000000000	1413.000000000	0.000000000	26.000000000
9450594.000000000	1419.000000000	0.000000000	24.000000000
9489018.000000000	1396.000000000	0.000000000	25.000000000
9520023.000000000	1398.000000000	0.000000000	24.000000000
9567386.000000000	1414.000000000	0.000000000	25.000000000
9599902.000000000	1385.000000000	0.000000000	25.000000000
9640516.000000000	1389.000000000	0.000000000	25.000000000
9679505.000000000	1381.000000000	0.000000000	25.000000000
9718766.000000000	1412.000000000	0.000000000	26.000000000
9760220.000000000	1357.000000000	0.000000000	24.000000000
9805410.000000000	1397.000000000	0.000000000	26.000000000
9826976.000000000	1381.000000000	0.000000000	25.000000000
9870919.000000000	1391.000000000	0.000000000	26.000000000
9914512.000000000	1355.000000000	0.000000000	25.000000000
9949600.000000000	1418.000000000	0.000000000	26.000000000
9992746.000000000	1393.000000000	0.000000000	25.000000000
10038125.000000000	1319.000000000	0.000000000	24.000000000
10068084.000000000	1380.000000000	0.000000000	24.000000000
10104279.000000000	1385.000000000	0.000000000	24.000000000
10146674.000000000	1379.000000000	0.000000000	24.000000000
10180913.000000000	1384.000000000	0.000000000	25.000000000
10212438.000000000	1370.000000000	0.000000000	25.000000000
10258175.000000000	1324.000000000	0.000000000	24.000000000
10298504.000000000	1366.000000000	0.000000000	25.000000000
10336217.000000000	1363.000000000	0.000000000	24.000000000
10373683.000000000	1372.000000000	0.000000000	25.000000000
10405566.000000000	1414.000000000	0.000000000	25.000000000
10449031.000000000	1368.000000000	0.000000000	25.000000000
10483384.000000000	1379.000000000	0.000000000	23.000000000
10517041.000000000	1380.000000000	0.000000000	24.000000000
10560285.000000000	1393.000000000	0.000000000	25.000000000
10599152.000000000	1396.000000000	0.000000000	24.000000000
10633042.000000000	1383.000000000	0.000000000	24.000000000
10671606.000000000	1418.000000000	0.000000000	24.000000000
10710832.000000000	1418.000000000	0.000000000	26.000000000
10751691.000000000	1353.000000000	0.000000000	25.000000000
10790096.000000000	1394.000000000	0.000000000	25.000000000
10830523.000000000	1390.000000000	0.000000000	25.000000000
10864996.000000000	1360.000000000	0.000000000	26.000000000
10907072.000000000	1403.000000000	0.000000000	26.000000000
10943475.000000000	1365.000000000	0.000000000	26.000000000
10989535.000000000	1285.000000000	0.000000000	23.000000000
11024639.000000000	1372.000000000	0.000000000	25.000000000
11069012.000000000	1385.000000000	0.000000000	25.000000000
11104936.000000000	1363.000000000	0.000000000	24.000000000
11150320.000000000	1262.000000000	0.000000000	22.000000000
11195500.000000000	1369.000000000	0.000000000	23.000000000
11236762.000000000	1391.000000000	0.000000000	24.000000000
11270465.000000000	1427.000000000	0.000000000	26.000000000
11316829.000000000	1265.000000000	0.000000000	22.000000000
11363598.000000000	1166.000000000	0.000000000	21.000000000
11392730.000000000	1374.000000000	0.000000000	24.000000000
11425564.000000000	1355.000000000	0.000000000	23.000000000
11456789.000000000	1362.000000000	0.000000000	24.000000000
11496271.000000000	1397.000000000	0.000000000	24.000000000
11529146.000000000	1373.000000000	0.000000000	24.000000000
11570654.000000000	1394.000000000	0.000000000	23.000000000
11606332.000000000	1368.000000000	0.000000000	25.000000000
11648156.000000000	1399.000000000	0.000000000	24.000000000
11680968.000000000	1361.000000000	0.000000000	24.000000000
11727335.000000000	1416.000000000	0.000000000	25.000000000
11756090.000000000	1385.000000000	0.000000000	25.000000000
11797707.000000000	1375.000000000	0.000000000	23.000000000
11836288.000000000	1428.000000000	0.000000000	25.000000000
11872166.000000000	1394.000000000	0.000000000	25.000000000
11915553.000000000	1330.000000000	0.000000000	22.000000000
11938339.000000000	1396.000000000	0.000000000	24.000000000
11979783.000000000	1397.000000000	0.000000000	25.000000000
12020437.000000000	1374.000000000	0.000000000	25.000000000
12054663.000000000	1422.000000000	0.000000000	21.000000000
12086675.000000000	1384.000000000	0.000000000	24.000000000
12127529.000000000	1396.000000000	0.000000000	24.000000000
12157899.000000000	1390.000000000	0.000000000	24.000000000
12203065.000000000	1275.000000000	0.000000000	23.000000000
12241205.000000000	1411.000000000	0.000000000	24.000000000
12280725.000000000	1401.000000000	0.000000000	24.000000000
12312447.000000000	1395.000000000	0.000000000	25.000000000
12350922.000000000	1404.000000000	0.000000000	23.000000000
12390983.000000000	1418.000000000	0.000000000	25.000000000
12430656.000000000	1415.000000000	0.000000000	25.000000000
12469729.000000000	1408.000000000	0.000000000	25.000000000
12503348.000000000	1392.000000000	0.000000000	25.000000000
12548489.000000000	1288.000000000	0.000000000	23.000000000
12589293.000000000	1420.000000000	0.000000000	26.000000000
12625176.000000000	1364.000000000	0.000000000	24.000000000
12667945.000000000	1400.000000000	0.000000000	25.000000000
12700759.000000000	1382.000000000	0.000000000	25.000000000
12739326.000000000	1380.000000000	0.000000000	24.000000000
12780876.000000000	1388.000000000	0.000000000	24.000000000
12806145.000000000	1364.000000000	0.000000000	25.000000000
12851688.000000000	1224.000000000	0.000000000	22.000000000
12887642.000000000	1371.000000000	0.000000000	24.000000000
12918399.000000000	1381.000000000	0.000000000	23.000000000
12961704.000000000	1378.000000000	0.000000000	24.000000000
12997419.000000000	1374.000000000	0.000000000	24.000000000
13031919.000000000	1357.000000000	0.000000000	24.000000000
13066040.000000000	1338.000000000	0.000000000	24.000000000
13105414.000000000	1392.000000000	0.000000000	24.000000000
13139265.000000000	1370.000000000	0.000000000	25.000000000
13182435.000000000	1403.000000000	0.000000000	26.000000000
13224161.000000000	1357.000000000	0.000000000	24.000000000
13270179.000000000	1044.000000000	0.000000000	18.000000000
13304172.000000000	1387.000000000	0.000000000	24.000000000
13351809.000000000	1339.000000000	0.000000000	23.000000000
13390959.000000000	1403.000000000	0.000000000	25.000000000
13436597.000000000	1416.000000000	0.000000000	25.000000000
13477758.000000000	1399.000000000	0.000000000	25.000000000
13509950.000000000	1404.000000000	0.000000000	25.000000000
13548232.000000000	1410.000000000	0.000000000	25.000000000
13587015.000000000	1362.000000000	0.000000000	24.000000000
13623277.000000000	1396.000000000	0.000000000	24.000000000
13654415.000000000	1402.000000000	0.000000000	24.000000000
13697049.000000000	1410.000000000	0.000000000	25.000000000
13732782.000000000	1404.000000000	0.000000000	24.000000000
13772637.000000000	1376.000000000	0.000000000	24.000000000
13823281.000000000	1347.000000000	0.000000000	24.000000000
13847404.000000000	1363.000000000	0.000000000	25.000000000
13892399.000000000	1369.000000000	0.000000000	25.000000000
13939068.000000000	1382.000000000	0.000000000	25.000000000
13978485.000000000	1410.000000000	0.000000000	25.000000000
14024898.000000000	1317.000000000	0.000000000	24.000000000
14060974.000000000	1418.000000000	0.000000000	26.000000000
14104529.000000000	1399.000000000	0.000000000	23.000000000
14136602.000000000	1393.000000000	0.000000000	23.000000000
14178041.000000000	1377.000000000	0.000000000	24.000000000
14223611.000000000	1380.000000000	0.000000000	25.000000000
14261632.000000000	1401.000000000	0.000000000	26.000000000
14300465.000000000	1389.000000000	0.000000000	25.000000000
14342033.000000000	1391.000000000	0.000000000	24.000000000
14367540.000000000	1393.000000000	0.000000000	26.000000000
14412567.000000000	1354.000000000	0.000000000	23.000000000
14445804.000000000	1373.000000000	0.000000000	24.000000000
14480773.000000000	1357.000000000	0.000000000	24.000000000
14523380.000000000	1407.000000000	0.000000000	24.000000000
14549243.000000000	1366.000000000	0.000000000	25.000000000
14590900.000000000	1368.000000000	0.000000000	25.000000000
14635550.000000000	1388.000000000	0.000000000	25.000000000
14672400.000000000	1360.000000000	0.000000000	24.000000000
14713461.000000000	1360.000000000	0.000000000	24.000000000
14744153.000000000	1397.000000000	0.000000000	24.000000000
14781763.000000000	1396.000000000	0.000000000	25.000000000
14827694.000000000	1220.000000000	0.000000000	21.000000000
14860359.000000000	1412.000000000	0.000000000	26.000000000
14904375.000000000	1432.000000000	0.000000000	25.000000000
14940200.000000000	1414.000000000	0.000000000	24.000000000
14976768.000000000	1369.000000000	0.000000000	24.000000000
15010248.000000000	1360.000000000	0.000000000	24.000000000
15055278.000000000	1361.000000000	0.000000000	23.000000000
15079956.000000000	1414.000000000	0.000000000	24.000000000
15118599.000000000	1376.000000000	0.000000000	23.000000000
15155328.000000000	1386.000000000	0.000000000	23.000000000
15189983.000000000	1385.000000000	0.000000000	24.000000000
15229596.000000000	1376.000000000	0.000000000	24.000000000
15269745.000000000	1406.000000000	0.000000000	24.000000000
15307165.000000000	1382.000000000	0.000000000	24.000000000
15350874.000000000	1356.000000000	0.000000000	25.000000000
15386940.000000000	1373.000000000	0.000000000	26.000000000
15422285.000000000	1415.000000000	0.000000000	27.000000000
15466740.000000000	1419.000000000	0.000000000	25.000000000
15499302.000000000	1419.000000000	0.000000000	26.000000000
15542722.000000000	1376.000000000	0.000000000	25.000000000
15573054.000000000	1382.000000000	0.000000000	26.000000000
15619761.000000000	1193.000000000	0.000000000	21.000000000
15649882.000000000	1397.000000000	0.000000000	25.000000000
15693440.000000000	1408.000000000	0.000000000	24.000000000
15721742.000000000	1353.000000000	0.000000000	23.000000000
15766998.000000000	1330.000000000	0.000000000	22.000000000
15796892.000000000	1431.000000000	0.000000000	24.000000000
15836654.000000000	1400.000000000	0.000000000	23.000000000
15872955.000000000	1402.000000000	0.000000000	24.000000000
15905669.000000000	1378.000000000	0.000000000	24.000000000
15942520.000000000	1375.000000000	0.000000000	24.000000000
15978201.000000000	1395.000000000	0.000000000	24.000000000
16020568.000000000	1385.000000000	0.000000000	23.000000000
16051216.000000000	1386.000000000	0.000000000	22.000000000
16090475.000000000	1354.000000000	0.000000000	24.000000000
16126149.000000000	1380.000000000	0.000000000	24.000000000
16159531.000000000	1372.000000000	0.000000000	24.000000000
16197691.000000000	1387.000000000	0.000000000	24.000000000
16238596.000000000	1391.000000000	0.000000000	25.000000000
16277875.000000000	1356.000000000	0.000000000	23.000000000
16312019.000000000	1385.000000000	0.000000000	24.000000000
16353835.000000000	1358.000000000	0.000000000	23.000000000
16394502.000000000	1382.000000000	0.000000000	24.000000000
16414832.000000000	1352.000000000	0.000000000	24.000000000
16459586.000000000	1393.000000000	0.000000000	24.000000000
16500901.000000000	1434.000000000	0.000000000	25.000000000
16533233.000000000	1378.000000000	0.000000000	25.000000000
16573976.000000000	1400.000000000	0.000000000	25.000000000
16613973.000000000	1378.000000000	0.000000000	23.000000000
16655288.000000000	1340.000000000	0.000000000	24.000000000
16684964.000000000	1372.000000000	0.000000000	24.000000000
16730073.000000000	1307.000000000	0.000000000	23.000000000
16764977.000000000	1425.000000000	0.000000000	25.000000000
16802381.000000000	1405.000000000	0.000000000	25.000000000
16839852.000000000	1372.000000000	0.000000000	23.000000000
16882533.000000000	1342.000000000	0.000000000	23.000000000
16913400.000000000	1358.000000000	0.000000000	23.000000000
16949646.000000000	1386.000000000	0.000000000	25.000000000
16983571.000000000	1394.000000000	0.000000000	25.000000000
17029162.000000000	1346.000000000	0.000000000	25.000000000
17060970.000000000	1377.000000000	0.000000000	24.000000000
17106666.000000000	1355.000000000	0.000000000	25.000000000
17136254.000000000	1361.000000000	0.000000000	25.000000000
17178872.000000000	1375.000000000	0.000000000	26.000000000
17219659.000000000	1372.000000000	0.000000000	25.000000000
17254536.000000000	1387.000000000	0.000000000	25.000000000
17298527.000000000	1408.000000000	0.000000000	24.000000000
17334218.000000000	1386.000000000	0.000000000	24.000000000
17377983.000000000	1382.000000000	0.000000000	25.000000000
17406808.000000000	1374.000000000	0.000000000	23.000000000
17451994.000000000	1387.000000000	0.000000000	25.000000000
17485315.000000000	1382.000000000	0.000000000	24.000000000
17521520.000000000	1406.000000000	0.000000000	24.000000000
17553894.000000000	1364.000000000	0.000000000	23.000000000
17601826.000000000	1405.000000000	0.000000000	24.000000000
17633176.000000000	1362.000000000	0.000000000	24.000000000
17666825.000000000	1382.000000000	0.000000000	24.000000000
17704276.000000000	1417.000000000	0.000000000	25.000000000
17744079.000000000	1395.000000000	0.000000000	24.000000000
17780271.000000000	1381.000000000	0.000000000	24.000000000
17821437.000000000	1392.000000000	0.000000000	24.000000000
17853531.000000000	1379.000000000	0.000000000	24.000000000
17894037.000000000	1401.000000000	0.000000000	25.000000000
17934457.000000000	1365.000000000	0.000000000	24.000000000
17973265.000000000	1411.000000000	0.000000000	25.000000000
18014625.000000000	1390.000000000	0.000000000	25.000000000
18051436.000000000	1354.000000000	0.000000000	23.000000000
18078997.000000000	1373.000000000	0.000000000	24.000000000
18124022.000000000	1354.000000000	0.000000000	24.000000000
18168845.000000000	1391.000000000	0.000000000	24.000000000
18197283.000000000	1372.000000000	0.000000000	26.000000000
18240373.000000000	1386.000000000	0.000000000	25.000000000
18278244.000000000	1396.000000000	0.000000000	26.000000000
18313099.000000000	1411.000000000	0.000000000	25.000000000
18361656.000000000	1322.000000000	0.000000000	23.000000000
18395554.000000000	1418.000000000	0.000000000	25.000000000
18428333.000000000	1358.000000000	0.000000000	23.000000000
18475030.000000000	1364.000000000	0.000000000	24.000000000
18498808.000000000	1364.000000000	0.000000000	24.000000000
18543927.000000000	1157.000000000	0.000000000	20.000000000
18584382.000000000	1401.000000000	0.000000000	24.000000000
18623747.000000000	1364.000000000	0.000000000	24.000000000
18662466.000000000	1364.000000000	0.000000000	24.000000000
18684854.000000000	1363.000000000	0.000000000	25.000000000
18729656.000000000	1422.000000000	0.000000000	24.000000000
18757868.000000000	1392.000000000	0.000000000	25.000000000
18797046.000000000	1371.000000000	0.000000000	25.000000000
18828107.000000000	1400.000000000	0.000000000	24.000000000
18866784.000000000	1372.000000000	0.000000000	23.000000000
18906730.000000000	1396.000000000	0.000000000	24.000000000
18947247.000000000	1430.000000000	0.000000000	24.000000000
18981583.000000000	1354.000000000	0.000000000	23.000000000
19019006.000000000	1417.000000000	0.000000000	24.000000000
19060311.000000000	1363.000000000	0.000000000	23.000000000
19089771.000000000	1391.000000000	0.000000000	24.000000000
19133160.000000000	1383.000000000	0.000000000	24.000000000
19169745.000000000	1353.000000000	0.000000000	24.000000000
19207385.000000000	1427.000000000	0.000000000	26.000000000
19244223.000000000	1366.000000000	0.000000000	25.000000000
19278142.000000000	1403.000000000	0.000000000	24.000000000
19311309.000000000	1373.000000000	0.000000000	23.000000000
19349101.000000000	1371.000000000	0.000000000	23.000000000
19393371.000000000	1387.000000000	0.000000000	24.000000000
19434996.000000000	1363.000000000	0.000000000	24.000000000
19470100.000000000	1389.000000000	0.000000000	24.000000000
19505270.000000000	1354.000000000	0.000000000	24.000000000
19544744.000000000	1368.000000000	0.000000000	25.000000000
19581024.000000000	1374.000000000	0.000000000	24.000000000
19618588.000000000	1392.000000000	0.000000000	24.000000000
19661660.000000000	1396.000000000	0.000000000	24.000000000
19688593.000000000	1354.000000000	0.000000000	23.000000000
19734462.000000000	1386.000000000	0.000000000	24.000000000
19771526.000000000	1391.000000000	0.000000000	25.000000000
19814225.000000000	1408.000000000	0.000000000	24.000000000
19840966.000000000	1414.000000000	0.000000000	26.000000000
19881191.000000000	1401.000000000	0.000000000	24.000000000
19917613.000000000	1389.000000000	0.000000000	25.000000000
19958229.000000000	1400.000000000	0.000000000	25.000000000
20000636.000000000	1393.000000000	0.000000000	24.000000000
20035300.000000000	1390.000000000	0.000000000	23.000000000
20071991.000000000	1382.000000000	0.000000000	22.000000000
20100644.000000000	1335.000000000	0.000000000	23.000000000
20141769.000000000	1372.000000000	0.000000000	24.000000000
20184574.000000000	1375.000000000	0.000000000	23.000000000
20219142.000000000	1363.000000000	0.000000000	24.000000000
20258295.000000000	1418.000000000	0.000000000	24.000000000
20289284.000000000	1386.000000000	0.000000000	25.000000000
20321981.000000000	1365.000000000	0.000000000	24.000000000
20364271.000000000	1395.000000000	0.000000000	24.000000000
20401625.000000000	1376.000000000	0.000000000	24.000000000
20432804.000000000	1391.000000000	0.000000000	24.000000000
20468656.000000000	1399.000000000	0.000000000	25.000000000
20512529.000000000	1399.000000000	0.000000000	23.000000000
20551300.000000000	1385.000000000	0.000000000	26.000000000
20580433.000000000	1377.000000000	0.000000000	23.000000000
20626824.000000000	1341.000000000	0.000000000	24.000000000
20667126.000000000	1372.000000000	0.000000000	24.000000000
20703165.000000000	1397.000000000	0.000000000	24.000000000
20741124.000000000	1379.000000000	0.000000000	24.000000000
20776782.000000000	1380.000000000	0.000000000	24.000000000
20810843.000000000	1397.000000000	0.000000000	24.000000000
20848847.000000000	1404.000000000	0.000000000	25.000000000
20889521.000000000	1404.000000000	0.000000000	25.000000000
20919054.000000000	1411.000000000	0.000000000	24.000000000
20959618.000000000	1409.000000000	0.000000000	24.000000000
21004276.000000000	1359.000000000	0.000000000	25.000000000
21040733.000000000	1364.000000000	0.000000000	25.000000000
21084580.000000000	1378.000000000	0.000000000	26.000000000
21118999.000000000	1390.000000000	0.000000000	25.000000000
21161691.000000000	1361.000000000	0.000000000	26.000000000
21205266.000000000	1405.000000000	0.000000000	25.000000000
21242726.000000000	1387.000000000	0.000000000	24.000000000
21272745.000000000	1382.000000000	0.000000000	24.000000000
21315261.000000000	1398.000000000	0.000000000	25.000000000
21352061.000000000	1369.000000000	0.000000000	25.000000000
21385232.000000000	1376.000000000	0.000000000	25.000000000
21425424.000000000	1397.000000000	0.000000000	24.000000000
21461684.000000000	1395.000000000	0.000000000	24.000000000
21503802.000000000	1395.000000000	0.000000000	25.000000000
21544279.000000000	1404.000000000	0.000000000	24.000000000
21581276.000000000	1396.000000000	0.000000000	25.000000000
21614931.000000000	1356.000000000	0.000000000	23.000000000
21652623.000000000	1395.000000000	0.000000000	24.000000000
21686244.000000000	1387.000000000	0.000000000	25.000000000
21726354.000000000	1424.000000000	0.000000000	24.000000000
21770272.000000000	1403.000000000	0.000000000	24.000000000
21809277.000000000	1407.000000000	0.000000000	25.000000000
21843238.000000000	1394.000000000	0.000000000	25.000000000
21879001.000000000	1397.000000000	0.000000000	25.000000000
21910022.000000000	1370.000000000	0.000000000	24.000000000
21949531.000000000	1376.000000000	0.000000000	24.000000000
21988451.000000000	1395.000000000	0.000000000	23.000000000
22025508.000000000	1364.000000000	0.000000000	23.000000000
22065850.000000000	1388.000000000	0.000000000	23.000000000
22099793.000000000	1397.000000000	0.000000000	25.000000000
22137173.000000000	1364.000000000	0.000000000	23.000000000
22175278.000000000	1389.000000000	0.000000000	24.000000000
22210618.000000000	1368.000000000	0.000000000	24.000000000
22249909.000000000	1419.000000000	0.000000000	24.000000000
22288290.000000000	1413.000000000	0.000000000	24.000000000
22324953.000000000	1368.000000000	0.000000000	23.000000000
22353360.000000000	1354.000000000	0.000000000	23.000000000
22391857.000000000	1388.000000000	0.000000000	24.000000000
22431621.000000000	1367.000000000	0.000000000	24.000000000
22466690.000000000	1389.000000000	0.000000000	25.000000000
22506758.000000000	1399.000000000	0.000000000	24.000000000
22540963.000000000	1409.000000000	0.000000000	25.000000000
22581719.000000000	1380.000000000	0.000000000	24.000000000
22619652.000000000	1373.000000000	0.000000000	24.000000000
22655363.000000000	1387.000000000	0.000000000	24.000000000
22692976.000000000	1366.000000000	0.000000000	22.000000000
22733289.000000000	1391.000000000	0.000000000	23.000000000
22769439.000000000	1405.000000000	0.000000000	22.000000000
22802107.000000000	1418.000000000	0.000000000	23.000000000
22844869.000000000	1400.000000000	0.000000000	23.000000000
22881300.000000000	1376.000000000	0.000000000	23.000000000
22906437.000000000	1409.000000000	0.000000000	24.000000000
22950082.000000000	1374.000000000	0.000000000	23.000000000
22981502.000000000	1396.000000000	0.000000000	24.000000000
23015049.000000000	1399.000000000	0.000000000	23.000000000
23053438.000000000	1430.000000000	0.000000000	24.000000000
23096523.000000000	1399.000000000	0.000000000	24.000000000
23128685.000000000	1400.000000000	0.000000000	24.000000000
23159851.000000000	1383.000000000	0.000000000	25.000000000
23199930.000000000	1380.000000000	0.000000000	23.000000000
23243195.000000000	1424.000000000	0.000000000	24.000000000
23276133.000000000	1402.000000000	0.000000000	24.000000000
23313748.000000000	1382.000000000	0.000000000	23.000000000
23354608.000000000	1384.000000000	0.000000000	24.000000000
23381919.000000000	1382.000000000	0.000000000	25.000000000
23424386.000000000	1360.000000000	0.000000000	25.000000000
23466435.000000000	1423.000000000	0.000000000	25.000000000
23502699.000000000	1401.000000000	0.000000000	25.000000000
23544853.000000000	1378.000000000	0.000000000	24.000000000
23573060.000000000	1370.000000000	0.000000000	23.000000000
23615743.000000000	1373.000000000	0.000000000	23.000000000
23648128.000000000	1389.000000000	0.000000000	24.000000000
23685679.000000000	1376.000000000	0.000000000	24.000000000
23723698.000000000	1376.000000000	0.000000000	24.000000000
23757376.000000000	1370.000000000	0.000000000	23.000000000
23796811.000000000	1388.000000000	0.000000000	25.000000000
23834643.000000000	1417.000000000	0.000000000	24.000000000
23872606.000000000	1364.000000000	0.000000000	23.000000000
23913079.000000000	1412.000000000	0.000000000	24.000000000
23939892.000000000	1381.000000000	0.000000000	24.000000000
23978654.000000000	1373.000000000	0.000000000	24.000000000
24008347.000000000	1397.000000000	0.000000000	22.000000000
24041138.000000000	1389.000000000	0.000000000	22.000000000
24078822.000000000	1364.000000000	0.000000000	22.000000000
24119524.000000000	1382.000000000	0.000000000	23.000000000
24150445.000000000	1375.000000000	0.000000000	24.000000000
24195124.000000000	1341.000000000	0.000000000	24.000000000
24225745.000000000	1399.000000000	0.000000000	25.000000000
24266355.000000000	1374.000000000	0.000000000	24.000000000
24299273.000000000	1384.000000000	0.000000000	25.000000000
24346979.000000000	1369.000000000	0.000000000	24.000000000
24383896.000000000	1398.000000000	0.000000000	24.000000000
24428135.000000000	1377.000000000	0.000000000	24.000000000
24462366.000000000	1371.000000000	0.000000000	23.000000000
24508640.000000000	1404.000000000	0.000000000	25.000000000
24540962.000000000	1375.000000000	0.000000000	24.000000000
24579096.000000000	1372.000000000	0.000000000	22.000000000
24621483.000000000	1375.000000000	0.000000000	22.000000000
24666849.000000000	1360.000000000	0.000000000	22.000000000
24695169.000000000	1367.000000000	0.000000000	23.000000000
24741999.000000000	1349.000000000	0.000000000	23.000000000
24779814.000000000	1410.000000000	0.000000000	24.000000000
24813953.000000000	1368.000000000	0.000000000	24.000000000
24841605.000000000	1362.000000000	0.000000000	23.000000000
24883937.000000000	1380.000000000	0.000000000	23.000000000
24925466.000000000	1379.000000000	0.000000000	23.000000000
24967535.000000000	1419.000000000	0.000000000	25.000000000
25009995.000000000	1367.000000000	0.000000000	23.000000000
25039518.000000000	1366.000000000	0.000000000	23.000000000
25077813.000000000	1367.000000000	0.000000000	23.000000000
25110339.000000000	1400.000000000	0.000000000	23.000000000
25145397.000000000	1381.000000000	0.000000000	23.000000000
25177661.000000000	1398.000000000	0.000000000	23.000000000
25216886.000000000	1405.000000000	0.000000000	23.000000000
25254355.000000000	1392.000000000	0.000000000	24.000000000
25292916.000000000	1386.000000000	0.000000000	24.000000000
25325035.000000000	1386.000000000	0.000000000	25.000000000
25367677.000000000	1381.000000000	0.000000000	23.000000000
25401431.000000000	1388.000000000	0.000000000	23.000000000
25438336.000000000	1394.000000000	0.000000000	23.000000000
25474128.000000000	1361.000000000	0.000000000	24.000000000
25508813.000000000	1405.000000000	0.000000000	24.000000000
25548624.000000000	1366.000000000	0.000000000	23.000000000
25587602.000000000	1371.000000000	0.000000000	23.000000000
25624117.000000000	1389.000000000	0.000000000	23.000000000
25648832.000000000	1378.000000000	0.000000000	24.000000000
25695533.000000000	1317.000000000	0.000000000	22.000000000
25720508.000000000	1387.000000000	0.000000000	23.000000000
25761476.000000000	1368.000000000	0.000000000	23.000000000
25801236.000000000	1394.000000000	0.000000000	24.000000000
25834297.000000000	1408.000000000	0.000000000	25.000000000
25871967.000000000	1382.000000000	0.000000000	23.000000000
25907074.000000000	1370.000000000	0.000000000	24.000000000
25953074.000000000	1247.000000000	0.000000000	21.000000000
25980284.000000000	1396.000000000	0.000000000	24.000000000
26019467.000000000	1415.000000000	0.000000000	23.000000000
26052895.000000000	1357.000000000	0.000000000	23.000000000
26086801.000000000	1406.000000000	0.000000000	25.000000000
26122480.000000000	1383.000000000	0.000000000	24.000000000
26156956.000000000	1371.000000000	0.000000000	23.000000000
26196244.000000000	1393.000000000	0.000000000	23.000000000
26225556.000000000	1366.000000000	0.000000000	23.000000000
26269225.000000000	1393.000000000	0.000000000	24.000000000
26304071.000000000	1378.000000000	0.000000000	23.000000000
26341672.000000000	1390.000000000	0.000000000	24.000000000
26383474.000000000	1378.000000000	0.000000000	24.000000000
26411971.000000000	1417.000000000	0.000000000	23.000000000
26450627.000000000	1399.000000000	0.000000000	23.000000000
26482464.000000000	1369.000000000	0.000000000	23.000000000
26529321.000000000	897.000000000	0.000000000	16.000000000
26557991.000000000	1387.000000000	0.000000000	23.000000000
26599610.000000000	1398.000000000	0.000000000	24.000000000
26633181.000000000	1373.000000000	0.000000000	23.000000000
26674946.000000000	1424.000000000	0.000000000	24.000000000
26703023.000000000	1390.000000000	0.000000000	23.000000000
26740467.000000000	1392.000000000	0.000000000	24.000000000
26773821.000000000	1398.000000000	0.000000000	25.000000000
26812951.000000000	1405.000000000	0.000000000	25.000000000
26847468.000000000	1379.000000000	0.000000000	24.000000000
26887308.000000000	1381.000000000	0.000000000	25.000000000
26928284.000000000	1379.000000000	0.000000000	26.000000000
26960337.000000000	1386.000000000	0.000000000	25.000000000
27006268.000000000	1392.000000000	0.000000000	25.000000000
27038579.000000000	1380.000000000	0.000000000	25.000000000
27073824.000000000	1390.000000000	0.000000000	24.000000000
27110294.000000000	1386.000000000	0.000000000	24.000000000
27152867.000000000	1358.000000000	0.000000000	24.000000000
27187354.000000000	1413.000000000	0.000000000	24.000000000
27228456.000000000	1410.000000000	0.000000000	24.000000000
27259787.000000000	1356.000000000	0.000000000	23.000000000
27307898.000000000	1401.000000000	0.000000000	25.000000000
27335354.000000000	1364.000000000	0.000000000	24.000000000
27378627.000000000	1375.000000000	0.000000000	25.000000000
27416897.000000000	1380.000000000	0.000000000	25.000000000
27447268.000000000	1362.000000000	0.000000000	23.000000000
27487085.000000000	1382.000000000	0.000000000	24.000000000
27532100.000000000	1343.000000000	0.000000000	23.000000000
27558865.000000000	1393.000000000	0.000000000	25.000000000
27601420.000000000	1379.000000000	0.000000000	24.000000000
27635057.000000000	1376.000000000	0.000000000	25.000000000
27673072.000000000	1376.000000000	0.000000000	24.000000000
27709907.000000000	1402.000000000	0.000000000	24.000000000
27754567.000000000	1367.000000000	0.000000000	23.000000000
27786461.000000000	1419.000000000	0.000000000	25.000000000
27833333.000000000	1204.000000000	0.000000000	22.000000000
27865757.000000000	1362.000000000	0.000000000	24.000000000
27900831.000000000	1380.000000000	0.000000000	25.000000000
27936545.000000000	1385.000000000	0.000000000	24.000000000
27973878.000000000	1381.000000000	0.000000000	24.000000000
27998145.000000000	1355.000000000	0.000000000	21.000000000
28040178.000000000	1386.000000000	0.000000000	23.000000000
28085657.000000000	1353.000000000	0.000000000	23.000000000
28124996.000000000	1383.000000000	0.000000000	25.000000000
28163197.000000000	1373.000000000	0.000000000	23.000000000
28203246.000000000	1354.000000000	0.000000000	24.000000000
28234607.000000000	1383.000000000	0.000000000	25.000000000
28279439.000000000	1386.000000000	0.000000000	24.000000000
28311315.000000000	1419.000000000	0.000000000	24.000000000
28349352.000000000	1390.000000000	0.000000000	23.000000000
28384060.000000000	1392.000000000	0.000000000	24.000000000
28418899.000000000	1387.000000000	0.000000000	24.000000000
28455865.000000000	1360.000000000	0.000000000	24.000000000
28487778.000000000	1386.000000000	0.000000000	23.000000000
28529740.000000000	1407.000000000	0.000000000	24.000000000
28567746.000000000	1376.000000000	0.000000000	24.000000000
28605110.000000000	1425.000000000	0.000000000	24.000000000
28638136.000000000	1376.000000000	0.000000000	25.000000000
28680040.000000000	1402.000000000	0.000000000	24.000000000
28722604.000000000	1386.000000000	0.000000000	25.000000000
28763174.000000000	1392.000000000	0.000000000	25.000000000
28800874.000000000	1394.000000000	0.000000000	25.000000000
28843584.000000000	1418.000000000	0.000000000	26.000000000
28876347.000000000	1357.000000000	0.000000000	24.000000000
28917447.000000000	1392.000000000	0.000000000	24.000000000
28959534.000000000	1380.000000000	0.000000000	25.000000000
28996943.000000000	1398.000000000	0.000000000	25.000000000
29036247.000000000	1410.000000000	0.000000000	24.000000000
29075362.000000000	1367.000000000	0.000000000	24.000000000
29108309.000000000	1398.000000000	0.000000000	24.000000000
29145454.000000000	1378.000000000	0.000000000	24.000000000
29181793.000000000	1404.000000000	0.000000000	26.000000000
29222590.000000000	1361.000000000	0.000000000	24.000000000
29253039.000000000	1374.000000000	0.000000000	23.000000000
29295613.000000000	1378.000000000	0.000000000	22.000000000
29329797.000000000	1375.000000000	0.000000000	23.000000000
29366136.000000000	1370.000000000	0.000000000	24.000000000
29397698.000000000	1405.000000000	0.000000000	24.000000000
29443712.000000000	1411.000000000	0.000000000	24.000000000
29473600.000000000	1373.000000000	0.000000000	25.000000000
29512259.000000000	1391.000000000	0.000000000	25.000000000
29544481.000000000	1362.000000000	0.000000000	24.000000000
29584672.000000000	1396.000000000	0.000000000	24.000000000
29618133.000000000	1372.000000000	0.000000000	24.000000000
29660880.000000000	1367.000000000	0.000000000	24.000000000
29695782.000000000	1391.000000000	0.000000000	24.000000000
29735267.000000000	1396.000000000	0.000000000	24.000000000
29773730.000000000	1371.000000000	0.000000000	24.000000000
29811231.000000000	1374.000000000	0.000000000	24.000000000
29856826.000000000	1408.000000000	0.000000000	25.000000000
29885239.000000000	1401.000000000	0.000000000	24.000000000
29930427.000000000	1168.000000000	0.000000000	21.000000000
29955459.000000000	1365.000000000	0.000000000	23.000000000
29995646.000000000	1391.000000000	0.000000000	25.000000000
30035099.000000000	1337.000000000	0.000000000	23.000000000
30068974.000000000	1370.000000000	0.000000000	23.000000000
30107676.000000000	1423.000000000	0.000000000	24.000000000
30143115.000000000	1370.000000000	0.000000000	24.000000000
30184612.000000000	1387.000000000	0.000000000	24.000000000
30216405.000000000	1364.000000000	0.000000000	23.000000000
30258065.000000000	1411.000000000	0.000000000	24.000000000
30292272.000000000	1415.000000000	0.000000000	25.000000000
30325403.000000000	1381.000000000	0.000000000	24.000000000
30369929.000000000	1390.000000000	0.000000000	24.000000000
30405689.000000000	1366.000000000	0.000000000	23.000000000
30438702.000000000	1389.000000000	0.000000000	24.000000000
30472166.000000000	1377.000000000	0.000000000	24.000000000
30509845.000000000	1388.000000000	0.000000000	24.000000000
30551613.000000000	1375.000000000	0.000000000	23.000000000
30589216.000000000	1401.000000000	0.000000000	24.000000000
30625387.000000000	1415.000000000	0.000000000	23.000000000
30655777.000000000	1372.000000000	0.000000000	24.000000000
30695560.000000000	1392.000000000	0.000000000	25.000000000
30739567.000000000	1380.000000000	0.000000000	25.000000000
30776931.000000000	1387.000000000	0.000000000	24.000000000
30816928.000000000	1371.000000000	0.000000000	24.000000000
30844949.000000000	1390.000000000	0.000000000	24.000000000
30891035.000000000	1353.000000000	0.000000000	24.000000000
30929268.000000000	1350.000000000	0.000000000	24.000000000
30959274.000000000	1399.000000000	0.000000000	25.000000000
31004469.000000000	1398.000000000	0.000000000	24.000000000
31036934.000000000	1365.000000000	0.000000000	24.000000000
31076083.000000000	1372.000000000	0.000000000	24.000000000
31118945.000000000	1377.000000000	0.000000000	25.000000000
31154150.000000000	1370.000000000	0.000000000	25.000000000
31193747.000000000	1412.000000000	0.000000000	25.000000000
31222875.000000000	1381.000000000	0.000000000	24.000000000
31268756.000000000	1261.000000000	0.000000000	22.000000000
31301059.000000000	1364.000000000	0.000000000	24.000000000
31344083.000000000	1373.000000000	0.000000000	24.000000000
31390854.000000000	1301.000000000	0.000000000	23.000000000
31422288.000000000	1371.000000000	0.000000000	23.000000000
31458405.000000000	1376.000000000	0.000000000	25.000000000
31487058.000000000	1393.000000000	0.000000000	25.000000000
31537124.000000000	1314.000000000	0.000000000	23.000000000
31571559.000000000	1374.000000000	0.000000000	25.000000000
31603687.000000000	1408.000000000	0.000000000	24.000000000
31638750.000000000	1401.000000000	0.000000000	24.000000000
31677942.000000000	1414.000000000	0.000000000	24.000000000
31723423.000000000	1330.000000000	0.000000000	23.000000000
31765829.000000000	1410.000000000	0.000000000	25.000000000
31812522.000000000	1422.000000000	0.000000000	25.000000000
31854850.000000000	1401.000000000	0.000000000	24.000000000
31893773.000000000	1391.000000000	0.000000000	24.000000000
31926639.000000000	1414.000000000	0.000000000	24.000000000
31967721.000000000	1427.000000000	0.000000000	24.000000000
31998245.000000000	1407.000000000	0.000000000	22.000000000
32041468.000000000	1395.000000000	0.000000000	23.000000000
32073464.000000000	1413.000000000	0.000000000	24.000000000
32113862.000000000	1383.000000000	0.000000000	24.000000000
32152797.000000000	1388.000000000	0.000000000	25.000000000
32189658.000000000	1401.000000000	0.000000000	25.000000000
32225508.000000000	1403.000000000	0.000000000	25.000000000
32269536.000000000	1405.000000000	0.000000000	25.000000000
32301631.000000000	1375.000000000	0.000000000	25.000000000
32343147.000000000	1366.000000000	0.000000000	25.000000000
32379520.000000000	1395.000000000	0.000000000	25.000000000
32421056.000000000	1391.000000000	0.000000000	25.000000000
32455695.000000000	1365.000000000	0.000000000	23.000000000
32500402.000000000	1413.000000000	0.000000000	25.000000000
32530141.000000000	1389.000000000	0.000000000	25.000000000
32571359.000000000	1408.000000000	0.000000000	24.000000000
32596980.000000000	1389.000000000	0.000000000	24.000000000
32642211.000000000	1237.000000000	0.000000000	23.000000000
32681705.000000000	1352.000000000	0.000000000	25.000000000
32717312.000000000	1375.000000000	0.000000000	26.000000000
32753359.000000000	1365.000000000	0.000000000	26.000000000
32794885.000000000	1391.000000000	0.000000000	26.000000000
32840826.000000000	1375.000000000	0.000000000	26.000000000
32878607.000000000	1374.000000000	0.000000000	25.000000000
32916232.000000000	1367.000000000	0.000000000	24.000000000
32955371.000000000	1379.000000000	0.000000000	24.000000000
32999032.000000000	1383.000000000	0.000000000	25.000000000
33035641.000000000	1391.000000000	0.000000000	25.000000000
33070126.000000000	1429.000000000	0.000000000	24.000000000
33106824.000000000	1377.000000000	0.000000000	24.000000000
33154445.000000000	1382.000000000	0.000000000	25.000000000
33183990.000000000	1396.000000000	0.000000000	24.000000000
33225869.000000000	1370.000000000	0.000000000	24.000000000
33267069.000000000	1400.000000000	0.000000000	25.000000000
33308401.000000000	1394.000000000	0.000000000	24.000000000
33336476.000000000	1364.000000000	0.000000000	25.000000000
33375234.000000000	1411.000000000	0.000000000	25.000000000
33419780.000000000	1382.000000000	0.000000000	25.000000000
33460934.000000000	1380.000000000	0.000000000	24.000000000
33494365.000000000	1367.000000000	0.000000000	25.000000000
33540995.000000000	1390.000000000	0.000000000	25.000000000
33586118.000000000	1418.000000000	0.000000000	25.000000000
33616629.000000000	1412.000000000	0.000000000	26.000000000
33658839.000000000	1356.000000000	0.000000000	25.000000000
33703375.000000000	1378.000000000	0.000000000	25.000000000
33737557.000000000	1378.000000000	0.000000000	25.000000000
33770291.000000000	1384.000000000	0.000000000	25.000000000
33815559.000000000	1324.000000000	0.000000000	24.000000000
33851824.000000000	1386.000000000	0.000000000	26.000000000
33890165.000000000	1400.000000000	0.000000000	25.000000000
33934522.000000000	1380.000000000	0.000000000	25.000000000
33967244.000000000	1365.000000000	0.000000000	24.000000000
34007759.000000000	1389.000000000	0.000000000	25.000000000
34049614.000000000	1377.000000000	0.000000000	25.000000000
34084746.000000000	1411.000000000	0.000000000	24.000000000
34125990.000000000	1422.000000000	0.000000000	25.000000000
34164811.000000000	1396.000000000	0.000000000	24.000000000
34197365.000000000	1384.000000000	0.000000000	25.000000000
34231082.000000000	1355.000000000	0.000000000	24.000000000
34273613.000000000	1400.000000000	0.000000000	25.000000000
34311272.000000000	1366.000000000	0.000000000	24.000000000
34345487.000000000	1400.000000000	0.000000000	25.000000000
34388872.000000000	1390.000000000	0.000000000	24.000000000
34427752.000000000	1411.000000000	0.000000000	25.000000000
34462968.000000000	1380.000000000	0.000000000	24.000000000
34506635.000000000	1380.000000000	0.000000000	24.000000000
34545349.000000000	1376.000000000	0.000000000	23.000000000
34579599.000000000	1406.000000000	0.000000000	26.000000000
34615083.000000000	1377.000000000	0.000000000	24.000000000
34656640.000000000	1395.000000000	0.000000000	25.000000000
34691963.000000000	1382.000000000	0.000000000	24.000000000
34735680.000000000	1381.000000000	0.000000000	24.000000000
34772845.000000000	1371.000000000	0.000000000	23.000000000
34805690.000000000	1411.000000000	0.000000000	25.000000000
34839187.000000000	1423.000000000	0.000000000	24.000000000
34880551.000000000	1394.000000000	0.000000000	24.000000000
34913922.000000000	1417.000000000	0.000000000	24.000000000
34953595.000000000	1385.000000000	0.000000000	24.000000000
34995227.000000000	1360.000000000	0.000000000	24.000000000
35034470.000000000	1398.000000000	0.000000000	25.000000000
35069833.000000000	1413.000000000	0.000000000	24.000000000
35111630.000000000	1365.000000000	0.000000000	25.000000000
35147730.000000000	1421.000000000	0.000000000	25.000000000
35190081.000000000	1398.000000000	0.000000000	23.000000000
35232445.000000000	1364.000000000	0.000000000	24.000000000
35269815.000000000	1370.000000000	0.000000000	24.000000000
35300072.000000000	1389.000000000	0.000000000	24.000000000
35343227.000000000	1399.000000000	0.000000000	24.000000000
35371946.000000000	1378.000000000	0.000000000	24.000000000
35409284.000000000	1386.000000000	0.000000000	25.000000000
35451207.000000000	1382.000000000	0.000000000	24.000000000
35482389.000000000	1391.000000000	0.000000000	24.000000000
35519876.000000000	1383.000000000	0.000000000	24.000000000
35560361.000000000	1414.000000000	0.000000000	24.000000000
35607397.000000000	1433.000000000	0.000000000	25.000000000
35641067.000000000	1373.000000000	0.000000000	25.000000000
35674096.000000000	1389.000000000	0.000000000	24.000000000
35716483.000000000	1406.000000000	0.000000000	24.000000000
35754178.000000000	1332.000000000	0.000000000	24.000000000
35789945.000000000	1394.000000000	0.000000000	26.000000000
35829289.000000000	1359.000000000	0.000000000	24.000000000
35875867.000000000	1403.000000000	0.000000000	26.000000000
35913238.000000000	1428.000000000	0.000000000	25.000000000
35943842.000000000	1462.000000000	0.000000000	25.000000000
35975204.000000000	1371.000000000	0.000000000	21.000000000
36016563.000000000	1432.000000000	0.000000000	24.000000000
36051389.000000000	1364.000000000	0.000000000	24.000000000
36096241.000000000	1356.000000000	0.000000000	24.000000000
36134790.000000000	1407.000000000	0.000000000	26.000000000
36172712.000000000	1397.000000000	0.000000000	25.000000000
36212233.000000000	1410.000000000	0.000000000	25.000000000
36255700.000000000	1383.000000000	0.000000000	25.000000000
36290389.000000000	1372.000000000	0.000000000	24.000000000
36320313.000000000	1372.000000000	0.000000000	23.000000000
36361831.000000000	1404.000000000	0.000000000	25.000000000
36403317.000000000	1378.000000000	0.000000000	24.000000000
36435570.000000000	1398.000000000	0.000000000	25.000000000
36468447.000000000	1364.000000000	0.000000000	25.000000000
36511908.000000000	1361.000000000	0.000000000	25.000000000
36553497.000000000	1365.000000000	0.000000000	25.000000000
36589395.000000000	1397.000000000	0.000000000	24.000000000
36632961.000000000	1404.000000000	0.000000000	25.000000000
36675691.000000000	1423.000000000	0.000000000	24.000000000
36703505.000000000	1386.000000000	0.000000000	25.000000000
36743268.000000000	1412.000000000	0.000000000	24.000000000
36789489.000000000	1303.000000000	0.000000000	23.000000000
36817980.000000000	1364.000000000	0.000000000	25.000000000
36857557.000000000	1394.000000000	0.000000000	25.000000000
36903095.000000000	1305.000000000	0.000000000	23.000000000
36934552.000000000	1374.000000000	0.000000000	25.000000000
36974588.000000000	1402.000000000	0.000000000	24.000000000
37011557.000000000	1392.000000000	0.000000000	24.000000000
37051273.000000000	1376.000000000	0.000000000	24.000000000
37074590.000000000	1377.000000000	0.000000000	24.000000000
37122346.000000000	1020.000000000	0.000000000	18.000000000
37148559.000000000	1363.000000000	0.000000000	23.000000000
37181136.000000000	1388.000000000	0.000000000	25.000000000
37227944.000000000	1362.000000000	0.000000000	25.000000000
37261308.000000000	1347.000000000	0.000000000	25.000000000
37296147.000000000	1373.000000000	0.000000000	24.000000000
37338724.000000000	1397.000000000	0.000000000	25.000000000
37374842.000000000	1381.000000000	0.000000000	25.000000000
37412566.000000000	1393.000000000	0.000000000	24.000000000
37442897.000000000	1404.000000000	0.000000000	25.000000000
37485400.000000000	1420.000000000	0.000000000	25.000000000
37522727.000000000	1402.000000000	0.000000000	24.000000000
37563144.000000000	1398.000000000	0.000000000	25.000000000
37603254.000000000	1363.000000000	0.000000000	24.000000000
37641922.000000000	1371.000000000	0.000000000	24.000000000
37679552.000000000	1413.000000000	0.000000000	25.000000000
37712805.000000000	1364.000000000	0.000000000	24.000000000
37754135.000000000	1367.000000000	0.000000000	23.000000000
37781944.000000000	1355.000000000	0.000000000	25.000000000
37826503.000000000	1383.000000000	0.000000000	25.000000000
37871945.000000000	1422.000000000	0.000000000	25.000000000
37908127.000000000	1360.000000000	0.000000000	24.000000000
37937978.000000000	1433.000000000	0.000000000	25.000000000
37982332.000000000	1399.000000000	0.000000000	27.000000000
38023577.000000000	1402.000000000	0.000000000	25.000000000
38068732.000000000	1302.000000000	0.000000000	24.000000000
38100022.000000000	1371.000000000	0.000000000	25.000000000
38137418.000000000	1367.000000000	0.000000000	25.000000000
38181332.000000000	1401.000000000	0.000000000	25.000000000
38222226.000000000	1382.000000000	0.000000000	25.000000000
38253984.000000000	1381.000000000	0.000000000	25.000000000
38291045.000000000	1380.000000000	0.000000000	25.000000000
38328152.000000000	1378.000000000	0.000000000	24.000000000
38363090.000000000	1384.000000000	0.000000000	24.000000000
38408455.000000000	1296.000000000	0.000000000	23.000000000
38439582.000000000	1407.000000000	0.000000000	26.000000000
38476664.000000000	1376.000000000	0.000000000	24.000000000
38513600.000000000	1364.000000000	0.000000000	25.000000000
38548518.000000000	1388.000000000	0.000000000	24.000000000
38594399.000000000	1307.000000000	0.000000000	23.000000000
38628709.000000000	1375.000000000	0.000000000	24.000000000
38669022.000000000	1395.000000000	0.000000000	24.000000000
38712762.000000000	1375.000000000	0.000000000	23.000000000
38745791.000000000	1388.000000000	0.000000000	24.000000000
38780768.000000000	1356.000000000	0.000000000	24.000000000
38817383.000000000	1412.000000000	0.000000000	25.000000000
38855545.000000000	1382.000000000	0.000000000	24.000000000
38890196.000000000	1363.000000000	0.000000000	23.000000000
38934588.000000000	1368.000000000	0.000000000	24.000000000
38968598.000000000	1407.000000000	0.000000000	24.000000000
39007496.000000000	1363.000000000	0.000000000	24.000000000
39040542.000000000	1365.000000000	0.000000000	25.000000000
39076786.000000000	1417.000000000	0.000000000	25.000000000
39116689.000000000	1362.000000000	0.000000000	24.000000000
39158605.000000000	1369.000000000	0.000000000	24.000000000
39197917.000000000	1369.000000000	0.000000000	24.000000000
39236854.000000000	1367.000000000	0.000000000	24.000000000
39274728.000000000	1420.000000000	0.000000000	26.000000000
39306568.000000000	1377.000000000	0.000000000	25.000000000
39351707.000000000	1271.000000000	0.000000000	23.000000000
39391174.000000000	1375.000000000	0.000000000	24.000000000
39418819.000000000	1393.000000000	0.000000000	24.000000000
39462293.000000000	1394.000000000	0.000000000	23.000000000
39496025.000000000	1380.000000000	0.000000000	24.000000000
39537287.000000000	1403.000000000	0.000000000	26.000000000
39575531.000000000	1405.000000000	0.000000000	25.000000000
39617341.000000000	1400.000000000	0.000000000	24.000000000
39650417.000000000	1370.000000000	0.000000000	24.000000000
39690428.000000000	1379.000000000	0.000000000	24.000000000
39726520.000000000	1418.000000000	0.000000000	25.000000000
39768589.000000000	1369.000000000	0.000000000	25.000000000
39804276.000000000	1373.000000000	0.000000000	23.000000000
39844273.000000000	1354.000000000	0.000000000	23.000000000
39883162.000000000	1389.000000000	0.000000000	23.000000000
39921385.000000000	1420.000000000	0.000000000	26.000000000
39953570.000000000	1379.000000000	0.000000000	22.000000000
39981764.000000000	1392.000000000	0.000000000	23.000000000
40024772.000000000	1405.000000000	0.000000000	22.000000000
40055037.000000000	1373.000000000	0.000000000	26.000000000
40097973.000000000	1408.000000000	0.000000000	24.000000000
40132064.000000000	1361.000000000	0.000000000	23.000000000
40167196.000000000	1394.000000000	0.000000000	24.000000000
40203042.000000000	1373.000000000	0.000000000	24.000000000
40244254.000000000	1422.000000000	0.000000000	24.000000000
40272580.000000000	1397.000000000	0.000000000	24.000000000
40313664.000000000	1402.000000000	0.000000000	24.000000000
40355269.000000000	1387.000000000	0.000000000	22.000000000
40397623.000000000	1403.000000000	0.000000000	24.000000000
40427915.000000000	1378.000000000	0.000000000	24.000000000
40470886.000000000	1405.000000000	0.000000000	24.000000000
40499426.000000000	1376.000000000	0.000000000	26.000000000
40547318.000000000	1318.000000000	0.000000000	24.000000000
40581553.000000000	1394.000000000	0.000000000	25.000000000
40622318.000000000	1393.000000000	0.000000000	23.000000000
40652390.000000000	1372.000000000	0.000000000	24.000000000
40695643.000000000	1376.000000000	0.000000000	24.000000000
40737124.000000000	1394.000000000	0.000000000	24.000000000
40772737.000000000	1354.000000000	0.000000000	23.000000000
40802796.000000000	1377.000000000	0.000000000	24.000000000
40846333.000000000	1396.000000000	0.000000000	24.000000000
40884673.000000000	1411.000000000	0.000000000	24.000000000
40918040.000000000	1386.000000000	0.000000000	23.000000000
40956567.000000000	1401.000000000	0.000000000	24.000000000
40995848.000000000	1417.000000000	0.000000000	25.000000000
41037432.000000000	1383.000000000	0.000000000	25.000000000
41071601.000000000	1382.000000000	0.000000000	25.000000000
41113334.000000000	1401.000000000	0.000000000	26.000000000
41145066.000000000	1365.000000000	0.000000000	24.000000000
41178025.000000000	1360.000000000	0.000000000	24.000000000
41219307.000000000	1395.000000000	0.000000000	25.000000000
41258718.000000000	1368.000000000	0.000000000	25.000000000
41302377.000000000	1373.000000000	0.000000000	24.000000000
41334697.000000000	1392.000000000	0.000000000	24.000000000
41379369.000000000	1414.000000000	0.000000000	26.000000000
41412016.000000000	1382.000000000	0.000000000	24.000000000
41449902.000000000	1365.000000000	0.000000000	24.000000000
41486733.000000000	1377.000000000	0.000000000	24.000000000
41516975.000000000	1331.000000000	0.000000000	23.000000000
41550793.000000000	1382.000000000	0.000000000	23.000000000
41584428.000000000	1357.000000000	0.000000000	23.000000000
41630697.000000000	1146.000000000	0.000000000	19.000000000
41659273.000000000	1413.000000000	0.000000000	24.000000000
41698386.000000000	1358.000000000	0.000000000	23.000000000
41738437.000000000	1381.000000000	0.000000000	23.000000000
41774172.000000000	1383.000000000	0.000000000	24.000000000
41806089.000000000	1359.000000000	0.000000000	24.000000000
41852026.000000000	1233.000000000	0.000000000	20.000000000
41878703.000000000	1391.000000000	0.000000000	23.000000000
41911694.000000000	1381.000000000	0.000000000	24.000000000
41953950.000000000	1363.000000000	0.000000000	24.000000000
41999732.000000000	1386.000000000	0.000000000	25.000000000
42026458.000000000	1378.000000000	0.000000000	25.000000000
42068507.000000000	1379.000000000	0.000000000	24.000000000
42109279.000000000	1368.000000000	0.000000000	25.000000000
42150210.000000000	1391.000000000	0.000000000	26.000000000
42182890.000000000	1364.000000000	0.000000000	24.000000000
42227495.000000000	1363.000000000	0.000000000	24.000000000
42268549.000000000	1397.000000000	0.000000000	25.000000000
42306114.000000000	1396.000000000	0.000000000	25.000000000
42342216.000000000	1363.000000000	0.000000000	23.000000000
42375919.000000000	1388.000000000	0.000000000	25.000000000
42416781.000000000	1359.000000000	0.000000000	25.000000000
42453377.000000000	1391.000000000	0.000000000	26.000000000
42493944.000000000	1390.000000000	0.000000000	26.000000000
42532101.000000000	1391.000000000	0.000000000	26.000000000
42573181.000000000	1360.000000000	0.000000000	25.000000000
42606904.000000000	1395.000000000	0.000000000	24.000000000
42644881.000000000	1404.000000000	0.000000000	26.000000000
42681636.000000000	1363.000000000	0.000000000	24.000000000
42718156.000000000	1372.000000000	0.000000000	24.000000000
42754430.000000000	1388.000000000	0.000000000	25.000000000
42800523.000000000	1334.000000000	0.000000000	24.000000000
42828761.000000000	1365.000000000	0.000000000	24.000000000
42874644.000000000	1311.000000000	0.000000000	23.000000000
42916635.000000000	1352.000000000	0.000000000	24.000000000
42952846.000000000	1379.000000000	0.000000000	24.000000000
42984993.000000000	1418.000000000	0.000000000	25.000000000
43024349.000000000	1384.000000000	0.000000000	26.000000000
43067290.000000000	1377.000000000	0.000000000	25.000000000
43099876.000000000	1384.000000000	0.000000000	25.000000000
43143929.000000000	1366.000000000	0.000000000	25.000000000
43175681.000000000	1389.000000000	0.000000000	26.000000000
43212304.000000000	1355.000000000	0.000000000	24.000000000
43257409.000000000	1393.000000000	0.000000000	24.000000000
43296170.000000000	1375.000000000	0.000000000	24.000000000
43328509.000000000	1373.000000000	0.000000000	24.000000000
43363166.000000000	1375.000000000	0.000000000	23.000000000
43398955.000000000	1374.000000000	0.000000000	23.000000000
43441277.000000000	1370.000000000	0.000000000	23.000000000
43474721.000000000	1411.000000000	0.000000000	24.000000000
43517831.000000000	1378.000000000	0.000000000	23.000000000
43547450.000000000	1373.000000000	0.000000000	23.000000000
43587834.000000000	1399.000000000	0.000000000	24.000000000
43625674.000000000	1379.000000000	0.000000000	25.000000000
43664933.000000000	1419.000000000	0.000000000	25.000000000
43705471.000000000	1392.000000000	0.000000000	25.000000000
43740811.000000000	1356.000000000	0.000000000	24.000000000
43780643.000000000	1371.000000000	0.000000000	25.000000000
43817021.000000000	1406.000000000	0.000000000	25.000000000
43857416.000000000	1404.000000000	0.000000000	24.000000000
43899761.000000000	1371.000000000	0.000000000	23.000000000
43926210.000000000	1420.000000000	0.000000000	23.000000000
43964445.000000000	1373.000000000	0.000000000	22.000000000
44002787.000000000	1385.000000000	0.000000000	24.000000000
44040121.000000000	1375.000000000	0.000000000	24.000000000
44081736.000000000	1410.000000000	0.000000000	25.000000000
44117285.000000000	1393.000000000	0.000000000	25.000000000
44157635.000000000	1379.000000000	0.000000000	25.000000000
44200397.000000000	1377.000000000	0.000000000	24.000000000
44229876.000000000	1401.000000000	0.000000000	26.000000000
44273419.000000000	1384.000000000	0.000000000	25.000000000
44306626.000000000	1362.000000000	0.000000000	24.000000000
44346738.000000000	1408.000000000	0.000000000	25.000000000
44389452.000000000	1420.000000000	0.000000000	24.000000000
44428848.000000000	1389.000000000	0.000000000	23.000000000
44466884.000000000	1367.000000000	0.000000000	23.000000000
44496122.000000000	1377.000000000	0.000000000	25.000000000
44541328.000000000	1212.000000000	0.000000000	22.000000000
44576026.000000000	1349.000000000	0.000000000	24.000000000
44608089.000000000	1387.000000000	0.000000000	24.000000000
44642560.000000000	1387.000000000	0.000000000	23.000000000
44683402.000000000	1424.000000000	0.000000000	24.000000000
44713837.000000000	1419.000000000	0.000000000	26.000000000
44757595.000000000	1400.000000000	0.000000000	25.000000000
44794901.000000000	1416.000000000	0.000000000	25.000000000
44828675.000000000	1408.000000000	0.000000000	25.000000000
44874475.000000000	1303.000000000	0.000000000	23.000000000
44917342.000000000	1392.000000000	0.000000000	25.000000000
44951818.000000000	1378.000000000	0.000000000	24.000000000
44986886.000000000	1379.000000000	0.000000000	23.000000000
45028704.000000000	1381.000000000	0.000000000	24.000000000
45060582.000000000	1406.000000000	0.000000000	25.000000000
45102606.000000000	1387.000000000	0.000000000	24.000000000
45141205.000000000	1354.000000000	0.000000000	24.000000000
45171612.000000000	1385.000000000	0.000000000	25.000000000
45216570.000000000	1408.000000000	0.000000000	23.000000000
45249243.000000000	1389.000000000	0.000000000	24.000000000
45281142.000000000	1372.000000000	0.000000000	23.000000000
45321356.000000000	1408.000000000	0.000000000	24.000000000
45358414.000000000	1383.000000000	0.000000000	23.000000000
45396437.000000000	1401.000000000	0.000000000	24.000000000
45428574.000000000	1406.000000000	0.000000000	24.000000000
45470434.000000000	1403.000000000	0.000000000	23.000000000
45505547.000000000	1400.000000000	0.000000000	24.000000000
45547879.000000000	1426.000000000	0.000000000	25.000000000
45585304.000000000	1397.000000000	0.000000000	24.000000000
45621627.000000000	1360.000000000	0.000000000	24.000000000
45651741.000000000	1372.000000000	0.000000000	24.000000000
45698481.000000000	1327.000000000	0.000000000	23.000000000
45734459.000000000	1410.000000000	0.000000000	25.000000000
45764877.000000000	1374.000000000	0.000000000	25.000000000
45812794.000000000	1405.000000000	0.000000000	24.000000000
45842215.000000000	1385.000000000	0.000000000	23.000000000
45882507.000000000	1432.000000000	0.000000000	24.000000000
45919886.000000000	1393.000000000	0.000000000	23.000000000
45963123.000000000	1413.000000000	0.000000000	24.000000000
45995850.000000000	1395.000000000	0.000000000	24.000000000
46039247.000000000	1412.000000000	0.000000000	25.000000000
46074347.000000000	1393.000000000	0.000000000	24.000000000
46112605.000000000	1417.000000000	0.000000000	25.000000000
46150782.000000000	1405.000000000	0.000000000	25.000000000
46189738.000000000	1421.000000000	0.000000000	26.000000000
46235670.000000000	1286.000000000	0.000000000	24.000000000
46258583.000000000	1387.000000000	0.000000000	24.000000000
46303902.000000000	1240.000000000	0.000000000	23.000000000
46341999.000000000	1394.000000000	0.000000000	26.000000000
46374834.000000000	1356.000000000	0.000000000	24.000000000
46421082.000000000	1192.000000000	0.000000000	21.000000000
46452845.000000000	1388.000000000	0.000000000	25.000000000
46500011.000000000	1236.000000000	0.000000000	20.000000000
46525503.000000000	1423.000000000	0.000000000	24.000000000
46572287.000000000	1397.000000000	0.000000000	24.000000000
46605531.000000000	1402.000000000	0.000000000	24.000000000
46649329.000000000	1404.000000000	0.000000000	25.000000000
46678216.000000000	1396.000000000	0.000000000	24.000000000
46720019.000000000	1416.000000000	0.000000000	24.000000000
46756100.000000000	1413.000000000	0.000000000	26.000000000
46791754.000000000	1367.000000000	0.000000000	24.000000000
46826910.000000000	1368.000000000	0.000000000	23.000000000
46867727.000000000	1382.000000000	0.000000000	25.000000000
46906296.000000000	1366.000000000	0.000000000	23.000000000
46944220.000000000	1355.000000000	0.000000000	23.000000000
46978840.000000000	1397.000000000	0.000000000	24.000000000
47021511.000000000	1379.000000000	0.000000000	24.000000000
47054972.000000000	1403.000000000	0.000000000	24.000000000
47095138.000000000	1394.000000000	0.000000000	24.000000000
47126958.000000000	1382.000000000	0.000000000	24.000000000
47169694.000000000	1367.000000000	0.000000000	24.000000000
47204569.000000000	1403.000000000	0.000000000	25.000000000
47235710.000000000	1378.000000000	0.000000000	25.000000000
47281287.000000000	1186.000000000	0.000000000	21.000000000
47315892.000000000	1398.000000000	0.000000000	24.000000000
47361490.000000000	1257.000000000	0.000000000	21.000000000
47388357.000000000	1370.000000000	0.000000000	24.000000000
47434127.000000000	1290.000000000	0.000000000	22.000000000
47466348.000000000	1412.000000000	0.000000000	24.000000000
47496209.000000000	1382.000000000	0.000000000	23.000000000
47539327.000000000	1371.000000000	0.000000000	23.000000000
47572404.000000000	1377.000000000	0.000000000	24.000000000
47610295.000000000	1388.000000000	0.000000000	26.000000000
47651786.000000000	1343.000000000	0.000000000	25.000000000
47691535.000000000	1398.000000000	0.000000000	25.000000000
47729891.000000000	1394.000000000	0.000000000	25.000000000
47764898.000000000	1381.000000000	0.000000000	26.000000000
47803394.000000000	1382.000000000	0.000000000	25.000000000
47839112.000000000	1397.000000000	0.000000000	24.000000000
47878256.000000000	1399.000000000	0.000000000	25.000000000
47914140.000000000	1389.000000000	0.000000000	22.000000000
47942157.000000000	1367.000000000	0.000000000	23.000000000
47988963.000000000	1267.000000000	0.000000000	21.000000000
48018370.000000000	1419.000000000	0.000000000	24.000000000
48061857.000000000	1397.000000000	0.000000000	25.000000000
48101619.000000000	1397.000000000	0.000000000	24.000000000
48138629.000000000	1383.000000000	0.000000000	23.000000000
48168691.000000000	1415.000000000	0.000000000	25.000000000
48214299.000000000	1266.000000000	0.000000000	22.000000000
48247666.000000000	1419.000000000	0.000000000	26.000000000
48288738.000000000	1408.000000000	0.000000000	25.000000000
48319205.000000000	1407.000000000	0.000000000	24.000000000
48356900.000000000	1374.000000000	0.000000000	24.000000000
48398332.000000000	1380.000000000	0.000000000	24.000000000
48429664.000000000	1389.000000000	0.000000000	24.000000000
48472441.000000000	1382.000000000	0.000000000	24.000000000
48507826.000000000	1381.000000000	0.000000000	24.000000000
48546020.000000000	1409.000000000	0.000000000	24.000000000
48577170.000000000	1373.000000000	0.000000000	24.000000000
48616650.000000000	1409.000000000	0.000000000	23.000000000
48659695.000000000	1359.000000000	0.000000000	24.000000000
48686947.000000000	1391.000000000	0.000000000	24.000000000
48732070.000000000	1338.000000000	0.000000000	24.000000000
48762835.000000000	1400.000000000	0.000000000	24.000000000
48798859.000000000	1380.000000000	0.000000000	23.000000000
48836034.000000000	1420.000000000	0.000000000	24.000000000
48876526.000000000	1393.000000000	0.000000000	25.000000000
48911601.000000000	1392.000000000	0.000000000	24.000000000
48954885.000000000	1368.000000000	0.000000000	24.000000000
48987805.000000000	1386.000000000	0.000000000	25.000000000
49023820.000000000	1367.000000000	0.000000000	23.000000000
49056604.000000000	1384.000000000	0.000000000	24.000000000
49096232.000000000	1399.000000000	0.000000000	24.000000000
49133699.000000000	1380.000000000	0.000000000	24.000000000
49164763.000000000	1383.000000000	0.000000000	24.000000000
49210170.000000000	1338.000000000	0.000000000	24.000000000
49249246.000000000	1394.000000000	0.000000000	25.000000000
49286454.000000000	1368.000000000	0.000000000	24.000000000
49325179.000000000	1359.000000000	0.000000000	24.000000000
49357482.000000000	1373.000000000	0.000000000	24.000000000
49392313.000000000	1393.000000000	0.000000000	25.000000000
49430013.000000000	1384.000000000	0.000000000	24.000000000
49473336.000000000	1426.000000000	0.000000000	25.000000000
49499436.000000000	1392.000000000	0.000000000	25.000000000
49544108.000000000	1393.000000000	0.000000000	24.000000000
49583790.000000000	1424.000000000	0.000000000	24.000000000
49624709.000000000	1391.000000000	0.000000000	24.000000000
49664488.000000000	1371.000000000	0.000000000	24.000000000
49703985.000000000	1434.000000000	0.000000000	25.000000000
49736105.000000000	1385.000000000	0.000000000	25.000000000
49774976.000000000	1358.000000000	0.000000000	24.000000000
49815381.000000000	1386.000000000	0.000000000	23.000000000
49850439.000000000	1365.000000000	0.000000000	24.000000000
49881203.000000000	1388.000000000	0.000000000	24.000000000
49921176.000000000	1371.000000000	0.000000000	24.000000000
49957489.000000000	1427.000000000	0.000000000	24.000000000
49993323.000000000	1361.000000000	0.000000000	24.000000000
50034734.000000000	1381.000000000	0.000000000	24.000000000
50074111.000000000	1400.000000000	0.000000000	24.000000000
50110043.000000000	1380.000000000	0.000000000	23.000000000
50147130.000000000	1334.000000000	0.000000000	23.000000000
50185698.000000000	1401.000000000	0.000000000	23.000000000
50225161.000000000	1378.000000000	0.000000000	25.000000000
50258924.000000000	1391.000000000	0.000000000	23.000000000
50297847.000000000	1425.000000000	0.000000000	25.000000000
50332815.000000000	1411.000000000	0.000000000	25.000000000
50368609.000000000	1396.000000000	0.000000000	24.000000000
50407475.000000000	1355.000000000	0.000000000	25.000000000
50444110.000000000	1423.000000000	0.000000000	24.000000000
50475451.000000000	1410.000000000	0.000000000	24.000000000
50516933.000000000	1371.000000000	0.000000000	24.000000000
50558545.000000000	1371.000000000	0.000000000	25.000000000
50592382.000000000	1369.000000000	0.000000000	25.000000000
50630558.000000000	1410.000000000	0.000000000	26.000000000
50674252.000000000	1414.000000000	0.000000000	26.000000000
50716864.000000000	1370.000000000	0.000000000	25.000000000
50751964.000000000	1368.000000000	0.000000000	25.000000000
50789993.000000000	1418.000000000	0.000000000	25.000000000
50828438.000000000	1360.000000000	0.000000000	23.000000000
50862795.000000000	1421.000000000	0.000000000	24.000000000
50897649.000000000	1366.000000000	0.000000000	24.000000000
50940547.000000000	1384.000000000	0.000000000	25.000000000
50975208.000000000	1392.000000000	0.000000000	25.000000000
51017214.000000000	1364.000000000	0.000000000	24.000000000
51055463.000000000	1398.000000000	0.000000000	26.000000000
51097077.000000000	1403.000000000	0.000000000	25.000000000
51136484.000000000	1391.000000000	0.000000000	24.000000000
51170467.000000000	1377.000000000	0.000000000	23.000000000
51203062.000000000	1356.000000000	0.000000000	25.000000000
51242987.000000000	1387.000000000	0.000000000	25.000000000
51289663.000000000	1411.000000000	0.000000000	25.000000000
51320697.000000000	1367.000000000	0.000000000	25.000000000
51359249.000000000	1368.000000000	0.000000000	24.000000000
51403296.000000000	1386.000000000	0.000000000	26.000000000
51442474.000000000	1357.000000000	0.000000000	26.000000000
51482919.000000000	1419.000000000	0.000000000	25.000000000
51519310.000000000	1343.000000000	0.000000000	24.000000000
51549159.000000000	1362.000000000	0.000000000	23.000000000
51589068.000000000	1362.000000000	0.000000000	22.000000000
51625947.000000000	1365.000000000	0.000000000	23.000000000
51658853.000000000	1371.000000000	0.000000000	22.000000000
51693176.000000000	1395.000000000	0.000000000	24.000000000
51732976.000000000	1411.000000000	0.000000000	24.000000000
51778275.000000000	1326.000000000	0.000000000	23.000000000
51802381.000000000	1413.000000000	0.000000000	24.000000000
51843592.000000000	1433.000000000	0.000000000	24.000000000
51878917.000000000	1446.000000000	0.000000000	23.000000000
51916281.000000000	1377.000000000	0.000000000	21.000000000
51948941.000000000	1341.000000000	0.000000000	23.000000000
51983377.000000000	1400.000000000	0.000000000	24.000000000
52025056.000000000	1356.000000000	0.000000000	23.000000000
52061773.000000000	1385.000000000	0.000000000	24.000000000
52098342.000000000	1387.000000000	0.000000000	24.000000000
52132591.000000000	1413.000000000	0.000000000	24.000000000
52169838.000000000	1383.000000000	0.000000000	23.000000000
52212076.000000000	1376.000000000	0.000000000	25.000000000
52253003.000000000	1388.000000000	0.000000000	24.000000000
52282713.000000000	1363.000000000	0.000000000	23.000000000
52311799.000000000	1412.000000000	0.000000000	24.000000000
52348771.000000000	1393.000000000	0.000000000	24.000000000
52386267.000000000	1372.000000000	0.000000000	24.000000000
52427326.000000000	1375.000000000	0.000000000	24.000000000
52459146.000000000	1362.000000000	0.000000000	26.000000000
52506690.000000000	1289.000000000	0.000000000	23.000000000
52536602.000000000	1367.000000000	0.000000000	24.000000000
52580815.000000000	1380.000000000	0.000000000	24.000000000
52611663.000000000	1343.000000000	0.000000000	23.000000000
52641009.000000000	1389.000000000	0.000000000	24.000000000
52686613.000000000	1398.000000000	0.000000000	23.000000000
52724704.000000000	1406.000000000	0.000000000	23.000000000
52764790.000000000	1391.000000000	0.000000000	23.000000000
52801514.000000000	1412.000000000	0.000000000	24.000000000
52834769.000000000	1386.000000000	0.000000000	24.000000000
52875833.000000000	1417.000000000	0.000000000	24.000000000
52909447.000000000	1395.000000000	0.000000000	24.000000000
52942655.000000000	1383.000000000	0.000000000	23.000000000
52982899.000000000	1397.000000000	0.000000000	25.000000000
53019404.000000000	1407.000000000	0.000000000	25.000000000
53054905.000000000	1404.000000000	0.000000000	25.000000000
53100924.000000000	1382.000000000	0.000000000	24.000000000
53132935.000000000	1384.000000000	0.000000000	24.000000000
53174265.000000000	1403.000000000	0.000000000	25.000000000
53209715.000000000	1387.000000000	0.000000000	23.000000000
53249810.000000000	1382.000000000	0.000000000	24.000000000
53288659.000000000	1374.000000000	0.000000000	25.000000000
53326179.000000000	1388.000000000	0.000000000	24.000000000
53362200.000000000	1390.000000000	0.000000000	25.000000000
53401853.000000000	1403.000000000	0.000000000	25.000000000
53440045.000000000	1387.000000000	0.000000000	24.000000000
53477755.000000000	1381.000000000	0.000000000	24.000000000
53512833.000000000	1394.000000000	0.000000000	26.000000000
53553039.000000000	1378.000000000	0.000000000	23.000000000
53592757.000000000	1390.000000000	0.000000000	24.000000000
53621505.000000000	1381.000000000	0.000000000	24.000000000
53663131.000000000	1382.000000000	0.000000000	23.000000000
53700363.000000000	1368.000000000	0.000000000	24.000000000
53728505.000000000	1394.000000000	0.000000000	24.000000000
53764037.000000000	1378.000000000	0.000000000	24.000000000
53808847.000000000	1368.000000000	0.000000000	24.000000000
53849557.000000000	1382.000000000	0.000000000	24.000000000
53882775.000000000	1387.000000000	0.000000000	24.000000000
53928521.000000000	1320.000000000	0.000000000	24.000000000
53957062.000000000	1381.000000000	0.000000000	24.000000000
54003549.000000000	1386.000000000	0.000000000	24.000000000
54047211.000000000	1424.000000000	0.000000000	25.000000000
54087997.000000000	1417.000000000	0.000000000	24.000000000
54120873.000000000	1413.000000000	0.000000000	25.000000000
54152608.000000000	1387.000000000	0.000000000	25.000000000
54197031.000000000	1357.000000000	0.000000000	23.000000000
54228396.000000000	1385.000000000	0.000000000	24.000000000
54274804.000000000	1415.000000000	0.000000000	24.000000000
54307259.000000000	1415.000000000	0.000000000	24.000000000
54342876.000000000	1374.000000000	0.000000000	24.000000000
54381344.000000000	1400.000000000	0.000000000	25.000000000
54422907.000000000	1382.000000000	0.000000000	24.000000000
54456448.000000000	1377.000000000	0.000000000	24.000000000
54499917.000000000	1385.000000000	0.000000000	25.000000000
54529125.000000000	1392.000000000	0.000000000	24.000000000
54571502.000000000	1379.000000000	0.000000000	25.000000000
54600746.000000000	1440.000000000	0.000000000	25.000000000
54643148.000000000	1417.000000000	0.000000000	26.000000000
54690184.000000000	1425.000000000	0.000000000	26.000000000
54717882.000000000	1406.000000000	0.000000000	25.000000000
54762658.000000000	1387.000000000	0.000000000	25.000000000
54799030.000000000	1368.000000000	0.000000000	24.000000000
54840510.000000000	1363.000000000	0.000000000	24.000000000
54876110.000000000	1374.000000000	0.000000000	24.000000000
54911553.000000000	1418.000000000	0.000000000	24.000000000
54947636.000000000	1414.000000000	0.000000000	25.000000000
54986682.000000000	1415.000000000	0.000000000	25.000000000
55024301.000000000	1374.000000000	0.000000000	24.000000000
55058182.000000000	1414.000000000	0.000000000	24.000000000
55098346.000000000	1353.000000000	0.000000000	25.000000000
55135544.000000000	1409.000000000	0.000000000	25.000000000
55176272.000000000	1405.000000000	0.000000000	25.000000000
55210643.000000000	1387.000000000	0.000000000	24.000000000
55253841.000000000	1381.000000000	0.000000000	24.000000000
55282959.000000000	1397.000000000	0.000000000	25.000000000
55327023.000000000	1365.000000000	0.000000000	23.000000000
55365477.000000000	1385.000000000	0.000000000	25.000000000
55402255.000000000	1377.000000000	0.000000000	23.000000000
55434148.000000000	1386.000000000	0.000000000	25.000000000
55463101.000000000	1368.000000000	0.000000000	24.000000000
55511382.000000000	1282.000000000	0.000000000	22.000000000
55543391.000000000	1377.000000000	0.000000000	24.000000000
55589222.000000000	1169.000000000	0.000000000	22.000000000
55621182.000000000	1404.000000000	0.000000000	26.000000000
55659027.000000000	1406.000000000	0.000000000	26.000000000
55704140.000000000	1386.000000000	0.000000000	25.000000000
55736391.000000000	1372.000000000	0.000000000	23.000000000
55777352.000000000	1404.000000000	0.000000000	25.000000000
55813869.000000000	1398.000000000	0.000000000	24.000000000
55851359.000000000	1423.000000000	0.000000000	24.000000000
55892406.000000000	1417.000000000	0.000000000	23.000000000
55922002.000000000	1391.000000000	0.000000000	22.000000000
55967527.000000000	1424.000000000	0.000000000	24.000000000
56004400.000000000	1407.000000000	0.000000000	24.000000000
56026722.000000000	1390.000000000	0.000000000	24.000000000
56071829.000000000	1139.000000000	0.000000000	19.000000000
56105853.000000000	1394.000000000	0.000000000	24.000000000
56143458.000000000	1358.000000000	0.000000000	25.000000000
56184114.000000000	1431.000000000	0.000000000	26.000000000
56214841.000000000	1353.000000000	0.000000000	25.000000000
56263459.000000000	1289.000000000	0.000000000	22.000000000
56287402.000000000	1375.000000000	0.000000000	24.000000000
56332391.000000000	1392.000000000	0.000000000	24.000000000
56367822.000000000	1389.000000000	0.000000000	25.000000000
56409082.000000000	1425.000000000	0.000000000	25.000000000
56449339.000000000	1391.000000000	0.000000000	24.000000000
56474302.000000000	1387.000000000	0.000000000	24.000000000
56519989.000000000	1324.000000000	0.000000000	23.000000000
56554221.000000000	1417.000000000	0.000000000	24.000000000
56595073.000000000	1384.000000000	0.000000000	23.000000000
56625315.000000000	1360.000000000	0.000000000	24.000000000
56667807.000000000	1366.000000000	0.000000000	25.000000000
56705547.000000000	1419.000000000	0.000000000	24.000000000
56740382.000000000	1392.000000000	0.000000000	24.000000000
56771005.000000000	1419.000000000	0.000000000	24.000000000
56812057.000000000	1366.000000000	0.000000000	22.000000000
56851340.000000000	1428.000000000	0.000000000	25.000000000
56894592.000000000	1414.000000000	0.000000000	24.000000000
56936242.000000000	1386.000000000	0.000000000	24.000000000
56965280.000000000	1353.000000000	0.000000000	23.000000000
57005185.000000000	1377.000000000	0.000000000	24.000000000
57038185.000000000	1356.000000000	0.000000000	23.000000000
57074478.000000000	1416.000000000	0.000000000	25.000000000
57111955.000000000	1357.000000000	0.000000000	24.000000000
57147229.000000000	1386.000000000	0.000000000	25.000000000
57191339.000000000	1379.000000000	0.000000000	26.000000000
57228258.000000000	1381.000000000	0.000000000	24.000000000
57269372.000000000	1391.000000000	0.000000000	25.000000000
57307566.000000000	1383.000000000	0.000000000	25.000000000
57347454.000000000	1387.000000000	0.000000000	24.000000000
57380866.000000000	1384.000000000	0.000000000	25.000000000
57419020.000000000	1418.000000000	0.000000000	24.000000000
57458145.000000000	1393.000000000	0.000000000	25.000000000
57495286.000000000	1373.000000000	0.000000000	25.000000000
57537105.000000000	1354.000000000	0.000000000	26.000000000
57573395.000000000	1375.000000000	0.000000000	25.000000000
57612028.000000000	1364.000000000	0.000000000	24.000000000
57658661.000000000	1353.000000000	0.000000000	25.000000000
57692729.000000000	1389.000000000	0.000000000	27.000000000
57726239.000000000	1411.000000000	0.000000000	24.000000000
57768034.000000000	1408.000000000	0.000000000	25.000000000
57807103.000000000	1408.000000000	0.000000000	24.000000000
57839868.000000000	1363.000000000	0.000000000	24.000000000
57883925.000000000	1377.000000000	0.000000000	24.000000000
57923256.000000000	1395.000000000	0.000000000	24.000000000
57955039.000000000	1368.000000000	0.000000000	24.000000000
57995352.000000000	1410.000000000	0.000000000	26.000000000
58034635.000000000	1379.000000000	0.000000000	24.000000000
58078301.000000000	1368.000000000	0.000000000	24.000000000
58109073.000000000	1383.000000000	0.000000000	24.000000000
58143216.000000000	1404.000000000	0.000000000	24.000000000
58187997.000000000	1380.000000000	0.000000000	25.000000000
58221468.000000000	1370.000000000	0.000000000	26.000000000
58257066.000000000	1403.000000000	0.000000000	25.000000000
58295926.000000000	1357.000000000	0.000000000	24.000000000
58336517.000000000	1371.000000000	0.000000000	25.000000000
58375853.000000000	1374.000000000	0.000000000	24.000000000
58415935.000000000	1416.000000000	0.000000000	25.000000000
58454819.000000000	1370.000000000	0.000000000	24.000000000
58497111.000000000	1381.000000000	0.000000000	23.000000000
58524564.000000000	1360.000000000	0.000000000	24.000000000
58560021.000000000	1417.000000000	0.000000000	24.000000000
58597209.000000000	1405.000000000	0.000000000	25.000000000
58637974.000000000	1360.000000000	0.000000000	24.000000000
58674592.000000000	1389.000000000	0.000000000	24.000000000
58707759.000000000	1399.000000000	0.000000000	25.000000000
58750726.000000000	1371.000000000	0.000000000	24.000000000
58788473.000000000	1373.000000000	0.000000000	24.000000000
58820568.000000000	1364.000000000	0.000000000	24.000000000
58861283.000000000	1390.000000000	0.000000000	23.000000000
58899158.000000000	1367.000000000	0.000000000	21.000000000
58938628.000000000	1369.000000000	0.000000000	23.000000000
58968098.000000000	1402.000000000	0.000000000	25.000000000
59012580.000000000	1400.000000000	0.000000000	24.000000000
59045950.000000000	1352.000000000	0.000000000	24.000000000
59073893.000000000	1408.000000000	0.000000000	24.000000000
59119982.000000000	1258.000000000	0.000000000	22.000000000
59155986.000000000	1371.000000000	0.000000000	24.000000000
59189384.000000000	1355.000000000	0.000000000	23.000000000
59225029.000000000	1394.000000000	0.000000000	24.000000000
59260034.000000000	1358.000000000	0.000000000	24.000000000
59303166.000000000	1374.000000000	0.000000000	24.000000000
59341689.000000000	1386.000000000	0.000000000	24.000000000
59384158.000000000	1413.000000000	0.000000000	25.000000000
59408967.000000000	1362.000000000	0.000000000	25.000000000
59448933.000000000	1413.000000000	0.000000000	25.000000000
59493795.000000000	1425.000000000	0.000000000	25.000000000
59528429.000000000	1396.000000000	0.000000000	24.000000000
59560797.000000000	1401.000000000	0.000000000	25.000000000
59598324.000000000	1372.000000000	0.000000000	24.000000000
59638347.000000000	1408.000000000	0.000000000	26.000000000
59680198.000000000	1395.000000000	0.000000000	24.000000000
59721639.000000000	1411.000000000	0.000000000	23.000000000
59752910.000000000	1384.000000000	0.000000000	23.000000000
59791036.000000000	1390.000000000	0.000000000	24.000000000
59825634.000000000	1367.000000000	0.000000000	25.000000000
59861710.000000000	1407.000000000	0.000000000	22.000000000
59894792.000000000	1414.000000000	0.000000000	23.000000000
59932279.000000000	1365.000000000	0.000000000	23.000000000
59971145.000000000	1366.000000000	0.000000000	24.000000000
60006897.000000000	1405.000000000	0.000000000	24.000000000
60043861.000000000	1379.000000000	0.000000000	24.000000000
60084881.000000000	1375.000000000	0.000000000	25.000000000
60118030.000000000	1397.000000000	0.000000000	25.000000000
60154351.000000000	1383.000000000	0.000000000	25.000000000
60196137.000000000	1409.000000000	0.000000000	23.000000000
60235184.000000000	1392.000000000	0.000000000	23.000000000
60277363.000000000	1388.000000000	0.000000000	24.000000000
60318059.000000000	1417.000000000	0.000000000	24.000000000
60350618.000000000	1378.000000000	0.000000000	25.000000000
60382979.000000000	1377.000000000	0.000000000	25.000000000
60419560.000000000	1397.000000000	0.000000000	25.000000000
60459682.000000000	1389.000000000	0.000000000	25.000000000
60500341.000000000	1402.000000000	0.000000000	25.000000000
60533939.000000000	1367.000000000	0.000000000	24.000000000
60573925.000000000	1372.000000000	0.000000000	25.000000000
60611100.000000000	1387.000000000	0.000000000	25.000000000
60646023.000000000	1364.000000000	0.000000000	24.000000000
60685021.000000000	1391.000000000	0.000000000	24.000000000
60726405.000000000	1411.000000000	0.000000000	24.000000000
60756855.000000000	1407.000000000	0.000000000	24.000000000
60800894.000000000	1358.000000000	0.000000000	24.000000000
60828073.000000000	1359.000000000	0.000000000	24.000000000
60867088.000000000	1404.000000000	0.000000000	24.000000000
60911457.000000000	1389.000000000	0.000000000	23.000000000
60940457.000000000	1406.000000000	0.000000000	24.000000000
60975688.000000000	1380.000000000	0.000000000	25.000000000
61019288.000000000	1379.000000000	0.000000000	23.000000000
61059150.000000000	1405.000000000	0.000000000	25.000000000
61091506.000000000	1379.000000000	0.000000000	24.000000000
61126812.000000000	1377.000000000	0.000000000	25.000000000
61172259.000000000	1276.000000000	0.000000000	23.000000000
61210313.000000000	1412.000000000	0.000000000	25.000000000
61243824.000000000	1414.000000000	0.000000000	24.000000000
61281389.000000000	1385.000000000	0.000000000	23.000000000
61321348.000000000	1395.000000000	0.000000000	23.000000000
61356653.000000000	1368.000000000	0.000000000	23.000000000
61384400.000000000	1362.000000000	0.000000000	23.000000000
61426433.000000000	1380.000000000	0.000000000	23.000000000
61462937.000000000	1402.000000000	0.000000000	23.000000000
61500646.000000000	1408.000000000	0.000000000	25.000000000
61538870.000000000	1412.000000000	0.000000000	25.000000000
61575116.000000000	1391.000000000	0.000000000	24.000000000
61615692.000000000	1419.000000000	0.000000000	24.000000000
61652850.000000000	1381.000000000	0.000000000	25.000000000
61688669.000000000	1381.000000000	0.000000000	24.000000000
61733803.000000000	1354.000000000	0.000000000	26.000000000
61769222.000000000	1401.000000000	0.000000000	25.000000000
61813521.000000000	1393.000000000	0.000000000	25.000000000
61847670.000000000	1352.000000000	0.000000000	26.000000000
61891656.000000000	1384.000000000	0.000000000	26.000000000
61922843.000000000	1386.000000000	0.000000000	24.000000000
61962828.000000000	1382.000000000	0.000000000	23.000000000
62000882.000000000	1395.000000000	0.000000000	24.000000000
62038268.000000000	1384.000000000	0.000000000	24.000000000
62073660.000000000	1368.000000000	0.000000000	24.000000000
62119219.000000000	1364.000000000	0.000000000	24.000000000
62151995.000000000	1402.000000000	0.000000000	25.000000000
62195429.000000000	1405.000000000	0.000000000	26.000000000
62231485.000000000	1391.000000000	0.000000000	24.000000000
62270944.000000000	1424.000000000	0.000000000	26.000000000
62302879.000000000	1384.000000000	0.000000000	24.000000000
62341570.000000000	1397.000000000	0.000000000	24.000000000
62385375.000000000	1400.000000000	0.000000000	25.000000000
62419591.000000000	1385.000000000	0.000000000	25.000000000
62453019.000000000	1369.000000000	0.000000000	24.000000000
62494796.000000000	1419.000000000	0.000000000	24.000000000
62528234.000000000	1408.000000000	0.000000000	25.000000000
62572726.000000000	1372.000000000	0.000000000	24.000000000
62604412.000000000	1385.000000000	0.000000000	24.000000000
62644552.000000000	1414.000000000	0.000000000	25.000000000
62682687.000000000	1391.000000000	0.000000000	24.000000000
62723565.000000000	1398.000000000	0.000000000	25.000000000
62767918.000000000	1364.000000000	0.000000000	24.000000000
62809516.000000000	1391.000000000	0.000000000	26.000000000
62850429.000000000	1407.000000000	0.000000000	25.000000000
62893025.000000000	1376.000000000	0.000000000	25.000000000
62932352.000000000	1366.000000000	0.000000000	24.000000000
62973366.000000000	1405.000000000	0.000000000	25.000000000
