24614
30276
30874
29289
30810
31265
30258
29485
31330
24308
30777
30904
31721
35447
31833
30983
30260
30481
28240
30492
33303
30973
32537
32633
31483
30228
30071
30208
31091
29999
30377
32518
30371
27474
31451
30228
31789
30029
30278
34059
31016
30881
30083
30571
32617
30759
30031
31324
31398
31553
30084
25636
30910
21089
30854
30012
33762
31507
30708
30248
32833
30216
30822
31782
30851
32823
31462
30587
30967
33016
30603
35048
31186
31875
30526
32417
32936
30470
36387
30193
30671
30549
31656
32654
32335
30242
32257
30286
30629
30161
31495
30329
33103
32942
30539
30261
30481
30353
30180
31888
32419
32410
30691
29103
30367
29289
30346
31243
30423
32013
19627
35816
30922
30385
31842
30239
30365
32963
30557
31645
30168
31966
31671
31085
30727
31589
30726
31449
30790
32393
30382
27437
30703
29244
30100
32214
30077
30177
34485
31638
30805
33703
31645
30604
30720
32957
31595
31532
30132
30355
27920
30339
31021
31619
33275
30190
31712
30330
33501
30199
25149
31080
30455
30940
34074
31765
30589
31766
30580
33119
32647
31139
33793
31961
32255
32005
31095
33563
32508
31048
31051
30167
30956
30427
31049
30462
30373
30205
35947
32541
27264
33004
31531
30817
28588
30227
40295
32979
30444
30124
31556
30608
41637
31390
30158
31688
32747
30036
30185
30800
30432
38234
31201
30495
30249
30162
30624
30016
32887
30600
31221
36402
31432
31604
31052
31864
32171
32861
30234
30701
30052
30799
32844
29548
31174
29055
30355
33959
33045
31130
32411
31611
30833
31703
31058
31613
34619
32078
30189
30952
33078
31077
30237
31116
30496
31691
30097
30383
27789
32696
30297
27851
30212
33550
30122
30952
31053
30350
32042
30135
36875
30059
31183
30050
30477
30635
31868
32538
30304
30155
30456
31345
32256
27877
30495
30543
32316
31302
31342
32457
30041
30760
30874
30117
33016
31396
30786
37106
31288
31402
26866
31154
25809
30683
34189
32078
30823
34285
28188
30633
31738
31672
30553
30319
21566
30362
30540
31081
30641
30957
30171
31350
30193
30001
30711
31110
32300
30402
31380
30665
30528
31448
33966
26879
31706
30955
32038
25575
31799
31667
30849
31190
32323
30461
31467
30032
30071
30858
28487
32370
30718
32484
30999
31002
30149
30394
31660
31131
32187
31379
30338
33959
30161
30073
30924
32753
26984
31071
33006
31590
30804
31766
33793
31370
31810
32133
31842
31205
28433
30021
30430
31375
31264
30627
34031
31905
31875
27347
30367
30288
30828
30276
30283
30773
31478
31508
30012
30463
30924
31445
33631
30026
30552
37937
32026
32367
30975
31801
30369
30237
24225
30485
30809
30848
31178
30974
31564
28890
30928
31380
30346
30483
31336
34248
33079
32338
30100
30241
30871
33881
33512
30755
31485
30285
30619
30957
30498
30076
33498
30489
31946
31185
30771
30637
24469
30180
32015
30682
31500
30012
30105
30639
32942
30821
31007
33019
30041
30104
32338
33447
28502
31516
31187
32315
31677
32248
29853
30613
31202
31131
30067
32846
31688
30511
30962
31767
30641
36932
27956
30454
31391
30502
31217
26539
30517
30813
32370
30942
30118
30661
30936
30509
31534
30757
32209
31612
30046
28137
30480
30716
36029
30031
27822
31153
29469
32029
33804
28861
30856
31521
31695
31002
30040
30331
30460
32080
30195
31379
31268
31250
30762
30720
33619
30255
31803
39146
28668
33626
30140
30321
30647
30225
31677
30061
30963
29676
35805
30180
31740
35139
31762
32450
31360
32381
30150
30430
30363
30986
32980
30651
31601
30642
31705
35034
30870
31539
30748
31189
31672
30485
30626
30621
32809
30206
30738
31350
30290
30332
30163
26730
31715
31810
31630
32062
30326
33635
30896
32161
37531
30213
30419
30958
30192
30393
32519
30766
33346
32074
34478
31808
30884
27680
31450
23321
35026
33279
30250
30771
30182
22388
31601
29285
31663
36206
24561
30977
32033
32875
30332
33725
29374
30540
30442
32711
30699
32804
30710
30062
30598
30786
32782
24149
30757
36692
30694
31600
31074
31123
30272
30092
38129
29361
30623
30696
31162
30470
30347
31376
32364
31229
30664
32961
28503
26941
31684
31951
30193
31231
30035
30373
30654
31873
34656
30722
30908
32073
30269
31304
32348
30127
29133
30198
30183
30500
30694
31375
30488
30326
31903
28473
32715
30036
32803
34719
30947
30240
30887
30044
30237
31203
32530
34688
31936
30781
30442
30137
28800
30628
30512
32044
27804
31099
28279
30041
32655
32428
31459
31687
30244
30496
30177
30127
31603
30124
30079
30810
31408
30122
31330
28027
30702
32039
30439
31331
30120
31701
30797
30952
33508
27687
31444
30534
30749
30276
32149
40999
25266
30031
31247
29545
30424
31027
32513
34746
22019
30347
31554
30302
30368
30119
31498
31154
30074
31673
39036
31107
32328
30445
30148
30055
30130
31394
30323
31237
29477
30308
30158
29413
30059
30025
29782
30005
30706
30026
32558
36782
31628
30764
31532
31463
30811
30331
33817
31152
34401
29465
31456
30771
34569
30299
31077
31553
27808
30613
33096
30535
30015
30460
32739
31124
31680
41642
27167
36967
31350
31205
30275
27677
31691
31554
30906
30975
30085
30056
27300
30067
31238
35685
31161
33622
32056
30181
30464
35348
30109
30329
35152
31084
33294
30444
30094
30991
32332
24328
32719
27524
32311
28552
31915
30097
31563
30306
25440
31493
26384
31491
26580
31784
30519
32370
30183
30617
30184
30377
31628
30975
30935
35107
26075
30377
30007
32276
33807
28670
35359
22986
32140
31145
28139
32707
30287
30331
30607
30494
30242
33247
31702
30083
31144
31049
33180
30077
30419
30100
30396
33383
27262
36483
29073
30338
30998
30207
37368
28825
31315
30123
31040
31256
30391
30939
30696
31714
33649
31183
30920
25249
32406
32333
32161
31578
30756
30641
32980
30213
30915
32114
30339
31210
32754
30919
30809
36630
30512
30353
30005
31913
30501
31811
30758
30946
34710
31196
31380
30938
30001
30383
31103
35496
31182
30029
30006
30171
30678
27150
30450
31478
32424
31646
30375
32065
23746
30573
33553
30751
32707
30515
30396
30017
31534
30225
30998
31323
30671
31114
30746
31233
32492
30257
31865
30691
30538
31067
30474
30691
31348
30919
30579
30425
32947
30718
30257
30623
30706
32888
31332
28827
31305
34631
31208
30621
31496
30451
28465
30550
30589
29559
31369
30056
30865
30980
31181
30964
30219
27557
32801
30006
30670
32004
25623
32593
30184
23555
32175
30300
33539
30375
30931
30237
34042
31841
30307
30002
31946
31065
31939
30545
30540
30402
30752
32086
30560
31104
36454
31492
30014
30925
30360
32577
30277
30842
31349
30265
34143
33175
28046
33838
29844
30053
30176
23991
32025
31083
32164
32713
31183
30303
24696
30352
24188
30522
31558
30232
33547
31006
30925
33564
31507
30476
31067
30291
30421
30254
30233
30452
25335
30108
32397
30780
30094
32412
30490
32006
29877
31991
30576
30617
31799
28071
32349
30919
30732
30382
30566
30959
32204
30496
32334
31673
31071
30412
32532
32530
34062
32261
30280
31717
30455
30307
30238
32692
32151
30033
31403
32246
30804
32015
31322
31307
23854
30344
31799
32694
27303
30208
32309
33476
33772
31376
30141
30103
30218
30509
30894
30075
31433
30192
31268
32094
31440
35944
30095
33624
30299
31099
30465
30667
31078
30431
27829
30124
29832
31577
32883
22551
30777
30716
32045
30432
29029
32156
33885
31779
34485
32152
32415
30888
28370
30455
30329
30970
32090
30390
31922
30193
31962
30614
30796
38009
33195
30848
30865
30621
35251
30361
31349
30019
31931
30908
31031
30869
33966
35461
30312
31464
28491
31574
34687
32622
30596
31734
32245
31938
24708
30195
30218
23050
35749
33483
26687
33026
30091
31687
32572
30635
30239
28089
30497
30789
32829
32803
25089
30620
30220
30790
31400
29719
33255
30007
31288
30960
30360
31805
32278
30762
30540
31036
30015
31612
31474
30538
26495
30926
32742
33498
30184
31725
29757
30392
27857
31686
32993
30483
30454
32551
30649
35890
30064
30059
32121
30212
30316
30196
36998
31628
30819
32778
30015
38134
30576
34728
30247
30025
31873
31166
30591
30473
30056
32126
25037
30967
30226
32312
30805
31078
30182
30221
30881
30428
31338
31043
32990
31269
30291
30142
30125
31587
26255
30795
30384
30304
30450
30018
29508
31542
32894
25804
31986
31953
30921
30222
31275
32151
31786
30173
30469
30286
30107
31128
31136
31058
29319
30594
31323
30059
30939
30261
30201
30460
30398
30823
30777
30716
27820
32449
31452
30541
31016
32147
31231
30408
32033
29539
32351
28963
31659
30191
30083
33027
31054
32876
30719
31067
30389
33726
30917
30967
31854
30208
23492
31745
31919
33740
31547
26961
30027
30619
30586
36407
31929
31163
32432
35721
30033
29325
32545
30532
31226
31309
30937
30870
30947
30236
31507
30245
32209
30091
30634
30324
30067
32981
30487
32526
31721
28324
32662
31262
30216
30211
30062
30445
31947
30400
31144
33381
30703
30904
24838
33285
30894
31170
30662
31405
26578
30430
30380
31322
31540
31192
30356
30431
30123
27440
30861
30391
31216
30859
31854
30404
31265
34763
30752
30328
31316
31207
29878
30676
32251
32391
32231
32008
30660
30804
30948
43240
29472
32217
30252
31272
30008
25497
31660
31648
32766
28493
30306
30143
31843
31631
30570
33063
26759
30355
31879
32263
30407
30511
30032
31033
27844
30324
31803
30853
31629
33573
27766
31253
30322
31701
30779
31522
30161
30974
30650
30144
31860
30534
28359
34213
35142
30302
32167
34264
31145
31875
30115
31898
30591
31678
31726
25141
36790
30582
30226
30393
31943
31114
30824
30086
33380
31453
30505
35374
29417
30396
30277
31470
30189
30297
30381
30485
30147
30376
29043
30302
30211
33198
30783
31441
32701
31150
30972
35376
31224
33113
31112
26600
30070
30867
30849
30325
31964
30520
31447
31458
32085
30710
27118
31485
29783
30642
30962
32162
33307
30342
30347
30622
30589
30233
30035
30219
33063
25667
34003
32209
30451
30783
30177
33102
30650
30227
30462
30051
30558
30558
30724
31228
30461
31965
30865
30197
30586
33576
32804
30003
31803
30134
31610
31474
30279
31223
31721
30913
31114
33954
34155
32925
31502
31009
30058
31629
30327
30211
31649
30026
30584
31929
32223
32582
31069
30743
33327
30226
31488
32704
28315
30062
32626
32399
29299
31527
31472
33098
31118
31553
30093
30600
31480
32078
32617
30189
30297
32997
31050
30240
33764
23931
30143
31048
30501
33765
32639
35284
32006
33568
30914
30667
30212
30093
30075
34003
32147
31374
38860
31236
31808
35115
30994
30444
30219
31712
34102
31034
30035
31725
31399
31898
30458
29955
30514
37877
29794
30157
29977
31223
31223
32449
31380
33238
31448
28778
31475
30184
30257
35031
25075
31177
30918
31313
30388
30471
30347
31768
25857
30402
31732
30009
30683
32422
27829
30959
30513
32285
32687
30463
25889
30776
27096
30202
30589
33418
30007
28860
30393
35096
31137
30966
30510
32907
32577
32943
33363
31334
31207
30241
27706
30497
32385
30970
31714
17612
31180
30020
30209
33424
28000
31059
28748
33396
29263
31370
31935
24753
32311
37029
25567
31289
30103
28541
30387
30002
30356
30106
30141
30744
35172
33014
30346
37474
30344
30551
34241
34574
29185
30059
30416
31297
30848
31755
32119
30058
32628
31256
31382
31843
30802
32348
30726
30819
30045
25473
30202
30992
30489
30416
33838
28481
30775
30939
31444
30275
33109
32541
30087
30773
31229
28821
34851
31961
30610
30859
30823
32034
30324
30694
31098
31501
32994
30486
32866
30817
28814
30209
31019
30178
35020
30837
30648
30438
32239
30062
32564
30019
34923
30075
32108
29228
30190
30626
32709
30959
31790
30990
27017
31168
30075
30236
30055
30693
32139
29998
30071
30748
31242
30527
32117
30283
31256
30332
31497
30008
30153
30951
34976
31238
30427
31102
30650
30479
30873
31980
30774
30057
30290
31844
32311
31258
30289
31184
30136
30363
29737
31082
36011
30534
32844
30343
37118
30002
33343
32806
30844
31270
30100
30472
30600
33991
30307
31160
31527
30201
31299
31510
32992
30557
31943
30210
32127
32700
31120
32046
30393
31299
30246
32617
30524
30482
30061
32483
31074
30375
32734
29497
32537
30565
30382
31528
30537
31560
31766
33537
31631
30055
23671
30947
30495
30348
30921
32278
30096
30283
30540
30316
31526
30997
30492
30352
32926
26895
33815
36460
30496
30206
31777
29535
31999
31931
39183
30629
31968
30528
32842
30012
31059
30433
31140
30391
31757
32094
28991
32218
31232
31544
30951
30415
30666
30077
32313
30314
34363
31165
31618
26755
30393
30182
30492
31134
30592
30851
30991
31695
31488
31441
31147
30798
32039
31366
30077
31019
30533
30164
32750
31683
33000
30733
30354
31662
30255
32330
31454
31915
31927
30202
33902
30089
30340
30901
30388
30099
32104
30184
31082
31446
31717
33970
32338
32956
30315
35232
28858
32446
31155
27304
30252
30508
31381
30214
30930
31353
31528
31354
31154
31300
31112
31102
34389
31744
31053
0
