1404
1374
1425
1378
1396
1431
1389
1393
1422
1381
1405
1365
1378
1389
1359
1383
1392
1369
1388
1371
1409
1226
1405
1423
1405
1390
1394
1361
1415
1393
1350
1359
1391
1367
1190
1367
1383
1410
1385
1392
1394
1235
1421
1377
1393
1370
1352
1406
1393
1363
1344
1378
1366
1345
1380
1400
1479
1395
1403
1369
1402
1380
1369
1332
1358
1372
1346
1362
1354
1202
1367
1400
1389
1390
1370
1369
1399
1372
1380
1371
1417
1369
1378
1381
1377
1361
1354
1413
1403
1392
1307
1391
1214
1413
1350
1391
1358
1148
1359
1069
1361
1402
1392
1380
1408
1369
1410
1396
1379
1372
1403
1382
1357
1360
1416
1379
1409
1370
1389
1398
1383
1378
1406
1403
1373
1399
1379
1377
1412
1399
1276
1357
1383
1402
1414
1327
1404
1390
1406
1407
1390
1375
1406
1370
1407
1393
1371
1395
1411
1385
1377
1411
1379
1380
1364
1347
1396
1407
1417
1392
1425
1362
1371
1398
1378
1370
1383
1402
1402
1413
1367
1364
1405
1375
1330
1418
1373
1385
1368
1337
1360
1379
1416
1395
1408
1385
1360
1268
1378
1376
1394
1388
1403
1376
1389
1427
1388
1358
1410
1400
1352
1402
1387
1371
1386
1371
1373
1412
1380
1360
1368
1393
1375
1408
1361
1420
1358
1421
1361
1393
1288
1379
1370
1380
1368
1390
1365
1358
1385
1395
1380
1401
1386
1389
1404
1394
1372
1390
1245
1403
1391
1398
1367
1369
1392
1377
1406
1383
1402
1377
1383
1373
1393
1399
1406
1399
1383
1347
1384
1357
1347
1381
1340
1359
1343
1387
1393
1421
1396
1373
1391
1371
1265
1387
1393
1380
1409
1362
1384
1386
1383
1392
1387
1418
1413
1367
1382
1397
1367
1400
1361
1272
1388
1383
1418
1199
1366
1407
1415
1215
1220
1372
1363
1414
1397
1373
1394
1368
1399
1361
1367
1376
1383
1419
1394
1361
1363
1403
1368
1483
1384
1396
1390
1223
1403
1411
1381
1406
1355
1374
1395
1357
1373
1375
1310
1389
1394
1417
1321
1364
1253
1401
1392
1348
1363
1409
1357
1386
1376
1375
1389
1130
1387
1338
1366
1398
1343
1409
1399
1405
1367
1407
1353
1396
1382
1403
1372
1363
1385
1399
1315
1408
1089
1396
1406
1299
1374
1370
1220
1341
1379
1371
1410
1371
1408
1394
1384
1402
1362
1412
1350
1050
1410
1393
1375
1405
1383
1379
1356
1393
1384
1394
1403
1308
1376
1376
1358
1398
1366
1350
1370
1118
1382
1131
1410
1395
1364
1321
1360
1411
1395
1398
1378
1380
1441
1397
1406
1380
1372
1387
1391
1356
1385
1358
1382
1352
1393
1434
1378
1400
1378
1340
1372
1245
1363
1343
1364
1378
1399
1385
1401
1348
1363
1416
1368
1378
1373
1387
1397
1398
1363
1384
1388
1373
1345
1385
1402
1421
1372
1416
1392
1394
1386
1380
1354
1417
1403
1338
1415
1372
1349
1401
1419
1386
1396
1411
1263
1425
1410
1304
1369
1160
1392
1367
1371
1414
1422
1392
1371
1400
1372
1396
1430
1354
1417
1363
1391
1383
1353
1427
1366
1403
1373
1371
1387
1363
1389
1354
1368
1374
1392
1396
1354
1322
1397
1411
1408
1407
1388
1398
1390
1400
1433
1335
1372
1375
1363
1418
1386
1365
1395
1376
1391
1399
1399
1385
1377
1313
1400
1397
1379
1380
1397
1404
1404
1411
1409
1359
1364
1378
1390
1361
1405
1387
1382
1398
1369
1376
1397
1395
1395
1404
1396
1356
1395
1387
1424
1403
1407
1394
1397
1370
1376
1395
1364
1388
1397
1364
1389
1368
1419
1413
1368
1354
1388
1367
1389
1399
1409
1380
1373
1387
1366
1391
1405
1418
1400
1376
1409
1374
1396
1399
1430
1399
1400
1383
1380
1424
1402
1382
1384
1382
1360
1423
1401
1378
1370
1373
1389
1376
1376
1370
1388
1417
1364
1412
1381
1373
1397
1389
1364
1382
1375
1341
1399
1374
1384
1310
1396
1409
1371
1373
1374
1433
1375
1305
1369
1227
1402
1427
1366
1381
1379
1420
1420
1370
1364
1400
1384
1399
1400
1398
1384
1396
1371
1397
1382
1372
1400
1424
1371
1389
1378
1267
1364
1382
1393
1417
1382
1362
1244
1406
1347
1363
1410
1368
1377
1388
1364
1342
1365
1385
1414
1399
1382
1390
941
1392
1410
1368
1399
1405
1404
1393
1388
1399
1383
1378
1396
1393
1370
1378
1396
1369
1395
1412
1426
1329
1384
1356
1380
1372
1386
1320
1365
1377
1372
1369
1402
1246
1372
1306
1390
1406
1388
1360
1408
1402
1362
1417
1402
1364
1381
1380
1417
1390
1398
1391
1360
1379
1402
1380
1431
1371
1409
1377
1401
1396
1406
1367
1387
1379
1404
1398
1379
1336
1362
1406
1381
1412
1386
1375
1370
1407
1356
1381
1390
1419
1386
1372
1376
1382
1398
1377
1427
1355
1335
1183
1419
1389
1389
1370
1423
1370
1387
1364
1411
1415
1381
1390
1366
1389
1377
1388
1375
1401
1415
1372
1392
1380
1387
1371
1390
1292
1382
1370
1335
1371
1365
1375
1378
1413
1377
1277
1416
1424
1237
1368
1392
1384
1304
1362
1378
1392
1415
1389
1352
1385
1372
1368
1389
1385
1383
1367
1375
1365
1154
1383
1407
1369
1361
1389
955
1366
1399
1416
1414
1391
1364
1258
1369
1374
1380
1367
1386
1343
1378
1415
1402
1419
1235
1413
1372
1290
1380
1340
1322
1394
1364
1411
1382
1380
1367
1323
1365
1420
1364
1365
1386
1365
1401
1386
1401
1205
1374
1380
1256
1368
1366
1395
1381
1366
1377
1337
1400
1401
1376
1366
1281
1421
1393
1340
1392
1379
1373
1111
1355
1397
1382
1368
1400
1369
1359
1416
1300
1400
1382
1379
1379
1370
1399
1266
1378
1393
1378
1391
1377
1356
1312
1376
1405
1340
1421
1372
1360
1351
1400
1357
1411
1406
1378
1269
1373
1391
1406
1378
1400
1378
1392
1377
1401
1353
1394
1261
1378
1362
1407
1374
1426
1436
1385
1376
1307
1405
1354
1409
1387
1368
1253
1365
1358
1123
1417
1327
1372
1426
1417
1359
1415
1393
1285
1358
1384
1057
1372
1372
1384
1403
1390
1417
1405
1337
1383
1398
1413
1143
1390
1361
1411
1393
1371
1422
1406
1383
1401
1390
1399
1365
1367
1387
1418
1387
1380
1353
1380
1400
1367
1357
1398
1348
1391
1291
1403
1407
1400
1362
1365
1382
1392
1407
1390
1372
1385
1387
1245
1383
1414
1390
1410
1362
1359
1418
1351
1394
1380
1382
1394
1371
1358
1369
1363
1401
1361
1414
1411
1353
1391
1362
1366
1351
1362
1374
1402
1340
1398
1368
1396
1426
1410
1378
1433
1374
1410
1392
1379
1402
1391
1348
1361
1379
1305
1391
1310
1369
1370
1415
1374
1414
1403
1375
1414
1381
1410
1404
1397
1387
1378
1409
1366
1391
1413
1373
1235
1412
1319
1387
1385
1095
1391
1383
1398
1289
1379
1354
1394
1395
1399
1381
1296
1359
1393
1372
1409
1395
1357
1393
1392
1388
1361
1411
1395
1382
1368
1411
1411
1394
1411
1384
1378
1371
1375
1363
1392
1356
1355
1372
1239
1426
1392
1392
1381
1406
1377
1401
1371
1404
1401
1385
1428
1393
1256
1420
1400
1325
1403
1418
1070
1410
1436
1407
1396
1400
1412
1359
1415
1141
1396
1382
1360
1386
1424
1363
1406
1414
1228
1385
1364
1420
1369
1398
1421
1395
1402
1365
1397
1360
1372
1266
1406
1387
1405
1385
1416
1404
1403
1405
1408
1389
1359
1414
1402
1095
1392
1381
1354
1412
1120
1374
1372
1401
1331
1383
1319
1369
1369
1371
1403
1275
1364
1388
1356
1384
1393
1370
1402
1408
1378
1373
1402
1378
1383
1186
1369
1403
1368
1386
1365
1399
1393
1387
1403
1392
1237
1410
1389
1388
1416
1418
1358
1362
1360
1403
1407
1369
1382
1391
1400
1388
1374
1385
1384
1386
1372
1418
1371
1397
1361
1422
1359
1393
1366
1376
1362
1423
1388
1389
1426
1384
1335
1386
1411
1402
1353
1378
1389
1388
1398
1394
1403
1413
1333
1409
1411
1299
1360
1365
1399
1409
1378
1394
1387
1397
1380
1403
1376
1364
1390
1382
1395
1411
1375
1355
1386
1362
1419
1358
1388
1404
1389
1361
1294
1354
1359
1358
1418
1413
1404
1380
1332
1363
1384
1404
1384
1387
1393
1377
1408
1376
1414
1365
1385
1242
1417
1408
1367
1377
1412
1404
1375
1375
1396
1406
1405
1365
1419
1421
1413
1397
1368
1385
1365
1368
1392
1370
1398
1439
1378
1349
1375
1386
1364
1357
1400
1366
1235
1400
1385
1360
1355
1395
1430
1312
1357
1367
1418
1423
1369
1406
1387
1410
1367
1346
1368
1064
1422
1373
1360
1407
1397
1377
1405
1412
1379
1392
1389
1400
1409
1366
1385
1384
1400
1394
1385
1390
1422
1388
1421
1347
1393
1404
1375
1406
1365
1388
1363
1337
1380
1352
1323
1390
1399
1430
1368
1382
1364
1375
1375
1366
1382
1377
1424
1345
1395
1360
1407
1358
1406
1337
1408
1364
1115
1375
1125
1400
1408
1381
1382
1391
1405
1366
1405
1381
1369
1410
1357
1352
1394
1365
1425
1363
1286
1364
1403
1390
1353
1395
1393
1327
1406
1391
1393
1399
1418
1384
1412
1368
1357
1375
1317
1373
1398
1403
1396
1364
1380
1290
1405
1403
1380
1385
1389
1390
1364
1374
1398
1389
1413
1403
1384
1352
1414
1224
1406
1401
1404
1402
1373
1394
1399
1386
1359
1389
1361
1397
1368
1374
1364
1376
1408
1370
1369
1406
1367
1380
1380
1363
1395
1368
1378
1360
1392
1419
1404
1406
1402
1417
1378
1361
1417
1378
1377
1371
1367
1360
1385
1384
1369
1361
1403
1408
1371
1383
1318
1371
1368
1385
1362
1372
1399
1388
1416
1400
1386
1371
1378
1400
1410
1365
1385
1386
1371
1370
1371
1322
1389
1384
1378
1360
1383
1404
1183
1389
1373
1390
1395
1428
1367
1362
1369
1380
1374
1382
1383
1375
1383
1415
1368
1366
1411
1399
1399
1374
1370
1410
1399
1409
1410
1326
1353
1394
1396
1398
1412
1358
1280
1388
1418
1386
1407
1368
1410
1407
1398
1406
1376
1392
1357
1390
1355
1405
1396
1370
1382
1214
1420
1151
1369
1382
1421
1399
