1404
1374
1425
1378
1396
1431
1389
1393
1422
1381
1405
1365
1378
1389
1359
1383
1392
1369
1388
1371
1409
1418
1377
1367
1411
1394
1402
1419
1387
1440
1372
1395
1353
1372
1408
1395
1379
1378
1372
1383
1368
1372
1382
1352
1324
1372
1404
1396
1411
1420
1362
1367
1392
1405
1400
1388
1403
1388
1388
1366
1376
1407
1377
1352
1387
1386
1380
1404
1378
1382
1392
1367
1385
1352
1390
1363
1370
1394
1370
1361
1395
1414
1367
1363
1404
1342
1376
1382
1409
1383
1410
1352
1358
1310
1361
1396
1390
1392
1302
1423
1383
1399
1372
1371
1372
1392
1415
1370
1377
1399
1349
1380
1379
1397
1394
1394
1370
1394
1411
1364
1388
1398
1411
1379
1393
1371
1389
1403
1393
1392
1370
1399
1400
1381
1429
1403
1363
1382
1358
1396
1401
1395
1375
1404
1389
1372
1399
1418
1366
1386
1403
1395
1339
1409
1395
1388
1412
1400
1408
1374
1404
1377
1401
1360
1392
1368
1416
1387
1360
1358
1382
1409
1374
1395
1408
1418
1384
1429
1399
1374
1413
1395
1395
1388
1394
1391
1388
1374
1387
1377
1367
1385
1417
1399
1409
1386
1405
1369
1391
1356
1407
1396
1386
1360
1365
1391
1382
1414
1369
1393
1387
1371
1396
1371
1360
1394
1377
1430
1357
1407
1389
1358
1431
1393
1393
1397
1394
1368
1360
1394
1408
1387
1405
1359
1380
1380
1376
1410
1381
1374
1391
1375
1380
1356
1377
1362
1385
1373
1418
1393
1407
1409
1397
1386
1391
1407
1403
1417
1354
1378
1393
1374
1363
1403
1398
1365
1386
1416
1410
1391
1382
1383
1417
1398
1407
1382
1416
1392
1384
1391
1384
1414
1358
1374
1383
1396
1363
1391
1386
1373
1388
1383
1418
1382
1369
1395
1353
1320
1368
1377
1430
1362
1400
1404
1376
1377
1401
1354
1410
1403
1362
1386
1397
1355
1353
1390
1360
1387
1392
1398
1358
1358
1374
1383
1387
1388
1353
1373
1422
1379
1401
1379
1395
1357
1372
1417
1378
1397
1402
1370
1377
1402
1393
1389
1387
1406
1374
1371
1364
1405
1407
1398
1360
1421
1383
1389
1358
1379
1388
1372
1364
1396
1406
1359
1330
1380
1358
1364
1370
1376
1417
1412
1406
1374
1370
1323
1407
1393
1406
1376
1365
1406
1383
1374
1363
1365
1426
1395
1397
1400
1422
1418
1404
1368
1360
1384
1398
1408
1361
1356
1409
1387
1376
1423
1400
1391
1390
1384
1360
1383
1355
1377
1419
1383
1369
1389
1415
1398
1378
1373
1405
1385
1402
1370
1392
1377
1385
1364
1382
1390
1360
1405
1393
1418
1380
1404
1378
1372
1400
1361
1371
1405
1372
1342
1358
1386
1394
1396
1379
1332
1383
1386
1376
1377
1415
1387
1372
1374
1403
1373
1408
1440
1378
1367
1388
1413
1399
1367
1393
1403
1397
1413
1396
1406
1391
1383
1384
1388
1395
1374
1410
1359
1398
1403
1416
1413
1359
1367
1380
1417
1373
1387
1406
1374
1329
1408
1391
1415
1375
1374
1395
1396
1425
1372
1398
1365
1386
1411
1358
1397
1394
1416
1397
1397
1396
1365
1397
1391
1393
1360
1363
1403
1409
1365
1401
1354
1394
1455
1375
1355
1396
1404
1353
1384
1352
1371
1368
1397
1391
1376
1381
1379
1370
1381
1405
1365
1406
1362
1382
1367
1370
1376
1383
1379
1370
1365
1365
1393
1360
1362
1429
1393
1376
1336
1416
1398
1382
1401
1394
1404
1354
1409
1367
1376
1384
1371
1423
1402
1403
1399
1378
1369
1400
1399
1411
1423
1411
1429
1393
1427
1411
1421
1385
1421
1411
1427
1385
1379
1391
1407
1366
1380
1391
1421
1423
1372
1382
1382
1377
1375
1377
1357
1384
1397
1360
1412
1395
1372
1394
1358
1398
1415
1396
1425
1369
1371
1382
1371
1411
1301
1420
1411
1421
1420
1399
1396
1412
1385
1387
1388
1355
1394
1407
1395
1361
1380
1405
1365
1377
1411
1389
1373
1414
1331
1411
1406
1364
1385
1416
1415
1424
1366
1405
1389
1394
1402
1402
1410
1369
1396
1384
1366
1386
1381
1365
1431
1397
1381
1381
1364
1382
1393
1417
1382
1362
1357
1397
1435
1391
1378
1363
1369
1387
1371
1413
1332
1418
1386
1412
1415
1400
1178
1396
1424
1389
1413
1375
1364
1400
1415
1377
1401
1362
1381
1389
1412
1357
1389
1415
1366
1400
1390
1377
1363
1366
1385
1361
1403
1378
1403
1379
1401
1389
1378
1406
1341
1399
1379
1367
1410
1363
1421
1404
1370
1416
1404
1384
1396
1364
1384
1403
1418
1394
1388
1384
1375
1404
1404
1387
1387
1364
1411
1378
1403
1409
1383
1371
1418
1404
1414
1403
1404
1407
1377
1370
1394
1412
1388
1389
1412
1406
1380
1391
1363
1399
1366
1385
1393
1356
1379
1420
1363
1423
1381
1367
1413
1408
1380
1379
1428
1411
1415
1381
1390
1366
1389
1377
1388
1375
1401
1415
1372
1392
1380
1387
1371
1390
1406
1417
1398
1395
1377
1408
1381
1375
1362
1402
1407
1380
1360
1258
1397
1382
1396
1374
1413
1406
1364
1366
1393
1410
1358
1364
1381
1389
1414
1421
1407
1419
1358
1399
1417
1386
1433
1400
1333
1368
1399
1406
1414
1393
1370
1362
1367
1384
1370
1368
1386
1407
1371
1367
1399
1362
1358
1415
1360
1394
1377
1370
1381
1383
1404
1358
1392
1410
1390
1414
1361
1386
1404
1388
1378
1355
1371
1364
1409
1370
1397
1358
1401
1399
1405
1392
1398
1424
1390
1388
1385
1416
1410
1406
1387
1403
1364
1386
1402
1397
1429
1415
1400
1388
1402
1354
1370
1408
1380
1392
1408
1402
1379
1414
1419
1414
1370
1355
1369
1405
1399
1405
1377
1399
1413
1368
1405
1393
1395
1398
1407
1387
1363
1360
1366
1397
1406
1415
1407
1403
1380
1414
1398
1367
1348
1412
1405
1390
1368
1404
1417
1382
1415
1397
1377
1372
1381
1400
1392
1384
1361
1397
1380
1388
1408
1333
1364
1376
1376
1390
1408
1378
1389
1399
1400
1399
1390
1382
1409
1427
1366
1379
1407
1423
1408
1369
1360
1366
1409
1374
1388
1380
1385
1382
1389
1367
1413
1407
1376
1364
1388
1369
1362
1403
1380
1386
1411
1417
1392
1373
1376
1378
1414
1371
1369
1412
1361
1377
1366
1407
1380
1396
1363
1393
1376
1403
1407
1404
1397
1414
1398
1354
1418
1413
1400
1380
1427
1407
1406
1365
1386
1398
1413
1372
1384
1379
1400
1414
1416
1391
1362
1366
1413
1424
1368
1411
1383
1411
1416
1408
1365
1397
1383
1382
1366
1397
1393
1367
1383
1371
1413
1406
1374
1416
1394
1394
1407
1390
1372
1373
1364
1391
1371
1400
1370
1377
1365
1411
1398
1339
1386
1364
1378
1365
1386
1377
1365
1399
1376
1373
1380
1399
1397
1356
1366
1414
1367
1359
1396
1333
1364
1358
1384
1383
1397
1396
1372
1418
1372
1395
1380
1379
1377
1371
1373
1369
1378
1368
1375
1372
1425
1426
1373
1352
1389
1391
1363
1368
1397
1360
1405
1408
1364
1393
1376
1387
1383
1360
1385
1381
1360
1365
1379
1380
1411
1435
1379
1410
1384
1408
1366
1375
1371
1351
1409
1412
1360
1372
1375
1376
1400
1401
1369
1375
1376
1332
1377
1420
1356
1400
1382
1370
1396
1396
1379
1419
1352
1376
1364
1381
1423
1392
1384
1370
1368
1391
1413
1407
1373
1407
1403
1404
1358
1370
1393
1381
1406
1412
1354
1388
1405
1367
1406
1392
1402
1409
1373
1403
1420
1369
1392
1395
1356
1392
1416
1386
1401
1372
1370
1394
1360
1402
1378
1362
1372
1377
1360
1417
1365
1364
1404
1395
1372
1360
1407
1429
1389
1422
1459
1384
1407
1384
1388
1399
1367
1387
1406
1413
1404
1387
1382
1362
1377
1420
1391
1403
1390
1350
1427
1363
1358
1366
1374
1355
1397
1398
1382
1411
1391
1418
1437
1368
1371
1390
1398
1402
1393
1363
1415
1400
1373
1356
1361
1366
1379
1405
1393
1382
1375
1398
1371
1406
1369
1402
1403
1364
1376
1383
1376
1407
1360
1378
1413
1391
1400
1414
1382
1377
1412
1382
1379
1399
1354
1353
1365
1415
1416
1384
1400
1382
1363
1384
1404
1384
1387
1393
1377
1408
1376
1414
1365
1385
1412
1366
1404
1382
1363
1418
1391
1376
1381
1409
1382
1461
1438
1418
1371
1410
1379
1392
1374
1364
1363
1418
1406
1411
1406
1417
1379
1376
1390
1367
1380
1343
1389
1398
1406
1391
1412
1386
1417
1395
1383
1397
1407
1404
1382
1384
1403
1387
1382
1374
1388
1390
1403
1387
1381
1394
1378
1390
1381
1382
1368
1394
1378
1368
1382
1387
1379
1383
1355
1394
1417
1413
1387
1357
1385
1415
1415
1374
1400
1382
1377
1385
1392
1379
1440
1417
1425
1406
1387
1368
1363
1374
1418
1414
1415
1374
1414
1353
1409
1405
1387
1381
1397
1365
1385
1377
1386
1368
1405
1378
1409
1360
1369
1419
1382
1391
1395
1430
1448
1350
1412
1406
1392
1403
1376
1370
1386
1422
1374
1377
1422
1375
1414
1400
1418
1363
1406
1410
1381
1407
1414
1379
1369
1408
1358
1398
1360
1426
1369
1415
1428
1362
1356
1378
1422
1372
1411
1381
1373
1387
1406
1371
1388
1311
1401
1373
1387
1374
1356
1417
1366
1385
1377
1376
1395
1370
1362
1377
1410
1376
1363
1410
1392
1405
1364
1374
1364
1351
1356
1384
1376
1408
1392
1380
1356
1385
1372
1363
1388
1366
1395
1404
1404
1398
1357
1408
1390
1374
1359
1406
1360
1398
1400
1354
1427
1399
1408
1403
1402
1440
1392
1409
1389
1424
1423
1399
1388
1416
1400
1386
1371
1378
1400
1410
1365
1385
1386
1371
1370
1371
1375
1386
1394
1382
1409
1416
1368
1421
1382
1385
1403
1371
1370
1388
1404
1375
1377
1408
1380
1402
1372
1424
1380
1383
1359
1374
1403
1364
1369
1360
1418
1420
1409
1384
1381
1403
1376
1392
1405
1409
1430
1424
1413
1370
1415
1347
1377
1363
1363
1382
1404
1355
1400
1382
1410
1356
1401
1409
1418
1395
1421
1355
1389
1372
1382
1408
