1404
1374
1425
1378
1396
1431
1389
1333
1347
1401
1388
1379
1165
1397
1362
1427
1440
1375
1387
1372
1395
1300
1388
1161
1363
1230
1408
1258
1408
1367
1446
1190
1364
1381
1369
1389
1351
1395
1244
1371
1154
1380
1373
1376
1365
1253
1385
1112
1301
1395
1226
1389
1403
1353
1227
1393
1244
1373
1330
1375
1332
1375
1252
1239
1356
1161
1406
1386
1061
1362
1354
1044
1355
1259
1405
1315
1359
1367
1209
1370
1121
1361
1253
1406
1199
1372
1395
1390
1353
1383
1385
1218
1393
1065
1336
1139
1358
1377
1399
1177
1402
1327
797
1375
1227
1353
1369
1347
1365
1396
1383
1114
1427
1343
1381
1385
1403
1349
1339
1397
1394
1208
1394
1411
1364
1388
1398
1411
1379
1393
1371
1389
1232
1390
1102
1407
994
1387
1385
1385
1240
1365
1146
1384
1389
1377
1367
1371
1130
1407
1335
1369
1405
1405
1371
1395
1338
1390
1383
1424
1328
1361
1202
1369
1363
1382
1366
1365
1310
1184
1399
1272
1390
1401
1318
1366
1402
1354
1308
1400
1380
1362
1245
1384
1429
1399
1374
1413
1343
1388
1395
1385
1402
1270
1304
1382
1366
1342
1380
1303
1411
1417
1374
1358
1098
1395
1392
1398
1291
1285
1393
1363
1367
1170
1406
1374
1428
1337
1326
1373
1414
1423
1399
1331
1388
960
1431
1406
1177
1364
1383
1413
1412
1397
1115
1390
1404
1372
1286
1383
1408
1382
1178
1383
1091
1385
1392
1319
1386
1096
1363
1380
1150
1363
1377
1366
1328
1297
1155
1374
1386
1390
1302
1385
1278
1384
1401
1241
1405
1403
1154
1320
1361
1338
1408
1314
1210
1360
1370
1178
1367
1311
1352
1334
1275
1391
1189
1399
1364
1135
1415
1393
1152
1361
1322
1363
1383
1189
1299
1380
1213
1291
1374
1105
1298
1393
1066
1277
1370
1045
1386
1209
1357
1390
1393
1369
1212
1394
1353
1379
1190
1387
1308
1370
1267
1396
1146
1384
1409
1193
1483
1384
1338
1397
996
1398
1224
1409
1404
1389
1341
1388
1377
1356
1315
1301
1398
1082
1377
1300
1378
1397
1102
1378
1382
1407
1401
1374
1400
1290
1407
1226
1360
860
1377
1290
1074
1370
1246
1412
1359
1285
1392
1382
1355
1394
1382
1343
916
1363
1144
1282
1385
1056
1370
1199
1342
1378
1079
1364
1420
1270
1402
1379
1237
1382
1411
1345
1374
1156
1368
1368
1307
1387
1332
1283
1400
1119
1376
1163
1383
1315
1369
1378
1336
1388
1397
1243
1383
1395
1258
1353
1407
1183
1370
1391
1397
1224
1355
1199
1376
1361
1391
1380
1411
1408
1377
1389
1184
1353
1392
1371
1435
1366
1174
1391
1181
1372
1412
1009
1404
1411
1392
1410
1223
1379
1345
1365
1060
1384
1379
1265
1379
1393
1344
1369
1386
1213
1382
1270
1232
1416
1098
1404
1240
1369
1033
1384
1207
1373
1388
1414
1385
1374
1317
1348
1386
1390
1406
1372
1380
1302
1367
1395
1384
940
1412
1305
1378
1401
1197
1421
1412
921
1425
1410
1094
1409
1149
1356
1031
1413
1363
1396
1364
1358
1112
1389
1402
1339
1400
1324
1357
1334
1368
1221
1411
1368
1377
1388
1390
1352
1226
1313
1388
1407
1368
1365
1340
1328
1372
1153
1403
1373
1420
1413
1291
1232
1354
1333
1354
1354
1375
1264
1406
1363
1254
1393
1269
1369
1361
1370
1375
1260
1389
1373
1105
1327
1387
1377
1344
1372
1410
1390
1368
1131
1386
1381
1348
1387
1199
1393
1360
1362
1429
1393
1210
1365
1099
1391
1385
1301
1396
1356
1395
1387
1361
1207
1392
1384
1368
1416
1414
1328
1364
1264
1400
1296
1363
1352
1367
1340
1371
1385
1375
1411
1170
1388
1303
1376
1146
1370
1349
1413
1409
1406
1416
1403
1362
1405
1082
1388
1276
1355
1388
1319
1354
1378
1349
1375
1349
1366
1340
1365
1404
1398
1181
1407
1327
1371
1369
1393
1223
1406
1409
1184
1374
1377
1418
1401
1376
1398
1387
1350
1415
1260
1188
1374
1384
956
1395
1243
1391
1230
1355
1363
1412
1313
1384
1221
1275
1362
1406
1414
1344
1042
1355
1338
1366
1367
1400
1381
1398
1405
1392
1386
1386
1174
1374
1369
1386
1379
1428
1360
1416
1370
1095
1372
1300
1386
1064
1381
1388
1391
776
1402
1375
1391
1378
1363
1369
1337
1366
1187
1394
1385
1344
1406
1377
1387
824
1392
1166
1381
972
1413
1375
1364
1400
1301
1383
1218
1316
1378
1234
1370
1378
1396
1369
1342
1404
1417
1183
1363
1283
1388
1374
1390
1383
1374
1317
1377
1047
1401
1079
1394
1374
1380
1323
1368
1360
1282
1358
1417
1144
1268
1373
1302
1381
1312
1356
1388
1338
1397
1387
1378
1133
1391
1388
1176
1390
1396
1373
1227
1389
1390
1290
1386
1384
1295
1362
1411
1376
1346
1392
1203
1380
1248
1375
1370
1407
1178
1398
1228
1394
1385
1396
1370
1371
1371
1395
1313
1375
1287
1389
1403
1383
1371
1285
1373
1369
1404
1354
1275
1386
1144
1411
1374
1272
1407
1423
1243
1375
1364
1378
1394
1255
1365
1387
1379
1366
1035
1375
1437
1334
1359
1253
1323
1366
1381
1263
1357
1373
1225
1225
1404
1393
1414
1401
1365
1366
1383
1290
1338
1254
1390
893
1283
1387
1425
1413
1409
1204
1364
1357
1053
1374
1354
1377
1302
1377
893
1385
1286
1418
1115
1383
1274
1420
848
1401
1391
1157
1306
1386
1292
1262
1366
1385
1208
1391
1429
1377
1056
1422
1334
1394
1405
1420
1353
1013
1335
1390
1398
1185
1174
1413
1331
1378
1393
1268
1378
1386
1365
1144
1372
1392
1135
1368
1366
1395
1329
1360
1303
1225
1371
1390
1367
1372
1399
1066
1372
1376
1250
1400
1334
1384
1408
1355
1370
1268
1357
1388
1191
1370
1263
1375
1415
1229
1279
1419
1428
1337
1369
1355
1377
1101
1271
1377
1335
1072
1381
1370
1289
1368
1383
1235
1349
1403
1416
1371
1386
1179
1397
1298
1236
1411
1415
1163
1366
1359
1417
1197
1408
1354
1233
1214
1385
1265
1385
1396
1278
1405
1374
1207
1314
1401
1388
1225
1227
1413
1381
1017
1353
1173
1381
1374
1368
1186
1381
1393
1404
1351
1418
1401
1299
1422
1354
1376
1176
1366
1114
1365
1382
1386
1273
1390
1281
1299
1251
1379
1379
1350
1323
1387
1400
1420
1172
1369
1375
1299
1386
1129
1375
1406
1301
1393
1373
1396
1398
1414
1066
1384
1295
1368
1359
1075
1403
1236
1404
1362
1327
1359
1393
1127
1393
1376
1403
1285
1415
1223
1370
1325
1405
1261
1381
1337
1380
1425
1446
1390
1013
1346
1359
1062
1361
1186
1406
1370
1401
1328
1381
1180
1373
1228
1370
1225
1416
1411
1384
1166
1398
1324
1398
1315
1389
1239
1414
1254
1397
1047
1384
1283
1364
1359
1295
1368
1184
1397
1404
1390
1369
1367
1411
1427
1392
1005
1394
1301
1386
1372
1291
1289
1417
1363
1361
1251
1391
1281
1393
835
1405
1362
1237
1348
1407
1356
1378
1367
1342
1417
1356
1421
1388
1348
1381
1355
1377
980
1379
1274
1169
1270
1408
1223
1389
1390
1137
1361
1388
1385
1279
1350
1367
1362
1210
1310
1409
1256
1367
1246
1381
1307
1392
1355
1316
1394
1213
1403
1401
1401
1328
1357
1388
1246
1384
1397
1321
1376
1393
1109
1397
1205
1388
1359
1383
1066
1408
1366
1375
1215
1376
1192
1191
1414
1371
1169
1375
1380
1391
1401
1255
1420
1237
1424
1088
1389
1372
1343
1389
1408
1396
1355
1400
1220
1352
1376
1364
1316
1415
1413
1322
1314
1357
1397
1217
1381
1404
1288
1360
1167
1373
1325
1169
1387
1062
1354
1412
886
1387
1401
1344
1400
1316
1398
1355
1381
1337
1385
1263
1404
1339
1348
1399
1414
1408
1407
1398
1389
1366
1364
1138
1394
1078
1362
1372
1073
1419
1422
1261
1368
1424
1199
1391
1343
1381
1382
1397
1399
1389
1367
968
1418
1367
1402
1396
1380
1369
1300
1289
1416
1384
1381
1364
1315
1420
1106
1377
1334
1399
1373
1366
1239
1367
1391
1418
1386
1361
1145
1381
1383
1370
1394
1334
1371
1206
1355
1378
1328
1388
1398
1394
1403
1413
1152
1403
1364
1158
1395
1401
1374
1383
1403
1417
1335
1399
1387
1343
1363
1369
1337
1418
1362
1376
1379
1389
1286
1403
1400
1327
1378
1383
1114
1376
1405
1366
1090
1380
1398
1251
1417
1418
1247
1373
1399
1282
1405
1400
1327
1385
1376
1355
1376
1167
1399
1393
1332
1411
1193
1412
1355
1299
1377
1176
1373
893
1383
1282
1461
1438
1418
1371
1104
1411
1246
1378
1296
1391
1399
1246
1380
1312
1414
1374
1214
1364
1160
1407
1316
1324
1394
1229
1406
1327
1414
1386
1363
1385
1390
1390
1360
1365
1363
1398
1228
1398
1333
1359
1354
1399
861
1422
1310
1394
1374
1293
1400
1386
1213
1395
1390
1374
1102
1241
1387
1236
1383
1418
1349
1099
1390
1374
1374
1212
1409
1126
1405
1360
1398
1357
1371
1201
1380
1277
1388
1258
1370
1121
1264
1414
1367
1312
1386
1071
1382
1324
1358
1391
1381
1406
1246
1377
1193
1406
1172
1390
1356
1380
1385
1254
1400
1191
1373
1371
1255
1359
1385
1124
1395
1219
1386
1423
1141
1413
1397
1015
1384
1385
1350
1410
978
1392
1314
1301
1374
1362
1400
1231
1383
1378
1370
1198
1355
1352
1401
1376
1413
1185
1405
1208
1370
1339
1401
1404
1370
1369
1135
1385
1246
1381
1300
1381
1177
1393
1057
1366
1305
1374
1372
1120
1348
1391
1406
1164
1406
1293
1383
1422
1333
1420
1410
1386
1365
1292
1381
1401
1369
1218
1405
1305
1368
1371
1380
1334
1384
1369
1400
1406
1374
1414
1298
1400
1422
1088
1399
1366
1350
1389
1403
1419
1414
1232
1362
1375
1377
1323
1181
1416
1363
1232
1413
1390
1375
1417
1327
1270
1335
1398
1385
1359
1366
1400
1388
1433
1388
1392
1371
1374
1342
1410
1365
1258
1409
1418
1315
1370
1382
1286
1363
1370
1325
1367
1417
1098
1390
1113
1372
1410
1227
1402
1366
1076
1375
1377
1408
1258
1354
1423
1287
1392
1395
1237
1420
1402
1391
1312
1370
1410
1399
1409
1410
1171
1399
1395
1281
1401
1284
1411
1346
1385
1360
1200
1380
1296
1393
1423
1392
1391
1186
1427
1382
1341
1415
1337
1421
1381
1368
1214
1215
1384
1092
1008
1382
1290
1412
