1120
1427
707
1350
974
1177
981
1133
983
794
1155
733
1402
945
859
1011
743
1078
620
946
1224
728
902
1223
970
461
1259
913
694
832
1007
993
683
878
1132
1015
733
1047
763
863
987
950
1289
940
821
1205
688
899
863
879
1176
794
756
980
908
814
890
856
634
987
830
1137
993
435
1328
692
1261
542
965
807
869
896
853
850
1283
539
872
1088
845
781
939
910
1024
901
829
1202
872
689
1307
538
983
787
852
1045
593
1169
506
1151
585
918
836
1022
968
624
1117
724
763
919
978
754
970
665
1202
655
872
1105
732
934
943
711
799
1178
693
1241
590
859
922
883
993
1177
628
1320
724
875
1009
830
638
1389
530
1028
626
860
927
947
795
989
622
704
1022
403
1256
664
842
947
828
1045
794
936
1166
997
1001
850
643
1325
899
1058
1085
914
844
966
974
609
995
844
978
975
799
900
1014
935
943
790
1001
857
1033
935
921
1260
886
780
954
1023
897
742
1286
673
980
796
685
1358
611
860
1108
776
1148
879
715
872
1244
973
603
1212
778
1007
911
916
1180
535
1200
880
829
936
1162
798
1067
654
1020
936
1047
758
1262
943
1012
676
1103
806
1000
1070
894
921
944
816
1153
822
937
763
1180
799
881
801
1159
657
970
753
1288
751
1019
777
953
790
940
1062
1015
840
909
866
678
1369
506
1013
1064
820
1010
714
906
1167
861
945
1025
946
666
823
1164
865
1080
642
1012
911
975
751
1187
772
1298
412
1154
721
1236
549
1154
838
855
954
889
718
1059
927
1086
792
854
1043
743
1095
723
920
956
863
830
837
880
1064
893
886
859
1208
959
1173
940
838
949
808
973
851
889
1131
1029
881
1004
793
793
992
764
1086
823
753
952
907
780
934
957
786
1045
696
1047
713
1141
806
1036
814
841
880
942
845
900
629
1190
515
1380
624
788
1025
911
854
983
755
1030
890
1031
633
1363
516
1012
810
939
1023
931
721
1150
693
979
716
875
905
744
1344
731
899
769
1175
834
689
1055
447
1237
769
980
777
1103
826
1200
451
1032
910
770
876
1060
618
1267
814
912
1089
669
1195
793
896
831
1058
730
1118
914
823
969
777
1059
668
1029
674
949
886
632
1003
521
1202
871
580
1060
636
820
934
936
466
1009
763
850
752
593
1095
823
1301
927
913
869
1172
709
946
1160
701
1084
797
953
791
1102
606
1169
850
952
1048
694
1303
871
990
921
767
884
1207
951
957
1096
557
1024
749
746
1305
920
833
1022
790
975
967
775
923
1031
660
1094
669
994
1082
625
1003
1056
628
969
978
1156
580
749
952
1004
971
739
999
1174
744
1129
832
962
1017
627
986
553
970
694
495
1072
716
803
832
899
780
906
919
1039
882
874
961
1118
812
1097
628
1085
1098
752
770
849
668
1255
698
799
752
1010
557
920
911
846
655
867
1148
863
751
599
1386
452
1120
595
863
1223
897
819
1317
564
1070
975
771
1088
864
829
934
985
903
674
963
1084
960
301
1116
1092
885
858
810
868
1262
863
759
801
1411
1064
729
910
1007
989
832
818
919
927
976
882
760
1021
926
677
728
1364
443
791
1314
874
571
1158
921
726
1217
657
1055
1128
778
1157
646
1062
1015
757
1173
646
1343
946
800
1098
777
1053
846
907
665
1050
917
866
945
795
900
955
1281
860
968
858
891
930
872
800
1013
700
1069
1119
577
1087
876
926
811
1265
539
1223
792
944
957
711
838
1058
846
872
920
909
914
989
673
1042
815
821
824
1091
723
1072
570
1116
1082
893
1043
1024
1093
472
1194
769
954
1123
922
1331
464
985
814
959
710
1061
827
1081
843
829
1189
500
1207
832
1061
471
1068
1014
618
1012
924
956
1017
693
1075
635
1070
907
632
1406
662
692
866
803
1236
577
1203
1096
750
1311
1057
766
1034
779
1157
701
979
985
832
1022
1087
668
1001
968
746
963
907
903
1137
909
887
1023
789
1104
903
717
864
806
1042
869
655
1231
971
649
1308
524
1083
1043
687
1190
983
563
1222
710
1174
658
1128
776
914
837
1032
1288
596
1165
707
971
835
864
1257
759
1122
936
933
866
839
1011
997
770
1089
801
1158
749
869
724
1070
899
927
814
850
948
1019
681
1025
1156
901
864
1180
580
1278
659
827
993
631
1052
877
847
868
618
1254
786
1124
842
967
843
927
1049
735
1090
637
949
803
1004
786
1047
1225
791
1121
848
839
983
918
687
1097
1129
730
1089
773
996
910
845
1067
776
1069
868
940
810
1048
973
755
1066
753
1011
895
1302
809
1070
804
763
991
931
947
908
1043
492
1321
892
838
1027
832
1228
639
1171
869
958
887
1141
973
939
1112
604
1225
935
1029
683
1157
793
907
1170
842
961
1145
680
1189
649
1161
783
1006
681
1398
463
1188
694
1061
757
1179
1013
950
890
961
830
867
1044
764
776
1192
748
1115
982
933
1256
1000
930
873
1003
976
1060
744
983
955
1133
484
1370
339
971
987
872
708
1127
885
665
1237
555
781
974
881
560
1253
876
832
660
865
850
1229
1246
854
845
705
1064
558
1026
810
1273
664
710
1411
839
1031
1260
787
927
762
965
1165
724
967
1023
966
850
1115
780
1103
823
922
1083
687
1378
602
827
1387
713
1334
537
928
772
1147
829
1115
608
1281
741
1040
937
924
1382
708
852
832
1077
1070
718
1043
988
1039
898
796
1200
1040
858
747
1134
242
1091
946
782
1239
673
905
1164
1119
910
1006
1214
644
1043
958
835
782
1303
655
841
1093
813
892
742
1337
683
831
1255
657
875
1028
694
1072
1030
822
946
761
1184
619
1055
795
1066
917
823
1204
750
1064
866
670
689
1000
1141
666
1393
485
977
818
1298
691
1443
480
1146
780
896
622
1081
708
724
1238
933
923
712
1087
1003
936
1107
918
875
1104
810
764
1169
748
1062
802
1046
849
722
987
927
917
775
878
995
740
942
938
842
1160
668
906
1248
507
1129
998
862
875
1102
683
996
931
873
1065
791
1057
1058
1046
710
1150
890
890
1078
703
890
1235
805
846
984
716
1088
845
846
1038
787
838
888
839
1236
634
1107
1063
920
721
961
1039
790
1092
1082
761
874
1032
907
919
967
765
982
828
1164
1038
731
903
823
1127
959
834
973
1015
1026
878
778
925
1180
476
1343
281
1339
812
863
1041
926
481
1374
702
823
849
1125
700
948
1125
969
553
1193
709
817
742
811
1115
921
1016
1123
555
711
1052
1090
1085
771
947
823
799
774
931
678
973
858
684
823
1184
1099
672
1057
915
835
1115
940
740
710
1204
995
871
981
707
947
1248
605
651
1166
730
1077
967
669
1150
980
846
1402
258
1142
858
1125
678
871
702
1010
902
751
569
1188
870
968
1048
575
948
734
1146
616
1244
511
984
1167
760
1036
755
772
1068
1088
955
684
949
527
1147
997
879
695
977
522
1243
845
659
831
1074
864
1036
849
810
793
1047
846
821
713
1148
710
901
806
993
947
1115
909
657
939
1196
782
948
789
1058
1065
630
960
826
1304
701
866
675
857
1390
490
1141
424
1310
978
789
832
873
1337
640
1109
739
1188
1077
590
934
729
1245
863
757
941
1101
697
835
947
587
1189
683
1247
833
806
1089
1120
1143
699
999
659
1105
967
757
654
1082
918
1117
797
878
798
880
1109
756
1112
575
932
979
1058
1043
924
1003
1157
867
526
1100
748
950
861
995
658
949
866
1176
828
889
759
949
1049
1199
901
888
594
992
863
853
725
936
1005
1282
696
883
800
982
897
787
735
959
1106
863
828
907
769
1290
926
519
1160
1187
674
822
1186
901
654
1265
577
1250
843
758
1059
1161
689
890
1041
768
762
1386
277
994
1158
756
769
1173
1125
476
1070
783
1076
674
1165
545
1193
794
820
663
1185
598
1140
561
1327
384
1124
879
1096
888
859
1242
574
1054
903
933
850
954
758
1017
856
1036
811
819
1067
711
914
1088
1006
653
1105
890
995
956
753
873
995
1096
824
863
858
1004
828
892
905
958
794
662
952
1066
859
992
622
1215
704
1082
1034
950
803
940
823
691
969
1271
687
1081
785
857
967
837
797
1025
1013
764
1069
1194
992
591
1346
863
839
831
1308
797
798
932
853
1280
754
1032
750
1217
476
1061
1094
735
1070
746
878
932
796
1115
1065
656
1034
1069
616
945
1091
958
766
1104
907
907
838
1074
766
1047
578
1065
1025
742
1030
950
909
1065
711
1105
692
771
1241
820
638
1113
890
1035
1063
860
1042
755
1288
425
1138
873
824
902
1051
1150
436
1234
727
826
1118
1192
718
877
772
1035
945
760
1257
570
842
897
1117
480
999
945
1039
761
905
1108
821
921
902
819
823
1035
862
825
964
1074
706
1063
920
890
688
1256
625
1002
792
980
821
753
801
1142
1017
704
988
776
1126
740
890
1173
607
1228
751
927
623
1211
939
1183
585
920
955
1167
793
819
1224
849
758
976
901
918
733
1056
904
906
860
947
927
885
822
1094
904
1096
726
1131
785
1122
706
982
883
784
816
1058
977
738
1031
774
951
1048
711
818
740
1072
1122
1161
396
1186
908
972
1022
752
1022
1128
722
1016
522
1096
1090
753
818
772
1051
1095
898
769
1132
834
831
882
855
1034
1109
635
1303
635
1195
907
874
749
1180
995
774
974
862
1190
622
958
865
1015
873
984
886
1065
1057
906
778
686
1019
1306
787
663
916
1001
962
887
818
834
1111
984
480
1287
934
754
830
1354
464
932
857
1034
587
800
1096
891
694
926
998
797
1093
867
809
1125
932
807
1090
816
980
797
940
1004
923
698
950
1033
928
768
1007
977
936
818
1069
914
892
1017
1025
622
796
1043
525
916
1303
913
550
1119
1082
939
784
924
1018
1084
648
744
927
1337
476
1064
995
835
997
866
970
896
1039
887
758
1113
880
881
1072
793
851
966
1017
695
1117
941
774
1164
801
1043
974
1015
787
965
1096
692
759
1395
636
974
1043
793
1155
809
750
1176
912
1137
858
772
1231
783
912
1030
695
832
1169
973
787
1176
709
1161
733
754
1072
992
695
774
1092
1086
794
1064
1012
858
649
1110
867
1049
786
982
797
869
949
989
928
799
1079
728
1176
621
1365
743
821
1135
871
861
939
735
1017
912
1011
927
823
962
898
1057
774
1064
876
973
895
1159
833
625
1366
587
1015
959
867
662
1244
486
1145
821
1117
588
1078
693
1252
886
852
1064
721
998
688
1063
832
944
837
1010
800
1095
836
1034
859
1018
622
1206
501
1140
814
672
1097
849
890
936
717
1294
718
1293
638
1104
781
785
1323
701
1117
948
839
929
1145
822
1237
833
1050
521
1366
682
1032
769
1198
656
1078
773
1282
522
1357
1050
730
1098
934
791
760
1245
688
776
1125
827
1038
837
1140
674
995
1080
816
784
1207
690
1190
935
1105
760
790
824
1113
792
1100
1097
643
1079
850
844
1041
911
719
1278
574
919
861
1056
399
1369
723
1088
885
918
761
1038
1022
1038
993
775
1093
524
1338
631
1210
684
956
876
1033
823
794
1088
971
546
1101
603
913
980
784
1171
835
698
1206
666
814
1222
945
747
1076
829
1173
812
943
803
1201
865
875
1380
458
1111
689
977
824
942
738
954
844
993
914
1227
445
1364
789
824
962
1167
481
1264
842
963
739
1165
757
843
1103
817
946
1011
853
788
1118
1076
715
952
1002
835
714
1010
875
754
887
767
1022
1231
698
823
1051
879
794
1451
725
963
662
926
1397
412
994
804
1194
753
815
903
1124
514
1220
885
950
769
1228
843
781
841
1328
520
1149
888
916
1295
711
901
927
833
805
1227
960
559
1363
558
975
1078
562
1244
861
851
951
1056
963
821
849
1070
700
1108
641
1086
890
993
673
879
1044
733
1406
728
655
1042
910
1130
582
726
912
838
1006
904
827
864
1092
788
1063
834
799
913
940
884
901
1238
491
1036
858
1084
644
1166
844
1125
904
809
708
1142
745
1122
676
839
1078
868
1132
763
903
805
1110
1015
880
756
999
971
1004
664
1085
933
901
1023
1065
736
1066
1008
804
998
996
575
1408
754
768
876
1179
701
972
914
974
840
830
1027
884
899
1024
966
772
1086
916
1098
781
996
695
1115
807
780
811
994
943
1042
1051
686
1318
1087
601
953
1185
625
1006
1258
656
1050
838
962
846
1106
671
910
899
886
1065
842
1026
1015
956
824
933
803
816
1174
802
1056
732
1195
749
1128
633
872
1188
693
1193
734
1123
902
899
989
1085
562
1374
627
917
918
1089
524
924
906
1200
717
979
1035
873
918
853
1204
897
989
1035
856
747
1129
798
900
910
1061
902
765
959
736
940
847
1112
829
911
769
973
892
889
928
644
1156
1014
685
970
933
901
860
850
938
954
1200
480
1179
983
925
734
1156
626
1079
920
779
947
1210
885
701
1160
887
739
750
1014
774
735
828
645
965
732
765
1089
725
