1404
1374
1031
1392
1349
1290
1192
1128
1263
1023
1377
1222
932
1241
1174
809
1013
1306
931
1368
936
855
1354
1200
898
1068
994
1059
1165
1175
869
1350
920
1125
1158
1185
1408
869
1320
1013
1254
961
1175
1014
901
1190
936
1103
1006
1170
961
922
1271
942
1092
944
1336
1072
976
979
1083
1128
1342
929
838
1241
1012
1100
961
1314
1095
1017
1354
822
1242
1082
904
952
1310
757
1085
1039
965
1266
1067
1144
887
1009
949
921
1164
1041
1144
846
1301
947
1089
923
1122
1095
971
1356
844
1331
873
1086
1017
1059
1363
1001
1380
895
1062
1051
707
1371
579
1358
463
961
1297
979
1075
726
1342
576
1308
776
1014
1157
1230
883
1300
925
1334
1397
644
1384
1122
1154
1335
1041
1117
1143
937
1129
1030
1139
1038
1016
1188
1180
962
1130
917
1357
902
1325
1205
901
1247
1132
940
1393
866
1295
861
1207
1009
1074
1411
695
1350
837
1093
1369
1002
1079
1070
1251
1257
1305
872
1085
1056
1328
1200
961
1140
1011
1075
1336
1045
1157
1216
1096
1259
810
1337
1226
841
1266
1208
1136
993
1125
1047
1055
1284
853
1390
826
1198
1144
955
1136
1126
909
1323
1059
1133
1056
970
1162
1307
780
1356
1099
1171
835
1175
1271
1175
873
1359
801
1420
693
1382
947
1191
1091
1091
1068
1099
1369
668
1241
1345
772
1203
948
1116
1138
860
1254
1338
805
1125
966
1214
1380
732
966
1308
893
1190
1248
936
1176
983
1387
1361
820
1409
968
1229
1067
1099
986
1374
1007
1044
1298
756
1011
1308
827
1336
776
1114
1204
1068
1182
913
1104
935
1372
870
1212
722
1182
1095
1032
930
1270
746
1380
683
1268
841
1353
1043
994
956
1420
452
1376
1023
1186
921
996
1403
674
1409
693
1097
941
1279
650
1381
663
1255
931
1046
1131
1277
517
1367
886
1400
929
993
1370
696
1197
963
941
1255
980
1202
1143
1147
1032
1192
1117
934
1270
912
1380
1075
936
1093
1192
665
1363
797
965
935
1124
1210
865
911
1182
802
836
1150
945
1017
874
1087
878
1039
1004
1352
993
1206
1165
940
1129
1376
764
1254
791
1292
1281
909
1158
858
1396
883
1360
1038
1137
987
1207
1384
953
1221
933
1125
995
1059
1309
956
1337
958
1103
1157
1092
1147
835
1259
1074
852
1282
1003
1123
934
825
1383
871
983
1261
1271
908
1228
1174
1046
1284
1085
1164
673
1164
728
909
839
1195
938
636
1391
1009
862
1130
1220
1121
1220
1042
978
1159
1168
991
1221
996
858
1369
989
722
1036
1165
736
988
1120
841
1049
1305
1103
745
1358
782
903
1062
1341
1122
980
1332
1069
1025
1084
1117
1357
728
1247
1186
726
1397
914
948
1003
1266
824
1376
904
1225
1159
864
1257
1386
960
1144
1073
1239
946
1024
1212
1103
1082
1084
1097
765
1115
1368
747
1289
806
1058
1322
832
1359
864
1196
1294
977
1275
1063
1230
875
1324
850
1361
1107
1249
1054
1085
1162
845
1155
1044
1405
834
1143
955
1394
1009
1144
978
1266
943
967
1376
735
1277
787
1317
992
1212
1138
854
1347
1013
982
1225
963
1118
1209
912
1318
965
1039
944
1117
987
956
1288
1118
1123
994
1153
998
1282
1098
1142
1246
885
1269
1047
1225
1078
1289
930
1155
1166
829
1255
1077
872
1188
1373
832
1174
744
1405
854
1070
1192
1261
1022
1193
685
1411
693
1293
975
950
971
876
1413
1121
1403
820
1392
1231
781
1408
786
1090
1087
1271
1051
1141
1076
1117
908
1161
1113
1020
1359
1179
960
1174
1081
1174
910
827
1223
1218
778
1400
984
1107
1195
1029
1225
939
916
1320
1234
882
1393
987
910
1251
1002
1194
1180
1393
860
1021
953
1195
1414
884
1271
1043
1054
1067
1299
1015
1194
1032
1229
922
1016
1190
1020
1040
1085
1176
1130
1286
596
1409
800
1411
671
1384
771
1135
928
1221
987
956
929
1243
998
1322
950
1080
1093
1363
704
1318
696
1408
526
1388
1090
1277
1121
1126
884
1129
1203
796
1211
1366
1183
1061
1058
1150
1187
851
1369
919
1063
946
1390
949
1183
938
1262
1262
914
1356
979
955
1137
1075
1255
1039
743
1386
1114
1114
1173
1288
887
1227
1036
1247
1384
1073
1372
782
1209
1046
1388
892
1130
1298
1060
1017
1323
993
1188
1058
1288
942
1064
996
1205
1294
887
1268
1140
1055
1256
1085
817
1353
1103
946
998
1356
1054
1355
1190
1335
1279
1019
1228
1088
1348
678
1113
1354
957
1280
614
1342
1053
846
1101
1144
1073
1016
1129
984
1008
927
1270
895
785
1310
1291
1354
1022
962
861
1091
1179
1056
1237
1158
1231
1081
1334
1018
1270
861
1199
1342
794
1141
1430
931
1167
1155
1003
1411
899
877
1381
716
1376
959
1301
915
1178
1087
1082
1411
768
1211
937
1394
1043
1174
1079
1026
1248
977
1366
1001
1211
1158
1272
832
1408
1154
988
1031
697
1329
721
1366
764
1131
1397
911
1383
1248
757
1387
982
1126
1079
945
1068
1362
901
1166
1327
807
1148
1131
976
1343
745
1363
882
1275
936
1362
862
1052
928
1384
879
1320
865
1339
1084
697
1114
1312
725
1382
991
1073
1350
1006
1371
1010
993
1007
992
1006
985
1283
1095
939
1207
1367
862
1344
1098
1127
1327
810
1281
925
1375
1131
847
901
1207
996
946
1229
1101
1122
1214
1024
1036
953
967
1395
811
1264
918
1173
1102
928
1426
766
1323
899
1305
1157
947
1398
1002
995
1256
1045
971
1061
1227
1041
1034
1202
1142
1101
840
1265
1083
1177
860
1233
1117
1108
1139
1156
1146
912
1365
1070
1090
1122
1371
761
1401
677
1377
1233
942
1057
1228
1123
1140
1258
1008
1085
1007
1056
1186
1160
682
1359
988
1238
892
1060
1374
875
812
1393
890
1060
1245
969
1216
932
920
949
992
1335
1095
1403
719
1165
922
1331
1173
1068
995
915
885
1163
907
1097
1003
1092
1295
832
1409
837
1307
1199
912
771
1383
877
1274
904
1079
1389
655
1222
873
1298
1085
785
1383
1048
1410
696
1244
1074
1278
842
941
1112
959
1210
866
1140
1076
1104
831
1195
1101
839
1305
925
1402
863
1210
810
1180
1248
1116
971
1092
807
1383
994
921
1101
917
1236
945
881
1180
1244
834
1117
1054
1169
1010
809
1203
1097
1125
928
1213
1382
1026
824
1272
1248
867
1103
1216
1092
1112
943
1370
814
1044
1075
1221
941
1191
766
1208
1373
646
1166
1337
1005
1021
1382
1090
848
1163
1130
949
1172
1115
1329
878
893
961
1300
966
1322
1165
896
1373
1324
674
1335
904
1338
987
793
1270
1148
1130
1074
1042
1174
1076
1170
725
963
1416
1320
1024
1139
1243
993
1172
814
1178
1123
1069
828
1193
1372
969
1091
947
1223
1311
1008
941
1023
1148
913
980
1343
1327
947
1001
1349
875
1060
852
1020
1388
763
1155
1005
1394
977
704
1403
1155
652
1357
973
862
1321
1064
1238
892
1352
1249
1041
1014
913
986
1384
531
1121
1120
1082
1279
1072
1035
971
1188
940
1380
831
1042
996
882
1235
655
1390
709
1045
1288
1054
1160
1200
1050
1077
1365
652
1345
1043
993
1138
915
1200
932
1419
832
1206
1015
941
1380
1058
1135
875
1332
1009
1320
950
1230
637
1403
919
1038
1070
972
1225
1168
910
1220
936
1137
1221
1151
1365
937
913
878
1133
1223
1079
1361
796
1133
959
1172
960
1229
1197
1404
951
1243
1208
1023
1121
1394
925
1044
1036
1405
900
1011
1300
836
1362
925
1234
1082
934
1093
1154
1121
1249
984
1180
1077
986
1364
833
1222
1026
1189
1105
1054
1217
637
1384
838
1244
1242
948
1188
1145
1029
885
1392
804
1155
1177
1212
1114
1206
1207
1155
695
1316
954
1151
1210
1256
774
1207
846
1391
1101
813
1262
882
1385
789
1382
754
983
1201
908
1122
1016
1150
885
1374
1061
966
1192
917
1318
972
1045
1137
1230
1040
1197
901
911
1200
1115
1255
980
821
1339
912
1229
879
1175
1127
1133
881
1391
899
1268
647
1246
1176
1165
1400
869
1184
1241
938
930
1415
815
1207
1075
1093
1050
1191
1186
860
1181
870
990
1281
1381
1289
958
1344
1042
869
1029
1219
1002
1039
1160
964
1031
1020
1267
1035
1023
1031
1400
1171
568
1347
1095
1283
960
1238
1243
927
924
1132
1351
861
977
1108
1255
1086
872
1409
629
1363
901
1269
1167
838
1255
1364
1048
989
968
1368
1232
928
1091
1190
1193
920
1249
1051
1090
956
1231
1280
1045
866
1403
873
1097
1091
1001
1140
872
1014
1375
897
781
1388
1011
731
1393
1052
983
967
1246
599
1338
1118
808
1349
1202
791
1228
809
1369
1255
657
1245
1227
1031
1170
987
1065
1062
1335
984
995
1334
1004
1172
1158
1254
834
1320
861
1098
917
783
1374
1088
781
1190
1304
971
1043
1241
1080
1092
953
1404
681
1234
1000
1226
1139
1082
1315
1296
681
1234
997
1140
1086
1123
1028
1385
789
1207
1016
1326
1044
1236
1067
1266
946
1302
925
1305
1255
804
1305
992
1196
877
1332
1173
1308
955
1075
1201
1093
1287
828
1322
1095
957
1314
1007
1154
980
1153
1169
1064
1085
1162
1160
981
1300
823
1388
988
986
1204
1007
927
1242
1180
1056
1220
1018
1176
1093
1063
1044
1368
1055
993
1310
961
1078
1125
1010
1311
865
1188
1082
1234
985
1148
1198
1173
1142
1024
1327
906
1085
811
1246
1210
972
1228
907
1227
1017
1118
1149
1289
888
1116
1056
956
1230
981
1160
1150
951
1213
1149
972
1249
766
1399
706
1411
779
1064
1094
1340
800
1370
933
1394
1101
941
1092
1348
948
1249
761
1256
1420
1246
1040
1025
1316
1031
1142
1061
1396
691
1392
786
1389
1073
1167
1167
1098
811
1296
1125
1035
1041
1154
975
1385
482
1412
855
1039
1388
690
1427
810
1277
970
1072
1356
1153
1140
956
1273
902
1076
980
1143
1367
815
1032
1232
850
1370
908
1125
1244
1161
975
1204
1216
1062
1227
802
1390
1265
650
1385
886
1155
996
1073
1264
757
1297
799
861
1346
1261
1013
811
1400
1000
1110
1123
1041
1369
551
1412
1206
653
1362
1049
1281
1103
1090
909
1305
653
1242
1238
844
1278
1257
729
1403
1068
1114
941
1270
1219
999
1089
1269
976
956
1283
920
1128
1238
1064
1186
1380
536
1230
1331
820
1062
1053
1139
846
1218
1358
820
1342
946
1013
1451
786
1014
1173
1377
738
1115
1169
1085
1141
956
1181
899
1364
900
1007
1342
894
1021
1412
876
1262
1258
897
1392
1109
985
904
1089
1381
952
1372
858
1017
1174
1064
1109
1014
1351
963
1128
1149
1122
963
1212
1081
946
1219
970
1262
930
1281
971
1093
973
1047
1097
960
1013
956
1286
1053
1154
1305
987
1145
912
1087
987
1306
1016
921
1089
1168
1198
1286
947
1176
1130
999
1150
850
1253
912
1182
1142
1360
978
1212
1050
1081
1107
1037
1035
1252
903
1244
1112
1237
937
1136
1308
1120
996
975
1179
1407
990
1190
1043
932
1220
1088
1194
1278
729
1182
1153
1063
1075
1067
1296
1163
962
1095
1237
1103
830
1206
1380
949
1083
862
1370
1165
1132
1033
1072
1006
1339
840
1050
1368
967
1205
1039
1131
965
1161
1136
1213
922
1145
1099
1202
1152
800
1318
1086
1263
1023
1240
758
1363
885
1380
715
1315
966
1396
1085
676
1365
985
1262
1032
694
1360
1031
1299
968
1170
1137
930
1362
838
1344
1097
1082
972
1038
1237
1084
1095
1211
1106
880
1058
1055
1269
863
1011
1192
1014
1313
923
1212
1064
790
1337
963
1026
1086
1060
1286
1057
1210
1124
1150
1142
1030
1010
1111
1004
1408
810
1246
1217
1106
692
963
1251
890
883
1038
915
1033
1158
