24614
34366
32385
30395
27576
37076
40826
39540
23616
37876
34978
40992
40531
39569
34658
30004
38795
36161
39349
38552
50919
34568
33725
34012
40581
38085
41979
36201
32023
31834
32596
51783
33986
38208
32685
40624
43223
36826
46446
36364
39466
31504
36271
51470
28475
39420
42194
35349
46459
30691
44985
32870
39439
38069
37117
37088
35164
38421
30459
45420
45182
39157
41632
39927
41841
32073
41222
44754
34813
48875
34524
41072
41969
32287
41788
34732
44683
37648
42811
37885
31966
43596
38637
39960
23418
41752
38796
38084
36410
47260
37563
24200
51143
37784
44250
38096
37891
50891
41756
39129
37568
31898
38580
37658
32882
44353
29948
34700
32646
37172
38198
32771
42800
40412
37133
41004
35681
38378
39646
34754
37409
32834
38634
32331
37163
37801
42986
29158
47337
34533
37503
38237
30979
48700
32363
47259
28344
32175
41379
39044
26455
43989
31793
43532
34460
42330
33468
34799
37624
42399
34258
32767
35258
43170
31006
34666
37993
41234
37119
36201
38619
33320
43929
33261
43232
40083
31536
36173
39929
37913
43304
31066
34798
40033
42550
40999
36275
37723
36767
33918
40194
37261
35149
38286
38750
40354
42724
28152
39515
40100
35212
36545
36890
44726
36654
28694
39265
46729
35757
37080
37426
35677
42268
41327
35560
30148
44700
41566
37136
43254
33647
34217
41087
31277
29539
35674
44758
32743
35934
40302
38351
34725
41154
41505
39697
35224
38987
42513
37060
36602
38783
39316
36738
38099
36945
35647
39714
39459
42889
46231
31098
32691
42582
42945
32310
42792
28064
42834
45103
32118
38159
36906
38077
46159
35802
35622
46353
38992
29668
40524
44522
29067
44472
41735
33943
46885
36698
32290
37432
43434
39053
45231
34289
36456
39311
31866
39241
43224
37791
30627
43325
37933
40300
37461
41288
31301
47679
35553
41920
39605
43194
38501
47110
47683
38905
34545
53096
39789
37756
26984
41554
37070
33457
40478
29369
41843
45821
33469
39958
35015
43916
25995
41800
32771
33575
42385
34630
33665
37134
32070
43032
41466
32264
40851
34268
38357
36936
36901
39132
42373
39209
39542
41348
32086
42287
36395
32159
48184
33949
34709
41268
33991
39483
31380
40626
48244
37543
48763
43809
40724
45857
34043
45358
35600
37541
33107
38728
39813
38290
39752
28878
43264
42203
30791
48310
38252
48057
34932
46384
37406
40387
47785
23708
39243
51419
27089
41952
31886
39816
35203
33739
41617
42660
32498
38495
41484
39254
42543
33595
46189
38001
41461
25455
44630
27727
29079
47321
36514
34293
39463
37966
44203
36881
38509
40687
38030
36473
36200
37510
38833
43309
29518
45956
28222
41135
32836
39252
36197
35362
42769
27634
42146
34789
32342
38792
41914
35414
36650
44756
36103
25069
43915
38654
35989
40501
39068
41136
31114
45147
34866
37404
37471
42681
30867
36246
33925
48009
30309
45746
29818
41739
40707
40424
39151
35395
46124
27878
48197
29234
35566
40673
41731
33066
31248
39781
37992
36223
43387
31110
39137
40962
38605
41470
40112
29498
40132
45626
32560
41674
38758
31518
49111
40139
29486
48018
29197
46065
42366
30771
40061
31547
37078
26213
50225
23128
39585
38861
36028
44469
29244
42312
42392
32540
45887
32036
31101
41188
43473
24807
45525
44091
36986
42636
35355
36721
34402
37958
36053
34763
40247
34580
42673
39793
38797
33997
40676
27630
39515
37939
41405
39334
29249
39335
32519
39837
37044
36132
40365
33343
30855
46017
37774
32809
46777
37676
40662
37150
39617
30961
31290
40333
30973
49557
30461
38884
49012
34771
36058
39206
33650
37342
42034
29298
41638
45586
31253
40781
37866
34220
32239
42116
43550
32067
39496
30664
42184
43452
32935
39028
39536
26807
42790
41875
34225
37990
43831
35445
33401
35457
35195
44947
37620
36860
41392
38179
36701
36191
31400
31424
47163
28972
36099
40861
32286
28086
46721
32789
36886
38334
38227
32722
35003
37175
36998
34436
39019
39519
35986
32068
41910
43908
37137
36706
29782
37940
41423
38230
25945
50298
33927
34676
41121
27658
33223
35474
38226
35328
40698
41129
28570
43169
45548
31759
43591
31204
45216
33694
50215
34974
48023
33202
44383
40713
34867
28252
35267
46486
34578
43018
38724
36611
34208
27102
41610
36322
35738
43060
30973
43164
31467
38653
32844
35593
38319
40187
39137
24328
47521
26921
40059
38520
35382
34842
38097
47419
27964
37267
35415
32738
35994
34923
41919
26032
45397
34356
38024
39215
31185
38819
32630
50738
32932
33907
47100
30112
33961
34302
32957
45143
30061
40690
37810
36682
41110
35784
38003
30085
51270
23073
48488
32989
41733
33124
36493
43390
37258
36389
39915
32890
37386
40752
31998
46622
37394
39317
32390
43296
37068
32161
34527
39964
37883
45511
33682
47211
29968
37041
42899
30483
38117
37270
37700
30514
42372
37213
30473
44429
37379
41307
36960
43660
41805
36884
34070
37163
34847
46105
28737
42416
43524
34793
39264
35299
36022
32711
40618
37994
32214
33815
44752
37354
36917
35490
39361
35002
39734
37987
42361
33277
38786
43459
31799
37792
38016
38793
38501
35611
40240
33192
41660
34207
33131
44526
35760
33013
33464
37679
41768
37603
36171
30390
39783
44007
37364
39997
28021
47548
37231
32811
46563
31700
36138
45314
35035
39089
34540
42241
37316
36131
50006
29657
35334
32167
50193
39984
29845
41939
27350
47369
40043
47359
44190
37112
32148
43835
30488
41158
31365
50579
28390
38848
35603
43719
31608
51674
25495
40248
39354
43190
25490
42767
46471
30021
37259
40464
40066
37079
40781
43325
39235
34054
42008
46497
24230
40862
44780
35541
31386
49805
34275
38094
35894
40574
42225
34646
46563
44657
33277
42550
37433
36285
39589
38940
37707
39470
49792
32334
37012
37968
40524
33818
42762
36441
33587
36893
38369
41424
40217
35448
35678
47799
32537
43413
42761
28799
33241
50735
31260
36221
39309
31867
38331
39739
36582
36473
45664
30445
46745
44871
31946
38048
38743
39563
30722
27636
45061
43620
25307
45597
41259
41648
31527
40789
39324
32052
42029
44448
38378
22966
41570
39808
31834
38879
46823
38672
32132
46397
35733
32100
39983
42799
34236
35588
42215
35831
37290
48321
34834
28965
46858
35376
41102
46017
37472
27034
45743
39306
30096
39922
40680
26734
50173
26065
46062
32582
33378
40153
39050
28976
43439
46814
40023
34951
38036
37862
41680
28769
45223
38647
38128
36157
41705
37849
46358
33007
40593
43746
39591
30836
36482
35502
39321
46069
31127
37082
36936
34918
47409
33111
43433
40688
33459
34938
37120
41081
34078
43009
32766
39960
38409
38297
31609
42916
42215
36729
38120
38605
39167
42883
27702
39909
34261
42446
40141
39545
35197
41140
32588
45829
35121
40679
34582
45301
27170
34211
38257
34035
44466
26552
42322
41851
29377
40594
39539
32555
41317
31298
40587
45733
35666
39534
34811
43251
31982
39858
35391
38343
37265
41561
30422
40974
38533
44381
26411
40602
40621
38218
36665
39325
43055
32357
40861
36812
35751
38225
31282
35366
45891
30083
44388
36031
32307
39009
44182
33564
32852
38635
43213
29710
45226
29819
48359
34759
43793
37929
37184
41473
29981
44163
31864
44616
36670
40639
30108
43674
31532
40295
37435
42337
29907
44234
47167
37014
31377
40355
41580
33385
42891
34070
35704
44954
35925
32145
38626
35801
31480
38262
44375
31877
42823
33963
44483
34307
33850
40868
35871
45461
40002
26840
36650
37203
29968
46962
37457
35157
46261
30368
42883
37377
37654
32990
48072
35281
35916
44238
35492
33067
35090
43573
24968
44202
41742
30288
46344
42688
30280
38665
43033
28183
46647
36289
32358
34514
36020
39511
35153
39785
30521
36622
41586
38789
39172
33093
35612
34703
40947
33774
38145
42467
39663
28178
47681
42593
31579
43022
36786
35534
41478
33644
41022
32683
42418
38647
35361
51367
31763
48940
25106
46154
34305
43339
32085
41525
35427
37696
33753
41009
44908
35852
31411
41728
31634
41227
35074
38371
38135
37655
43692
39275
42532
28480
44448
33035
31820
46555
28412
45071
39355
33676
44377
30514
42637
34059
43855
34951
39513
34365
41587
34595
33342
42976
29995
38834
41461
37390
36283
34341
35850
40004
32354
46802
26038
46518
31152
43409
33923
37040
33495
33333
38229
31605
42467
33667
46667
32961
42040
32599
35740
39692
34964
42171
43403
31816
37265
40531
33688
35959
42495
38343
32331
46034
30371
37186
42003
34262
33725
39549
39674
36654
34498
44261
36567
33455
39713
40248
30084
38989
37105
36250
38411
39916
31097
39365
41156
32859
36838
43836
46192
27695
34731
46021
40971
31168
38638
32874
45917
36806
41703
31962
38937
35595
42158
39645
39147
35224
42247
37166
34899
49557
28072
42235
37359
27678
46467
35523
38083
46829
20499
38434
43139
34361
33189
35764
44080
28694
37448
34849
41987
37617
30853
41503
29792
40907
38901
37287
32392
51233
29912
44213
30848
29346
45604
38091
40086
36724
33255
41064
33614
33208
40244
36505
35501
46019
32011
41330
35450
40095
38849
37520
36021
39653
38192
37710
35078
40206
39718
28748
41626
37232
28142
35532
44810
40710
33218
46546
28941
47262
41687
40786
32876
31735
44423
31365
46408
32455
35617
38468
41563
33541
43469
29208
42377
29244
42402
47036
27698
44776
36372
41480
35600
35443
36083
39046
37619
33881
40164
37198
40728
34371
43198
29118
44064
38454
36778
31893
28953
52099
31077
49946
32511
37602
41402
33387
41884
35041
45035
33606
35699
39629
38992
29370
43778
34170
41198
39560
41884
33524
40023
40449
29695
42937
35561
47077
24691
38022
29839
41803
39627
42451
32527
45757
28186
40305
37332
33847
37222
40524
39080
37551
35075
45357
29416
43400
36724
42147
32406
41704
39289
36843
38228
31217
50341
37830
35769
44857
33156
30815
46595
31818
48564
33638
37178
40076
34828
34879
38823
37805
35248
37943
41134
40804
37047
42248
30735
35369
36930
40944
32301
39547
36235
39589
34872
35401
43638
29268
33204
45744
30101
45560
31134
40016
33304
39932
35416
39397
39844
38895
35886
33919
39693
40707
36463
35251
33984
43367
37213
41684
41613
34194
36574
36469
40758
32133
37398
37495
39060
37905
39444
33506
32814
41640
40008
33824
40367
37946
35143
38482
32953
45010
35895
37432
31859
43474
32778
30547
49062
36977
29452
42880
34930
35982
38063
42217
33981
36398
37169
41817
44319
30229
35922
39070
38581
29079
37997
38830
35309
38817
39122
36692
35545
36611
37820
46863
36265
33456
41276
40844
41334
35866
43618
35465
44811
34307
38079
39071
36754
27653
42428
36954
35267
36450
42173
38846
40286
31711
34869
40389
46269
44952
31074
49205
40215
42586
40977
0
