1370
1394
1439
1391
1430
1392
1423
1398
1367
1391
1366
1366
1389
1379
1384
1382
1396
1374
1363
1392
1394
1368
1378
1397
1395
1369
1388
1392
1384
1367
1388
1366
1381
1391
1388
1382
1389
1389
1369
1390
1371
1377
1374
1363
1395
1375
1358
1392
1368
1386
1385
1364
1364
1376
1360
1360
1395
1369
1391
1422
1382
1364
1354
1380
1370
1384
1381
1372
1401
1381
1360
1372
1359
1397
1362
1381
1371
1385
1374
1381
1387
1385
1370
1366
1365
1377
1393
1361
1383
1376
1372
1376
1370
1393
1397
1389
1385
1383
1396
1392
1369
1367
1380
1384
1375
1365
1391
1379
1358
1393
1389
1360
1390
1383
1367
1363
1381
1376
1371
1371
1368
1365
1369
1390
1371
1370
1366
1365
1388
1387
1372
1390
1361
1386
1366
1366
1364
1379
1384
1394
1386
1386
1361
1390
1366
1386
1362
1366
1371
1391
1360
1370
1386
1370
1379
1394
1363
1369
1381
1370
1372
1392
1357
1400
1389
1372
1385
1384
1393
1373
1368
1368
1380
1387
1385
1376
1381
1380
1388
1390
1376
1357
1375
1388
1369
1371
1380
1381
1385
1396
1388
1394
1385
1377
1357
1389
1381
1368
1392
1389
1394
1371
1358
1360
1399
1388
1377
1385
1379
1370
1398
1373
1360
1374
1360
1376
1390
1381
1373
1371
1386
1389
1372
1358
1377
1372
1372
1396
1387
1381
1360
1393
1379
1379
1368
1391
1388
1396
1377
1373
1364
1374
1384
1377
1366
1389
1368
1379
1365
1363
1371
1371
1384
1400
1363
1366
1370
1397
1358
1369
1376
1381
1384
1395
1367
1367
1389
1377
1387
1391
1388
1370
1369
1385
1391
1361
1372
1381
1381
1381
1367
1361
1361
1361
1390
1371
1367
1386
1395
1376
1365
1389
1397
1388
1380
1364
1398
1378
1394
1391
1385
1380
1359
1370
1384
1368
1382
1364
1363
1381
1397
1367
1384
1379
1383
1392
1383
1388
1378
1378
1384
1360
1371
1359
1359
1387
1367
1390
1385
1366
1359
1391
1393
1363
1375
1387
1375
1364
1361
1384
1369
1395
1388
1383
1387
1389
1363
1365
1383
1381
1366
1371
1397
1387
1366
1368
1385
1391
1360
1378
1396
1377
1377
1388
1393
1363
1363
1380
1375
1384
1385
1364
1377
1392
1364
1392
1357
1367
1362
1384
1372
1357
1360
1393
1378
1381
1374
1366
1382
1363
1372
1381
1371
1390
1387
1399
1371
1377
1381
1363
1358
1364
1376
1367
1375
1391
1388
1375
1360
1365
1389
1370
1384
1377
1364
1399
1393
1360
1369
1367
1374
1365
1399
1400
1388
1395
1381
1370
1370
1369
1380
1393
1390
1379
1382
1369
1370
1362
1360
1361
1383
1372
1375
1365
1387
1385
1374
1362
1374
1389
1361
1369
1370
1381
1385
1365
1381
1399
1386
1395
1396
1363
1379
1389
1366
1379
1387
1384
1391
1371
1378
1362
1389
1384
1376
1372
1395
1366
1363
1379
1365
1379
1366
1395
1383
1369
1367
1399
1378
1377
1399
1373
1370
1387
1371
1379
1377
1376
1365
1356
1374
1394
1372
1387
1374
1385
1369
1408
1387
1362
1379
1382
1361
1367
1389
1374
1368
1372
1367
1379
1361
1395
1369
1365
1358
1400
1389
1380
1375
1382
1389
1387
1364
1400
1371
1388
1389
1391
1387
1387
1369
1387
1369
1392
1362
1392
1366
1357
1394
1360
1366
1396
1364
1364
1382
1384
1391
1392
1374
1405
1386
1374
1389
1385
1370
1394
1382
1372
1384
1364
1376
1397
1366
1384
1378
1395
1393
1395
1361
1394
1396
1388
1388
1379
1382
1389
1390
1382
1370
1380
1387
1388
1382
1377
1399
1394
1386
1384
1391
1375
1360
1386
1383
1395
1388
1385
1360
1375
1379
1382
1367
1386
1389
1367
1397
1376
1413
1368
1373
1378
1363
1394
1405
1383
1377
1393
1380
1384
1362
1365
1386
1374
1365
1385
1372
1378
1370
1362
1396
1397
1387
1393
1367
1377
1374
1382
1369
1377
1374
1369
1363
1396
1378
1376
1372
1379
1376
1365
1384
1393
1405
1387
1363
1394
1371
1376
1383
1390
1394
1387
1379
1359
1379
1360
1388
1366
1371
1370
1398
1371
1391
1392
1371
1382
1384
1372
1394
1387
1362
1377
1357
1376
1367
1367
1365
1384
1375
1369
1394
1385
1361
1385
1355
1368
1404
1372
1371
1392
1384
1360
1387
1381
1398
1393
1385
1373
1369
1388
1390
1372
1379
1366
1361
1398
1373
1377
1367
1380
1373
1369
1379
1377
1373
1397
1383
1388
1397
1388
1364
1370
1390
1399
1403
1363
1370
1368
1369
1371
1391
1382
1381
1365
1383
1392
1364
1394
1380
1372
1384
1389
1380
1391
1395
1369
1393
1365
1374
1394
1362
1395
1385
1384
1366
1394
1388
1386
1396
1377
1390
1408
1375
1365
1372
1360
1368
1390
1401
1374
1380
1365
1385
1372
1355
1375
1375
1385
1371
1381
1371
1388
1375
1390
1371
1366
1367
1378
1391
1376
1383
1358
1389
1370
1383
1384
1390
1397
1364
1360
1383
1392
1377
1390
1399
1360
1360
1392
1381
1385
1364
1401
1362
1373
1386
1379
1364
1364
1359
1377
1384
1378
1373
1379
1376
1378
1392
1377
1405
1370
1379
1384
1382
1383
1391
1385
1364
1389
1380
1382
1380
1395
1370
1376
1357
1395
1392
1383
1380
1390
1390
1370
1356
1375
1391
1383
1392
1369
1367
1356
1378
1390
1376
1362
1386
1388
1372
1384
1365
1396
1366
1372
1378
1367
1375
1383
1383
1373
1377
1386
1378
1383
1375
1366
1356
1360
1382
1391
1384
1381
1364
1392
1373
1401
1368
1398
1397
1397
1382
1381
1391
1407
1365
1383
1358
1373
1358
1378
1373
1386
1383
1372
1414
1387
1392
1382
1394
1391
1364
1364
1381
1369
1391
1366
1372
1375
1377
1391
1370
1370
1393
1371
1373
1370
1365
1377
1374
1377
1360
1389
1392
1365
1382
1377
1373
1361
1362
1365
1397
1392
1368
1374
1361
1365
1393
1360
1399
1366
1367
1365
1372
1366
1369
1364
1360
1366
1370
1379
1394
1366
1380
1370
1370
1369
1406
1364
1401
1374
1374
1369
1397
1394
1377
1380
1375
1364
1369
1375
1382
1379
1371
1387
1361
1375
1388
1373
1407
1364
1376
1385
1364
1368
1358
1388
1383
1378
1384
1369
1400
1397
1392
1372
1385
1366
1366
1363
1359
1386
1383
1387
1377
1376
1367
1383
1367
1393
1383
1384
1396
1365
1371
1368
1385
1359
1395
1367
1378
1373
1394
1392
1371
1382
1375
1366
1376
1367
1393
1370
1371
1391
1395
1358
1388
1374
1400
1364
1373
1366
1392
1374
1362
1361
1384
1377
1378
1392
1375
1369
1377
1389
1392
1368
1383
1376
1361
1372
1373
1401
1361
1375
1400
1375
1369
1400
1392
1400
1377
1363
1378
1380
1375
1387
1375
1397
1401
1403
1373
1367
1388
1375
1397
1366
1370
1364
1383
1383
1374
1378
1366
1370
1364
1368
1391
1395
1379
1378
1370
1376
1382
1391
1388
1380
1366
1386
1385
1371
1392
1357
1361
1371
1369
1384
1398
1380
1361
1387
1375
1360
1366
1368
1381
1379
1363
1396
1398
1397
1389
1378
1358
1385
1377
1380
1368
1384
1377
1387
1362
1361
1371
1390
1396
1369
1399
1391
1398
1382
1386
1378
1388
1362
1366
1367
1370
1373
1389
1370
1365
1373
1365
1378
1388
1379
1368
1370
1392
1370
1384
1360
1391
1384
1369
1369
1369
1383
1377
1395
1369
1390
1395
1380
1385
1380
1369
1382
1374
1405
1380
1375
1398
1363
1392
1371
1397
1382
1390
1398
1391
1370
1398
1373
1398
1381
1361
1394
1372
1389
1424
1395
1359
1397
1372
1387
1384
1365
1370
1365
1389
1375
1371
1363
1386
1369
1382
1385
1388
1363
1398
1390
1370
1362
1358
1400
1383
1384
1364
1390
1363
1395
1375
1366
1364
1399
1380
1371
1373
1390
1368
1391
1368
1367
1389
1387
1388
1393
1367
1364
1388
1385
1366
1386
1374
1367
1391
1375
1397
1370
1397
1390
1365
1385
1362
1387
1414
1390
1378
1382
1389
1360
1397
1403
1397
1377
1368
1382
1389
1383
1398
1370
1379
1395
1392
1365
1361
1398
1381
1361
1372
1367
1381
1361
1374
1369
1375
1396
1381
1370
1373
1395
1376
1387
1385
1398
1365
1367
1365
1408
1367
1373
1391
1365
1391
1381
1386
1395
1370
1374
1372
1393
1396
1375
1398
1369
1390
1384
1371
1365
1392
1376
1384
1390
1388
1392
1401
1359
1397
1365
1383
1384
1374
1363
1382
1388
1403
1381
1401
1370
1376
1392
1370
1365
1389
1389
1388
1369
1378
1371
1392
1376
1358
1381
1361
1370
1383
1357
1396
1389
1397
1392
1396
1368
1359
1371
1366
1392
1389
1368
1383
1395
1379
1367
1370
1380
1390
1372
1380
1383
1397
1364
1371
1400
1383
1391
1358
1397
1391
1393
1374
1382
1365
1387
1378
1386
1370
1383
1384
1361
1394
1391
1386
1376
1390
1373
1390
1391
1391
1378
1375
1379
1393
1367
1382
1355
1383
1387
1378
1364
1382
1383
1390
1414
1377
1394
1363
1386
1388
1389
1373
1388
1385
1372
1399
1387
1398
1396
1371
1411
1367
1373
1373
1389
1376
1388
1399
1394
1380
1366
1381
1390
1373
1354
1377
1376
1362
1362
1399
1403
1369
1402
1392
1377
1375
1374
1394
1362
1383
1373
1388
1392
1402
1390
1370
1379
1365
1375
1393
1365
1398
1381
1380
1379
1382
1384
1372
1393
1380
1369
1386
1386
1393
1401
1356
1372
1384
1369
1383
1376
1377
1380
1374
1399
1390
1388
1387
1388
1392
1397
1369
1377
1365
1371
1367
1383
1375
1372
1372
1383
1378
1386
1394
1389
1372
1391
1371
1386
1390
1379
1363
1379
1373
1389
1364
1389
1391
1358
1382
1379
1378
1369
1362
1392
1368
1383
1395
1394
1392
1369
1379
1378
1374
1382
1382
1371
1368
1389
1367
1380
1377
1400
1376
1383
1393
