23766
21888
27845
24401
25664
29037
28603
21498
30931
28345
27725
28703
27785
29974
22977
27870
30629
28483
28533
28491
28140
29429
30239
27807
28370
30865
24562
26240
27556
29825
29048
27827
26875
29511
28343
29003
28087
29080
27788
28668
26492
29122
26870
29233
26586
29869
27632
28022
30047
27013
28641
26053
25198
27102
25871
29813
27735
26948
28089
26910
28976
26373
31012
28709
27510
30202
27515
28633
27547
28121
30508
26387
30989
26571
29088
28402
28012
30509
27037
29323
28120
27904
28612
26517
28043
26933
27865
26827
30437
27025
28648
26042
28644
29733
27177
27684
28449
29783
28723
26820
27879
28919
29243
25895
30498
26702
30518
29934
27599
27105
28242
26430
25732
27740
27649
27853
26835
27489
27197
26739
27655
26538
28277
26831
27715
26934
27765
27092
26288
27385
26680
26589
27267
27493
27202
27214
25047
29589
26184
28512
24412
27119
30204
28791
25218
29310
25404
30252
26060
29370
26292
28392
26301
27404
28266
28220
26447
26303
25921
27958
26569
27901
26909
29788
25760
28026
26726
29126
25491
27037
27280
27425
27861
28764
26040
28664
26023
29024
26031
25655
27937
24806
28563
25372
29505
25551
31252
24904
30928
29940
26175
30702
24954
31839
30043
25760
31460
24203
27919
25883
26516
27986
24712
30065
23454
31005
23234
22907
31055
23640
28792
25593
26846
28133
27025
27465
24609
30661
24030
27822
26220
27206
26855
26293
28803
27313
27662
27085
27608
25684
29212
25186
29167
25809
28118
26660
29182
26494
29211
25653
29265
25955
29459
26228
28378
26786
28377
25275
29994
25331
28878
25781
29383
25680
29978
24992
29649
24586
29470
26176
28642
26244
29455
25028
29503
26164
28525
26340
29497
26192
28761
25722
28700
26008
28367
26313
24345
30618
23572
28782
25374
28805
25188
28602
26381
24127
29309
25774
28921
25672
28801
26041
28753
25934
28957
26149
29048
25978
28261
26649
29012
25689
29024
26987
27687
27156
28510
26005
26138
28212
23220
30024
24656
29696
25731
30328
25086
31520
24469
30669
23957
31076
32858
18728
29741
28684
26907
28288
24129
30905
24794
29560
25088
29164
25714
30369
25097
29597
24286
30883
24572
30609
25391
29812
25048
29119
24760
29598
26230
29297
25866
29624
25779
30597
26948
27758
28681
25919
27771
28705
27661
27270
27968
26428
27022
26543
26396
29305
24743
30265
24272
27648
27873
26398
26462
24787
30211
24890
30105
24948
28806
25879
29217
25458
29475
25439
29235
25889
29165
25831
28908
26137
26499
28611
26283
28848
26064
28594
26632
28063
26623
28491
26213
28596
28039
27520
27170
27834
26851
28259
25996
27911
27397
26063
26961
28178
28196
27574
26482
26853
27756
26936
27849
29064
28173
28259
28289
27422
28789
28170
28162
29179
28582
27845
26540
29782
26314
28359
27241
29645
26938
27112
27587
28966
28113
26871
28097
27433
27485
28319
28346
30408
27826
28419
28375
26919
28629
28236
27185
29254
27664
26816
29109
26546
28871
27479
28568
27912
29318
30132
26639
28221
28277
29735
29836
28318
29209
29679
30542
26067
28966
28166
30027
25332
29860
28475
28174
28957
31484
26799
30895
27723
29073
27826
27051
29218
27965
28383
27016
28279
28169
26898
27800
27814
28746
27227
27771
29797
25931
28554
27535
28325
28404
27400
26346
28270
27973
28378
27372
27782
27879
27617
27342
27360
27329
27570
27105
27525
26704
26506
28363
25541
29902
27596
27080
28029
27817
26873
25353
28848
25716
28177
27487
28060
28611
27057
27944
29916
26101
27007
27949
29544
26165
26815
29766
28336
28103
27571
27580
27206
30891
28589
26672
27996
29343
27181
27481
27204
28462
27214
27475
27104
28019
26766
30098
27623
29314
26410
29253
28512
26926
29266
28289
30543
26110
29607
29003
28491
27224
27848
29889
25006
29765
26875
29634
24432
30492
27772
28540
27961
27170
29827
25826
31301
28715
27651
30064
26544
30319
28743
26915
30269
29742
28114
26817
30247
29532
29099
29580
29492
31188
27322
30913
29311
32160
26908
30747
29042
31247
29870
30379
26975
30447
29381
29517
29033
28955
27460
31360
32933
27491
28549
29556
28637
29241
29211
29826
28535
28931
26736
30216
25559
31613
26657
28513
29032
27323
31064
28387
29663
32927
30180
33131
29698
32571
28634
31168
33324
32139
32519
30210
29475
31803
30280
28050
27814
28385
28879
30603
27478
27768
28714
28978
29415
26668
30193
29418
26419
30711
28436
28185
30574
26983
29748
30315
27002
31272
27246
30044
29726
26858
29866
29308
30476
29683
29715
30853
28952
29250
30061
28838
29531
29372
28767
29565
32423
27723
30695
29587
28798
29079
30091
29976
28701
29846
26824
29914
29960
31022
28528
30617
28685
30057
32917
31614
30666
31005
28003
31825
30098
31393
30086
29748
30684
30584
30715
30255
30913
30672
30750
30081
30715
30367
30661
32311
30959
30409
29894
30725
31538
30484
29793
28794
30537
29036
28814
32313
31114
33051
31438
33268
27993
30805
32979
31162
31868
32922
30836
32718
28182
29346
30722
29384
28264
30153
29653
31466
29850
30340
33149
26814
30965
30171
30594
31147
31061
31337
30157
32234
28715
32488
32939
32175
33048
33695
31248
33664
32861
34526
34170
32511
29055
30822
29711
32164
30052
29996
31626
29543
35000
30581
34521
33741
34869
32504
32067
31119
31645
30648
30658
32070
34327
31570
27973
30342
30090
27769
29747
28998
28830
30129
27050
31560
28060
29927
29577
28842
30450
30690
28352
29918
29954
29293
27611
31200
28473
30648
30144
28674
30900
28897
28348
31722
30008
28382
31465
28419
28769
29992
28747
27642
31503
29710
26462
29401
28542
29137
28859
27326
31048
27062
28583
26747
28676
28699
26404
26294
29657
28093
26900
28951
26045
25981
29014
30710
27212
28582
24887
28680
26736
28926
26601
27152
26654
25761
28922
25877
27684
26320
28031
26544
25806
26262
27691
28022
26364
26187
28500
27187
26039
27464
26068
28619
27323
27348
27379
28486
27348
27152
27366
25581
29352
25633
29649
25647
29149
25534
27536
26705
25903
28778
26278
29092
25995
28484
24218
28238
26226
28622
26083
29416
28666
26351
29233
27808
28311
27130
27247
28636
29124
29439
25683
28679
28215
28206
27537
27855
26758
27346
28535
27966
26726
28653
27237
27169
26829
28671
26276
28312
26802
27765
28308
27655
27995
26683
30208
27129
30384
26586
30048
30724
27949
29303
31042
26710
31057
29135
28600
32073
29348
28783
29759
29216
28355
28552
28268
30904
27718
29248
27016
29403
26226
30312
28764
26648
29030
28271
26887
28768
27300
29152
28392
27339
30397
26088
31179
25687
30901
25844
28890
26470
28389
27458
29334
28363
27186
27968
26826
27251
27954
24887
30107
24953
29489
25196
29481
25664
29466
24453
26318
26369
25276
26840
26811
27545
27580
27429
26382
28307
26820
27523
28582
27467
27215
27243
27983
27392
28857
26984
28120
27725
27014
28979
28905
27194
29148
27444
25182
28929
28811
25531
25788
28925
26541
27024
27807
27184
27027
27964
27968
28700
26196
27830
26844
28812
25373
29819
26351
28515
24914
29776
27438
28056
27299
28013
28645
27400
27788
28232
30873
28343
29750
28369
29180
27026
28255
26728
29371
28330
25891
28977
27702
27787
26336
28362
30058
24994
28397
26724
29714
25137
30219
25624
30236
24451
31463
24388
29579
29835
26813
29599
26577
29754
28961
29161
28766
26018
31310
24418
29954
28570
29012
26729
28141
29378
25584
30566
25643
29725
24949
29876
25585
31630
25089
29602
24659
30130
23168
32180
22708
30100
25347
28338
26654
28341
26216
29134
25610
29129
26564
28030
26961
29082
25572
26988
27991
29671
26975
28260
27601
29205
28488
27187
29474
27454
30727
25670
29234
26559
28560
26354
28887
26107
28686
26329
28978
27765
28337
26349
28669
28734
27030
29179
25814
30363
27364
29783
25881
28361
25947
29626
26737
28913
27110
27750
27692
27650
26146
28747
24533
31243
25139
30394
30088
25600
31368
24695
31680
30445
25678
30609
29237
26630
28468
27824
29093
29684
28466
28964
29163
29410
27806
28507
28492
29652
27611
27995
29701
26988
28954
27376
29068
26925
28968
30590
28903
28040
25682
31078
27228
28195
27931
28230
29206
27975
29289
25401
29287
26444
29223
25469
31510
26797
28835
26561
28388
28987
29056
27990
26248
27954
26267
28778
25293
30587
24714
30579
25987
29520
27048
28825
27107
28566
25317
26355
27974
27556
27122
26542
28163
27341
27347
27298
26413
28158
25968
29860
26365
28426
27160
29759
28018
28913
28784
28960
27908
31068
26689
29137
28927
28185
27617
28591
27461
27363
28984
29051
28146
27541
26814
28757
26660
31427
24452
28695
25797
28978
26296
28779
28447
26842
25888
27870
26562
28355
27586
28816
27795
27903
27208
29213
27076
27840
26256
27350
29459
26520
26598
28872
27620
27035
27644
27248
27671
27823
27838
28773
28366
29511
28053
28494
28592
28431
26872
28719
29396
26690
29408
26494
29689
26662
26859
28195
29598
29358
28399
29915
26498
30365
30151
27394
27894
27850
29431
28796
26198
28499
28779
26870
30995
25785
27915
27921
35000
19263
27956
26722
29259
25429
27820
27011
27698
26320
28534
26696
27936
26516
25240
28167
26776
27411
26417
27823
26091
28600
28696
27404
27399
28251
26603
26912
28180
28051
28165
27633
26826
27883
26774
28882
26778
27910
26788
27902
30793
26393
29736
26898
29008
25921
31111
30091
27062
28601
26900
28592
28542
30233
27767
28423
28756
29337
29345
28002
27049
28417
28813
30333
25089
30465
28859
27826
29664
26824
27920
26495
28153
25996
28441
26135
26987
28454
29010
26876
26964
27727
27541
29552
28094
27886
28046
28724
28400
30486
25742
29016
26018
28602
27468
27327
24455
27930
26516
27828
25985
23792
27941
26284
27837
26781
25479
29121
27759
26821
24572
27519
26551
27610
26764
25463
28965
24775
25710
26942
28353
26050
25738
28414
26609
26906
27157
29868
24820
25116
28390
27352
28020
27511
26882
27957
26912
28592
28629
26023
28096
26802
27884
27475
28118
26674
26025
25607
27490
26544
27131
27039
26540
27254
24458
28172
26384
26686
27734
26410
29162
26073
28522
25893
27039
26587
26393
27469
25332
28664
25072
29925
25708
27519
25139
27358
28079
26737
26410
26458
28565
25402
28869
25282
24881
27587
25730
25545
26107
26005
26267
26305
25963
27259
26046
27767
25347
26461
26122
25709
26934
26163
24548
26806
27575
0
