19326	1370	905	26
43092	1394	905	29
64980	1439	905	30
92825	1391	905	36
1.1723e+005	1430	905	31
1.4289e+005	1392	905	34
1.7193e+005	1423	905	37
2.0053e+005	1398	905	37
2.2203e+005	1367	905	29
2.5203e+005	1275	905	34
2.7758e+005	1368	905	36
3.0758e+005	1328	905	35
3.3575e+005	1375	905	36
3.6376e+005	1387	905	36
3.9166e+005	1398	905	37
4.1644e+005	1381	905	30
4.4536e+005	1384	905	36
4.7405e+005	1376	905	37
5.0128e+005	1377	905	36
5.2956e+005	1382	905	37
5.5956e+005	1328	905	35
5.8678e+005	1372	905	37
6.1675e+005	1367	905	36
6.4458e+005	1364	905	36
6.7275e+005	1377	905	37
7.0195e+005	1375	905	36
7.2905e+005	1381	905	36
7.5905e+005	1365	905	35
7.8221e+005	1360	905	31
8.0961e+005	1367	905	35
8.37e+005	1383	905	36
8.6606e+005	1359	905	36
8.9403e+005	1378	905	36
9.2386e+005	1371	905	36
9.5027e+005	1386	905	36
9.7997e+005	1369	905	37
1.0085e+006	1391	905	37
1.0366e+006	1384	905	37
1.0662e+006	1371	905	36
1.0918e+006	1389	905	36
1.1218e+006	1327	905	35
1.1472e+006	1371	905	36
1.1768e+006	1386	905	36
1.2049e+006	1363	905	36
1.2325e+006	1369	905	36
1.2608e+006	1393	905	36
1.2885e+006	1372	905	36
1.3185e+006	1345	905	36
1.3447e+006	1368	905	36
1.3737e+006	1386	905	36
1.4004e+006	1367	905	36
1.4295e+006	1395	905	36
1.4592e+006	1391	905	37
1.4839e+006	1372	905	33
1.5092e+006	1382	905	34
1.5379e+006	1377	905	35
1.565e+006	1366	905	36
1.5933e+006	1387	905	36
1.6196e+006	1364	905	35
1.6489e+006	1396	905	36
1.6745e+006	1373	905	35
1.7029e+006	1361	905	36
1.7305e+006	1365	905	36
1.7598e+006	1384	905	37
1.7891e+006	1369	905	37
1.8164e+006	1384	905	37
1.845e+006	1371	905	36
1.873e+006	1373	905	36
1.9019e+006	1388	905	36
1.9315e+006	1386	905	36
1.9584e+006	1366	905	36
1.9884e+006	1291	905	34
2.0131e+006	1366	905	36
2.0431e+006	1314	905	34
2.0689e+006	1360	905	36
2.0989e+006	1344	905	35
2.1255e+006	1372	905	36
2.1547e+006	1365	905	36
2.1846e+006	1387	905	36
2.2113e+006	1378	905	36
2.2413e+006	1310	905	34
2.2675e+006	1401	905	36
2.2967e+006	1379	905	36
2.3231e+006	1360	905	36
2.3524e+006	1365	905	36
2.3789e+006	1384	905	36
2.407e+006	1371	905	35
2.4345e+006	1385	905	36
2.4627e+006	1362	905	35
2.4888e+006	1377	905	36
2.5184e+006	1392	905	36
2.5472e+006	1393	905	37
2.5743e+006	1372	905	36
2.602e+006	1399	905	37
2.6296e+006	1394	905	37
2.6591e+006	1362	905	36
2.686e+006	1376	905	37
2.7156e+006	1394	905	37
2.7442e+006	1380	905	37
2.7723e+006	1367	905	36
2.8009e+006	1393	905	37
2.8272e+006	1373	905	36
2.8572e+006	1342	905	35
2.8845e+006	1387	905	37
2.9129e+006	1395	905	33
2.9404e+006	1393	905	35
2.9698e+006	1386	905	35
2.9998e+006	1355	905	36
3.0275e+006	1382	905	37
3.0567e+006	1395	905	37
3.0845e+006	1384	905	37
3.1127e+006	1389	905	37
3.1403e+006	1366	905	36
3.1659e+006	1364	905	35
3.1919e+006	1370	905	35
3.2215e+006	1374	905	36
3.249e+006	1370	905	36
3.2762e+006	1379	905	36
3.3014e+006	1383	905	36
3.3301e+006	1398	905	37
3.3577e+006	1364	905	36
3.3858e+006	1363	905	36
3.4115e+006	1360	905	36
3.439e+006	1404	905	36
3.4671e+006	1375	905	36
3.4937e+006	1398	905	37
3.5206e+006	1383	905	36
3.5471e+006	1359	905	36
3.5753e+006	1361	905	36
3.6028e+006	1394	905	37
3.63e+006	1384	905	36
3.6575e+006	1387	905	36
3.6847e+006	1402	905	36
3.712e+006	1383	905	36
3.7391e+006	1373	905	36
3.7671e+006	1368	905	36
3.7938e+006	1375	905	36
3.8188e+006	1369	905	36
3.848e+006	1386	905	37
3.8731e+006	1384	905	36
3.9006e+006	1380	905	36
3.9278e+006	1399	905	36
3.9553e+006	1363	905	36
3.9825e+006	1361	905	36
4.011e+006	1393	905	37
4.0381e+006	1381	905	36
4.0658e+006	1361	905	36
4.0928e+006	1388	905	36
4.1228e+006	1329	905	36
4.1492e+006	1393	905	37
4.1772e+006	1380	905	37
4.2039e+006	1371	905	36
4.2318e+006	1373	905	36
4.2596e+006	1390	905	36
4.2866e+006	1377	905	36
4.3133e+006	1370	905	36
4.3422e+006	1392	905	37
4.3683e+006	1364	905	36
4.396e+006	1380	905	36
4.4227e+006	1372	905	36
4.4504e+006	1378	905	36
4.4783e+006	1375	905	37
4.5052e+006	1364	905	36
4.5323e+006	1370	905	36
4.5602e+006	1393	905	37
4.5877e+006	1374	905	36
4.6157e+006	1389	905	37
4.642e+006	1373	905	37
4.6714e+006	1393	905	37
4.6973e+006	1393	905	37
4.7246e+006	1376	905	36
4.7519e+006	1359	905	36
4.7772e+006	1370	905	37
4.8062e+006	1361	905	37
4.8309e+006	1363	905	37
4.8609e+006	1352	905	36
4.8856e+006	1378	905	37
4.9138e+006	1381	905	37
4.9402e+006	1383	905	37
4.9694e+006	1394	905	37
4.9949e+006	1394	905	37
5.0239e+006	1363	905	36
5.049e+006	1379	905	36
5.0762e+006	1380	905	36
5.1033e+006	1362	905	36
5.1268e+006	1364	905	35
5.1568e+006	1314	905	34
5.1824e+006	1375	905	36
5.2124e+006	1321	905	34
5.2378e+006	1381	905	36
5.2678e+006	1283	905	33
5.292e+006	1388	905	36
5.322e+006	1187	905	31
5.3461e+006	1375	905	36
5.3761e+006	1274	905	34
5.4019e+006	1388	905	37
5.4319e+006	1245	905	33
5.4568e+006	1381	905	36
5.4868e+006	1293	905	34
5.5112e+006	1387	905	36
5.5379e+006	1397	905	36
5.5658e+006	1387	905	36
5.5914e+006	1370	905	36
5.6207e+006	1367	905	36
5.6443e+006	1359	905	36
5.6743e+006	1350	905	36
5.6984e+006	1398	905	37
5.7254e+006	1368	905	36
5.7524e+006	1367	905	33
5.7754e+006	1398	905	35
5.8025e+006	1373	905	36
5.8303e+006	1360	905	36
5.8551e+006	1378	905	36
5.8844e+006	1366	905	36
5.9105e+006	1399	905	37
5.9399e+006	1364	905	36
5.9629e+006	1373	905	36
5.9916e+006	1398	905	36
6.0176e+006	1375	905	36
6.0457e+006	1369	905	36
6.0724e+006	1368	905	36
6.0989e+006	1388	905	36
6.1272e+006	1391	905	36
6.1519e+006	1368	905	36
6.1819e+006	1405	905	36
6.2059e+006	1378	905	37
6.2359e+006	1339	905	36
6.2605e+006	1372	905	37
6.2903e+006	1384	905	37
6.3154e+006	1363	905	36
6.344e+006	1408	905	37
6.3702e+006	1367	905	36
6.3987e+006	1394	905	37
6.4247e+006	1372	905	36
6.4525e+006	1379	905	37
6.4797e+006	1371	905	36
6.509e+006	1392	905	37
6.5349e+006	1391	905	37
6.564e+006	1389	905	37
6.5899e+006	1386	905	37
6.6199e+006	1333	905	36
6.6453e+006	1370	905	37
6.6727e+006	1359	905	36
6.7e+006	1380	905	37
6.7295e+006	1389	905	37
6.7564e+006	1395	905	37
6.7842e+006	1394	905	37
6.812e+006	1371	905	36
6.8401e+006	1372	905	36
6.8656e+006	1373	905	36
6.8956e+006	1354	905	36
6.9197e+006	1382	905	36
6.949e+006	1362	905	36
6.975e+006	1382	905	36
7.0027e+006	1365	905	36
7.0301e+006	1364	905	36
7.0575e+006	1396	905	37
7.0848e+006	1380	905	36
7.1121e+006	1385	905	36
7.1399e+006	1403	905	36
7.1667e+006	1367	905	36
7.1946e+006	1373	905	36
7.2211e+006	1385	905	37
7.2498e+006	1394	905	37
7.2771e+006	1387	905	36
7.3049e+006	1364	905	36
7.3326e+006	1372	905	36
7.3596e+006	1391	905	37
7.3891e+006	1378	905	37
7.4158e+006	1390	905	37
7.4451e+006	1384	905	37
7.4715e+006	1390	905	37
7.5004e+006	1363	905	36
7.5262e+006	1377	905	36
7.5554e+006	1376	905	36
7.5795e+006	1389	905	36
7.6056e+006	1373	905	36
7.6343e+006	1361	905	36
7.6602e+006	1393	905	36
7.689e+006	1377	905	36
7.7141e+006	1381	905	36
7.7431e+006	1368	905	35
7.7683e+006	1367	905	35
7.7973e+006	1394	905	36
7.823e+006	1397	905	36
7.8516e+006	1390	905	37
7.878e+006	1371	905	35
7.9021e+006	1367	905	35
7.9314e+006	1386	905	36
7.9572e+006	1395	905	37
7.9861e+006	1376	905	36
8.0118e+006	1365	905	35
8.0406e+006	1389	905	36
8.0667e+006	1397	905	36
8.0954e+006	1388	905	36
8.1213e+006	1380	905	36
8.1503e+006	1364	905	36
8.1764e+006	1398	905	37
8.2055e+006	1378	905	36
8.2315e+006	1394	905	36
8.2597e+006	1391	905	36
8.2864e+006	1385	905	36
8.3154e+006	1380	905	36
8.3411e+006	1359	905	36
8.3701e+006	1370	905	37
8.3971e+006	1384	905	37
8.4248e+006	1368	905	36
8.4519e+006	1382	905	36
8.4804e+006	1364	905	36
8.5065e+006	1363	905	35
8.5326e+006	1381	905	35
8.5608e+006	1397	905	35
8.584e+006	1367	905	33
8.614e+006	1347	905	34
8.6385e+006	1376	905	35
8.667e+006	1387	905	36
8.694e+006	1388	905	37
8.7231e+006	1387	905	37
8.7492e+006	1387	905	37
8.7779e+006	1377	905	37
8.8052e+006	1379	905	37
8.8352e+006	1347	905	36
8.8598e+006	1365	905	36
8.8882e+006	1366	905	36
8.9182e+006	1289	905	34
8.9424e+006	1387	905	37
8.9695e+006	1393	905	38
8.9977e+006	1373	905	37
9.0249e+006	1385	905	37
9.0534e+006	1388	905	37
9.0795e+006	1389	905	36
9.1095e+006	1327	905	35
9.1344e+006	1388	905	37
9.1618e+006	1394	905	36
9.1895e+006	1399	905	36
9.2168e+006	1383	905	37
9.245e+006	1378	905	37
9.2726e+006	1383	905	37
9.2998e+006	1367	905	36
9.3271e+006	1394	905	37
9.3551e+006	1380	905	37
9.3851e+006	1341	905	36
9.4102e+006	1386	905	36
9.4375e+006	1390	905	37
9.4649e+006	1385	905	37
9.4922e+006	1393	905	37
9.5201e+006	1383	905	36
9.5486e+006	1365	905	36
9.5745e+006	1359	905	36
9.6019e+006	1388	905	36
9.6299e+006	1382	905	37
9.6565e+006	1366	905	36
9.6847e+006	1374	905	37
9.7119e+006	1386	905	37
9.741e+006	1359	905	37
9.7689e+006	1368	905	37
9.7967e+006	1367	905	37
9.8258e+006	1389	905	37
9.8514e+006	1377	905	37
9.8812e+006	1370	905	36
9.9067e+006	1373	905	37
9.9359e+006	1362	905	37
9.9617e+006	1371	905	37
9.9915e+006	1378	905	37
1.0017e+007	1382	905	37
1.0044e+007	1361	905	36
1.007e+007	1365	905	36
1.0097e+007	1364	905	36
1.0124e+007	1388	905	37
1.0153e+007	1372	905	37
1.0179e+007	1378	905	37
1.0204e+007	1367	905	36
1.0234e+007	1269	905	33
1.0258e+007	1379	905	37
1.0285e+007	1382	905	37
1.0312e+007	1372	905	36
1.0336e+007	1381	905	36
1.0366e+007	1367	905	36
1.0391e+007	1377	905	37
1.0421e+007	1318	905	36
1.0446e+007	1389	905	37
1.0475e+007	1377	905	37
1.0501e+007	1387	905	38
1.0531e+007	1394	905	38
1.0556e+007	1378	905	37
1.0585e+007	1398	905	37
1.0611e+007	1380	905	37
1.064e+007	1375	905	37
1.0666e+007	1364	905	37
1.0695e+007	1370	905	37
1.0721e+007	1370	905	37
1.075e+007	1377	905	37
1.0776e+007	1375	905	37
1.0805e+007	1372	905	37
1.0831e+007	1364	905	36
1.0857e+007	1372	905	37
1.0886e+007	1374	905	37
1.0912e+007	1363	905	37
1.094e+007	1393	905	37
1.0966e+007	1372	905	37
1.0994e+007	1374	905	37
1.1022e+007	1384	905	38
1.105e+007	1360	905	37
1.1077e+007	1370	905	37
1.1105e+007	1376	905	37
1.1131e+007	1374	905	37
1.116e+007	1359	905	37
1.1187e+007	1368	905	37
1.1215e+007	1360	905	37
1.1242e+007	1390	905	38
1.127e+007	1362	905	37
1.1296e+007	1373	905	37
1.1324e+007	1387	905	37
1.1351e+007	1375	905	37
1.1378e+007	1365	905	36
1.1405e+007	1393	905	36
1.1433e+007	1389	905	36
1.1458e+007	1369	905	36
1.1488e+007	1378	905	38
1.1515e+007	1394	905	37
1.1542e+007	1383	905	37
1.157e+007	1368	905	36
1.1597e+007	1367	905	36
1.1625e+007	1364	905	36
1.1652e+007	1363	905	36
1.168e+007	1387	905	37
1.1707e+007	1372	905	37
1.1735e+007	1381	905	37
1.1764e+007	1371	905	37
1.1791e+007	1366	905	37
1.182e+007	1379	905	37
1.1848e+007	1363	905	37
1.1876e+007	1389	905	37
1.1905e+007	1385	905	37
1.1933e+007	1392	905	37
1.1961e+007	1371	905	36
1.1988e+007	1373	905	35
1.2016e+007	1370	905	36
1.2044e+007	1380	905	36
1.2074e+007	1378	905	37
1.2103e+007	1398	905	37
1.2129e+007	1385	905	37
1.2158e+007	1373	905	36
1.2186e+007	1406	905	37
1.2213e+007	1366	905	36
1.2243e+007	1347	905	36
1.2269e+007	1393	905	36
1.2296e+007	1367	905	36
1.2323e+007	1364	905	36
1.2351e+007	1368	905	36
1.2378e+007	1397	905	36
1.2408e+007	1364	905	36
1.2436e+007	1373	905	36
1.2465e+007	1398	905	37
1.2495e+007	1392	905	36
1.2524e+007	1375	905	36
1.2552e+007	1368	905	36
1.258e+007	1358	905	36
1.2607e+007	1384	905	36
1.2635e+007	1375	905	36
1.2662e+007	1378	905	36
1.269e+007	1391	905	37
1.2717e+007	1395	905	37
1.2746e+007	1371	905	36
1.2775e+007	1393	905	37
1.2802e+007	1375	905	36
1.283e+007	1384	905	37
1.286e+007	1389	905	37
1.2886e+007	1367	905	37
1.2916e+007	1387	905	37
1.2944e+007	1386	905	37
1.2972e+007	1383	905	37
1.2999e+007	1381	905	37
1.3028e+007	1373	905	36
1.3058e+007	1380	905	37
1.3086e+007	1375	905	37
1.3114e+007	1367	905	37
1.3144e+007	1363	905	37
1.3174e+007	1341	905	37
1.3202e+007	1391	905	38
1.3232e+007	1342	905	36
1.3258e+007	1361	905	37
1.3288e+007	1339	905	36
1.3315e+007	1382	905	37
1.3344e+007	1379	905	36
1.337e+007	1391	905	37
1.3399e+007	1393	905	37
1.3429e+007	1318	905	35
1.3456e+007	1364	905	36
1.3485e+007	1388	905	37
1.3515e+007	1344	905	36
1.3542e+007	1369	905	37
1.3572e+007	1260	905	34
1.3599e+007	1384	905	37
1.3628e+007	1393	905	36
1.3656e+007	1369	905	36
1.3683e+007	1369	905	36
1.3711e+007	1385	905	36
1.374e+007	1376	905	36
1.3767e+007	1374	905	36
1.3795e+007	1373	905	36
1.3825e+007	1356	905	36
1.3852e+007	1392	905	37
1.3879e+007	1367	905	36
1.3908e+007	1392	905	37
1.3936e+007	1397	905	37
1.3964e+007	1367	905	36
1.3991e+007	1358	905	36
1.4017e+007	1365	905	36
1.4046e+007	1369	905	36
1.4074e+007	1379	905	37
1.4102e+007	1392	905	37
1.413e+007	1392	905	37
1.4159e+007	1383	905	37
1.4185e+007	1373	905	36
1.4215e+007	1385	905	36
1.424e+007	1387	905	35
1.4268e+007	1383	905	36
1.4298e+007	1401	905	38
1.4327e+007	1369	905	37
1.4354e+007	1369	905	37
1.4382e+007	1364	905	36
1.441e+007	1382	905	37
1.4438e+007	1385	905	37
1.4465e+007	1381	905	37
1.4492e+007	1371	905	36
1.452e+007	1385	905	37
1.4547e+007	1392	905	36
1.4575e+007	1362	905	36
1.4602e+007	1394	905	36
1.4629e+007	1381	905	36
1.4656e+007	1378	905	36
1.4683e+007	1388	905	36
1.471e+007	1366	905	35
1.4737e+007	1365	905	35
1.4764e+007	1375	905	36
1.4793e+007	1389	905	36
1.4819e+007	1382	905	36
1.4849e+007	1348	905	35
1.4875e+007	1385	905	36
1.4901e+007	1389	905	34
1.4928e+007	1371	905	35
1.4956e+007	1396	905	36
1.4982e+007	1399	905	35
1.5009e+007	1363	905	35
1.5038e+007	1363	905	36
1.5064e+007	1369	905	36
1.5094e+007	1375	905	36
1.5122e+007	1374	905	35
1.5151e+007	1398	905	37
1.5179e+007	1394	905	37
1.5207e+007	1380	905	36
1.5235e+007	1367	905	35
1.5262e+007	1371	905	35
1.529e+007	1393	905	36
1.5317e+007	1381	905	35
1.5345e+007	1391	905	36
1.5375e+007	1392	905	36
1.5402e+007	1400	905	36
1.5431e+007	1373	905	36
1.5459e+007	1390	905	36
1.5485e+007	1367	905	35
1.5513e+007	1373	905	36
1.5543e+007	1330	905	35
1.5569e+007	1354	905	35
1.5596e+007	1377	905	36
1.5624e+007	1375	905	36
1.5652e+007	1363	905	36
1.5681e+007	1382	905	36
1.5709e+007	1376	905	36
1.5737e+007	1378	905	36
1.5763e+007	1361	905	36
1.5792e+007	1392	905	36
1.5819e+007	1400	905	36
1.5847e+007	1383	905	36
1.5875e+007	1399	905	36
1.5902e+007	1373	905	36
1.5931e+007	1387	905	36
1.5958e+007	1359	905	35
1.5987e+007	1361	905	35
1.6013e+007	1364	905	35
1.6042e+007	1391	905	36
1.607e+007	1375	905	35
1.6096e+007	1384	905	37
1.6126e+007	1370	905	36
1.6155e+007	1369	905	37
1.6185e+007	1284	905	34
1.621e+007	1378	905	36
1.624e+007	1360	905	35
1.6266e+007	1370	905	36
1.6295e+007	1375	905	36
1.6324e+007	1383	905	36
1.6351e+007	1362	905	35
1.6378e+007	1380	905	36
1.6406e+007	1371	905	35
1.6433e+007	1390	905	36
1.6462e+007	1395	905	36
1.6489e+007	1370	905	35
1.6517e+007	1383	905	35
1.6545e+007	1376	905	36
1.6573e+007	1373	905	36
1.6603e+007	1400	905	36
1.6628e+007	1393	905	36
1.6658e+007	1298	905	34
1.6686e+007	1382	905	36
1.6715e+007	1397	905	36
1.6743e+007	1384	905	36
1.6771e+007	1385	905	36
1.68e+007	1372	905	36
1.6828e+007	1364	905	36
1.6856e+007	1381	905	36
1.6885e+007	1383	905	36
1.6914e+007	1364	905	36
1.6944e+007	1379	905	36
1.6971e+007	1367	905	35
1.7001e+007	1371	905	35
1.7028e+007	1393	905	35
1.7058e+007	1331	905	34
1.7086e+007	1379	905	35
1.7114e+007	1406	905	36
1.7144e+007	1254	905	33
1.7171e+007	1370	905	36
1.72e+007	1362	905	37
1.723e+007	1288	905	34
1.7257e+007	1405	905	37
1.7287e+007	1346	905	36
1.7317e+007	1337	905	34
1.7343e+007	1385	905	37
1.7373e+007	1198	905	31
1.7399e+007	1374	905	36
1.7429e+007	1267	905	33
1.7459e+007	1327	905	35
1.7487e+007	1372	905	36
1.7516e+007	1390	905	36
1.7546e+007	1222	905	32
1.7574e+007	1359	905	35
1.7602e+007	1406	905	36
1.7629e+007	1373	905	36
1.7659e+007	1274	905	33
1.7689e+007	1357	905	36
1.7716e+007	1361	905	36
1.7746e+007	1359	905	36
1.7775e+007	1391	905	37
1.7805e+007	1389	905	36
1.7835e+007	1288	905	34
1.7861e+007	1367	905	36
1.7891e+007	1380	905	36
1.792e+007	1384	905	36
1.7948e+007	1368	905	36
1.7978e+007	1290	905	34
1.8005e+007	1381	905	36
1.8035e+007	1376	905	36
1.8063e+007	1390	905	35
1.8091e+007	1387	905	36
1.8121e+007	1349	905	34
1.8147e+007	1386	905	35
1.8177e+007	1345	905	34
1.8202e+007	1392	905	36
1.8232e+007	1237	905	32
1.8258e+007	1372	905	35
1.8288e+007	1325	905	34
1.8313e+007	1397	905	35
1.8343e+007	1337	905	35
1.8373e+007	1221	905	32
1.8402e+007	1385	905	36
1.8432e+007	1368	905	35
1.8462e+007	1237	905	32
1.8492e+007	1370	905	36
1.8522e+007	1337	905	35
1.8552e+007	1236	905	32
1.858e+007	1387	905	36
1.861e+007	1248	905	33
1.864e+007	1255	905	33
1.867e+007	1310	905	34
1.87e+007	1327	905	35
1.873e+007	1329	905	35
1.876e+007	1273	905	33
1.8789e+007	1398	905	36
1.8818e+007	1388	905	36
1.8848e+007	1374	905	35
1.8875e+007	1375	905	35
1.8905e+007	1356	905	35
1.8932e+007	1372	905	35
1.8961e+007	1370	905	35
1.899e+007	1390	905	36
1.9018e+007	1390	905	36
1.9048e+007	1347	905	35
1.9074e+007	1358	905	35
1.9104e+007	1388	905	36
1.9133e+007	1383	905	36
1.9161e+007	1386	905	36
1.919e+007	1384	905	36
1.9219e+007	1392	905	36
1.9248e+007	1370	905	36
1.9277e+007	1367	905	36
1.9303e+007	1379	905	36
1.9333e+007	1212	905	32
1.936e+007	1366	905	36
1.9389e+007	1364	905	36
1.9416e+007	1376	905	36
1.9446e+007	1312	905	34
1.9473e+007	1365	905	36
1.9502e+007	1391	905	36
1.9532e+007	1277	905	33
1.9559e+007	1363	905	36
1.9589e+007	1375	905	36
1.9616e+007	1362	905	36
1.9646e+007	1358	905	36
1.9676e+007	1354	905	36
1.9705e+007	1361	905	36
1.9735e+007	1388	905	37
1.9763e+007	1361	905	36
1.9793e+007	1304	905	35
1.9821e+007	1373	905	36
1.9851e+007	1383	905	36
1.988e+007	1384	905	36
1.9909e+007	1393	905	37
1.9939e+007	1387	905	35
1.9969e+007	1390	905	37
1.9999e+007	1380	905	37
2.0029e+007	1287	905	35
2.0056e+007	1388	905	37
2.0086e+007	1354	905	36
2.0116e+007	1371	905	36
2.0144e+007	1383	905	35
2.0172e+007	1358	905	36
2.0202e+007	1261	905	33
2.023e+007	1385	905	37
2.026e+007	1335	905	36
2.0289e+007	1385	905	37
2.0319e+007	1349	905	36
2.0347e+007	1382	905	36
2.0377e+007	1386	905	36
2.0406e+007	1399	905	37
2.0436e+007	1365	905	36
2.0464e+007	1360	905	35
2.0494e+007	1255	905	33
2.0524e+007	1354	905	36
2.0552e+007	1365	905	36
2.0582e+007	1193	905	32
2.0612e+007	1384	905	37
2.0641e+007	1364	905	36
2.0671e+007	1395	905	36
2.0701e+007	1322	905	35
2.0731e+007	1349	905	35
2.076e+007	1374	905	36
2.079e+007	1302	905	34
2.082e+007	1379	905	36
2.085e+007	1293	905	34
2.088e+007	1369	905	36
2.091e+007	1379	905	37
2.094e+007	1290	905	34
2.0969e+007	1363	905	36
2.0997e+007	1363	905	36
2.1027e+007	1249	905	34
2.1056e+007	1386	905	37
2.1086e+007	1288	905	35
2.1116e+007	1346	905	36
2.1146e+007	1350	905	36
2.1176e+007	1262	905	34
2.1205e+007	1397	905	37
2.1235e+007	1263	905	34
2.1265e+007	1337	905	36
2.1294e+007	1377	905	37
2.1324e+007	1328	905	35
2.1354e+007	1304	905	35
2.1382e+007	1379	905	36
2.1412e+007	1279	905	33
2.144e+007	1368	905	36
2.1469e+007	1402	905	37
2.1499e+007	1313	905	35
2.1528e+007	1361	905	36
2.1558e+007	1382	905	37
2.1588e+007	1271	905	34
2.1618e+007	1249	905	34
2.1647e+007	1398	905	37
2.1677e+007	1265	905	34
2.1707e+007	1279	905	34
2.1737e+007	1328	905	35
2.1767e+007	1350	905	36
2.1797e+007	1288	905	34
2.1827e+007	1306	905	35
2.1855e+007	1379	905	37
2.1885e+007	1271	905	34
2.1915e+007	1252	905	34
2.1945e+007	1357	905	37
2.1973e+007	1357	905	36
2.2003e+007	1280	905	34
2.2031e+007	1370	905	37
2.2061e+007	1374	905	37
2.2091e+007	1351	905	36
2.2119e+007	1378	905	37
2.2149e+007	1313	905	35
2.2179e+007	1295	905	35
2.2207e+007	1368	905	37
2.2236e+007	1395	905	37
2.2266e+007	1350	905	37
2.2296e+007	1270	905	35
2.2326e+007	1377	905	37
2.2356e+007	1245	905	34
2.2384e+007	1364	905	37
2.2414e+007	1195	905	32
2.2441e+007	1410	905	38
2.2471e+007	1267	905	35
2.2501e+007	1239	905	34
2.2529e+007	1363	905	37
2.2559e+007	1297	905	35
2.2589e+007	1301	905	35
2.2619e+007	1349	905	36
2.2649e+007	1254	905	34
2.2679e+007	1299	905	35
2.2709e+007	1254	905	33
2.2739e+007	1241	905	34
2.2769e+007	1263	905	32
2.2799e+007	1260	905	34
2.2829e+007	1278	905	34
2.2859e+007	1184	905	32
2.2889e+007	1186	905	32
2.2919e+007	1308	905	35
2.2949e+007	1175	905	32
2.2978e+007	1389	905	36
2.3007e+007	1387	905	37
2.3037e+007	1307	905	35
2.3067e+007	1325	905	36
2.3096e+007	1370	905	37
2.3126e+007	1355	905	36
2.3156e+007	1345	905	36
2.3186e+007	1310	905	35
2.3216e+007	1241	905	34
2.3246e+007	1163	905	32
2.3276e+007	1229	905	33
2.3305e+007	1384	905	37
2.3335e+007	1127	905	31
2.3365e+007	1230	905	34
2.3395e+007	1204	905	33
2.3425e+007	1386	905	37
2.3455e+007	1137	905	30
2.3484e+007	1386	905	37
2.3514e+007	1312	905	34
2.3544e+007	1339	905	35
2.3574e+007	1265	905	34
2.3603e+007	1357	905	37
2.3633e+007	1223	905	33
2.3662e+007	1394	905	37
2.3692e+007	1284	905	34
2.3722e+007	1361	905	36
2.3749e+007	1373	905	36
2.3779e+007	1289	905	34
2.3806e+007	1394	905	36
2.3835e+007	1373	905	35
2.3865e+007	1391	905	36
2.3894e+007	1374	905	35
2.3924e+007	1370	905	36
2.3952e+007	1391	905	36
2.3982e+007	1380	905	36
2.4011e+007	1369	905	36
2.404e+007	1360	905	36
2.407e+007	1375	905	36
2.41e+007	1351	905	35
2.4128e+007	1389	905	36
2.4158e+007	1338	905	35
2.4187e+007	1376	905	36
2.4216e+007	1370	905	35
2.4246e+007	1384	905	36
2.4275e+007	1383	905	36
2.4305e+007	1353	905	35
2.4334e+007	1378	905	36
2.4362e+007	1387	905	37
2.4392e+007	1298	905	34
2.4419e+007	1394	905	37
2.4449e+007	1212	905	32
2.4476e+007	1385	905	36
2.4506e+007	1243	905	33
2.4533e+007	1398	905	36
2.4563e+007	1342	905	36
2.4593e+007	1349	905	36
2.4623e+007	1349	905	36
2.465e+007	1380	905	36
2.4679e+007	1368	905	36
2.4708e+007	1360	905	36
2.4738e+007	1278	905	34
2.4767e+007	1380	905	37
2.4794e+007	1387	905	36
2.4824e+007	1346	905	35
2.4851e+007	1392	905	36
2.4881e+007	1369	905	36
2.4907e+007	1367	905	36
2.4937e+007	1356	905	36
2.4967e+007	1338	905	35
2.4992e+007	1358	905	36
2.5022e+007	1293	905	34
2.5047e+007	1364	905	36
2.5077e+007	1340	905	35
2.5102e+007	1364	905	36
2.5132e+007	1252	905	33
2.5156e+007	1360	905	36
2.5184e+007	1386	905	36
2.5212e+007	1364	905	36
2.5238e+007	1365	905	36
2.5267e+007	1371	905	36
2.5293e+007	1367	905	36
2.5321e+007	1378	905	36
2.535e+007	1370	905	36
2.5378e+007	1387	905	36
2.5405e+007	1381	905	36
2.5434e+007	1377	905	36
2.5463e+007	1371	905	36
2.549e+007	1394	905	36
2.5518e+007	1369	905	36
2.5543e+007	1380	905	35
2.5573e+007	1385	905	36
2.5599e+007	1371	905	35
2.5625e+007	1363	905	36
2.5653e+007	1373	905	36
2.5679e+007	1395	905	36
2.5708e+007	1383	905	36
2.5734e+007	1381	905	36
2.5762e+007	1356	905	35
2.5788e+007	1391	905	36
2.5815e+007	1394	905	35
2.5843e+007	1381	905	36
2.587e+007	1379	905	36
2.5897e+007	1387	905	36
2.5924e+007	1388	905	36
2.595e+007	1358	905	35
2.5977e+007	1363	905	35
2.6003e+007	1394	905	36
2.603e+007	1365	905	35
2.6057e+007	1364	905	35
2.6084e+007	1392	905	36
2.6113e+007	1360	905	35
2.6139e+007	1396	905	35
2.6165e+007	1387	905	36
2.6194e+007	1388	905	36
2.6221e+007	1402	905	37
2.625e+007	1378	905	36
2.6277e+007	1361	905	36
2.6304e+007	1395	905	36
2.6333e+007	1389	905	37
2.6359e+007	1398	905	36
2.6388e+007	1382	905	36
2.6415e+007	1389	905	35
2.6442e+007	1380	905	36
2.6469e+007	1388	905	36
2.6496e+007	1383	905	36
2.6524e+007	1358	905	35
2.655e+007	1368	905	35
2.6579e+007	1374	905	36
2.6605e+007	1375	905	36
2.6632e+007	1364	905	36
2.666e+007	1403	905	37
2.6687e+007	1390	905	36
2.6715e+007	1382	905	36
2.6742e+007	1374	905	36
2.6769e+007	1384	905	35
2.6795e+007	1375	905	36
2.6823e+007	1365	905	35
2.6849e+007	1370	905	35
2.6877e+007	1388	905	36
2.6905e+007	1396	905	36
2.6931e+007	1369	905	36
2.696e+007	1378	905	36
2.6988e+007	1393	905	37
2.7017e+007	1369	905	36
2.7044e+007	1390	905	37
2.7072e+007	1361	905	36
2.71e+007	1369	905	36
2.7127e+007	1368	905	36
2.7156e+007	1366	905	36
2.7184e+007	1372	905	36
2.7213e+007	1395	905	37
2.7237e+007	1368	905	36
2.7267e+007	1333	905	35
2.7294e+007	1359	905	36
2.7323e+007	1373	905	36
2.7349e+007	1388	905	37
2.7378e+007	1375	905	36
2.7405e+007	1369	905	36
2.7433e+007	1380	905	36
2.7461e+007	1367	905	36
2.7489e+007	1377	905	36
2.7514e+007	1368	905	36
2.7544e+007	1352	905	36
2.7571e+007	1395	905	37
2.76e+007	1381	905	37
2.7626e+007	1362	905	36
2.7655e+007	1373	905	36
2.7681e+007	1377	905	36
2.7709e+007	1366	905	36
2.7736e+007	1380	905	36
2.7764e+007	1393	905	37
2.7792e+007	1372	905	36
2.782e+007	1392	905	37
2.7846e+007	1375	905	36
2.7875e+007	1391	905	37
2.7903e+007	1388	905	36
2.793e+007	1389	905	36
2.7959e+007	1370	905	35
2.7988e+007	1384	905	36
2.8018e+007	1314	905	34
2.8045e+007	1397	905	36
2.8075e+007	1279	905	34
2.8103e+007	1370	905	36
2.8131e+007	1363	905	36
2.8161e+007	1259	905	33
2.8187e+007	1363	905	36
2.8217e+007	1323	905	35
2.8246e+007	1376	905	36
2.8275e+007	1393	905	36
2.8305e+007	1343	905	35
2.8335e+007	1316	905	34
2.8363e+007	1388	905	35
2.8392e+007	1374	905	36
2.8421e+007	1376	905	35
2.8451e+007	1394	905	37
2.848e+007	1372	905	36
2.8507e+007	1389	905	36
2.8537e+007	1257	905	33
2.8564e+007	1387	905	36
2.8593e+007	1394	905	36
2.8622e+007	1365	905	35
2.8649e+007	1368	905	34
2.8678e+007	1404	905	35
2.8704e+007	1375	905	36
2.8734e+007	1315	905	34
2.8759e+007	1404	905	36
2.8789e+007	1349	905	35
2.8817e+007	1385	905	36
2.8845e+007	1389	905	36
2.8874e+007	1358	905	35
2.8901e+007	1368	905	35
2.893e+007	1370	905	35
2.8958e+007	1373	905	36
2.8985e+007	1377	905	35
2.9015e+007	1387	905	36
2.9044e+007	1375	905	36
2.9071e+007	1377	905	36
2.9101e+007	1306	905	35
2.9127e+007	1385	905	36
2.9157e+007	1341	905	35
2.9182e+007	1376	905	36
2.9211e+007	1369	905	36
2.9237e+007	1378	905	35
2.9266e+007	1391	905	37
2.9292e+007	1361	905	36
2.9321e+007	1369	905	36
2.9347e+007	1364	905	36
2.9376e+007	1383	905	36
2.9402e+007	1386	905	36
2.9432e+007	1332	905	35
2.9457e+007	1368	905	36
2.9484e+007	1374	905	36
2.9512e+007	1370	905	36
2.9539e+007	1375	905	36
2.9566e+007	1364	905	35
2.9592e+007	1371	905	36
2.9621e+007	1393	905	36
2.9647e+007	1381	905	37
2.9677e+007	1222	905	32
2.9699e+007	1376	905	36
2.9724e+007	1374	905	36
2.975e+007	1386	905	35
2.9777e+007	1393	905	35
2.9804e+007	1392	905	36
2.9831e+007	1355	905	35
2.9857e+007	1387	905	36
2.9886e+007	1368	905	36
2.9911e+007	1364	905	35
2.9939e+007	1395	905	36
2.9966e+007	1367	905	35
2.9993e+007	1384	905	36
3.0021e+007	1373	905	35
3.0047e+007	1373	905	35
3.0076e+007	1370	905	36
3.0103e+007	1368	905	35
3.0132e+007	1391	905	36
3.0158e+007	1366	905	35
3.0187e+007	1376	905	36
3.0215e+007	1396	905	36
3.0242e+007	1387	905	36
3.027e+007	1358	905	35
3.0298e+007	1381	905	36
3.0326e+007	1378	905	35
3.0354e+007	1362	905	35
3.0381e+007	1368	905	36
3.041e+007	1374	905	36
3.0437e+007	1366	905	36
3.0466e+007	1390	905	36
3.0493e+007	1384	905	35
3.0521e+007	1397	905	36
3.0549e+007	1398	905	36
3.0576e+007	1372	905	36
3.0603e+007	1388	905	35
3.0632e+007	1380	905	35
3.0657e+007	1395	905	36
3.0686e+007	1366	905	36
3.0712e+007	1374	905	36
3.0741e+007	1369	905	36
3.0767e+007	1396	905	36
3.0795e+007	1388	905	36
3.0821e+007	1364	905	36
3.085e+007	1381	905	37
3.0877e+007	1384	905	37
3.0907e+007	1386	905	37
3.0933e+007	1392	905	36
3.0962e+007	1373	905	36
3.0987e+007	1382	905	36
3.1017e+007	1295	905	34
3.1041e+007	1375	905	36
3.1071e+007	1399	905	36
3.1097e+007	1375	905	35
3.1125e+007	1377	905	35
3.1151e+007	1394	905	36
3.1181e+007	1354	905	34
3.1206e+007	1362	905	35
3.1235e+007	1374	905	35
3.1261e+007	1362	905	35
3.129e+007	1384	905	36
3.1317e+007	1381	905	36
3.1347e+007	1369	905	36
3.1373e+007	1387	905	37
3.1403e+007	1262	905	34
3.1431e+007	1395	905	37
3.1459e+007	1365	905	36
3.1487e+007	1360	905	36
3.1515e+007	1366	905	36
3.1543e+007	1387	905	36
3.1571e+007	1379	905	36
3.16e+007	1380	905	36
3.1626e+007	1391	905	36
3.1656e+007	1371	905	36
3.1682e+007	1362	905	36
3.1711e+007	1367	905	36
3.1737e+007	1382	905	36
3.1766e+007	1384	905	36
3.1793e+007	1364	905	36
3.1821e+007	1385	905	36
3.1847e+007	1377	905	36
3.1877e+007	1283	905	33
3.1901e+007	1367	905	36
3.193e+007	1375	905	36
3.1957e+007	1379	905	37
3.1986e+007	1372	905	36
3.2012e+007	1363	905	37
3.2042e+007	1325	905	35
3.2066e+007	1382	905	37
3.2096e+007	1353	905	36
3.2121e+007	1374	905	36
3.2151e+007	1333	905	35
3.2177e+007	1385	905	37
3.2206e+007	1386	905	36
3.2231e+007	1359	905	36
3.2261e+007	1279	905	34
3.2287e+007	1373	905	37
3.2316e+007	1366	905	37
3.2345e+007	1368	905	37
3.2375e+007	1329	905	36
3.2403e+007	1397	905	38
3.243e+007	1361	905	37
3.246e+007	1373	905	37
3.2486e+007	1387	905	37
3.2515e+007	1378	905	37
3.2541e+007	1378	905	37
3.2571e+007	1281	905	34
3.2596e+007	1397	905	36
3.2626e+007	1387	905	37
3.2655e+007	1398	905	38
3.2683e+007	1366	905	37
3.2713e+007	1341	905	36
3.2738e+007	1376	905	37
3.2767e+007	1379	905	37
3.2793e+007	1388	905	36
3.2823e+007	1400	905	37
3.2848e+007	1385	905	37
3.2877e+007	1359	905	36
3.2905e+007	1393	905	37
3.2933e+007	1372	905	36
3.2959e+007	1373	905	36
3.2988e+007	1374	905	36
3.3013e+007	1373	905	36
3.3043e+007	1357	905	36
3.3068e+007	1393	905	37
3.3095e+007	1389	905	37
3.3123e+007	1369	905	36
3.315e+007	1362	905	36
3.3178e+007	1392	905	37
3.3203e+007	1359	905	36
3.3232e+007	1374	905	36
3.3257e+007	1388	905	37
3.3287e+007	1285	905	34
3.3312e+007	1404	905	37
3.334e+007	1359	905	36
3.3367e+007	1361	905	36
3.3394e+007	1360	905	35
3.3421e+007	1390	905	37
3.345e+007	1391	905	37
3.3475e+007	1393	905	35
3.3505e+007	1386	905	36
3.3531e+007	1376	905	36
3.3561e+007	1356	905	36
3.3587e+007	1373	905	36
3.3617e+007	1359	905	36
3.3643e+007	1379	905	36
3.3672e+007	1368	905	36
3.37e+007	1360	905	36
3.3729e+007	1385	905	37
3.3758e+007	1360	905	37
3.3784e+007	1364	905	36
3.3814e+007	1277	905	34
3.3839e+007	1362	905	36
3.3868e+007	1361	905	36
3.3894e+007	1381	905	36
3.3924e+007	1288	905	34
3.3949e+007	1393	905	36
3.3978e+007	1371	905	36
3.4003e+007	1394	905	35
3.4031e+007	1369	905	36
3.4059e+007	1395	905	37
3.4088e+007	1378	905	37
3.4114e+007	1355	905	36
3.4144e+007	1332	905	35
3.4169e+007	1380	905	36
3.4198e+007	1388	905	37
3.4224e+007	1375	905	37
3.4254e+007	1358	905	36
3.428e+007	1386	905	37
3.431e+007	1346	905	36
3.4336e+007	1381	905	37
3.4365e+007	1389	905	37
3.4391e+007	1394	905	37
3.4421e+007	1377	905	36
3.4448e+007	1393	905	36
3.4477e+007	1363	905	35
3.4505e+007	1366	905	36
3.4532e+007	1382	905	36
3.4559e+007	1380	905	35
3.4587e+007	1371	905	36
3.4612e+007	1381	905	36
3.4642e+007	1311	905	34
3.4666e+007	1370	905	35
3.4695e+007	1395	905	36
3.4721e+007	1370	905	35
3.4751e+007	1391	905	36
3.4777e+007	1394	905	36
3.4807e+007	1376	905	35
3.4833e+007	1400	905	37
3.4863e+007	1315	905	35
3.4888e+007	1374	905	36
3.4918e+007	1282	905	34
3.4942e+007	1373	905	36
3.4972e+007	1241	905	33
3.4997e+007	1390	905	36
3.5027e+007	1270	905	33
3.5053e+007	1370	905	35
3.5081e+007	1394	905	36
3.5108e+007	1387	905	36
3.5138e+007	1323	905	34
3.5166e+007	1395	905	35
3.5196e+007	1333	905	34
3.5225e+007	1382	905	36
3.5253e+007	1390	905	36
3.5281e+007	1367	905	36
3.531e+007	1390	905	36
3.5339e+007	1366	905	36
3.5367e+007	1366	905	36
3.5396e+007	1372	905	36
3.5425e+007	1367	905	36
3.5453e+007	1391	905	36
3.5479e+007	1373	905	36
3.5509e+007	1323	905	35
3.5538e+007	1376	905	36
3.5566e+007	1379	905	35
3.5594e+007	1372	905	36
3.5622e+007	1397	905	36
3.5651e+007	1386	905	36
3.5678e+007	1358	905	35
3.5708e+007	1376	905	36
3.5737e+007	1375	905	36
3.5765e+007	1371	905	36
3.5793e+007	1397	905	36
3.582e+007	1375	905	35
3.585e+007	1356	905	36
3.5878e+007	1378	905	36
3.5905e+007	1374	905	36
3.5934e+007	1370	905	36
3.5963e+007	1393	905	36
3.599e+007	1361	905	35
3.6017e+007	1380	905	36
3.6047e+007	1394	905	36
3.6074e+007	1364	905	35
3.6103e+007	1386	905	36
3.6132e+007	1383	905	36
3.6159e+007	1354	905	35
3.6187e+007	1395	905	36
3.6215e+007	1369	905	36
3.6242e+007	1396	905	36
3.6271e+007	1363	905	36
3.6297e+007	1388	905	35
3.6325e+007	1374	905	36
3.6355e+007	1394	905	36
3.6383e+007	1361	905	36
3.641e+007	1383	905	36
3.6439e+007	1394	905	36
3.6467e+007	1380	905	36
3.6493e+007	1369	905	35
3.6521e+007	1361	905	35
3.6546e+007	1390	905	36
3.6576e+007	1308	905	34
3.6601e+007	1371	905	36
3.6631e+007	1362	905	36
3.6657e+007	1391	905	37
3.6687e+007	1371	905	36
3.6713e+007	1394	905	36
3.6743e+007	1327	905	35
3.6767e+007	1362	905	35
3.6796e+007	1366	905	35
3.6823e+007	1380	905	35
3.685e+007	1364	905	33
3.6875e+007	1363	905	35
3.6905e+007	1391	905	36
3.6931e+007	1395	905	36
3.6957e+007	1376	905	35
3.6984e+007	1364	905	35
3.7011e+007	1393	905	35
3.7038e+007	1384	905	36
3.7066e+007	1393	905	35
3.7093e+007	1392	905	35
3.712e+007	1388	905	35
3.7148e+007	1371	905	35
3.7176e+007	1382	905	35
3.7204e+007	1386	905	35
3.723e+007	1399	905	36
3.726e+007	1391	905	36
3.7289e+007	1379	905	36
3.7317e+007	1392	905	36
3.7346e+007	1386	905	36
3.7374e+007	1368	905	35
3.7401e+007	1358	905	35
3.7431e+007	1338	905	35
3.7458e+007	1383	905	36
3.7488e+007	1389	905	36
3.7517e+007	1396	905	37
3.7544e+007	1366	905	36
3.7573e+007	1354	905	36
3.7602e+007	1397	905	37
3.7631e+007	1377	905	36
3.7659e+007	1362	905	35
3.7686e+007	1404	905	36
3.7715e+007	1387	905	36
3.7742e+007	1369	905	36
3.7772e+007	1333	905	35
3.7799e+007	1388	905	36
3.7829e+007	1400	905	36
3.7855e+007	1395	905	35
3.7884e+007	1390	905	35
3.791e+007	1376	905	35
3.794e+007	1330	905	34
3.7965e+007	1391	905	35
3.7992e+007	1391	905	35
3.8018e+007	1365	905	35
3.8048e+007	1362	905	34
3.8075e+007	1370	905	35
3.8103e+007	1388	905	36
3.813e+007	1385	905	35
3.8158e+007	1390	905	36
3.8185e+007	1365	905	35
3.8212e+007	1400	905	35
3.8238e+007	1379	905	35
3.8267e+007	1398	905	35
3.8294e+007	1370	905	35
3.8324e+007	1352	905	35
3.8351e+007	1382	905	36
3.838e+007	1365	905	35
3.8406e+007	1377	905	35
3.8434e+007	1400	905	36
3.8464e+007	1368	905	35
3.8489e+007	1367	905	34
3.8516e+007	1384	905	35
3.8544e+007	1383	905	35
3.8572e+007	1396	905	36
3.8599e+007	1371	905	35
3.8625e+007	1368	905	35
3.8654e+007	1361	905	35
3.8683e+007	1394	905	36
3.8709e+007	1381	905	35
3.8737e+007	1396	905	35
3.8764e+007	1397	905	35
3.8792e+007	1385	905	35
3.8819e+007	1368	905	35
3.8849e+007	1377	905	36
3.8877e+007	1394	905	36
3.8906e+007	1400	905	36
3.8936e+007	1376	905	36
3.8962e+007	1401	905	36
3.899e+007	1361	905	35
3.9019e+007	1363	905	35
3.9047e+007	1389	905	35
3.9075e+007	1371	905	35
3.9102e+007	1390	905	35
3.9132e+007	1363	905	35
3.916e+007	1390	905	35
3.9188e+007	1381	905	35
3.9216e+007	1406	905	36
3.9245e+007	1400	905	35
3.9272e+007	1413	905	35
3.93e+007	1401	905	35
3.933e+007	1355	905	35
3.9358e+007	1379	905	36
3.9388e+007	1334	905	35
3.9416e+007	1399	905	36
3.9444e+007	1403	905	36
3.9472e+007	1388	905	36
3.9502e+007	1353	905	35
3.953e+007	1392	905	36
3.956e+007	1371	905	35
3.9586e+007	1371	905	35
3.9615e+007	1395	905	36
3.9644e+007	1401	905	36
3.9674e+007	1388	905	35
3.9701e+007	1370	905	35
3.973e+007	1373	905	35
3.9758e+007	1386	905	35
3.9786e+007	1393	905	35
3.9814e+007	1362	905	35
3.984e+007	1387	905	35
3.9869e+007	1368	905	35
3.9896e+007	1382	905	36
3.9926e+007	859	905	22
3.9943e+007	1397	905	36
3.9971e+007	1397	905	36
4e+007	1404	905	36
4.0027e+007	1404	905	36
4.0056e+007	1394	905	36
4.0082e+007	1372	905	35
4.011e+007	1386	905	36
4.0137e+007	1393	905	36
4.0164e+007	1361	905	35
4.0191e+007	1396	905	36
4.022e+007	1394	905	36
4.0245e+007	1379	905	35
4.0274e+007	1409	905	36
4.03e+007	1375	905	35
4.0326e+007	1362	905	35
4.0355e+007	1367	905	35
4.038e+007	1363	905	35
4.0408e+007	1380	905	35
4.0434e+007	1377	905	35
4.0463e+007	1366	905	35
4.0488e+007	1370	905	35
4.0517e+007	1372	905	35
4.0545e+007	1387	905	36
4.0573e+007	1384	905	36
4.0601e+007	1356	905	35
4.0628e+007	1365	905	35
4.0656e+007	1390	905	36
4.0684e+007	1391	905	36
4.0712e+007	1395	905	36
4.074e+007	1371	905	35
4.0767e+007	1383	905	35
4.0795e+007	1371	905	35
4.0823e+007	1375	905	35
4.085e+007	1372	905	35
4.0877e+007	1369	905	35
4.0905e+007	1394	905	36
4.0933e+007	1393	905	35
4.096e+007	1367	905	35
4.0988e+007	1378	905	36
4.1016e+007	1388	905	36
4.1045e+007	1394	905	37
4.1072e+007	1377	905	36
4.1102e+007	1390	905	36
4.1132e+007	1387	905	36
4.1159e+007	1374	905	35
4.1188e+007	1387	905	36
4.1215e+007	1395	905	36
4.1245e+007	1340	905	34
4.1272e+007	1382	905	35
4.1301e+007	1376	905	35
4.1331e+007	1380	905	35
4.1359e+007	1395	905	36
4.1387e+007	1360	905	35
4.1416e+007	1388	905	36
4.1445e+007	1397	905	37
4.1475e+007	1343	905	35
4.1503e+007	1398	905	36
4.1532e+007	1405	905	36
4.1559e+007	1372	905	35
4.1589e+007	1401	905	36
4.1617e+007	1379	905	35
4.1646e+007	1403	905	37
4.1675e+007	1366	905	35
4.1702e+007	1382	905	36
4.1732e+007	1388	905	36
4.1761e+007	1371	905	36
4.1788e+007	1392	905	36
4.1818e+007	1310	905	33
4.1843e+007	1393	905	35
4.1871e+007	1366	905	34
4.1897e+007	1389	905	35
4.1926e+007	1380	905	35
4.1954e+007	1377	905	34
4.1981e+007	1393	905	35
4.2007e+007	1391	905	35
4.2036e+007	1395	905	35
4.2062e+007	1363	905	34
4.2089e+007	1372	905	35
4.2117e+007	1369	905	34
4.2145e+007	1367	905	35
4.2172e+007	1373	905	35
4.22e+007	1373	905	35
4.2227e+007	1389	905	36
4.2256e+007	1376	905	36
4.2284e+007	1388	905	36
4.2314e+007	1358	905	35
4.2341e+007	1397	905	36
4.237e+007	1379	905	36
4.2397e+007	1373	905	36
4.2426e+007	1373	905	36
4.2453e+007	1390	905	36
4.2481e+007	1375	905	36
4.2509e+007	1360	905	35
4.2536e+007	1365	905	36
4.2564e+007	1387	905	35
4.2591e+007	1395	905	35
4.2614e+007	1362	905	34
4.2644e+007	1360	905	35
4.2669e+007	1399	905	35
4.2696e+007	1380	905	35
4.2723e+007	1394	905	36
4.275e+007	1392	905	35
4.2778e+007	1377	905	36
4.2802e+007	1378	905	35
4.2831e+007	1369	905	35
4.2857e+007	1399	905	36
4.2884e+007	1399	905	36
4.2911e+007	1383	905	36
4.2938e+007	1373	905	35
4.2965e+007	1388	905	35
4.2992e+007	1392	905	36
4.302e+007	1402	905	36
4.3046e+007	1390	905	36
4.3074e+007	1370	905	35
4.3098e+007	1379	905	35
4.3125e+007	1365	905	35
4.3152e+007	1375	905	35
4.3178e+007	1393	905	35
4.3206e+007	1365	905	35
4.3232e+007	1398	905	36
4.326e+007	1381	905	35
4.3285e+007	1380	905	36
4.3313e+007	1379	905	36
4.3341e+007	1382	905	36
4.3367e+007	1384	905	36
4.3394e+007	1372	905	36
4.3422e+007	1393	905	36
4.345e+007	1380	905	36
4.3477e+007	1369	905	35
4.3504e+007	1386	905	36
4.3532e+007	1386	905	36
4.3559e+007	1393	905	37
4.3587e+007	1401	905	36
4.3614e+007	1356	905	35
4.3642e+007	1372	905	36
4.3669e+007	1384	905	36
4.3697e+007	1369	905	36
4.3724e+007	1383	905	37
4.3752e+007	1376	905	36
4.378e+007	1377	905	36
4.3808e+007	1380	905	36
4.3834e+007	1374	905	36
4.3862e+007	1399	905	36
4.3889e+007	1390	905	36
4.3916e+007	1388	905	36
4.3943e+007	1387	905	36
4.397e+007	1388	905	36
4.3997e+007	1392	905	36
4.4023e+007	1397	905	35
4.405e+007	1369	905	35
4.4077e+007	1377	905	35
4.4103e+007	1365	905	35
4.4129e+007	1371	905	35
4.4156e+007	1367	905	35
4.4182e+007	1383	905	36
4.421e+007	1375	905	36
4.4236e+007	1372	905	35
4.4264e+007	1372	905	36
4.429e+007	1383	905	36
4.4318e+007	1378	905	36
4.4345e+007	1386	905	36
4.4374e+007	1394	905	37
4.44e+007	1389	905	36
4.4426e+007	1372	905	36
4.4453e+007	1391	905	36
4.448e+007	1371	905	35
4.4508e+007	1386	905	36
4.4533e+007	1390	905	35
4.4562e+007	1379	905	36
4.4587e+007	1363	905	35
4.4617e+007	1379	905	36
4.4641e+007	1373	905	35
4.4668e+007	1389	905	36
4.4695e+007	1364	905	35
4.472e+007	1389	905	36
4.4749e+007	1391	905	36
4.4775e+007	1358	905	36
4.4804e+007	1382	905	36
4.483e+007	1379	905	36
4.4859e+007	1378	905	36
4.4883e+007	1369	905	36
4.4908e+007	1362	905	36
4.4938e+007	1392	905	36
4.4962e+007	1368	905	35
4.4989e+007	1383	905	35
4.5015e+007	1395	905	36
4.5042e+007	1394	905	35
4.5068e+007	1392	905	36
4.5094e+007	1369	905	35
4.5121e+007	1379	905	35
4.5146e+007	1378	905	35
4.5172e+007	1374	905	36
4.52e+007	1382	905	36
4.5226e+007	1382	905	36
4.5251e+007	1371	905	35
4.5278e+007	1368	905	35
4.5304e+007	1389	905	36
4.533e+007	1367	905	35
4.5357e+007	1380	905	35
4.5382e+007	1377	905	35
4.5409e+007	1400	905	36
4.5435e+007	1376	905	35
4.5461e+007	1383	905	35
4.5488e+007	1393	905	35
