1354
1279
850
699
1286
796
786
717
659
978
815
592
765
792
771
815
1080
613
626
617
776
707
876
612
748
637
587
682
598
884
771
887
643
615
883
694
881
669
759
699
741
598
831
916
667
654
757
527
951
803
734
863
627
761
737
780
720
986
940
727
861
705
872
842
882
724
721
873
721
636
867
636
810
742
529
614
857
704
711
844
760
637
628
846
566
840
634
586
866
697
847
833
704
809
764
721
734
798
708
675
683
796
914
820
774
920
770
801
841
939
735
598
958
705
1038
761
845
769
872
771
754
738
939
682
866
885
759
979
789
713
964
889
608
940
896
827
776
999
753
906
715
618
852
820
733
825
895
563
835
900
742
900
735
667
1030
723
802
1042
635
1056
964
658
632
1006
775
832
762
733
855
894
738
669
903
910
882
854
782
923
1025
686
654
1129
705
715
921
887
510
658
623
860
678
765
804
965
784
684
578
863
582
914
746
853
900
583
661
960
804
583
890
804
613
1040
609
737
822
894
645
923
775
703
896
788
792
1105
612
732
850
839
580
1070
886
615
845
839
766
996
778
724
854
802
687
788
750
824
1042
655
720
770
729
649
844
911
652
976
784
680
1095
624
603
924
937
757
816
876
578
1008
833
789
1094
692
847
662
961
680
956
808
694
901
698
653
896
992
694
884
908
818
787
995
831
910
902
789
931
846
760
1150
716
862
754
578
834
746
979
761
886
670
786
926
662
860
1101
637
785
794
775
707
1026
866
628
989
854
544
907
922
719
993
734
755
895
745
794
921
1050
718
732
889
679
886
920
678
945
842
629
928
678
614
1052
890
661
790
899
807
833
757
851
820
999
792
929
634
916
860
1053
771
1043
729
725
1041
748
989
1095
814
731
713
727
810
1038
796
750
1158
563
912
747
961
796
846
796
824
769
738
693
973
667
1041
973
540
708
870
823
977
756
759
836
818
735
705
972
609
780
974
509
828
888
893
730
902
544
837
1034
842
883
968
828
585
851
814
837
853
929
629
1023
695
612
902
829
637
961
793
740
750
837
882
887
743
879
753
687
580
1053
677
883
813
696
835
786
1046
686
847
835
863
809
758
803
848
859
730
774
987
532
1034
740
692
923
796
696
783
877
724
969
737
804
950
871
823
981
690
722
929
951
506
1051
768
838
1087
776
969
826
704
926
818
963
791
858
792
789
1080
705
872
936
947
615
906
905
856
987
875
913
812
841
726
978
863
850
1070
601
1119
1046
664
960
817
974
801
1026
679
961
827
845
903
877
889
840
907
703
831
901
930
740
1110
618
951
849
905
923
935
916
751
813
904
582
1066
921
694
980
749
750
828
851
679
917
752
657
1100
558
821
916
858
736
855
721
776
904
842
611
942
770
792
1040
599
882
896
718
737
1094
782
671
857
850
936
847
1078
540
1227
842
701
1095
935
760
991
849
754
1184
835
834
1113
822
751
841
668
889
1085
946
787
830
975
750
932
783
884
1063
578
926
888
840
879
677
940
588
848
792
969
1070
879
613
810
735
837
774
723
771
833
839
868
943
895
741
976
746
787
833
696
912
871
811
642
1073
632
862
887
783
809
839
787
716
942
761
875
1010
709
946
849
812
661
951
856
983
801
712
844
777
950
955
815
760
725
993
838
834
934
880
768
974
787
844
893
877
917
827
965
858
788
644
920
752
894
734
846
966
840
756
723
906
926
870
865
801
722
729
910
809
917
1004
883
817
682
967
908
819
886
980
789
838
934
1008
841
967
968
782
800
886
932
935
989
879
702
930
896
745
1001
735
809
944
813
919
895
782
1056
866
873
820
897
918
824
986
837
960
958
650
1178
881
684
743
986
875
896
900
608
949
871
812
871
898
642
822
858
1012
782
864
924
710
1099
662
823
939
849
762
813
830
873
1003
908
850
780
970
847
869
777
1131
860
840
758
902
660
861
955
768
769
994
642
899
884
879
921
786
985
743
915
648
1064
1035
750
966
701
865
976
804
977
738
1173
718
920
818
877
732
838
781
931
799
944
802
657
1044
886
791
934
728
853
858
877
795
900
949
919
584
1052
801
1083
923
731
630
1016
745
905
896
781
978
778
897
796
940
710
898
846
724
786
904
1039
870
746
730
1027
823
1065
596
948
760
795
1125
927
861
661
899
789
1062
788
833
969
667
866
813
1004
839
810
725
1055
787
949
681
957
1034
804
856
873
730
773
852
941
908
721
679
882
687
897
972
821
1037
632
842
723
814
868
843
804
805
869
803
967
876
672
858
629
738
974
671
864
938
907
891
662
653
882
891
811
855
695
782
789
879
806
804
666
747
599
918
773
964
527
891
706
779
625
878
911
745
768
762
1002
766
821
845
661
975
867
962
573
909
761
826
864
838
897
679
711
838
747
780
806
944
537
1051
677
841
783
824
910
704
798
800
752
898
690
861
810
740
781
823
658
903
793
794
984
1001
858
681
714
717
961
780
797
851
599
796
759
912
840
790
734
750
819
739
732
913
749
831
864
787
666
984
874
786
927
971
524
941
757
761
927
830
698
889
822
787
892
742
741
954
828
740
635
955
885
800
633
754
921
696
686
823
1007
818
932
1066
772
777
832
918
931
756
832
1036
768
704
924
889
654
956
839
762
884
771
785
717
969
817
785
728
911
939
665
970
942
693
853
955
633
818
951
893
671
949
922
878
860
744
1079
964
877
1010
1043
767
1038
954
725
941
1066
1034
861
903
863
908
1013
804
858
999
1032
699
1072
824
852
1138
873
656
951
955
830
849
951
806
940
825
994
830
718
883
931
1085
853
766
878
1067
889
738
935
927
699
871
911
772
873
905
1024
824
745
879
857
1107
830
735
868
880
846
911
783
747
950
736
1055
927
732
856
870
1006
708
1015
893
877
964
882
828
813
921
599
1022
868
742
754
822
850
850
713
851
1021
925
590
1046
775
984
976
852
836
913
897
955
636
926
882
767
892
812
1115
845
1109
784
830
932
918
887
725
1168
691
856
845
730
869
1061
653
775
1087
887
914
1045
817
733
939
814
849
1045
854
1034
744
767
942
990
988
760
1058
941
1016
698
958
891
868
1067
923
897
1075
816
1226
888
875
901
998
1050
1163
885
932
905
944
874
1152
1017
737
1082
922
1004
1150
665
1018
887
874
968
950
1041
919
847
937
948
938
894
863
1018
976
859
847
1080
723
1011
984
871
943
967
995
1172
811
1055
692
1086
923
1154
897
967
830
816
1240
947
913
1030
920
1093
1042
966
1046
969
699
1283
1110
1001
789
964
801
980
863
827
906
871
957
804
843
850
771
856
819
939
1049
899
833
1067
934
842
986
848
475
908
886
990
764
883
785
749
882
911
867
916
685
910
1085
679
905
833
949
1132
844
835
731
1022
773
958
909
786
789
972
829
808
1025
711
955
889
802
897
819
949
821
736
804
1009
874
933
751
893
868
838
828
845
865
928
684
779
966
941
846
843
837
747
775
947
824
1047
716
899
830
703
831
963
807
706
1061
794
840
1131
833
794
828
1080
882
833
1074
957
930
753
1129
1023
971
840
816
1096
1009
932
857
904
837
1088
741
1059
886
930
1011
771
831
852
832
1287
670
997
890
824
820
898
944
900
774
916
776
891
882
968
670
894
828
872
933
718
1099
908
681
878
873
737
817
675
999
842
912
753
784
1024
869
801
1029
741
912
634
884
917
723
892
841
811
880
686
887
853
757
778
853
794
800
882
758
817
978
815
818
937
737
735
963
804
852
863
906
837
766
874
808
1071
898
804
731
905
963
892
989
717
881
736
772
884
901
865
801
916
790
801
1046
1029
730
953
811
926
887
871
846
978
782
901
718
1047
872
938
844
813
948
705
1145
724
1060
699
775
894
716
929
967
630
1139
923
1096
620
1015
916
1007
1163
940
935
1009
980
944
909
816
920
1003
767
764
997
757
872
1048
732
781
1070
818
960
1143
756
887
909
1043
880
936
701
906
949
1107
773
751
986
633
918
910
865
1120
543
698
1150
764
1078
930
711
932
815
812
922
1073
1021
735
939
968
955
659
990
556
981
816
751
909
956
780
910
599
734
882
720
920
1016
877
717
1005
769
776
915
789
926
926
1116
596
847
903
1150
1004
966
850
964
893
890
872
974
916
1219
725
903
977
987
1032
1047
605
974
941
973
853
965
718
1015
979
790
752
882
994
677
971
840
1063
854
998
875
801
1030
832
977
888
890
713
792
1015
800
851
766
884
895
738
1086
967
834
1068
605
996
1022
639
802
810
992
680
902
919
916
888
850
841
892
1126
750
1083
733
840
859
917
866
693
1240
960
931
949
914
754
1024
827
1014
1061
715
1045
880
945
822
833
1013
908
1014
779
1060
761
835
910
1030
595
1008
844
763
1070
857
771
863
886
843
939
738
673
1002
743
775
894
696
895
832
966
720
1090
888
809
942
922
671
1061
874
973
911
976
889
851
1060
710
917
973
779
1068
782
743
924
993
730
1019
936
707
905
956
893
1036
795
791
886
1001
596
1037
938
940
721
1133
967
850
796
843
958
963
1045
950
739
766
998
853
891
949
888
1033
840
936
859
868
913
1084
794
924
962
995
1021
964
881
841
785
976
949
768
863
902
898
909
804
801
913
770
1065
851
809
977
809
974
959
846
860
903
748
1055
896
1084
658
997
980
787
974
958
665
1015
841
1041
730
876
1021
822
852
934
828
1061
732
1035
941
844
1164
972
673
1136
817
946
944
821
877
945
859
973
659
1254
1018
822
837
880
1068
953
648
1255
963
813
962
978
601
1027
1042
800
920
1098
630
1001
860
996
909
1032
643
1118
735
754
858
1074
776
747
954
761
724
1072
765
769
766
887
808
1087
750
934
897
918
1206
939
885
804
803
1004
1009
901
1009
602
1088
857
919
879
956
1011
897
788
614
1215
877
806
862
871
976
768
707
1009
916
869
976
764
775
948
747
857
1053
801
515
894
884
752
876
991
716
742
1130
640
894
928
872
764
967
726
882
823
976
826
1053
936
864
774
745
1119
930
823
1053
863
688
901
1093
745
848
927
891
909
829
782
879
900
1005
981
950
847
