1057
355
666
549
500
429
375
280
613
629
451
412
420
417
194
437
250
459
534
347
438
374
387
202
404
458
372
417
276
451
363
478
459
623
253
311
323
320
421
126
586
187
314
433
385
445
381
228
407
405
268
395
312
176
375
304
412
291
479
294
466
302
492
392
320
422
279
272
465
418
317
330
615
330
278
409
257
411
404
292
418
381
258
448
376
280
579
375
230
440
424
326
164
536
353
183
437
407
455
345
497
289
466
380
170
487
349
335
337
457
410
307
534
249
572
345
443
594
339
329
389
466
347
402
374
464
468
408
313
513
438
454
268
373
333
402
340
434
362
215
526
452
270
290
377
389
302
478
252
328
360
197
511
302
366
470
231
383
423
459
344
331
397
278
234
391
429
373
332
333
276
459
260
412
504
155
406
381
467
286
247
588
350
389
314
445
504
285
310
451
329
348
495
277
357
397
366
339
302
526
257
407
261
392
486
479
359
404
429
401
555
303
382
512
309
362
507
431
495
470
226
377
419
220
328
583
284
475
515
463
506
406
266
422
448
318
317
552
226
583
376
460
233
467
387
523
442
288
330
476
508
315
595
224
528
385
328
509
346
473
357
444
407
479
136
469
543
394
557
336
534
290
467
371
396
535
609
141
408
536
230
441
454
232
452
469
161
513
516
214
560
303
272
579
350
257
427
409
360
486
412
429
348
488
314
377
478
227
575
411
354
366
539
260
439
600
353
338
441
594
374
587
242
372
384
245
421
700
312
383
447
341
466
334
291
398
548
496
333
407
282
412
579
128
490
369
359
707
341
428
378
465
434
427
457
381
466
603
272
323
352
340
620
465
402
344
413
296
481
461
345
474
298
295
267
490
85
347
516
382
298
393
387
383
472
264
428
575
230
510
531
252
288
368
285
392
344
235
621
290
491
321
509
363
281
525
285
295
343
450
462
360
320
481
394
353
395
535
123
468
246
364
581
456
341
265
504
312
375
362
382
509
408
332
412
410
277
495
501
305
380
407
362
514
504
296
466
575
152
416
346
383
441
406
334
502
336
241
565
584
298
503
426
186
434
408
437
399
584
261
475
518
224
469
542
220
379
557
334
396
214
504
378
422
246
395
472
442
405
582
225
386
415
302
516
327
366
392
271
308
462
442
264
540
318
421
551
373
349
391
433
297
424
615
191
430
485
211
438
547
291
483
590
205
451
527
145
522
476
181
526
485
172
632
530
194
613
478
179
510
496
396
360
295
355
559
544
174
524
531
176
486
462
229
503
442
247
454
345
252
654
323
342
563
500
289
452
494
326
416
534
322
509
386
304
583
499
370
471
479
282
486
590
302
496
371
423
375
553
204
653
598
303
367
391
407
339
412
198
493
378
337
432
432
366
489
510
248
430
453
236
431
483
300
364
559
254
405
490
367
441
657
296
405
373
392
506
355
348
351
479
225
638
379
324
498
277
448
520
366
413
438
340
260
544
386
271
563
424
292
413
577
208
523
489
320
499
393
152
597
347
482
370
507
450
536
475
365
253
526
227
484
318
419
506
455
515
307
499
183
494
534
340
458
194
451
364
528
261
376
307
321
555
492
286
586
409
298
332
531
226
501
502
302
339
491
353
401
552
296
505
357
470
481
466
364
531
354
421
378
438
348
526
437
414
536
459
323
527
452
294
487
323
399
508
571
343
306
705
455
416
563
335
415
367
361
515
365
145
471
607
226
476
532
345
487
335
432
331
704
97
534
436
524
367
318
431
464
395
463
402
376
412
381
470
437
282
504
319
310
405
367
429
459
291
474
588
400
289
630
209
328
503
254
345
515
355
420
700
315
364
348
322
434
559
321
349
419
422
310
442
357
453
419
179
427
595
477
135
590
202
308
442
330
453
485
420
469
390
285
466
474
268
293
294
520
686
467
357
440
378
381
365
720
262
443
291
332
192
615
473
338
482
452
403
453
379
493
430
261
535
425
383
252
331
278
383
516
456
370
328
347
564
398
350
395
478
341
321
418
380
421
471
408
495
411
240
437
527
390
333
477
184
440
252
325
543
466
349
392
529
374
435
326
277
375
538
294
505
319
410
592
503
307
471
346
346
386
601
350
320
442
317
391
482
318
424
421
469
439
318
357
360
546
421
428
214
439
392
572
229
451
543
299
274
493
335
458
481
312
388
292
437
486
527
237
517
399
254
491
608
140
604
459
418
334
574
384
169
671
262
500
490
198
471
462
403
535
377
251
405
542
273
427
530
439
494
548
342
339
639
327
355
468
412
342
554
357
549
360
355
470
366
469
474
389
385
393
535
292
586
453
294
361
373
551
623
381
305
566
393
301
435
380
471
447
444
346
404
635
425
461
370
471
411
451
369
416
450
378
499
371
350
510
529
318
423
644
168
430
659
563
376
561
296
409
510
444
296
522
377
549
588
310
505
418
430
246
572
427
416
367
440
402
521
420
461
413
507
338
482
399
444
457
211
448
546
335
441
461
393
540
405
269
621
486
414
308
448
449
350
487
504
351
419
542
425
530
371
529
397
300
457
406
354
494
283
358
459
587
360
513
528
204
494
442
431
366
404
337
468
400
427
382
355
313
401
513
459
249
399
358
478
516
236
319
478
399
378
476
426
429
392
341
454
398
387
372
428
348
487
435
343
431
517
271
262
497
391
417
442
347
504
492
146
450
566
360
553
293
382
433
439
195
468
623
429
350
247
491
435
349
440
407
538
439
366
487
498
524
311
339
498
613
267
572
490
319
541
560
387
477
524
249
431
585
361
456
628
213
402
622
331
550
462
320
645
465
351
525
403
288
469
369
406
320
498
327
464
618
521
483
497
226
387
574
377
461
523
224
489
440
345
494
581
392
441
468
284
409
521
366
412
510
200
579
575
281
310
323
422
556
338
305
467
338
350
490
439
458
472
554
365
511
432
242
274
469
346
386
459
375
351
420
403
317
458
373
472
350
428
394
398
493
453
492
400
461
446
314
378
532
278
465
449
438
325
402
485
269
513
390
580
274
332
476
560
161
389
558
307
415
400
483
399
368
249
531
490
381
467
345
574
225
407
419
450
320
418
445
434
431
485
465
403
352
562
348
463
367
428
340
409
306
522
465
314
490
392
604
315
420
457
252
557
325
436
435
458
498
452
353
423
389
486
325
482
288
432
497
382
412
345
597
364
517
442
374
473
337
476
511
377
401
482
412
407
436
492
449
406
421
491
339
491
465
388
467
350
394
344
388
598
284
314
379
532
406
327
357
558
285
458
505
457
471
341
397
358
327
411
451
533
390
455
460
459
478
396
279
452
267
522
253
493
473
334
411
544
390
429
505
618
262
521
293
388
443
394
418
420
485
473
390
382
617
365
545
300
466
382
492
564
361
475
462
353
560
412
488
509
445
331
529
302
520
324
513
392
436
619
441
379
479
573
303
361
481
599
185
428
561
311
477
522
389
381
381
513
380
578
191
495
315
524
448
460
376
543
277
605
452
418
455
336
479
604
213
508
451
471
379
520
301
566
417
394
481
631
332
585
323
404
477
526
415
358
520
263
418
497
351
372
597
338
440
555
444
551
240
241
364
561
467
403
438
434
370
402
520
511
335
290
294
541
419
287
427
449
613
300
551
356
380
483
438
361
346
523
573
170
489
259
616
458
470
441
462
449
365
443
320
357
421
545
358
581
372
370
486
366
530
368
458
623
246
517
384
425
497
429
273
708
529
396
363
356
429
232
580
407
435
415
283
496
484
325
521
289
486
382
317
394
597
396
310
322
507
600
281
420
513
426
435
368
456
500
441
380
360
518
511
418
271
488
412
550
482
409
403
355
543
295
403
591
318
527
449
399
352
691
439
332
409
463
586
250
487
411
443
426
430
328
546
383
369
452
319
353
566
401
386
508
482
338
450
298
460
473
289
542
517
275
568
286
477
455
470
317
398
464
393
461
442
365
450
239
512
561
454
297
572
384
550
385
252
406
636
422
361
423
564
506
468
281
393
437
353
461
489
436
206
465
555
396
379
480
339
540
516
210
443
444
543
344
453
327
558
490
219
303
602
334
495
333
345
423
360
653
309
498
477
426
441
327
460
285
398
636
443
342
479
452
554
308
285
379
566
458
391
395
355
612
515
269
600
511
396
348
261
484
412
457
432
292
727
274
611
367
403
555
363
358
251
578
285
472
439
383
517
367
570
405
348
388
287
558
557
256
520
431
460
428
350
526
385
532
483
491
330
530
358
549
313
416
267
296
547
534
280
476
380
471
434
430
338
392
343
315
507
420
253
564
354
494
510
331
456
445
575
273
352
487
416
246
400
461
451
513
361
380
309
438
363
432
370
531
381
397
409
556
356
443
477
344
278
538
374
296
384
416
208
563
408
318
350
530
372
561
396
392
449
390
545
335
380
228
455
409
381
363
576
363
394
472
374
372
517
316
273
349
389
459
417
273
530
473
328
431
340
318
318
377
308
438
432
384
389
596
318
349
360
297
406
378
325
354
422
319
348
484
481
380
477
385
273
299
510
458
318
424
514
361
457
359
507
346
393
409
411
443
418
501
398
357
557
341
236
410
489
367
395
418
467
365
434
446
385
505
348
449
329
321
330
406
481
371
329
418
411
400
347
458
479
308
282
564
429
304
324
434
509
318
357
393
533
466
336
307
433
440
357
379
437
320
369
427
468
311
468
432
375
327
439
464
359
407
333
391
475
247
420
318
528
293
445
537
254
409
621
469
480
458
439
422
214
377
334
416
353
531
454
366
370
314
484
393
410
331
265
384
409
518
326
440
510
431
375
320
369
318
413
318
470
302
525
405
279
353
421
415
450
199
629
407
339
662
251
419
370
396
260
553
478
327
511
407
350
530
467
448
469
214
351
427
497
171
490
551
344
502
338
424
399
453
193
415
471
419
400
485
299
417
527
436
334
390
262
579
470
379
389
347
393
368
333
496
388
370
467
416
381
258
465
291
430
480
476
239
394
415
314
512
384
366
475
581
354
510
426
456
480
342
427
308
517
348
430
547
420
555
321
408
438
365
428
494
532
392
386
381
298
488
392
433
502
373
328
351
544
366
429
364
450
366
501
395
384
344
386
411
350
347
613
350
464
387
440
276
363
601
401
518
425
316
295
554
363
479
503
295
352
631
219
528
424
295
335
494
464
407
398
548
342
244
512
349
509
455
505
437
438
505
364
120
662
642
391
449
461
544
393
496
513
441
575
315
628
356
459
676
322
281
505
584
304
549
494
398
592
594
264
385
559
432
431
406
499
522
502
475
265
460
486
511
540
462
421
598
98
624
549
415
416
452
336
530
552
361
509
170
483
573
375
588
364
536
447
298
392
602
398
526
225
562
424
341
486
467
539
358
441
265
453
517
477
431
459
395
567
415
435
458
408
308
464
610
454
361
588
388
332
516
466
360
507
278
377
638
277
411
450
424
407
530
319
462
440
397
675
437
292
551
238
404
492
500
416
406
657
419
361
374
317
527
385
456
374
415
472
523
386
294
493
414
363
458
404
405
428
611
394
372
540
314
374
495
399
518
355
410
603
458
190
614
398
539
487
426
312
571
435
295
539
422
403
563
247
507
411
292
345
543
486
381
433
385
457
446
300
482
371
516
240
416
390
339
371
561
287
479
539
338
584
440
287
469
434
345
477
629
302
550
423
449
451
538
288
401
555
366
438
534
471
324
407
391
381
583
483
339
290
355
482
485
324
622
490
586
305
605
452
268
568
340
432
570
441
378
455
503
477
325
362
573
531
351
337
466
448
432
452
348
382
449
418
527
424
431
219
552
271
544
489
475
476
474
518
332
648
351
418
435
306
390
556
402
392
506
397
532
467
444
348
591
440
272
522
311
400
635
428
446
464
533
405
517
398
554
459
522
352
518
443
391
361
494
404
564
418
563
367
423
642
297
463
543
402
612
409
437
480
505
614
380
505
346
526
630
329
485
592
459
486
502
617
504
445
343
580
367
541
431
443
629
354
437
600
612
516
174
547
535
490
451
421
578
563
371
636
409
294
633
341
565
366
458
366
559
520
483
350
634
464
461
444
522
316
447
547
593
249
592
390
512
424
404
408
522
449
582
391
426
430
389
563
502
514
397
346
398
584
544
393
480
440
508
380
561
456
349
649
520
590
402
406
569
483
373
450
656
293
512
408
569
671
484
373
546
366
457
427
444
375
650
573
565
330
461
540
506
430
546
478
484
499
677
421
507
444
571
425
357
609
487
401
603
544
694
354
476
589
267
634
349
430
387
512
512
405
471
348
403
466
448
451
429
502
343
576
324
408
448
392
374
607
299
445
340
513
326
504
512
353
477
516
375
625
220
573
606
446
434
507
491
324
587
355
432
469
212
430
437
354
474
348
590
403
458
246
451
473
295
443
540
304
417
505
223
644
370
394
326
636
333
417
357
482
422
652
238
438
519
342
592
376
370
438
555
574
381
460
484
348
548
250
384
607
458
270
468
487
370
536
344
542
446
237
536
477
487
400
409
336
682
346
380
481
380
421
350
483
320
520
470
383
376
440
504
442
441
471
424
256
424
427
505
452
236
593
488
442
299
449
646
355
287
508
571
305
469
315
344
457
362
552
436
482
418
218
472
454
394
574
302
569
427
408
393
478
382
341
469
275
419
394
531
498
411
325
472
531
386
327
387
556
385
436
259
441
556
316
443
477
307
499
379
507
420
518
382
403
519
315
625
490
264
526
490
253
429
505
617
351
586
293
537
432
606
416
435
528
343
485
387
363
620
547
325
654
401
567
435
498
349
412
490
674
395
547
450
469
517
296
515
472
495
406
627
423
294
372
557
546
443
399
463
521
390
509
562
206
376
544
280
477
515
493
558
547
332
398
458
625
352
430
360
414
335
482
374
521
387
554
451
446
540
231
453
505
384
344
473
415
437
589
394
481
393
217
431
460
398
520
498
337
462
409
422
344
626
581
398
392
434
197
488
475
396
434
459
227
396
509
399
281
508
524
415
289
587
322
559
246
368
399
389
642
382
537
420
424
485
391
334
527
268
518
349
323
374
564
425
391
534
186
512
483
284
499
428
386
403
505
265
371
317
655
363
358
406
433
371
405
281
483
490
342
418
383
440
394
415
427
423
403
470
457
410
392
541
370
397
400
402
381
429
295
432
487
367
483
544
341
394
381
525
423
472
362
341
468
579
365
307
438
530
434
519
497
267
413
485
328
519
446
519
452
457
441
347
530
279
467
486
350
370
443
424
261
362
474
444
454
357
570
387
415
398
547
390
296
396
487
575
383
499
568
371
371
484
463
279
565
260
650
453
450
443
330
465
423
391
539
445
422
467
443
357
327
605
456
454
329
485
568
480
377
360
370
639
362
214
464
529
527
437
333
374
675
332
368
401
530
452
235
489
426
289
488
465
446
400
288
516
618
395
466
400
693
434
183
634
544
192
692
539
389
475
624
493
444
454
548
570
458
266
675
517
368
434
472
308
505
462
502
388
565
571
193
320
441
411
624
387
367
478
399
482
596
260
432
421
450
399
571
352
422
471
535
537
554
335
472
452
491
595
255
575
460
467
457
348
486
383
315
484
419
579
473
509
530
391
390
301
447
394
537
441
365
389
391
487
465
497
279
537
621
158
382
406
458
566
412
447
404
464
521
416
568
344
266
469
460
278
534
381
428
527
484
594
535
371
496
481
361
593
382
372
444
435
564
408
292
496
400
307
293
548
515
365
367
324
373
457
449
363
590
367
451
535
376
103
448
483
293
546
333
371
420
543
318
471
520
501
332
520
194
489
578
355
346
470
348
480
560
249
421
584
341
541
431
442
626
149
381
551
334
630
294
563
576
453
491
384
645
499
422
393
428
394
551
374
458
434
504
337
617
464
458
577
622
228
518
459
436
524
443
284
644
531
549
513
480
248
354
505
610
372
642
240
562
539
363
407
451
437
413
493
384
427
596
374
366
414
376
561
494
288
486
335
384
436
598
335
391
475
714
362
417
565
425
488
396
429
305
707
384
399
426
432
587
262
578
517
406
334
321
360
436
519
445
525
384
299
437
372
447
430
522
473
292
335
588
383
597
495
384
571
260
546
560
221
404
604
374
484
588
190
344
415
384
480
327
600
389
504
233
472
411
465
471
539
368
475
442
310
499
295
561
527
442
380
593
396
408
576
504
328
409
428
399
549
305
378
584
430
333
634
116
596
715
400
423
546
382
278
792
343
496
412
437
495
376
491
398
584
362
406
652
608
104
518
581
368
503
571
320
457
425
368
533
463
470
585
263
400
655
331
401
693
364
319
527
426
422
460
433
399
591
290
354
512
491
276
577
308
389
597
516
235
521
415
405
458
489
270
519
510
378
513
371
263
517
324
394
413
499
338
355
479
334
503
525
239
317
478
434
462
306
410
553
423
359
634
388
536
454
504
363
327
592
316
457
316
405
517
488
430
441
728
321
498
413
434
457
487
455
395
505
466
535
349
306
591
556
193
600
427
293
642
612
102
532
505
244
486
434
467
471
473
310
581
578
178
605
285
370
597
409
442
454
375
520
543
438
248
544
451
337
632
312
552
426
366
242
670
308
498
437
536
401
575
305
452
568
398
570
548
243
401
392
412
569
340
585
416
489
419
567
434
631
361
357
261
513
429
507
408
390
540
500
459
387
510
416
470
508
499
297
421
512
398
505
351
467
541
571
428
504
290
448
530
436
528
451
466
513
588
430
635
482
398
272
354
550
473
243
475
498
398
589
335
495
413
423
509
349
468
427
274
591
339
525
388
347
517
393
374
453
526
574
490
433
255
378
585
389
432
423
532
455
500
391
500
395
444
559
337
406
354
402
531
625
331
468
555
531
301
332
649
355
248
674
298
486
524
447
393
621
324
279
569
546
467
324
551
472
497
189
426
488
454
523
485
334
502
399
459
420
462
459
400
562
521
467
568
367
425
351
484
398
640
578
376
495
466
303
578
456
371
443
454
489
613
375
594
222
432
514
567
314
472
328
465
505
521
263
490
685
467
561
549
205
343
567
428
496
550
567
330
490
263
389
693
548
463
456
329
567
430
506
146
766
396
243
457
567
403
595
471
423
441
494
335
645
359
426
522
370
480
325
507
486
480
478
449
528
380
260
610
559
192
486
494
362
438
363
482
639
373
346
374
456
397
462
290
475
440
324
363
615
257
546
377
396
223
492
494
535
411
345
482
506
438
350
495
395
448
497
574
525
370
750
382
443
321
572
363
500
268
418
595
447
626
380
406
451
514
492
321
278
480
605
505
349
608
424
360
441
613
416
484
503
326
472
402
427
417
260
564
579
437
463
528
208
435
476
470
510
383
478
337
442
411
296
599
424
313
614
336
430
591
382
386
375
501
373
431
472
363
376
377
504
390
578
218
580
259
407
416
362
269
620
376
385
427
433
381
559
394
364
422
365
408
626
328
309
590
395
398
501
361
492
380
419
451
423
384
339
539
422
407
390
452
563
432
290
514
687
194
588
384
563
493
296
451
270
572
506
278
664
399
465
494
452
248
612
289
396
515
383
602
488
453
289
388
498
500
424
380
553
383
485
258
585
382
432
438
439
367
473
506
499
647
463
522
352
484
