1313
768
807
674
520
751
877
618
634
400
496
653
737
585
473
493
643
594
608
539
527
776
670
520
474
593
411
491
456
679
680
377
594
489
477
409
437
657
616
451
589
674
534
603
428
591
612
456
711
515
628
452
611
506
446
644
549
689
481
567
525
392
668
407
678
624
621
513
679
340
637
537
504
703
600
493
572
791
732
533
471
734
548
695
659
533
768
640
420
557
537
642
512
594
601
414
598
473
643
418
451
620
521
620
360
680
588
549
526
386
615
581
525
419
550
584
545
523
578
559
602
586
604
547
590
512
606
525
673
459
553
552
561
527
454
609
633
694
547
690
620
623
641
545
786
650
576
500
513
457
803
542
752
735
587
510
533
553
634
730
508
564
637
743
617
446
756
546
718
632
488
737
496
683
707
626
508
643
709
581
660
634
659
646
653
508
602
608
511
630
633
513
733
560
496
661
468
569
593
665
603
589
576
606
568
715
562
572
700
541
697
597
729
683
701
503
575
478
797
601
727
530
425
601
688
692
550
554
669
531
627
811
480
670
697
632
633
674
701
500
654
661
618
596
495
698
750
533
408
455
490
435
645
554
510
656
610
557
685
633
684
390
459
589
522
681
636
469
594
562
656
452
608
650
583
581
542
603
579
550
572
622
575
490
649
545
700
556
547
608
551
634
597
592
731
555
586
683
616
530
546
627
595
650
525
620
791
597
615
434
555
692
625
698
616
598
607
537
614
676
455
644
563
503
652
670
679
517
599
637
564
524
472
572
554
695
611
682
599
517
524
633
727
512
485
652
753
571
657
592
527
670
578
608
660
632
666
674
566
604
603
652
653
559
629
616
572
624
594
603
494
652
550
704
586
645
694
550
709
530
767
601
572
704
684
659
615
635
693
698
614
558
675
738
697
574
677
463
473
633
537
613
656
634
618
573
547
576
704
446
559
662
742
559
706
655
587
687
526
531
595
750
598
606
543
705
566
654
544
603
548
675
610
522
679
632
700
611
434
711
613
589
748
748
583
513
624
616
585
661
611
669
540
639
737
598
436
576
614
554
477
709
574
793
576
466
719
542
574
572
595
653
664
692
704
607
676
688
614
542
650
665
854
536
620
692
620
616
520
713
665
558
878
701
720
596
482
764
513
471
648
664
581
786
609
492
763
575
682
648
559
657
744
519
583
589
684
508
568
568
693
511
606
621
751
529
748
422
664
441
730
563
819
563
455
652
660
572
509
645
503
752
505
523
730
480
631
472
489
739
571
806
637
507
518
520
735
768
520
747
680
447
837
591
399
419
780
649
696
644
562
766
495
734
476
587
393
602
775
570
596
646
594
552
605
538
668
554
640
737
558
533
668
585
518
586
477
646
619
591
651
690
377
604
695
645
691
633
645
639
477
604
690
584
558
595
642
585
680
652
524
514
775
623
434
614
655
600
635
484
662
627
595
589
572
646
569
715
459
688
649
706
724
490
665
465
759
677
565
597
774
629
377
659
642
603
612
854
548
684
783
541
681
544
609
854
624
564
569
743
663
507
682
734
694
417
776
774
438
817
562
570
642
659
629
568
869
655
545
710
612
627
618
712
620
614
588
685
644
601
895
706
723
546
817
436
643
808
676
730
577
520
682
736
684
528
682
723
648
613
621
707
501
618
778
547
715
682
568
730
594
617
665
585
727
618
622
767
751
682
539
618
558
699
480
623
756
707
653
576
604
638
585
627
630
582
396
676
681
543
657
581
643
431
722
536
788
546
650
540
624
536
653
613
558
654
611
442
789
519
569
727
537
554
666
816
390
721
637
468
725
680
462
714
663
536
767
579
731
781
449
702
764
691
610
743
705
722
616
591
680
725
628
618
775
731
671
759
620
724
552
611
549
549
784
508
933
692
685
428
727
688
698
541
636
646
677
740
554
610
715
587
713
579
677
492
561
743
547
566
489
692
761
611
737
696
520
431
619
585
671
517
757
386
724
582
671
504
682
665
647
709
558
583
655
623
490
725
672
487
747
739
413
672
601
512
599
684
490
795
556
595
594
747
596
551
489
790
626
560
649
704
558
665
644
732
581
557
661
579
618
654
668
646
524
608
646
675
708
686
603
628
580
623
576
629
782
512
515
794
725
611
578
711
694
598
629
675
746
634
618
703
604
694
635
573
635
494
692
507
558
762
535
710
471
780
634
638
582
503
691
707
568
740
657
679
410
591
614
657
614
607
544
822
819
569
660
545
643
615
680
701
597
795
628
585
640
703
611
792
683
695
795
617
553
755
557
592
681
663
710
732
658
700
534
910
433
744
528
785
551
603
554
920
506
498
762
673
551
648
705
773
507
766
671
657
753
551
767
623
556
739
799
752
551
656
634
668
669
535
645
578
764
614
764
789
311
537
740
694
738
507
613
823
376
546
761
489
784
708
525
685
647
657
550
683
634
601
640
696
747
629
449
811
639
462
610
877
471
760
697
570
701
629
660
669
651
551
842
794
463
688
500
722
726
410
698
610
641
658
661
435
738
568
671
761
593
624
628
604
682
718
532
729
829
374
797
656
733
564
786
410
656
659
829
549
606
879
529
678
744
582
755
528
664
643
595
612
565
676
598
700
685
588
526
708
514
837
613
519
582
823
439
743
800
499
736
321
866
664
563
693
650
540
665
802
732
619
757
501
628
558
566
823
525
704
447
811
689
709
322
778
643
700
544
834
469
658
483
682
572
559
792
671
710
637
558
517
658
822
562
714
714
436
678
728
546
598
910
489
830
680
348
748
757
547
695
601
775
609
669
610
614
503
813
484
652
805
564
580
687
718
521
689
612
629
617
829
816
491
642
798
517
482
635
745
544
595
655
683
585
491
567
678
660
514
779
559
814
665
359
756
595
470
732
696
546
507
698
538
723
562
599
766
645
634
532
631
581
476
526
664
583
496
748
718
630
610
693
580
529
537
603
553
778
558
708
513
646
463
489
711
540
683
712
523
575
404
558
568
673
535
727
539
531
535
649
411
562
530
725
623
700
438
653
617
531
728
465
715
548
701
512
754
511
809
597
661
427
711
550
633
563
706
703
636
612
517
475
585
621
563
552
680
593
694
406
751
624
436
704
560
600
686
580
532
676
557
630
509
531
736
556
658
565
579
597
636
419
783
470
518
567
702
681
522
854
719
723
599
367
561
519
784
692
501
711
483
471
538
616
698
585
694
625
504
555
548
658
435
607
605
559
633
603
678
610
801
514
529
448
764
655
664
616
674
569
818
368
627
538
623
686
714
578
586
557
507
677
616
627
577
725
575
493
741
558
683
499
612
522
698
645
611
467
640
532
672
533
579
545
699
611
617
719
729
697
668
590
490
619
679
689
836
445
725
581
709
764
549
578
592
688
642
517
538
756
586
671
512
611
672
642
502
350
963
541
663
631
451
795
728
648
391
753
646
596
557
757
624
576
481
713
655
627
664
484
624
665
807
731
652
446
703
812
673
672
729
819
634
575
946
624
870
498
613
625
815
842
645
773
473
717
708
603
827
745
500
750
710
799
627
598
725
688
695
642
679
658
767
453
776
703
627
586
698
706
689
666
650
588
666
776
591
605
557
599
829
600
824
670
641
572
611
651
777
710
601
791
554
747
418
789
540
647
637
587
727
538
977
571
712
472
665
647
678
839
601
601
620
607
611
652
761
590
586
597
641
597
643
910
470
753
478
702
713
550
821
607
658
619
808
694
618
692
580
652
739
552
616
431
752
711
592
609
682
561
595
657
518
537
566
769
561
685
779
495
704
741
518
778
706
693
633
675
555
725
637
646
686
504
678
763
645
522
608
705
729
665
719
687
641
756
587
747
645
598
840
585
678
685
537
554
795
647
538
639
758
555
522
640
730
736
707
806
521
845
575
639
495
705
648
547
891
783
479
724
582
735
501
746
766
635
770
627
845
777
559
743
612
675
587
803
745
463
972
644
662
667
759
771
654
748
754
751
754
548
861
735
715
947
622
651
642
858
560
829
594
836
895
477
782
668
697
947
568
844
498
916
626
560
633
825
740
687
764
615
815
463
850
736
701
583
746
612
725
705
720
576
672
713
869
457
687
926
598
698
733
773
627
695
826
836
565
796
632
721
681
816
676
836
695
721
651
772
477
1005
786
537
797
668
817
699
765
936
672
675
768
690
766
772
779
750
777
734
759
579
590
665
767
581
644
727
641
543
734
713
598
788
429
785
569
705
477
672
700
721
650
790
631
871
618
729
596
755
622
524
590
586
682
717
627
582
576
661
553
639
625
617
758
503
590
771
618
690
574
704
627
711
745
557
630
897
616
645
650
690
495
817
521
779
549
686
739
645
577
732
635
561
869
537
673
615
539
565
761
593
639
623
766
624
715
300
810
660
536
888
638
582
815
500
653
668
680
514
605
587
766
570
551
634
689
735
713
616
615
650
554
563
603
713
713
551
660
770
477
713
618
614
525
655
663
617
669
571
738
715
591
656
806
607
676
605
570
713
763
678
741
745
712
581
728
485
753
834
661
898
727
678
607
652
927
780
615
765
520
729
756
756
703
455
771
776
615
561
816
775
505
561
642
783
705
831
609
588
896
507
638
553
681
647
638
806
648
688
539
755
481
743
585
843
624
572
472
765
616
635
665
578
600
767
841
581
445
727
635
679
444
726
581
710
606
660
634
660
470
612
547
776
788
656
676
483
772
600
538
607
657
569
784
380
804
555
659
527
770
437
519
876
503
645
568
689
483
584
669
676
544
537
731
691
642
672
674
625
545
560
655
483
734
705
692
553
566
792
631
403
771
626
628
783
622
705
581
639
590
820
667
647
706
604
555
596
710
599
641
439
661
752
506
705
670
680
658
592
590
845
615
710
603
779
450
777
701
546
803
469
752
714
664
608
727
450
842
607
635
720
816
562
548
729
489
753
770
620
527
823
555
675
711
432
721
629
616
638
499
785
747
750
812
620
634
638
793
816
590
730
834
570
1005
620
782
623
699
685
603
762
593
731
601
577
598
873
508
790
572
804
487
695
578
672
676
695
851
622
742
735
806
530
763
627
648
607
580
580
905
654
861
530
555
705
676
574
624
588
758
738
578
621
543
657
776
685
581
882
522
695
486
723
487
732
614
803
805
686
719
642
796
434
767
707
703
516
675
454
697
647
603
557
600
676
729
563
793
482
448
590
735
460
667
687
648
777
579
619
587
773
509
729
572
609
624
641
828
709
793
484
600
531
730
861
734
715
808
666
651
733
643
521
748
695
766
712
790
730
641
794
628
584
790
725
871
521
564
779
711
793
654
705
607
660
644
690
617
801
538
651
703
550
721
570
588
785
542
852
702
709
701
690
626
772
627
657
603
852
578
721
539
407
713
802
690
645
478
534
718
629
661
536
773
933
546
793
587
691
497
891
574
729
396
606
676
683
636
680
532
615
735
802
583
589
665
736
650
769
649
611
772
608
636
735
644
573
697
661
739
552
878
709
663
563
892
552
702
759
552
719
757
620
803
608
625
734
721
691
660
703
626
691
830
594
727
683
745
536
677
600
711
639
787
542
617
723
624
648
649
646
629
771
510
619
662
698
706
545
609
497
637
633
562
725
594
573
511
697
680
582
690
720
699
664
717
637
560
725
643
595
646
787
575
839
711
739
568
837
503
821
688
591
658
608
744
682
683
717
532
606
632
749
626
593
774
630
734
516
739
561
747
683
758
585
648
687
736
606
687
555
726
607
639
798
717
463
865
708
811
401
638
737
587
890
603
777
646
789
563
555
651
616
692
785
717
646
670
597
883
458
775
746
511
724
858
669
556
720
697
638
810
760
774
687
831
417
762
624
570
656
832
641
605
583
701
659
513
678
780
656
599
700
523
738
855
534
535
726
683
661
752
719
675
560
841
441
659
500
1061
586
771
635
532
746
509
871
590
717
650
772
455
773
812
720
630
497
618
807
661
627
697
721
560
675
649
781
772
669
694
515
721
864
733
758
509
726
682
751
638
721
864
411
760
712
644
710
591
614
663
845
871
656
444
752
742
799
651
542
603
846
861
648
707
665
420
865
543
657
773
749
743
482
791
697
736
723
652
616
705
727
683
617
554
706
658
784
561
638
648
686
675
517
713
669
561
623
507
783
638
463
536
586
938
493
748
710
587
651
690
683
916
545
960
506
833
650
484
739
724
824
591
670
790
454
628
826
636
806
589
752
721
732
584
576
728
458
786
748
734
580
594
773
686
627
574
668
484
802
537
777
606
771
591
637
615
789
480
577
683
629
560
680
569
558
492
685
699
566
678
721
599
567
631
714
552
655
731
725
632
557
696
616
533
749
622
553
855
642
597
825
647
647
796
450
570
815
544
787
744
713
484
805
495
763
740
581
652
626
763
650
710
542
587
790
612
687
560
775
706
817
818
537
