295
286
173
294
143
107
99
160
207
35
252
242
304
170
35
242
134
210
79
79
116
174
39
83
35
79
108
245
151
35
35
276
62
197
139
103
97
103
46
156
122
35
35
151
225
35
154
203
46
54
41
193
97
35
79
35
191
49
321
52
209
322
200
51
98
85
179
35
113
142
61
168
52
43
123
162
35
43
98
117
99
110
54
98
135
69
172
89
133
41
85
49
168
99
97
88
97
35
35
99
41
118
166
85
39
234
111
35
141
170
212
61
159
279
144
35
131
35
206
101
100
104
35
140
76
35
101
58
35
105
83
113
38
178
35
79
177
102
191
107
38
35
79
169
85
48
95
35
101
187
171
35
107
63
35
181
85
104
232
146
79
105
55
51
95
82
163
143
47
38
165
35
89
123
199
97
93
35
35
79
148
129
35
35
82
82
164
35
116
123
148
126
47
91
35
79
41
105
109
210
113
35
162
85
47
35
126
145
92
120
35
91
152
189
101
35
123
53
49
150
35
98
38
85
85
101
79
148
91
35
79
49
146
35
79
216
106
137
194
85
133
191
35
79
41
38
129
79
93
120
41
331
49
38
126
105
97
134
40
55
193
79
85
61
172
35
167
35
144
54
98
303
35
139
38
44
249
166
35
144
35
99
38
85
105
120
109
35
169
82
41
105
142
126
63
107
111
191
82
186
107
173
89
103
124
198
132
104
63
148
170
41
48
35
35
184
82
35
38
190
162
35
89
82
35
136
82
35
57
101
82
120
49
159
44
173
166
99
151
199
101
139
41
42
171
99
139
79
111
79
49
58
147
187
35
79
153
41
85
79
35
85
51
35
183
170
35
38
106
199
35
167
50
55
105
106
35
79
49
99
186
101
49
93
152
104
79
59
174
95
192
132
106
35
35
145
79
220
226
65
131
211
41
161
57
160
105
120
263
97
135
35
134
183
99
35
35
78
195
109
79
343
62
128
120
93
82
170
144
95
61
228
35
234
51
76
120
103
135
101
188
79
135
63
131
132
288
134
85
252
79
101
39
41
85
274
45
35
176
99
35
221
108
102
117
71
352
91
53
205
132
178
118
53
145
35
126
103
62
35
45
240
95
144
212
123
111
146
121
188
35
35
35
79
99
152
218
127
59
35
167
35
38
106
192
133
97
43
35
35
79
107
45
92
38
35
190
82
88
106
222
35
42
198
57
101
148
131
82
147
153
79
41
179
123
105
85
42
133
118
165
35
123
88
105
224
124
41
85
111
101
161
126
53
35
107
228
126
38
82
38
44
129
142
158
35
59
150
38
119
83
291
79
57
187
57
35
190
140
35
79
149
137
251
38
88
51
95
142
91
82
126
98
82
79
236
70
114
35
83
175
85
142
154
79
89
102
78
215
97
86
97
45
138
35
198
151
142
88
99
51
156
67
111
152
120
126
83
35
53
35
151
129
100
140
86
140
129
83
117
79
105
41
100
57
108
123
118
93
152
86
85
175
170
152
101
148
85
57
134
99
141
125
85
54
220
85
41
100
35
79
128
126
53
35
110
164
40
84
195
61
267
105
41
105
37
39
177
137
51
120
91
136
212
51
98
144
197
41
103
45
49
281
123
89
100
38
153
144
39
49
35
85
38
210
94
99
143
59
35
79
261
144
65
156
79
138
91
35
100
106
215
185
126
65
135
79
162
41
65
35
87
206
137
211
49
152
105
79
148
154
35
200
224
35
35
35
79
181
134
35
154
115
103
44
38
38
35
82
226
99
116
35
367
41
132
82
51
256
118
51
65
169
104
107
126
173
38
53
182
105
35
169
169
79
57
271
79
96
35
35
191
35
120
35
103
35
172
126
38
35
151
79
107
35
85
35
150
82
273
35
35
35
59
103
269
185
82
44
110
263
41
49
93
232
35
79
100
123
107
39
174
82
63
129
85
201
108
79
126
41
35
204
144
45
92
113
85
38
148
51
35
63
268
107
181
93
85
140
51
117
35
79
61
398
153
79
35
101
266
150
44
39
49
35
232
38
53
41
184
37
193
167
92
51
95
35
201
44
88
48
270
49
199
41
95
85
197
38
129
128
49
93
181
44
231
95
45
260
106
97
35
79
256
138
139
164
85
263
63
119
120
35
89
177
229
49
59
206
123
164
201
165
95
159
99
107
238
60
39
49
234
176
119
140
100
363
35
97
45
246
114
125
35
166
192
56
164
204
134
97
57
101
221
79
54
175
148
35
219
70
114
168
181
98
35
190
97
119
98
196
166
148
112
99
135
247
131
35
51
136
38
82
190
35
35
194
148
231
87
137
79
49
115
92
35
135
117
60
128
137
79
187
44
112
176
93
144
110
130
126
154
126
133
35
51
197
123
45
117
53
158
195
129
85
124
99
212
35
85
35
240
194
87
38
82
310
164
48
49
35
207
79
35
63
107
130
38
157
165
73
174
162
120
61
114
55
99
138
131
82
79
55
369
96
50
35
35
115
138
35
136
85
47
170
183
35
35
148
134
41
247
35
199
113
150
215
87
126
111
79
41
85
173
108
41
238
91
141
51
67
202
216
63
38
337
200
94
127
85
79
97
160
65
35
95
237
35
38
236
35
79
218
122
61
108
182
35
44
46
159
35
144
210
41
35
107
309
79
93
51
41
299
125
35
120
55
55
209
134
35
99
35
82
209
155
35
35
248
243
35
35
43
179
41
219
58
124
145
94
85
167
35
35
288
97
50
275
82
215
35
136
199
87
166
91
115
41
169
113
136
41
170
137
35
79
99
243
119
35
111
169
173
117
85
160
164
95
61
229
218
150
95
174
158
115
56
100
208
38
179
117
35
432
120
51
63
168
196
35
79
63
51
180
138
42
67
114
35
41
161
167
35
41
173
38
45
335
55
43
35
199
104
103
38
231
49
160
138
170
123
172
107
46
135
113
105
41
41
76
208
185
85
165
138
78
215
49
93
154
85
80
124
126
150
95
35
41
105
102
139
114
88
179
179
85
113
35
79
167
173
38
82
126
232
152
70
202
178
189
49
35
35
79
142
269
49
58
35
124
340
109
35
99
45
35
93
100
53
97
224
88
194
134
151
101
111
51
101
85
175
35
196
302
117
35
181
41
209
131
35
91
138
111
68
169
84
35
203
82
187
88
191
87
55
232
165
43
128
107
41
138
51
95
107
91
98
35
164
95
35
132
315
144
35
85
170
35
179
47
97
183
205
87
190
144
35
145
205
196
152
35
87
35
103
298
35
35
44
173
207
35
46
35
62
153
241
79
38
299
120
35
87
35
120
292
72
35
120
99
136
85
45
148
82
123
142
98
35
85
79
85
154
35
79
201
158
137
195
35
232
82
79
107
93
130
128
35
79
35
51
152
191
112
53
51
35
123
124
100
79
35
136
279
95
57
64
35
35
296
91
93
35
144
99
79
196
86
57
233
143
175
35
183
155
170
35
99
123
213
79
59
164
191
123
79
41
53
138
258
126
41
111
183
148
79
41
94
138
35
156
43
43
134
98
108
123
103
45
154
167
35
137
38
104
45
187
97
130
79
35
47
132
97
49
93
47
91
189
224
70
114
35
173
236
149
47
91
288
79
89
35
65
160
79
140
85
98
153
128
45
103
38
197
167
91
55
38
229
127
184
54
147
134
79
215
35
89
128
213
124
79
41
43
103
197
165
51
41
35
79
93
241
129
129
287
120
61
44
88
175
157
57
55
146
137
205
57
41
214
99
161
51
41
88
79
35
238
35
198
272
59
35
79
105
85
144
138
41
35
215
136
53
41
85
95
227
126
41
262
84
142
124
57
107
79
83
304
94
35
87
156
171
44
35
214
148
134
74
35
35
161
191
111
35
35
169
114
41
177
88
42
194
87
105
35
123
104
151
63
35
51
232
134
90
43
87
83
197
109
99
44
256
174
51
35
35
120
154
233
35
43
87
197
218
130
79
142
146
223
123
303
85
35
79
310
44
68
35
132
129
146
143
35
41
270
236
57
35
79
228
199
147
88
244
115
93
41
306
41
45
35
79
138
273
103
97
85
199
187
91
138
192
254
53
35
79
152
242
35
42
117
366
145
161
202
106
55
35
133
279
99
79
257
97
102
49
97
152
230
172
205
219
140
38
139
223
162
83
55
35
79
199
217
109
90
272
110
85
35
42
178
160
105
35
93
55
108
248
104
98
188
191
101
49
35
196
59
302
41
185
202
88
49
344
197
82
89
83
137
182
113
50
94
209
181
41
44
88
233
83
103
41
41
225
57
146
82
45
43
35
35
247
152
49
101
59
250
46
51
47
138
129
206
47
46
61
105
79
103
89
110
59
307
52
201
93
35
127
142
207
35
79
203
207
147
52
137
207
109
142
51
95
274
35
134
35
170
39
205
95
114
111
131
111
168
35
79
291
93
116
111
35
63
148
204
151
79
79
222
114
50
118
248
38
160
117
158
190
145
120
53
35
126
39
296
109
105
35
79
248
63
55
35
85
304
110
41
38
147
242
148
100
49
158
157
275
35
41
137
57
146
44
175
102
35
91
153
125
79
88
88
289
41
35
82
181
358
46
35
150
282
160
41
38
204
79
111
110
59
150
156
79
179
101
57
35
79
210
51
41
51
213
92
38
88
35
288
86
113
49
188
136
46
104
68
123
124
195
107
133
134
159
221
142
193
187
59
41
85
150
187
79
35
41
140
189
197
40
104
91
150
99
91
101
42
50
245
88
35
103
92
99
180
171
35
35
49
188
79
35
72
54
184
103
188
155
96
176
168
38
59
166
236
43
161
85
115
173
213
35
104
112
281
151
51
159
85
138
95
51
121
95
128
144
50
144
35
129
43
218
156
85
58
102
209
83
82
177
156
89
41
72
38
51
158
196
113
109
223
279
83
43
275
101
152
55
105
234
89
111
55
35
35
122
39
203
35
38
141
275
97
83
41
85
85
149
45
156
38
53
169
132
115
126
41
55
181
109
150
53
38
395
35
91
35
55
294
118
62
109
297
161
99
35
103
124
126
119
62
35
48
92
192
123
201
107
263
55
38
59
35
273
142
55
35
95
35
222
111
119
86
109
182
207
104
35
131
83
109
53
111
274
55
154
118
103
145
93
150
110
54
159
252
55
41
101
160
120
117
178
51
61
152
266
210
41
35
251
174
105
35
216
93
43
48
58
174
123
223
51
35
44
88
181
155
51
101
52
49
201
201
41
91
61
202
160
79
48
35
99
160
136
112
41
103
253
91
49
104
35
49
205
134
113
47
35
89
144
218
126
88
197
59
199
44
145
137
111
166
35
134
41
105
61
105
131
44
162
179
53
138
35
87
205
181
83
93
79
83
150
93
43
41
70
158
43
50
118
90
35
360
151
53
105
95
91
192
79
204
53
308
35
167
35
53
123
185
164
38
90
199
89
62
35
206
35
207
138
35
43
236
38
143
60
151
35
45
266
35
41
189
200
47
91
66
35
285
90
57
53
56
190
59
207
150
132
203
211
109
143
61
154
192
153
103
206
38
203
138
123
250
51
177
115
35
42
252
207
53
97
119
127
211
35
59
246
53
97
157
161
79
83
49
165
35
90
79
193
43
164
51
95
225
127
43
111
35
91
93
206
215
196
51
318
61
111
113
295
38
93
41
51
115
35
49
322
120
61
105
253
51
165
35
79
321
108
46
90
55
189
144
35
95
104
252
54
98
91
57
153
162
191
91
249
53
39
95
108
120
49
265
218
170
282
35
145
165
57
107
35
236
164
97
46
41
126
158
150
101
95
149
117
54
35
199
57
42
38
266
135
195
167
79
35
124
147
132
49
250
153
198
35
97
85
201
213
35
35
112
248
125
35
79
214
83
101
112
182
35
95
110
59
230
35
158
274
53
315
222
161
35
35
182
278
35
131
79
113
104
109
131
55
221
58
165
131
97
38
51
117
238
97
90
256
103
99
106
90
103
87
170
173
59
35
144
128
124
153
35
148
100
101
103
99
46
245
92
103
130
90
138
211
41
171
83
90
103
45
89
108
260
35
54
214
108
45
134
157
38
200
176
106
79
214
99
110
109
126
41
167
103
59
144
205
93
35
98
57
218
141
158
95
46
35
185
189
41
35
79
288
163
91
115
47
35
164
161
63
121
280
53
38
99
93
184
53
49
46
98
39
230
91
102
107
140
89
148
101
55
192
160
342
60
46
114
79
91
229
35
79
35
95
111
104
98
114
93
175
63
46
142
139
172
97
98
67
168
182
91
41
45
136
127
103
87
105
224
89
49
47
108
79
253
104
35
158
135
207
154
42
35
43
278
97
83
35
60
104
146
171
92
95
95
304
39
83
43
292
91
47
100
159
39
265
55
161
120
91
47
46
104
97
35
174
55
110
170
190
79
178
161
268
35
39
49
104
227
178
134
55
110
79
157
45
89
105
136
70
206
156
98
35
79
222
108
35
135
86
191
55
66
110
35
40
88
190
245
35
56
100
223
305
35
103
101
257
46
57
252
66
155
238
46
90
148
93
65
234
35
59
263
51
72
66
238
138
260
67
46
145
209
166
35
98
39
146
53
48
183
35
99
90
161
209
239
50
121
308
83
41
148
46
96
146
137
94
35
150
85
150
39
189
45
89
35
107
151
148
106
46
229
189
38
153
100
41
144
85
154
35
35
155
235
297
86
234
99
59
109
220
38
48
98
35
154
174
61
216
263
51
35
209
79
144
41
97
156
134
49
220
96
57
35
87
175
216
35
79
231
133
87
104
87
140
120
55
36
132
113
38
236
111
36
35
211
140
79
54
36
91
120
47
145
43
35
80
38
202
53
97
147
80
41
215
39
101
39
136
113
216
62
122
51
178
91
83
193
119
35
80
120
164
144
35
36
176
206
59
35
91
327
41
35
91
35
208
125
45
164
46
98
111
203
44
99
49
203
35
58
151
38
125
83
84
135
35
38
139
136
195
36
80
144
91
142
35
109
100
93
198
35
35
105
183
175
120
55
119
120
129
83
99
161
83
35
80
83
116
35
85
138
142
113
114
89
85
307
59
112
41
39
90
190
82
93
131
97
116
100
103
263
35
203
151
133
96
101
358
36
139
57
124
131
154
121
35
35
79
223
35
83
96
116
160
35
125
43
172
215
39
167
41
35
57
220
195
81
59
61
35
177
130
45
35
157
41
255
82
65
55
147
125
133
113
63
158
269
61
35
50
229
189
102
151
127
80
126
103
55
151
35
128
146
136
36
96
35
189
85
36
38
98
98
168
173
131
92
57
142
125
126
88
80
62
35
89
64
175
95
121
147
47
151
46
104
154
123
182
80
105
63
159
145
36
100
43
165
197
123
45
51
51
150
120
151
35
161
194
80
166
166
220
133
41
55
112
94
224
49
53
48
98
97
94
89
158
43
105
184
89
185
157
207
89
93
88
53
117
186
171
51
103
89
205
91
139
35
79
218
96
50
194
302
80
47
35
279
163
160
55
35
55
416
97
35
51
109
231
113
174
85
153
102
129
97
65
222
167
130
44
61
111
179
87
79
193
393
79
85
46
98
170
164
35
113
35
82
149
203
35
35
82
99
163
162
41
222
136
98
215
91
36
35
278
55
172
57
143
108
120
35
204
255
105
59
123
49
249
106
52
50
173
178
202
50
278
101
145
79
157
197
228
144
50
55
43
35
279
156
149
190
35
256
55
107
207
210
106
92
35
87
93
107
99
35
102
93
239
41
85
94
113
59
148
158
87
47
53
43
208
243
49
36
212
87
149
124
47
219
35
101
189
80
178
91
36
145
35
214
79
120
161
86
111
266
199
103
99
49
35
83
152
93
173
95
111
148
97
98
41
93
132
153
148
97
57
145
312
212
50
200
79
168
117
118
35
79
166
110
41
103
156
60
289
108
35
93
180
153
225
48
92
286
67
58
175
252
200
47
50
120
55
117
109
109
43
132
41
41
232
90
38
106
202
141
115
209
118
110
35
154
163
217
39
78
137
35
93
121
105
57
119
144
180
193
109
103
125
103
85
173
107
175
206
161
98
67
119
174
140
150
55
50
125
79
98
140
97
47
159
41
261
49
35
43
43
136
215
61
105
43
105
102
260
43
43
146
112
91
93
35
125
118
35
56
113
142
188
53
100
66
271
104
61
218
35
270
105
55
61
315
224
35
168
246
70
57
46
235
38
91
276
69
164
221
103
121
35
90
112
119
217
55
155
159
134
177
111
115
101
231
172
185
116
137
45
141
111
38
239
116
109
118
112
141
115
94
196
135
57
319
225
41
63
50
153
117
221
59
109
38
139
41
162
112
51
35
214
43
164
57
110
107
217
129
43
64
179
135
151
143
116
221
90
35
158
153
79
42
137
197
35
72
124
237
113
35
105
161
95
256
47
38
108
35
101
162
103
165
35
172
97
235
53
51
158
208
62
51
35
79
161
96
139
35
202
35
49
375
38
49
104
55
216
35
82
89
118
92
149
178
118
108
103
347
47
43
45
134
61
219
106
142
35
83
275
199
49
262
140
47
115
106
134
55
194
237
45
253
150
57
47
38
253
35
47
59
169
102
103
192
55
214
176
35
156
135
59
62
158
214
46
178
49
154
107
53
208
91
51
146
104
103
60
159
183
153
105
119
195
223
199
102
218
109
53
35
190
55
224
38
91
152
93
45
98
55
109
108
200
35
88
35
129
102
109
53
108
35
147
97
146
147
95
35
95
35
79
98
93
49
114
186
116
151
164
214
93
107
55
99
191
113
134
148
109
121
139
158
101
35
81
35
49
151
132
57
154
79
168
79
107
46
114
88
178
160
203
85
160
153
35
137
41
89
138
102
97
122
50
197
148
97
127
109
85
95
90
142
35
39
89
175
35
41
85
184
147
83
38
98
131
134
154
85
124
35
35
250
35
120
85
89
107
147
41
126
126
100
138
110
35
183
181
107
222
83
47
53
63
107
121
85
104
180
188
38
194
155
137
150
85
38
149
236
39
199
107
35
49
179
105
95
35
139
79
39
111
167
85
83
120
158
125
47
35
43
201
100
79
141
76
120
178
35
59
103
58
161
41
154
53
178
35
82
170
152
159
150
101
178
79
44
94
123
298
130
109
83
170
146
91
177
135
83
46
198
79
101
110
185
101
99
188
35
91
85
159
83
194
124
179
44
108
250
35
99
79
211
155
39
57
35
43
134
127
111
38
85
110
224
138
53
43
169
88
89
90
201
164
35
83
166
39
43
57
236
240
38
35
97
35
126
50
214
195
306
159
255
142
153
35
55
55
35
266
35
232
55
108
136
106
103
108
165
85
53
66
216
95
88
107
59
53
246
38
47
148
188
35
65
188
194
109
114
109
166
35
85
164
111
35
84
211
119
241
116
135
143
221
44
106
35
147
91
65
35
44
160
185
42
161
85
168
166
197
35
101
46
116
313
79
61
111
157
105
222
117
38
152
227
98
158
38
53
233
160
117
35
101
242
134
177
108
41
55
201
273
89
89
55
366
46
53
221
213
93
92
117
146
221
35
101
46
35
181
168
221
35
154
85
154
157
98
233
120
162
109
61
121
49
165
55
225
101
93
215
148
154
64
41
289
63
172
130
162
253
67
111
46
39
144
193
184
35
95
150
41
85
121
146
54
98
266
85
41
49
142
86
135
177
35
185
190
127
275
164
55
102
178
49
189
111
158
188
123
193
105
227
51
206
259
160
35
201
128
93
35
120
35
43
148
63
195
87
185
106
187
150
122
99
163
46
64
176
101
38
164
211
35
107
55
170
46
35
215
137
113
88
93
148
44
88
72
171
220
53
39
138
197
130
107
45
35
96
197
138
85
35
160
134
107
154
35
83
90
105
139
149
115
195
46
197
59
41
126
90
79
101
66
191
43
190
41
35
218
93
104
140
169
203
35
46
94
343
91
35
35
138
35
35
126
99
72
35
137
105
79
153
86
95
204
198
148
135
100
97
206
96
82
169
147
55
144
41
38
100
35
107
199
154
90
55
168
35
182
150
35
99
217
35
79
79
231
65
115
35
79
272
128
39
105
53
138
126
215
35
103
35
132
248
41
43
90
35
108
163
35
85
326
99
39
86
107
232
35
99
97
101
211
63
41
140
115
53
113
97
50
94
38
146
119
102
185
146
41
130
184
41
160
195
38
49
219
107
85
79
130
169
63
47
91
140
150
165
60
38
82
35
57
201
35
41
155
119
132
146
35
164
199
123
125
49
41
208
185
67
111
245
87
189
62
106
79
111
47
193
35
35
95
104
85
205
35
35
234
132
160
39
35
114
51
168
253
61
35
140
239
55
120
274
95
88
79
35
79
150
85
79
85
179
154
35
85
35
140
205
89
213
123
105
101
35
183
139
99
150
35
93
88
35
136
193
102
245
38
82
59
103
258
136
35
120
250
48
95
35
152
255
79
47
117
146
126
87
196
173
51
35
126
35
49
215
175
85
35
120
141
35
138
109
35
35
144
38
192
206
127
251
49
154
35
101
117
157
157
92
89
120
120
35
140
43
87
158
122
198
79
43
50
53
51
109
79
154
79
94
240
240
79
125
161
97
35
126
174
52
35
82
138
38
146
179
51
195
159
50
118
95
206
109
103
49
177
51
203
41
90
171
136
161
98
87
229
35
105
181
79
117
146
148
95
159
35
94
35
170
39
107
101
173
35
62
106
85
102
116
51
233
144
102
35
219
160
88
56
114
195
150
57
109
49
107
223
110
60
110
210
35
138
168
102
183
142
101
123
41
41
150
124
140
101
159
191
35
79
103
143
115
230
42
35
45
195
53
220
39
169
103
35
97
176
270
103
79
89
177
79
144
107
35
128
156
95
42
94
105
82
195
45
99
99
93
150
35
134
51
51
238
132
136
55
244
97
94
47
91
92
99
153
154
119
108
203
139
55
168
111
97
162
51
35
146
49
165
91
35
114
35
267
157
87
59
127
85
202
38
35
201
117
85
51
185
164
125
79
108
93
162
101
58
51
132
97
101
153
146
67
43
222
152
55
117
35
57
153
102
93
98
99
47
189
45
147
91
45
157
105
206
35
40
100
99
38
114
154
142
162
35
126
123
154
166
102
41
85
172
209
99
107
107
164
214
143
35
61
111
35
195
35
153
137
97
115
107
111
135
45
89
91
150
220
170
57
121
147
103
94
45
89
146
103
205
35
41
88
96
154
133
206
91
190
49
93
85
83
55
52
203
41
85
88
144
206
55
146
35
141
95
41
85
94
57
158
149
137
312
103
91
35
99
43
142
54
225
58
192
51
158
108
203
151
97
63
133
55
237
190
93
48
98
179
114
49
124
85
85
49
97
35
123
41
177
53
113
150
124
171
140
207
35
135
103
186
95
93
79
55
212
234
35
35
131
117
94
156
83
140
50
100
177
38
102
141
90
49
35
161
128
194
124
86
35
137
156
92
94
171
39
41
62
114
279
101
53
43
152
106
101
105
87
47
152
35
136
38
158
51
214
35
193
90
217
170
90
105
140
85
35
405
41
146
162
41
203
221
57
220
166
88
35
136
35
89
116
35
225
56
38
170
149
39
138
194
49
35
157
152
57
183
103
83
198
51
164
35
165
126
115
49
150
149
85
140
62
49
107
185
111
152
160
110
138
51
59
158
99
123
156
100
35
99
58
114
35
110
171
48
114
68
136
109
135
242
125
103
102
225
55
107
204
205
92
103
53
97
213
146
38
177
35
79
214
227
113
103
149
154
163
214
46
35
91
175
237
108
59
158
132
43
223
120
62
237
119
50
151
99
87
162
118
144
58
118
41
105
172
237
98
38
110
183
51
152
65
150
61
111
130
211
158
41
50
114
233
197
116
59
57
148
147
113
45
124
234
157
47
45
113
93
172
46
43
93
126
47
308
120
51
132
289
43
35
85
116
126
39
137
103
134
120
195
101
103
35
105
106
118
139
57
216
38
204
87
119
177
90
68
219
104
43
134
82
146
103
35
203
65
109
227
57
175
120
214
45
89
35
220
89
129
50
184
79
50
185
150
49
134
136
96
154
39
158
89
41
158
55
191
38
82
115
35
83
282
195
35
47
117
178
151
150
53
61
181
168
187
100
125
69
127
156
119
39
44
239
153
116
147
59
178
171
151
95
39
146
227
100
64
108
172
44
145
42
35
251
102
35
158
87
57
45
89
113
192
117
65
185
35
190
115
131
121
168
98
95
38
48
92
57
214
233
44
35
138
200
146
104
172
94
57
51
101
117
46
288
130
61
164
47
49
99
123
176
150
90
231
195
48
250
105
189
115
35
137
110
58
224
86
163
35
146
57
51
165
189
35
90
103
100
195
41
95
95
105
150
61
61
105
248
85
99
156
111
35
79
89
248
39
59
103
85
111
169
181
79
124
129
103
35
85
213
176
38
88
104
53
170
140
173
53
128
136
85
203
38
102
159
126
154
148
95
41
236
35
93
148
146
93
45
191
85
44
35
142
167
87
208
35
254
135
99
50
222
35
49
96
146
45
109
137
113
90
85
174
212
149
88
126
41
138
99
35
136
231
35
138
153
198
92
276
136
43
154
49
53
109
82
103
116
95
228
99
99
152
152
123
43
51
164
97
161
55
168
51
218
39
138
157
145
47
105
51
47
244
70
178
87
117
300
55
61
39
62
106
148
105
121
44
102
50
53
221
154
127
105
140
179
41
85
39
263
38
88
186
85
59
123
246
41
148
119
132
46
140
206
156
107
241
89
49
46
106
109
193
120
51
109
90
96
117
164
122
101
149
41
47
246
147
165
50
206
44
153
144
41
48
116
152
165
119
43
155
99
90
115
57
218
107
97
99
113
90
100
58
170
70
130
95
147
90
221
156
46
35
153
178
51
47
224
79
56
116
122
35
160
47
156
42
219
220
47
107
187
85
82
147
50
118
125
196
260
131
395
47
59
50
211
219
35
90
35
50
105
148
270
35
111
41
101
35
61
265
169
140
163
142
49
52
50
286
38
41
191
94
35
79
55
99
35
79
66
277
38
93
63
158
49
215
93
63
113
35
113
97
152
150
117
47
102
142
62
111
186
88
152
35
85
170
103
35
85
61
205
55
106
290
105
87
89
41
103
149
93
56
41
111
86
137
35
45
225
118
158
94
214
162
121
83
55
151
260
55
108
149
179
72
132
102
35
99
154
90
106
111
119
206
159
211
105
35
79
41
175
169
102
41
92
305
189
44
35
97
50
108
158
39
62
202
107
158
171
47
117
161
97
215
46
63
38
44
158
110
43
200
104
306
103
35
131
165
179
105
35
225
94
126
119
95
49
140
98
159
107
45
100
90
207
218
57
48
112
35
88
46
46
201
88
43
68
201
238
97
46
163
111
200
166
59
114
183
113
35
88
145
155
49
35
150
55
53
97
132
116
233
201
46
98
297
50
97
89
89
64
123
212
123
184
101
41
50
105
186
242
50
103
92
46
262
96
35
133
59
154
35
132
206
35
35
38
221
59
114
126
199
99
138
90
94
216
175
108
35
146
111
120
93
113
93
35
79
35
211
86
97
82
49
93
199
55
107
144
35
129
238
105
86
90
111
39
153
189
105
85
202
107
39
35
153
238
60
152
35
81
136
82
144
79
130
35
120
82
184
232
35
152
182
92
49
35
35
146
115
104
63
264
156
105
79
168
43
35
144
55
210
122
144
83
35
90
152
154
35
136
120
55
49
113
234
35
95
197
111
46
43
179
57
53
51
165
108
193
97
109
46
94
95
38
145
141
260
35
90
35
171
97
151
146
46
39
316
35
42
44
138
45
291
177
51
102
246
162
38
85
162
83
115
39
174
79
65
222
180
123
43
55
294
124
127
143
147
53
63
131
151
35
52
170
211
89
100
165
88
269
105
159
45
53
158
151
57
153
96
269
49
285
90
118
67
122
153
57
168
90
155
98
116
35
35
188
57
232
95
110
119
35
161
35
85
39
160
119
210
85
44
49
47
227
154
79
85
266
121
38
58
102
211
35
105
103
290
53
115
35
123
225
41
214
111
79
88
85
219
142
112
35
59
161
183
35
143
54
253
85
119
45
46
90
65
49
218
110
87
44
199
108
90
201
106
137
43
59
158
83
143
55
41
188
104
44
91
85
157
47
160
178
239
95
150
35
37
35
85
90
154
42
154
162
86
191
42
153
86
43
146
258
85
35
91
194
134
167
47
45
171
196
147
152
59
272
112
145
115
45
95
45
109
83
131
173
102
107
187
112
35
129
98
122
35
120
97
168
55
65
43
46
146
228
135
91
82
200
207
39
58
102
200
53
101
272
131
35
95
150
147
45
148
59
161
103
153
83
108
96
156
97
367
84
47
111
45
101
95
124
59
113
169
35
35
79
214
217
61
105
113
85
146
186
58
45
89
111
67
240
186
55
108
142
125
241
95
134
158
121
93
46
98
117
183
108
244
49
227
109
169
35
57
172
128
149
61
155
206
40
201
114
45
115
185
142
79
163
176
112
182
144
100
156
83
68
221
176
203
118
35
35
131
39
94
218
89
201
43
109
50
148
90
51
59
212
154
155
240
59
46
43
197
94
90
168
109
139
206
151
164
46
90
66
151
211
113
79
46
181
154
98
45
161
178
172
185
103
35
35
91
113
116
93
41
255
165
61
119
113
120
156
46
140
156
129
97
35
82
35
82
90
304
158
149
117
134
148
47
39
132
143
116
147
105
159
90
176
114
94
146
97
97
51
166
107
35
157
49
97
168
124
116
109
88
118
173
97
93
336
150
61
164
111
140
187
109
46
35
87
188
188
103
38
188
54
43
87
156
219
90
83
148
133
89
85
160
68
116
93
35
39
46
140
51
105
130
295
43
91
114
251
130
147
91
104
79
147
111
212
148
97
88
53
206
180
79
110
46
195
37
92
155
83
91
55
143
35
88
59
203
35
96
41
133
35
106
85
87
35
96
249
150
102
35
150
174
43
55
47
46
90
196
205
46
108
196
46
114
97
135
150
103
85
194
125
97
150
137
41
96
105
92
154
166
186
87
95
361
113
35
37
167
83
46
210
121
98
102
157
150
91
169
82
91
54
123
135
95
51
263
47
35
90
160
105
35
139
215
35
43
209
46
48
46
200
35
141
103
89
198
48
35
155
103
133
38
39
213
39
54
98
135
105
55
204
116
35
168
179
55
105
134
90
105
35
55
164
93
93
90
106
105
99
203
204
49
99
35
192
109
39
231
107
39
232
154
85
92
208
35
185
90
155
182
148
49
39
86
126
101
39
143
39
41
85
35
38
199
137
142
131
107
44
46
143
185
143
83
41
148
169
42
90
79
51
102
205
101
41
135
155
175
35
215
113
55
238
220
35
41
53
108
44
167
146
82
101
41
91
253
99
194
93
43
41
300
154
85
35
79
118
85
35
144
85
100
105
35
35
38
172
144
133
180
120
103
130
35
81
103
90
87
35
129
195
101
135
136
95
101
35
120
46
131
168
39
39
174
250
124
106
39
83
98
142
79
39
83
95
35
276
35
82
142
41
35
79
41
92
79
129
135
137
106
140
35
161
248
39
184
83
93
35
79
150
135
136
124
126
61
109
177
132
89
144
41
39
89
79
175
79
146
35
146
57
191
39
38
100
129
39
38
35
192
35
94
83
92
38
86
127
138
126
35
157
180
89
89
146
143
131
126
79
39
146
169
101
171
83
35
39
146
35
35
181
83
35
87
35
182
35
83
35
79
231
39
39
86
41
101
120
100
86
179
35
126
84
97
35
55
99
139
93
96
39
124
35
79
82
89
89
175
123
130
35
83
152
61
199
79
83
171
43
87
55
195
122
79
138
55
99
49
140
35
49
93
86
114
219
129
37
84
35
99
303
86
61
55
119
128
79
142
35
49
179
127
161
149
35
79
39
101
237
113
226
130
203
85
213
45
151
151
100
46
192
42
243
163
100
146
159
43
98
151
143
103
39
150
100
46
65
304
101
148
117
127
109
97
145
182
39
144
170
43
184
63
43
35
98
42
46
35
136
86
130
181
147
59
103
132
89
140
180
104
105
88
95
123
103
35
124
35
230
93
120
146
41
230
35
83
180
79
181
197
43
87
35
124
39
183
133
41
85
148
59
123
135
87
95
91
133
99
35
139
35
85
35
85
82
91
98
43
87
149
39
184
35
192
43
93
134
94
139
49
93
35
41
177
197
131
83
191
43
103
89
150
45
175
79
45
145
95
171
35
138
96
98
138
79
128
95
41
39
83
98
99
91
108
257
55
146
235
39
135
109
41
132
87
49
97
94
82
152
148
116
85
151
179
91
57
41
91
153
35
136
101
79
41
184
39
90
198
41
120
85
188
111
79
140
162
142
150
143
134
144
93
49
146
81
88
141
45
39
41
189
91
77
168
126
49
134
43
93
35
35
237
88
111
35
83
179
42
190
88
132
63
35
140
39
131
108
79
141
200
39
140
35
101
53
230
41
144
49
93
234
79
79
41
43
49
204
161
43
89
47
177
101
131
87
79
41
99
35
127
39
39
157
145
146
130
193
112
132
122
95
41
150
92
89
90
35
79
97
247
96
35
57
213
227
168
59
172
143
41
175
141
110
99
182
77
35
41
426
102
43
185
39
140
93
181
255
43
53
41
215
132
105
154
91
80
83
59
35
191
44
132
35
150
224
126
96
106
86
53
201
84
100
142
105
170
101
209
35
79
83
99
184
35
176
35
87
35
240
79
47
91
169
252
139
39
49
145
85
157
87
35
171
94
41
95
172
109
90
46
90
110
44
134
88
138
177
182
44
92
197
39
97
97
85
205
39
181
136
103
79
183
39
249
128
43
144
35
136
132
185
91
35
223
95
85
132
140
188
35
35
79
93
140
255
79
89
46
90
61
105
35
35
120
268
90
35
39
83
237
99
132
49
39
35
193
35
146
38
126
86
90
281
51
39
124
125
138
109
43
60
306
137
180
101
39
53
201
103
94
35
79
205
160
142
146
39
150
59
219
45
156
196
171
79
113
140
46
39
111
94
168
235
144
79
157
95
138
129
35
103
35
35
79
192
193
123
107
171
120
83
100
45
163
177
91
90
97
208
156
99
238
105
127
113
160
35
83
87
45
35
100
46
156
38
218
114
35
35
49
275
137
35
35
89
259
85
92
47
99
121
186
136
87
69
38
134
144
99
253
45
98
140
45
184
44
184
157
149
87
141
101
40
164
101
89
220
136
35
79
223
163
91
109
117
93
177
169
39
38
176
152
106
35
87
108
66
286
87
39
35
174
198
104
97
95
140
95
39
144
136
99
50
244
52
35
98
35
90
159
190
131
45
61
172
203
85
99
189
42
190
103
35
87
39
95
90
87
47
91
147
138
186
35
43
87
89
110
93
90
137
167
87
105
145
35
79
139
83
35
134
135
96
93
154
126
41
85
46
142
187
83
79
90
176
43
241
88
100
42
35
126
109
41
148
133
102
198
39
105
212
153
35
38
141
101
145
41
85
194
51
50
114
38
86
35
125
261
51
95
93
41
90
87
160
39
173
139
212
160
97
319
57
112
47
135
216
171
130
203
101
42
86
181
227
35
35
144
49
226
134
35
93
139
46
53
151
91
132
35
106
46
93
93
186
41
126
139
39
35
96
147
185
146
93
43
194
213
93
87
45
144
131
96
144
114
192
46
42
46
164
59
41
193
88
205
137
90
49
97
92
129
51
162
108
101
162
126
155
35
85
192
199
35
96
130
57
101
137
88
92
53
138
103
134
147
57
101
159
219
104
67
259
83
137
153
35
87
136
89
105
163
282
41
53
35
35
85
96
141
110
39
35
144
89
145
157
54
159
45
113
234
192
45
179
130
180
121
88
39
130
133
97
108
287
100
107
35
225
182
199
164
85
41
41
196
96
38
49
233
134
44
49
142
108
51
51
290
146
38
188
212
41
41
85
130
96
53
144
126
41
182
96
35
192
109
39
83
87
98
85
218
51
95
154
129
226
83
35
135
207
124
126
104
155
95
47
138
139
220
93
35
37
38
161
35
254
108
145
35
137
95
51
105
133
142
90
35
137
179
140
35
45
89
110
124
178
41
47
293
104
181
35
79
41
35
99
89
144
187
56
147
227
96
35
46
102
247
35
43
159
88
139
99
79
134
102
140
93
169
139
153
198
57
111
112
132
184
123
87
35
85
183
35
44
196
96
173
196
47
109
88
41
264
99
40
94
161
135
35
136
191
131
53
109
278
185
103
103
43
152
97
88
159
85
276
79
35
283
182
35
132
126
230
127
150
96
45
75
170
87
260
46
41
35
237
174
147
65
179
151
230
53
119
35
198
145
100
222
95
57
125
158
100
70
132
85
196
180
105
164
148
235
59
103
217
46
145
149
213
35
150
43
53
213
260
148
87
144
85
99
35
105
196
113
79
108
117
146
79
233
53
35
204
237
35
105
160
91
205
151
47
55
248
59
296
35
79
170
143
164
281
38
135
85
105
98
103
35
87
49
152
267
105
51
44
217
105
99
113
105
88
43
35
219
40
149
51
258
100
35
307
59
164
222
110
136
101
232
51
103
118
35
140
168
95
186
98
55
149
123
167
96
116
140
159
89
143
119
134
103
97
169
43
197
44
159
211
169
51
38
198
322
98
85
165
89
201
95
35
79
194
154
104
152
35
134
166
94
91
93
49
105
110
195
89
127
57
35
324
113
41
35
255
204
41
195
41
35
123
280
54
153
228
37
92
206
90
149
130
51
278
61
208
43
98
165
35
87
35
297
105
35
139
255
148
100
41
39
151
150
63
223
85
157
128
244
55
46
51
151
276
93
90
35
41
38
90
282
93
88
150
159
109
35
120
82
92
193
187
48
35
82
151
128
97
164
139
161
39
41
179
131
87
35
95
208
49
109
49
38
222
127
38
35
79
146
114
169
35
38
192
200
227
154
46
90
189
174
138
90
161
95
193
185
85
251
161
181
35
51
139
101
144
97
107
173
85
144
114
59
103
47
238
158
35
105
153
244
99
35
144
266
66
171
142
93
191
146
149
119
154
109
35
140
96
38
47
359
110
177
92
93
95
109
201
47
35
196
109
143
85
149
35
126
95
103
56
301
79
107
142
101
35
35
85
131
125
149
89
35
276
48
100
91
35
168
102
99
47
153
87
195
242
51
139
120
41
331
79
83
134
217
51
65
258
35
244
117
157
148
43
159
212
131
158
192
154
90
106
150
85
146
82
39
101
182
155
82
59
119
210
124
35
103
35
79
187
83
186
131
153
205
46
252
83
93
35
176
109
126
79
35
156
150
35
128
93
35
35
237
143
89
35
94
137
148
175
60
38
168
83
39
182
35
79
136
97
94
193
41
43
188
165
93
130
126
51
95
143
101
79
119
35
35
277
35
35
131
158
183
39
92
85
39
127
240
83
38
82
130
224
57
149
61
105
104
79
144
99
97
134
117
185
166
82
211
95
35
164
107
55
35
126
92
255
125
82
57
35
130
82
95
39
124
247
118
204
110
79
152
197
122
47
91
162
96
192
168
35
131
257
152
35
85
217
93
41
55
99
38
82
277
93
153
101
193
98
177
41
140
175
39
204
239
35
39
344
224
41
39
308
53
121
95
35
149
49
182
163
88
41
254
160
119
132
35
230
92
132
120
35
79
275
103
97
51
150
35
255
45
117
82
85
150
103
35
79
35
163
136
121
82
271
114
103
35
35
241
109
89
140
79
93
47
149
97
181
105
175
99
221
130
100
93
43
155
151
143
35
95
199
35
38
180
79
43
113
129
35
79
101
277
138
99
167
150
93
35
126
82
125
103
60
110
79
116
105
144
35
210
93
167
205
79
110
223
55
99
38
230
202
35
79
55
143
63
51
274
101
134
98
102
234
45
38
181
248
128
87
184
156
88
206
95
35
210
35
105
115
35
257
162
155
105
35
52
112
43
146
289
35
95
218
104
208
38
45
135
223
41
61
115
186
53
226
79
41
85
151
179
35
79
43
136
58
120
241
167
35
144
242
100
35
37
150
35
240
97
57
65
109
247
41
100
87
90
101
43
87
148
94
106
185
90
206
79
35
47
284
203
136
51
303
167
79
87
140
95
62
173
35
123
105
38
158
169
104
59
293
35
172
46
104
267
253
96
138
160
90
93
111
59
210
198
127
85
43
55
143
95
206
152
35
35
249
118
120
35
90
90
375
97
144
55
39
91
176
103
96
35
54
124
175
224
122
59
129
132
87
115
170
99
200
150
140
206
151
111
91
132
134
120
132
53
164
90
55
45
269
103
123
51
106
35
285
93
151
35
138
41
85
208
115
225
35
79
41
53
234
123
142
79
158
35
79
267
100
96
93
153
153
120
103
38
41
299
46
90
94
228
187
149
126
46
90
152
88
85
70
49
171
126
88
128
320
126
100
35
63
60
114
256
85
156
45
51
223
212
144
97
59
176
176
82
145
35
158
41
258
146
180
39
145
209
35
35
38
195
109
252
83
41
129
154
236
35
85
52
96
103
136
91
160
47
102
89
82
137
41
153
82
179
133
41
89
119
131
99
59
196
45
92
241
167
44
156
197
97
184
85
157
87
142
132
97
250
43
128
168
136
35
105
143
116
218
89
41
142
162
83
88
95
61
233
192
44
39
116
98
158
129
107
202
221
88
115
44
35
146
168
149
93
151
41
141
232
85
113
43
178
181
99
148
35
97
61
193
111
159
107
41
243
154
43
172
177
53
243
45
113
174
138
59
152
91
143
46
57
105
85
157
162
178
76
171
47
148
35
85
91
151
150
41
151
157
41
135
99
194
105
61
170
241
90
105
128
85
91
230
180
49
100
90
115
156
93
106
218
95
156
163
219
140
43
113
120
221
116
277
88
55
115
40
298
41
93
166
116
228
105
149
96
49
39
144
180
41
113
215
146
52
169
175
106
285
166
157
76
35
140
103
147
56
122
175
104
96
140
238
161
57
63
225
103
113
180
62
169
102
216
107
156
281
95
210
51
47
227
117
171
99
169
49
171
57
210
39
193
131
287
148
176
46
113
104
164
171
47
121
119
53
250
46
162
107
96
107
46
109
83
216
60
189
220
91
66
49
59
113
228
46
206
143
171
100
49
145
154
214
175
41
35
87
347
113
157
43
139
234
105
121
123
158
107
55
192
105
143
98
249
175
39
45
98
61
256
89
57
112
273
263
98
53
108
212
55
203
144
219
38
137
158
52
102
43
101
206
268
43
93
109
83
115
212
35
49
152
96
329
53
146
131
35
272
201
42
63
115
92
46
96
93
95
89
172
106
166
88
143
149
51
210
79
181
99
152
47
146
98
176
41
143
100
46
214
117
191
103
47
57
166
193
132
53
114
160
151
35
237
246
95
35
134
110
101
37
41
96
49
54
245
110
209
222
244
41
85
211
140
106
97
143
92
251
45
157
41
91
85
102
260
41
135
142
141
50
135
201
148
61
200
151
47
162
156
154
152
137
95
155
223
100
241
46
100
61
35
302
147
46
231
239
103
46
214
144
47
158
95
55
105
244
89
96
103
217
39
238
97
44
108
175
194
107
41
46
335
89
154
243
93
94
105
98
132
113
41
46
212
116
99
156
43
54
173
150
93
43
203
96
160
118
147
240
168
309
144
35
86
55
152
164
176
143
157
35
79
266
114
146
222
216
142
98
156
146
116
97
52
43
303
164
58
161
44
106
147
95
58
102
97
35
97
35
238
120
145
94
288
103
35
138
157
86
243
55
49
240
104
186
109
120
145
39
191
236
186
51
95
211
105
43
107
53
153
206
131
100
100
109
47
91
97
107
158
134
47
156
98
62
122
91
248
99
142
116
57
46
92
193
294
40
203
146
169
51
101
191
103
161
160
120
66
117
84
63
210
49
273
97
88
113
158
59
166
47
91
119
146
101
45
162
212
114
155
96
104
111
104
109
151
172
46
204
55
154
168
231
115
256
103
46
169
65
46
204
158
171
109
179
46
169
168
228
127
42
96
150
105
204
123
113
160
41
96
35
258
162
236
151
214
169
41
162
154
102
117
151
55
114
332
39
206
89
178
169
123
43
188
121
219
45
97
46
51
177
49
96
314
50
105
93
95
35
186
148
47
39
152
179
142
103
160
98
35
90
135
221
49
104
253
60
112
90
210
46
35
148
87
83
54
118
130
95
188
85
89
115
140
105
79
211
97
96
61
105
82
150
83
35
35
79
306
113
49
108
35
79
236
45
214
35
79
35
126
226
46
39
83
39
133
39
211
203
131
55
103
35
51
160
45
162
169
220
175
67
39
175
55
110
107
35
124
39
107
46
301
148
62
133
94
41
126
206
166
114
35
228
113
49
104
45
142
131
44
218
46
200
59
117
152
249
123
64
200
218
142
162
62
229
107
120
108
35
120
216
203
55
197
126
41
105
109
214
53
158
179
123
35
154
269
194
86
35
158
45
313
53
46
106
138
57
243
145
63
159
51
101
148
35
43
116
94
49
46
223
62
44
102
203
146
46
161
218
90
160
101
91
51
105
152
211
125
93
94
249
47
138
196
118
35
80
122
170
94
68
130
139
195
89
53
103
79
107
150
141
146
120
239
89
83
96
107
95
83
83
157
36
149
212
138
109
111
184
191
163
97
46
262
38
41
86
85
173
167
101
49
233
107
123
164
91
44
55
148
53
104
268
44
45
155
98
234
93
47
99
158
39
38
145
132
95
172
244
38
88
95
139
39
103
131
134
250
39
84
76
148
150
279
201
106
102
89
39
135
131
39
51
144
147
180
105
144
161
84
157
129
207
105
124
110
207
43
134
53
158
110
99
80
191
105
101
154
43
39
99
138
101
201
98
35
64
36
154
79
145
204
45
205
136
134
43
87
158
90
90
84
253
119
90
46
239
135
41
38
200
79
51
115
251
103
46
102
53
194
151
130
108
144
49
109
97
181
155
35
50
161
140
44
188
199
171
101
154
95
83
146
97
59
154
102
38
44
134
179
47
108
139
50
110
124
200
239
115
39
43
138
105
80
89
97
141
38
45
252
245
43
87
111
118
41
141
86
117
141
36
196
240
79
146
89
133
35
141
187
93
45
276
35
120
219
46
45
90
35
174
211
169
47
139
38
274
53
113
138
185
99
104
139
90
85
92
131
154
35
140
151
86
51
64
152
38
86
291
85
100
104
129
173
168
55
113
152
208
86
99
45
35
55
238
98
145
103
97
192
93
97
159
137
140
56
161
39
35
80
197
166
166
162
139
170
41
89
43
157
39
83
97
40
134
198
58
102
193
127
145
97
94
41
167
280
41
134
191
121
35
148
145
83
121
35
186
98
42
144
35
222
171
153
136
157
51
96
89
90
146
148
85
147
180
94
57
46
147
127
147
35
159
35
240
148
39
191
132
83
149
201
117
46
41
89
133
83
212
132
103
116
90
109
144
43
98
118
147
109
131
171
39
259
91
35
210
184
154
94
125
84
157
38
33
92
86
157
134
81
35
98
101
39
135
208
105
128
81
98
141
86
164
35
83
166
95
137
99
83
133
203
89
55
103
128
178
113
236
43
106
89
92
99
35
35
45
145
157
120
200
81
146
166
131
82
53
144
94
147
79
93
81
201
100
38
82
118
90
156
183
37
43
217
92
216
43
87
130
39
83
216
95
33
120
37
91
319
83
39
138
86
108
95
91
41
274
207
157
39
171
39
35
244
145
41
46
138
85
211
101
128
150
80
152
35
33
35
139
312
46
199
43
95
253
136
114
147
134
157
134
92
35
39
255
152
35
43
138
223
151
35
130
158
102
106
205
271
135
67
169
87
43
46
39
425
39
41
45
104
94
108
154
99
167
45
47
95
236
211
96
192
98
35
142
41
179
61
46
146
143
143
223
156
43
142
95
61
131
111
237
178
206
191
55
99
274
194
146
46
170
191
139
155
108
65
135
256
57
210
51
200
61
116
276
131
108
47
320
112
191
50
118
134
161
46
95
72
121
98
43
135
176
47
250
144
202
95
224
157
93
139
167
212
162
125
97
102
117
95
40
279
35
85
205
130
88
35
203
55
49
155
88
205
211
115
140
143
180
107
47
45
50
46
202
142
202
180
94
206
41
162
88
155
46
54
106
165
40
147
94
138
169
117
192
49
186
123
101
43
160
107
136
50
105
116
303
35
51
46
204
216
193
41
47
102
274
39
35
146
91
169
152
141
147
46
102
107
120
44
42
132
148
208
53
97
136
214
42
145
41
142
158
53
158
163
47
96
176
157
180
51
156
84
183
157
114
81
104
35
88
129
95
49
115
35
139
202
59
224
98
297
55
47
144
103
43
97
129
143
43
230
35
45
89
103
148
35
93
35
79
114
257
87
132
327
35
152
115
248
43
191
134
170
121
165
89
140
106
45
158
138
187
115
104
85
176
166
101
39
35
78
222
38
35
124
156
260
83
39
196
134
205
45
95
134
105
187
58
53
203
98
42
143
35
146
91
151
107
137
185
83
165
99
42
228
41
85
117
35
204
137
35
126
35
85
194
82
56
155
96
96
104
102
197
41
42
130
146
104
131
97
144
201
49
93
44
41
150
158
200
98
107
48
238
59
103
149
101
155
39
83
35
200
46
253
120
138
131
306
61
39
132
144
45
142
39
154
93
90
45
185
93
57
43
199
192
91
116
117
148
85
88
59
119
134
206
87
135
156
83
107
104
145
79
90
262
80
172
152
44
138
39
83
150
105
88
91
51
193
230
79
49
211
41
220
129
101
35
134
242
35
129
89
214
146
82
85
85
47
141
191
120
98
100
35
93
264
101
156
82
61
105
35
145
47
156
152
192
150
139
46
90
166
79
128
141
158
101
79
101
137
94
35
169
51
147
173
168
97
35
45
54
258
35
45
46
143
96
122
35
82
272
85
41
35
92
170
156
98
85
41
126
39
127
87
41
101
82
88
190
43
47
227
91
142
95
41
130
204
41
35
94
153
91
183
88
257
104
35
35
191
277
35
44
200
239
91
88
99
164
101
47
187
89
170
108
41
47
91
188
43
41
89
136
123
130
45
237
85
35
35
79
85
35
124
59
150
43
91
50
141
276
39
86
226
92
123
101
41
220
90
54
149
79
127
41
39
189
54
142
41
85
145
85
84
43
95
177
281
95
130
90
159
55
287
35
97
91
150
95
126
39
87
152
144
146
87
35
237
103
35
312
35
59
35
35
223
83
119
218
84
103
89
99
123
35
154
96
96
196
86
182
176
175
100
35
41
171
135
90
166
35
79
159
99
142
132
35
50
143
134
129
120
101
43
134
85
134
57
142
83
171
90
35
79
141
39
153
46
181
111
35
83
38
138
43
90
151
124
204
89
39
240
39
83
142
190
96
39
146
148
91
150
93
160
82
150
53
35
123
340
35
134
229
49
108
127
134
41
89
39
222
155
41
35
83
139
87
44
152
145
100
52
188
129
152
138
283
35
93
222
102
39
35
93
192
98
53
101
229
110
85
97
103
276
45
89
90
159
172
35
138
79
229
39
124
93
51
150
105
96
50
179
105
151
92
94
38
82
96
128
92
194
83
212
145
135
196
182
41
93
100
201
192
162
97
150
120
165
46
55
195
35
138
113
111
159
45
144
82
55
191
94
129
38
85
189
165
86
165
93
97
96
35
126
124
99
38
170
35
130
109
128
124
39
87
134
52
137
41
249
92
127
55
156
110
131
154
148
81
35
226
87
61
159
83
212
107
85
43
142
107
125
79
47
164
100
254
39
238
51
113
149
126
127
39
87
110
41
89
35
130
160
100
89
176
131
35
44
161
105
262
215
43
61
35
285
148
54
328
196
41
38
92
229
79
168
118
39
92
205
133
64
241
41
97
63
111
124
278
148
133
124
82
55
293
87
141
120
199
41
204
90
197
157
127
85
79
143
157
129
35
83
39
105
218
138
83
107
86
39
92
166
83
171
146
169
41
85
124
79
148
117
169
130
86
94
281
35
124
118
138
122
41
89
83
90
46
118
310
41
178
63
162
160
35
83
83
69
35
228
152
174
105
168
206
232
51
292
85
128
261
110
130
131
130
56
122
39
230
35
92
90
87
368
85
87
114
155
79
35
87
119
160
49
138
145
138
136
101
153
39
224
103
118
136
177
35
91
101
61
150
94
83
38
234
266
35
124
46
104
90
91
101
38
131
89
111
47
91
146
139
129
256
94
91
101
157
42
47
140
130
41
53
245
124
97
199
39
83
156
189
145
35
91
103
173
79
101
109
111
179
47
95
91
104
101
109
115
39
153
291
38
180
83
111
235
237
83
35
142
321
115
163
116
300
63
278
55
103
101
130
91
183
375
92
89
49
110
122
91
212
47
50
98
267
43
179
188
169
94
164
103
165
106
55
67
263
35
94
45
155
188
118
154
45
47
106
278
167
51
106
109
191
35
210
56
55
234
195
139
99
159
164
53
151
167
89
55
107
104
327
53
120
181
212
302
44
55
159
100
161
107
43
105
46
303
115
79
128
95
186
137
45
112
45
213
85
113
144
150
155
47
132
150
50
35
157
405
44
107
101
301
141
35
85
185
46
213
35
134
72
171
183
35
142
35
378
39
103
140
49
97
44
141
174
111
172
144
39
185
121
43
49
193
131
82
50
114
105
289
79
205
55
38
188
135
47
135
176
104
173
95
68
135
169
183
64
185
295
85
48
45
49
200
269
101
63
129
106
185
59
170
44
152
156
288
96
147
158
146
189
62
39
196
35
254
116
96
170
179
35
35
130
147
95
110
255
79
255
198
46
231
55
154
143
200
205
41
50
110
173
131
45
103
96
198
148
141
53
115
45
89
229
118
98
161
182
79
61
105
100
273
93
146
174
143
101
118
208
35
107
216
103
137
35
240
85
249
114
79
79
105
201
79
95
41
61
204
79
38
143
38
44
160
192
138
114
45
89
248
135
148
55
203
97
83
83
53
56
173
188
98
53
49
93
96
35
145
50
145
49
242
174
44
147
83
215
85
136
35
124
111
53
204
147
180
195
382
35
95
41
200
79
97
257
35
88
152
93
207
145
202
106
104
39
146
91
98
164
103
101
35
126
91
63
128
153
103
120
79
258
154
35
45
113
215
38
57
49
217
187
95
83
59
217
140
79
50
244
222
251
165
38
82
107
83
264
44
129
88
148
35
183
229
155
35
35
194
51
228
169
101
116
89
167
86
236
96
119
262
148
97
57
164
51
101
162
127
97
44
274
163
108
35
200
264
174
149
61
55
115
146
47
107
210
172
131
135
97
89
155
85
153
113
93
196
35
184
41
130
54
113
135
90
128
120
149
46
92
153
105
41
35
79
129
88
49
146
120
333
35
35
59
35
35
368
79
47
35
180
146
35
79
95
61
201
35
41
135
92
140
129
171
41
106
38
135
104
163
126
95
47
95
262
139
120
55
55
125
49
137
130
59
112
140
190
83
256
47
35
79
187
59
40
84
266
39
40
69
161
140
130
104
79
104
224
79
126
108
39
118
79
89
35
79
132
109
45
93
120
157
162
45
185
127
94
51
111
49
146
82
88
146
35
142
144
171
106
145
35
183
85
148
93
158
187
35
128
38
51
35
47
111
165
88
116
64
126
147
258
49
138
160
82
43
168
39
46
243
179
180
41
89
238
147
41
63
107
62
124
272
44
114
83
143
113
102
41
53
207
200
124
44
88
193
250
96
99
87
79
143
35
146
189
83
164
193
51
205
175
51
38
39
332
35
254
235
68
121
128
79
194
101
329
86
51
95
51
156
256
35
90
295
113
162
105
203
139
105
172
145
35
83
135
57
113
216
207
109
104
159
186
148
65
123
49
192
82
42
239
54
139
107
135
209
90
41
44
190
193
39
97
85
173
110
144
98
210
131
198
99
89
182
95
129
100
85
87
49
342
79
97
90
250
170
46
35
193
108
99
273
97
145
35
90
216
170
137
46
55
120
131
316
46
99
37
99
203
118
211
101
177
97
125
116
46
131
101
164
138
143
415
226
109
217
150
41
140
57
245
107
49
206
88
141
53
113
215
105
55
101
103
144
101
103
187
62
50
203
144
124
151
182
174
134
46
35
213
374
88
45
35
50
206
245
46
44
46
131
257
95
103
35
49
156
45
156
154
49
120
39
176
89
145
46
228
134
49
96
132
111
79
39
235
87
104
105
79
137
97
101
83
111
139
189
148
94
105
128
46
182
95
39
35
124
35
83
160
38
179
98
51
300
38
157
43
43
187
255
44
99
130
239
44
147
47
91
95
35
79
181
46
104
35
105
161
102
35
46
45
327
175
184
148
167
221
169
153
90
72
213
158
156
178
57
148
46
116
47
263
99
237
49
273
99
158
50
105
131
195
47
106
158
47
74
141
126
134
54
122
206
42
46
357
104
94
143
98
178
102
94
43
205
50
54
199
44
107
83
249
94
161
63
130
245
111
148
189
99
172
109
43
148
163
144
46
157
49
148
79
153
42
41
122
39
155
83
54
224
88
189
105
56
218
84
117
91
138
139
95
35
151
106
165
94
45
50
109
170
206
35
61
291
83
50
97
124
104
50
59
103
60
237
219
64
152
139
155
222
104
59
320
155
37
35
43
98
152
79
50
153
149
235
130
107
99
50
217
134
47
191
232
98
45
104
89
134
99
69
46
134
90
266
163
35
46
215
184
141
143
159
162
87
128
46
45
35
244
58
46
221
35
272
39
167
114
43
35
35
150
184
103
89
49
157
280
35
93
50
153
35
94
51
162
55
199
136
38
147
48
198
47
142
93
102
126
93
134
216
41
192
118
89
79
94
35
140
99
194
118
54
50
141
220
61
44
143
120
35
82
160
44
110
148
189
52
158
53
43
47
101
283
109
148
52
41
100
190
129
53
41
126
164
87
94
54
103
35
91
83
211
105
48
102
46
96
313
122
120
247
41
221
101
91
244
150
171
48
100
211
211
38
91
152
147
48
171
62
122
45
208
45
264
41
200
143
95
101
167
55
115
135
89
57
120
62
258
252
35
48
41
70
239
260
44
51
142
40
200
66
35
41
164
43
258
97
41
59
108
220
109
116
102
161
171
185
108
54
46
326
104
46
108
46
158
209
281
55
209
141
49
243
59
35
89
334
55
45
46
101
166
35
85
90
97
260
202
150
171
46
35
241
115
88
108
176
159
83
53
113
121
54
104
147
275
54
53
113
57
153
46
117
118
57
277
55
173
46
105
51
221
256
46
35
85
61
49
142
46
203
148
210
234
150
40
41
85
210
261
104
145
200
45
116
46
171
245
107
98
55
110
102
189
57
158
109
264
55
263
59
44
91
106
88
137
159
35
46
146
131
101
109
163
35
46
256
88
46
131
44
129
142
121
104
118
144
95
149
152
176
99
79
85
93
183
142
35
200
272
177
63
278
308
46
51
105
366
164
35
35
226
94
112
39
147
98
169
114
137
43
98
281
41
130
97
148
100
141
99
111
100
89
238
59
148
152
39
134
90
267
91
85
46
149
189
44
102
155
238
38
53
101
95
86
200
135
91
35
35
234
135
161
97
57
35
93
285
46
35
251
299
46
41
117
246
95
38
86
55
67
165
90
215
63
267
145
241
109
57
107
46
139
151
41
85
51
298
82
46
99
48
233
144
91
45
133
98
140
130
99
83
53
149
138
97
142
127
41
89
150
85
83
85
89
183
151
91
83
43
145
127
82
85
43
180
96
269
39
35
168
283
82
56
204
85
85
124
39
35
35
140
250
113
127
35
49
158
168
171
82
152
63
244
35
35
150
191
35
35
43
139
82
146
102
127
86
99
113
144
79
101
129
105
143
48
232
35
89
54
145
203
91
105
39
223
152
179
112
51
242
145
93
145
181
204
132
138
155
102
79
222
147
46
104
161
168
39
89
35
163
237
87
99
39
83
339
35
79
183
150
65
258
113
200
276
126
169
141
97
101
119
202
161
147
146
131
192
98
90
46
137
43
320
213
41
35
79
128
105
141
193
46
103
106
46
131
215
105
53
35
100
147
152
46
114
99
268
117
227
50
51
117
181
91
154
154
191
253
54
109
39
236
51
197
35
74
129
35
129
131
105
41
328
204
43
166
154
230
41
100
59
149
134
311
35
35
142
187
138
111
46
242
128
108
155
53
142
171
233
46
35
83
220
90
130
102
249
148
54
35
90
41
94
187
146
49
192
143
93
201
108
46
105
134
96
235
237
101
129
46
35
35
149
195
181
147
46
144
35
138
241
35
35
85
163
54
349
41
88
140
44
133
92
94
54
35
288
246
52
43
146
153
149
128
159
207
156
85
105
139
125
151
151
93
116
152
134
39
205
43
87
189
89
49
93
43
44
223
79
140
93
109
35
85
210
187
51
41
35
99
145
331
49
169
35
99
209
79
160
95
35
93
229
60
57
112
185
145
50
35
160
207
160
134
35
51
103
105
205
88
90
106
140
94
152
47
143
102
197
85
173
83
92
35
90
57
267
171
89
46
159
101
38
93
198
167
135
167
90
95
186
111
255
43
144
113
42
135
163
197
39
104
83
155
137
103
121
162
103
148
92
104
44
101
218
244
47
50
152
82
142
166
160
108
110
189
111
35
150
157
135
51
109
152
88
206
146
109
97
134
79
103
109
159
107
200
156
99
47
91
109
98
49
204
62
117
100
35
239
108
108
191
54
109
79
194
142
165
62
39
138
158
96
82
154
35
183
105
93
150
113
126
103
149
136
104
55
172
138
136
107
215
59
103
145
52
63
218
90
50
112
91
210
62
65
340
41
137
96
45
197
94
46
101
46
158
165
92
101
46
209
135
97
137
46
106
88
254
110
49
46
186
107
42
178
148
54
109
142
186
95
104
116
91
251
113
148
54
98
35
186
113
147
59
103
45
93
137
141
46
116
116
150
168
87
137
46
194
39
273
59
46
127
107
211
127
119
46
90
194
108
158
120
118
176
63
181
157
46
131
123
101
105
96
218
207
44
167
260
55
165
189
152
59
46
90
50
49
153
215
46
149
111
148
89
92
135
96
48
35
39
83
270
54
35
85
213
138
46
155
199
35
87
207
201
85
181
95
51
158
142
83
103
201
127
79
35
85
204
79
157
157
189
48
182
101
101
211
87
51
38
131
105
128
145
85
38
137
140
190
115
84
211
50
204
110
47
154
142
86
102
35
220
35
79
210
141
100
35
49
256
43
43
39
255
47
193
46
38
153
153
97
169
98
101
105
94
265
116
43
208
108
43
95
290
35
48
92
67
139
44
146
44
88
236
164
88
88
38
123
122
194
90
101
61
212
68
118
35
183
35
142
149
92
87
153
114
190
91
60
164
101
112
131
46
165
46
101
179
105
235
54
39
102
160
116
119
39
190
195
119
53
39
91
101
98
201
97
35
195
142
95
49
104
46
46
230
200
103
43
101
358
109
51
167
39
200
213
116
171
93
166
184
121
220
35
39
45
152
53
227
46
150
46
161
279
46
46
46
206
196
49
205
314
149
101
90
101
255
135
46
46
44
221
196
49
145
46
254
137
109
89
59
193
51
214
161
44
96
38
132
157
42
38
90
148
157
165
201
99
240
112
35
57
252
42
94
164
90
300
110
48
147
101
125
90
79
92
320
35
148
207
104
109
196
132
154
204
109
79
41
155
208
102
35
173
46
153
104
43
98
87
102
153
87
256
144
139
46
46
206
110
137
153
100
120
41
153
92
154
35
98
109
61
205
117
46
146
79
105
112
209
127
57
164
42
261
108
44
306
46
90
213
196
35
49
46
211
268
98
51
110
46
57
117
54
120
162
155
119
46
105
103
157
198
175
101
46
158
199
152
46
166
166
94
87
197
108
49
200
115
85
38
145
96
102
245
163
35
54
104
223
39
54
113
35
150
53
149
94
138
95
207
35
95
266
113
46
53
151
96
166
191
105
59
164
128
93
148
216
95
35
83
79
104
146
94
109
190
92
114
53
288
89
138
142
49
108
256
213
136
90
96
248
128
35
48
229
97
132
60
219
46
252
35
39
46
125
267
108
109
307
165
110
94
39
105
114
190
173
156
161
39
95
109
235
101
48
54
35
42
154
35
39
94
54
244
199
39
94
85
61
189
260
110
120
229
147
168
160
83
47
266
161
94
47
143
195
57
105
39
94
114
285
46
38
269
121
188
106
43
101
216
176
105
43
146
145
155
91
99
102
90
96
92
48
328
35
184
109
99
162
35
90
139
113
155
46
46
35
195
264
245
41
96
195
99
39
95
90
295
100
46
137
48
225
139
95
55
105
156
102
292
195
49
105
35
272
109
118
49
149
154
284
44
293
157
135
145
46
104
192
93
247
50
110
194
167
98
155
46
152
226
94
142
45
63
118
193
83
35
142
87
145
87
158
127
39
153
128
161
191
55
284
92
39
135
106
97
131
160
102
35
136
98
101
267
42
86
94
194
106
106
35
245
260
99
93
35
406
83
44
41
35
292
94
58
35
231
100
93
97
39
89
102
139
142
151
197
49
103
176
106
105
86
153
140
183
154
39
190
133
155
85
41
46
35
175
144
95
39
180
130
129
179
35
52
198
39
132
83
39
163
39
44
141
182
146
87
192
155
35
135
40
88
111
155
47
39
377
45
183
35
124
41
41
234
137
39
128
45
141
141
39
35
42
86
221
39
39
41
85
189
99
198
40
49
100
297
83
98
138
207
176
40
142
35
79
122
138
376
103
205
250
39
35
156
120
111
151
155
35
232
99
158
35
83
83
153
108
86
110
135
177
88
53
170
110
49
104
281
101
96
322
90
228
46
172
167
405
67
133
195
97
143
156
57
46
161
94
232
117
39
158
119
41
85
106
46
219
213
119
61
35
50
170
150
92
266
41
102
169
198
99
103
41
157
314
149
102
90
141
47
107
98
148
35
90
212
51
99
108
105
98
194
98
147
241
49
93
110
35
45
89
145
278
144
46
217
95
149
135
102
113
177
104
182
112
55
114
108
99
278
93
99
110
113
94
91
35
104
147
86
40
137
163
142
35
241
47
101
150
114
141
39
47
242
145
97
107
145
84
46
101
90
165
87
154
46
46
44
153
142
142
78
222
95
59
165
101
61
39
152
266
116
131
55
178
101
206
85
166
124
141
200
46
146
46
94
83
246
96
57
111
39
180
200
36
224
39
89
110
119
172
173
89
168
247
124
101
46
100
144
94
86
145
130
46
163
55
144
91
156
223
86
96
94
39
35
107
138
103
245
104
39
148
83
135
44
150
105
94
176
46
293
67
115
128
45
89
139
144
35
83
113
178
208
35
125
94
105
177
46
102
35
146
129
94
39
207
198
46
46
153
39
99
189
146
90
225
127
54
39
154
57
153
91
179
49
46
153
35
90
83
138
161
117
79
42
231
49
49
191
39
233
103
38
135
46
159
192
174
39
49
46
159
101
45
46
203
232
181
139
138
79
46
44
173
215
312
87
36
266
39
144
35
79
103
142
129
53
105
47
91
46
249
79
39
86
151
94
233
124
99
39
94
83
146
169
35
46
94
121
101
137
35
142
82
135
222
43
87
36
43
225
292
35
85
105
132
99
102
47
61
196
128
42
214
42
150
177
142
54
113
91
39
35
337
35
39
180
44
88
204
192
46
35
43
91
141
101
129
38
152
87
90
165
108
79
54
98
177
97
35
140
146
39
87
208
39
237
143
41
103
155
41
35
165
180
44
160
129
113
83
42
111
35
86
200
83
155
163
153
39
293
95
46
147
80
216
199
93
111
135
177
255
83
53
39
171
204
166
39
138
39
35
139
177
80
55
259
59
43
211
154
35
65
109
101
151
199
95
50
43
170
123
305
138
95
142
176
84
103
131
46
300
145
112
98
35
43
36
227
106
207
146
39
210
161
44
149
39
97
133
148
46
59
226
142
193
53
97
90
51
35
103
89
116
79
162
51
206
35
149
93
94
53
299
46
65
207
216
82
184
35
35
158
199
132
90
35
35
61
262
79
153
100
157
158
41
205
79
39
35
288
35
83
137
104
35
173
128
51
190
59
36
220
51
55
99
278
51
46
102
96
95
266
101
114
202
79
95
146
35
231
146
47
148
97
108
135
39
143
206
100
49
179
130
158
251
37
56
161
241
147
105
138
87
222
191
46
96
293
162
139
59
168
55
37
92
155
35
135
158
138
163
