20189
23580
18852
24893
21187
24682
27862
26923
19166
25861
29819
26699
28987
27876
27264
21008
26354
29320
27443
27259
29317
27559
27790
28102
30000
27277
27985
27001
24340
22867
26822
28945
27057
28558
25801
29091
29774
27777
28704
26477
27875
26634
29765
25587
29107
26072
29627
26044
30000
26124
28151
27343
28089
26602
25629
22764
26064
28471
26234
28297
25169
26691
28955
28915
26355
28956
26692
30000
25351
29652
25044
30000
27540
28616
27070
29089
28801
26458
28956
26883
30000
24693
30000
25188
28282
26792
28103
26493
28250
25893
29395
25832
28732
26666
28508
27122
27689
27015
27565
27424
28214
27614
29656
25042
29621
27220
25107
25741
27959
28916
29429
28089
28137
26382
25961
26362
28188
25931
27537
27187
26056
26874
27101
27121
26896
27486
26054
26831
27715
26934
27765
26221
26631
25865
27204
26895
25088
26585
26830
27714
26614
27672
27347
26603
27315
24981
26964
26836
27694
26984
26315
28466
28443
27132
26302
28423
26269
28158
26823
28175
26432
25646
25994
27753
27635
27046
27005
27797
27531
27343
26711
27173
27324
24257
27937
26122
28941
25741
27179
26954
25620
27924
24822
29179
25105
26302
26566
25625
28031
26044
30000
25338
30000
24672
30000
24921
30000
25409
30000
24838
30000
25510
27796
26294
26984
26961
23804
28839
25589
26739
27612
23059
22472
28537
25412
26298
28560
24683
29386
25218
27337
25405
25475
29770
24923
26108
26701
26773
26841
25438
29210
24749
28810
25133
27126
27042
27647
26968
25466
27596
25432
27777
26909
28217
26540
29854
25737
26396
28281
27532
25898
28119
27268
25669
30000
24635
28878
25086
29154
26368
29704
23259
25953
28390
26589
28201
25637
29222
25175
28777
26008
27134
27608
28494
27017
28640
24350
30000
24195
25630
29295
25433
28745
25025
24361
28277
25133
28889
25783
23936
29194
24831
29683
24749
29269
25382
24181
29985
24036
28931
25414
29110
25880
28502
25280
24342
29027
25164
29454
25728
29242
26422
27743
26432
28115
26580
23215
27267
26563
23127
30000
24470
27703
26969
28633
26460
27398
27857
25086
30000
26759
25015
26812
27306
26532
29832
25047
26784
28114
23901
29583
24237
30000
25352
27020
27436
27264
27488
25940
28405
25241
28552
25370
29229
24791
28024
26970
26164
28676
27688
28834
27956
27393
28935
25386
28483
26530
27869
25499
28050
26655
25368
28914
24539
27152
26219
27416
27586
23736
27502
27752
25251
27585
24712
29821
24872
26104
28303
26375
29207
23318
29621
24435
28983
25992
29458
25419
29136
25992
28808
25753
26201
28467
26454
27063
25917
28729
24883
28996
25797
28866
25468
27213
28522
25886
28736
25483
27443
27203
26240
27777
27537
22884
24908
28732
26805
25103
28266
26434
27704
26486
27947
26543
28277
26405
29854
26572
29142
27431
27269
29150
26854
26259
26324
29197
27252
27559
27382
29972
25795
27084
27585
29471
25072
27246
26563
28956
24405
29707
28162
28581
28450
30000
27394
26528
25705
28641
26735
27722
27723
27953
26789
26338
28127
28108
26784
28893
26752
29723
28623
27439
27358
28166
29198
29161
29532
27380
29557
27936
29067
26163
29293
25816
29432
29556
26597
29062
27952
28662
30000
28449
28347
26732
29417
24946
30000
25693
27441
27923
27997
27802
27908
26092
29248
26427
28535
26720
25404
29294
26296
28991
27586
27469
26736
25133
26814
27871
28075
28321
25060
27890
27776
26845
26375
28293
26734
28263
25314
26323
26266
26800
27277
26137
28869
25819
27576
26023
28569
23990
25675
27502
26106
26831
27125
26583
30000
25629
28139
28473
26224
26718
27683
27786
27882
26849
27467
25910
29140
26406
27867
26931
27483
27218
28010
30000
26805
28258
25018
29732
25073
29578
27310
28361
24805
27009
28752
26918
28599
28045
26255
26684
29054
25631
29964
28363
30000
25287
29728
26680
28120
26210
28492
26184
29359
24931
27897
27100
26486
28313
28161
27123
28000
26911
29484
25752
30000
25747
29257
26880
30000
25094
30000
27928
26901
27069
30000
25655
29258
27135
27132
30000
28426
28057
30000
28795
29081
27898
27763
28617
30000
29255
29266
28975
30000
27251
28388
29280
29517
29033
28955
26698
30000
28907
28988
28966
26734
29406
30000
28069
29336
25961
30000
25342
30000
24677
29555
26908
30000
25211
29814
26561
29088
30000
27719
30000
29163
29366
30000
30000
28139
30000
30000
30000
28083
30000
29805
30000
29453
26936
29245
27769
28433
30000
26519
28373
26746
29869
27006
28559
26761
29525
28031
26698
30000
26169
30000
25188
29768
26963
30000
27669
29939
29325
27096
29215
28469
28758
29567
29539
28576
29859
29297
28260
30000
29090
27740
30000
25722
30000
27827
30000
26315
29956
28937
28953
28200
27826
29116
30000
27244
29683
29938
28071
29246
29122
28520
27988
29157
30000
30000
28891
30000
29781
28003
30000
28818
29272
28086
30000
30000
30000
29584
29952
29803
29011
30000
29449
30000
29617
30000
27624
30000
30000
30000
28163
30000
29542
28350
28646
29562
29689
28859
28335
30000
30000
28469
30000
30000
28269
30000
30000
27500
30000
30000
27802
30000
30000
27885
29209
29029
30000
27862
29529
30000
28351
28555
29938
30000
28898
29190
30000
28633
30000
29074
30000
29363
30000
28333
30000
30000
30000
29402
30000
30000
28624
30000
30000
30000
30000
30000
30000
25584
30000
29234
28696
30000
30000
30000
30000
30000
30000
28463
30000
30000
30000
30000
30000
26968
30000
25335
30000
28665
30000
30000
27886
28384
30000
27555
30000
25742
28706
28482
28527
27050
29767
29193
29086
29597
29560
28786
28429
28653
29659
27599
29992
28771
28142
30000
27648
30000
27780
30000
24684
30000
27587
30000
25670
30000
28156
27052
29112
28267
30000
28820
27270
28597
26462
29401
28542
28472
27305
28357
29277
26908
30000
25203
30000
23857
26126
29560
25868
28765
25923
28605
26317
29731
25936
27554
27019
28460
26103
26655
26526
24104
30000
24689
28370
26312
25014
27423
26410
27097
25886
24765
26209
27288
25450
26485
26444
26155
27036
27655
26218
25716
26139
26260
28486
28481
26149
29220
27492
25368
26088
28212
23650
28446
25470
26905
27584
25511
29172
26032
27004
27410
25996
28493
26385
26188
26505
26569
27240
26112
27707
27120
27374
26439
29190
27853
26839
28274
27687
27036
27562
27499
28527
26625
26713
28958
26723
27727
26744
28178
26368
27820
27007
28326
27354
28207
26604
25929
27392
26614
25574
27382
28283
27826
26687
27041
28018
28199
26942
26740
29945
28547
29382
29799
27622
28255
30000
26707
30000
27346
28854
26979
29491
29365
30000
26704
29183
28416
28587
28190
30000
26646
28669
25563
26638
28908
26986
27810
27461
28441
27229
28527
27280
28223
28245
26958
29326
28161
27322
29907
26423
29363
25128
29549
26382
26147
28548
27185
27833
25089
27219
25643
30000
25842
25877
28435
24787
28761
24638
26194
27439
30000
9074
26366
24489
26319
26729
24905
27662
27116
26740
27255
26139
27314
25882
26532
28391
26962
27855
26787
28732
26266
27602
27387
27256
27725
26410
28915
28186
27827
26064
28924
26046
27613
26141
28857
24616
25504
27315
27080
27502
25641
28111
25377
27185
28011
26522
28309
23985
29238
25251
25718
27827
29268
25552
26253
28686
25130
28293
25666
30000
24697
30000
25661
28904
29264
27551
28715
26953
28906
26969
27416
26076
28906
26772
27284
28481
27687
26107
26851
27642
25604
30000
24481
28610
25736
29434
25353
28840
26016
28035
26866
24478
30000
24369
29404
26684
30000
24673
30000
28480
26379
30000
25878
30000
26239
29251
25444
29095
26034
29639
25588
29152
26215
29526
25267
29231
25669
27442
27234
26645
28048
24630
28266
24813
30000
24680
26262
28850
25306
28002
24445
28382
25718
25928
28736
26171
28153
23895
29006
26004
26929
27364
28248
27339
29654
25459
30000
25968
29762
25608
30000
26220
29362
27240
27896
27765
27603
27080
27470
23647
29774
25549
28549
25868
30000
25355
25881
27693
27012
27550
26112
29547
27928
27987
25693
27770
25495
27887
26328
29342
24726
25623
28776
24470
30000
24538
28387
26453
29005
26647
28241
26325
29688
25144
30000
25897
30000
24577
28123
28748
28462
25753
27504
30000
27242
28048
27881
28869
28871
27192
29740
26486
29573
27562
29225
28444
26933
27432
26932
27880
27501
30000
26941
29105
26286
28279
28248
28892
27397
29043
27572
27811
27932
27046
26408
27566
28448
25887
26172
30000
24610
29516
25381
29096
26563
29080
27528
28653
25868
27857
25293
29067
25114
24497
30000
25629
29683
25830
28918
26111
28557
25537
26197
25600
26564
27931
26050
26472
26569
25054
29668
25203
26624
26662
27743
25620
25930
29495
26407
28584
29001
25994
28674
25920
29767
28938
26935
29195
26479
30000
26519
25997
28814
27468
27229
29084
27783
28984
28001
26714
26679
28181
26243
29078
26782
27994
25315
29104
26864
26143
28352
27020
24587
28865
26811
27698
27675
28109
26084
26084
29272
28203
25983
25821
27261
27880
27474
25188
27077
29626
27002
25739
29404
26194
25185
27371
28296
28474
26821
27990
28909
27212
27641
27205
28423
28175
28558
26616
28786
28523
25970
26135
25880
28259
30000
27772
29590
27294
28949
26081
29497
27306
29370
27344
27530
26978
30000
26418
28678
29260
24528
30000
24821
27328
30000
19701
27295
26535
27101
28641
26058
27612
26862
26757
25322
27491
26208
25118
28690
25035
26609
27669
27015
26835
24942
29751
26401
28276
26861
27325
27398
28125
26639
26615
27437
28433
25982
27205
28004
27666
26495
26560
29086
27066
27632
29942
27390
27972
25913
28979
26667
28784
26594
29080
25920
30000
26600
29421
26255
29309
29768
26820
28840
27602
28673
27709
27960
26727
30000
24678
29611
27895
28550
30000
24524
26385
28803
26559
28124
26865
26055
26293
27360
25552
27659
26737
27544
28120
24925
29915
26076
28647
27587
29352
27417
27822
26872
28121
25445
27094
27640
27950
24078
27172
26219
23958
27513
26240
26543
27336
24324
27398
26960
27205
26760
24381
26528
26791
27369
26561
25559
28530
24302
25702
27185
25701
26311
25721
27425
27187
26068
25921
27169
26977
26928
26200
27673
25356
27263
28839
25894
26051
28825
26693
29115
26751
26947
27265
28452
26093
25945
27642
25303
27928
24826
26132
27649
24189
26954
26905
23841
26041
28315
26713
25765
26078
25560
28617
26220
28540
25983
27655
24923
25553
28098
24049
26536
27839
24701
28248
25592
25017
27000
26440
27899
26425
29142
23985
24541
28621
26048
25178
25907
25558
25426
26196
25800
25120
26506
25608
24063
27716
26219
25194
26252
25533
26234
25410
25358
25512
26397
25071
25847
0
