20189
23580
18852
24893
21187
24682
27862
26923
19166
25861
29819
26699
28987
27876
27264
21008
26354
29320
27443
27259
29317
27559
27790
28102
30772
27985
27191
26645
24393
23467
26900
28764
29048
27827
23866
30818
27980
28133
28614
26548
28793
25894
29180
26810
29744
26072
28411
26273
29649
26825
27829
27145
28528
28888
23324
23008
26136
29515
25082
27834
25450
27566
27431
28966
26447
30941
25310
30132
27264
28627
26054
29892
30465
26914
29244
27379
28092
26872
29257
30976
26061
29642
25533
28152
27009
28647
26578
29211
25436
28139
26088
29623
26504
29438
25247
29123
28766
26150
27258
29369
26810
27955
27500
27466
30669
26610
22408
28170
27949
29412
30513
26567
27366
26795
26636
25430
27521
27840
27344
26690
26058
27892
27568
28076
25738
27208
26686
26775
27144
27023
27683
25876
27656
24802
27105
26965
27437
27643
25007
26525
26838
27534
26523
26370
27721
26079
28623
27036
28397
24195
28445
27176
28429
25769
28617
26302
26804
27267
27226
28089
26632
27425
24807
27921
25784
27901
26790
28227
26694
27935
26299
26739
27983
23621
29165
25755
29659
24875
28913
26046
28361
25600
25781
27916
24803
28758
25026
25321
28992
23999
31589
26914
27942
29940
25315
29385
25710
31180
24922
31172
25029
30305
23610
29812
24271
27102
27013
23638
30987
23696
22465
25573
27777
22695
27689
27304
24923
29390
23638
30956
23731
27359
26973
25157
27332
25344
27206
26788
25463
29293
25404
29307
24486
27999
26147
27283
26796
27735
26990
24655
28343
26434
27952
26745
28936
24454
27827
28148
26878
26561
26314
28473
25749
28828
25672
29485
24786
29216
25312
29421
25605
26652
26976
26916
28535
26084
27877
26896
27282
25998
28527
25534
29168
26153
29222
24138
28467
26217
25201
29489
25186
29242
25023
25154
29232
23643
29238
25193
28543
25705
24375
28381
25375
28929
25756
28105
26040
24074
28860
25205
28957
25944
25278
28776
23647
29754
25396
29251
25707
30001
25544
27642
26421
28281
26405
23779
26953
24231
24648
28326
26164
24969
30389
25118
30013
24741
30180
24941
29816
38188
16499
26817
27863
24643
28233
25638
28672
26321
26632
27373
24628
29605
25378
29772
24286
26921
27642
26575
28160
24753
29668
24579
29119
24760
27171
27410
26570
27944
25556
29542
27317
27709
27679
27167
28923
26089
27605
26763
27779
27854
24546
28844
25764
26833
26687
27286
27382
24286
29609
25069
27848
25065
24559
30108
24588
29813
24859
26108
28298
26389
27606
24434
29953
24400
29162
25831
29493
25872
25440
28225
25156
28749
24574
30077
24854
29226
24875
26554
28998
26439
28170
26655
28218
26394
26575
26989
28016
26693
26989
26267
27774
23492
25507
28221
26778
26065
28272
26450
27468
27227
27752
27879
26631
28082
27404
27296
28232
29139
27534
27202
27784
28520
26174
27855
27030
27206
27955
28216
27010
26805
27335
29300
26446
27278
26527
27948
26845
28053
27640
28664
29960
27963
28403
28401
26616
28245
26386
27800
26850
28196
27461
27216
27830
26873
28480
27173
28456
27059
27695
27909
28650
27251
28597
29836
27500
29619
28783
27828
29296
29126
26155
29516
26850
28730
28282
28156
28088
28577
30206
26270
28403
27718
28408
27494
27978
27576
27277
29106
27200
27676
27007
27514
27740
27219
27888
26937
26761
28599
26960
26894
27451
28371
27507
26481
25014
27517
26928
28186
28531
26344
28292
27183
27514
27178
26025
26571
26817
27158
26047
25389
27855
27297
26942
27861
26678
28001
26766
26334
25325
27554
25834
26104
26096
29598
27144
28182
25625
28325
27748
27585
27953
26893
26530
28588
26969
27738
26995
29215
25537
28431
26900
30718
27158
27349
27651
29426
25559
27902
28048
26406
27628
26061
28284
25933
29222
27595
27561
26442
28290
26393
26521
29144
29291
29270
24972
29905
27416
27260
29141
26585
28336
27608
26320
27845
26191
28571
24844
27472
27175
27776
27472
28002
27620
29763
26920
29530
26359
29337
28941
28392
28366
29946
26901
27069
30549
28109
28974
26572
28790
28907
27329
31621
28412
30290
27623
28373
29533
27764
29527
30572
30255
27761
30093
29105
31224
26589
29200
28456
29663
29581
30733
26234
28455
29607
28066
29811
28733
28905
27604
29043
28841
25849
29666
25013
29710
26201
30944
26646
27791
26851
29121
32307
27883
29907
31455
31804
28965
30310
30669
31617
32141
31616
29836
30917
30709
28867
28919
28719
27510
29026
30263
27581
27704
26829
29570
27277
28612
29033
27924
28020
26839
31219
28701
27174
31633
25732
30058
28847
28073
27893
28532
29411
29551
27197
30304
29274
27457
29442
28781
29462
30773
28125
29011
27649
29067
28857
28401
29783
28157
31662
27948
29154
26456
30039
28247
31070
30053
27546
29020
27289
30378
29460
26632
28793
31186
28945
31563
30467
30111
29167
28647
30353
29892
31959
29595
29385
31403
29722
31845
29021
30498
29513
29306
29898
31375
30517
29198
30007
28879
31816
29312
30226
29752
28992
29937
28733
29562
29689
28859
28335
30701
31162
30897
31144
29984
31091
30939
31149
29375
31935
30738
31690
31518
27580
29828
30293
28258
29833
26812
28063
30565
30482
30740
29108
30442
29441
31296
29578
30704
29434
29574
31658
30436
29133
30773
33264
30745
31950
30653
29856
31840
34136
32375
33206
33454
34292
26905
30770
28989
29942
31329
28362
31197
30281
33644
30550
33475
32277
32709
32824
33100
32036
33197
24642
32927
31463
32829
31426
28170
30185
29717
28312
30295
27333
28857
29788
25338
28771
31278
27842
29423
29709
28784
30305
28366
29630
28083
28415
29865
28647
28105
29509
31245
27139
31371
30445
27077
30140
26119
30636
28535
28400
30803
28666
27892
30367
28380
28418
28755
27136
29097
28679
28752
26799
29024
26220
29658
28885
26632
31178
25457
28778
24656
30330
24568
30185
25059
30719
26031
26018
28531
28628
25716
29136
24962
25719
28016
25650
28480
27172
24527
28531
25890
26804
26201
27207
27371
26041
24912
28282
25805
26797
25715
25392
26878
27662
27164
25507
26559
27381
28152
26670
28143
27371
28453
23823
27524
27161
25514
29167
24324
26834
28383
25264
27294
25708
27213
27788
26888
27392
24274
27972
25667
26777
27146
26560
27906
27405
27505
28519
26051
28666
27118
27802
28303
27842
27699
25867
27525
29298
28993
26236
28267
25619
27859
29546
27113
26183
26914
27633
27356
29134
24622
28080
26674
28561
26115
27150
28241
27990
26682
27159
26442
30256
26513
28508
27439
29982
30699
29453
27635
31202
25567
31108
29427
27323
27673
28702
32582
28088
28373
29728
28812
27711
29289
28942
27682
27034
26865
27178
29253
27065
27233
28664
27400
26887
28768
27300
28468
26219
29179
27551
28187
29855
26201
26098
29788
25939
29839
23338
28571
26094
29936
24806
27748
26911
28221
27674
24461
29416
25305
27812
26059
23927
29297
40000
10221
26366
24489
26319
26729
24905
27662
27116
26740
27255
26139
27314
25882
26532
28391
26962
27855
26787
28732
26266
27602
27387
27256
27725
26410
28915
28186
27827
26064
28924
26046
27613
26141
28857
24616
25504
27315
27080
27502
25641
28111
25377
27185
28011
26522
28309
23985
29238
25251
25718
27827
29268
25552
26253
28686
25130
28293
25666
30570
24244
31071
28272
27225
29106
26859
28786
26810
27909
26820
27364
26076
28906
26772
27284
28481
27687
26107
26851
27642
25604
30871
24130
29376
25776
29014
25664
30137
24556
29835
24674
30391
25474
28290
26382
30265
25391
29502
28524
29694
28634
26531
31475
24087
29669
25998
30414
24571
29465
26335
29997
28704
26625
25860
29225
23679
29987
24971
29118
26466
28200
24742
28120
26890
25907
29053
25220
27387
25761
29142
24810
26878
27400
26273
28295
26566
27739
26919
27219
25051
26942
27450
29074
26595
29588
25347
31059
25705
29583
27011
28699
27507
28426
28864
25297
30532
24828
27092
28443
23367
30012
26445
29240
25137
29567
24463
29163
25237
29198
26243
28152
26992
29864
25856
26963
26697
26191
28969
26415
27120
25159
30797
24702
29721
24983
28381
25830
28834
26475
26632
28417
29142
26153
30536
26101
30654
26666
29449
28076
24744
30247
26303
28618
28396
28365
28335
28408
27110
28276
29004
28993
25816
30733
28543
28517
25867
29906
26220
28454
27273
27415
28267
28667
28668
26305
29764
27289
29286
26344
28538
26189
28509
26336
27557
28019
28422
26336
28279
26315
29574
26892
27639
28251
28586
26520
27586
27703
26404
26251
29223
24729
28792
26016
29018
26163
29522
26307
29168
25992
27002
28018
24108
26991
25874
28741
25678
25134
28505
26111
27205
27346
27357
25897
28146
25859
26211
29059
25316
30411
29001
25994
28674
25920
29767
28938
26935
29195
26479
31062
27538
27266
27911
27627
28681
26578
29407
27817
26990
26533
27677
27048
28072
26897
26630
28191
25173
30007
25768
28900
25745
26891
25650
27741
26811
27698
27675
28109
26084
26084
29272
28203
25983
25821
27261
27880
27474
25188
27077
29626
27002
25739
29404
26194
25185
27371
28296
28474
26821
27990
28909
27212
27641
27205
28423
28175
28558
26616
28786
28523
25970
26135
25880
28259
30269
30308
27357
27809
28325
27348
29272
27965
28628
28085
26779
26735
30735
26686
26632
29681
26047
28483
27175
28639
39593
13812
27745
27743
26425
27832
26338
25879
27483
26138
27496
27105
27482
24596
27217
27367
25363
27312
26417
27823
26091
28600
28696
26973
26918
27788
27808
26859
27876
27431
27573
27895
27776
27890
25704
28985
25465
28417
26370
29848
25713
29962
26702
28015
26968
28861
28118
28017
29606
24346
27701
29458
30087
26351
28085
28197
29815
26264
29456
25711
29819
27799
26872
27471
29090
28858
25967
30321
26252
29658
24576
29869
24496
28056
26754
26708
26689
28389
26650
25896
27673
25971
28016
27822
27518
28042
30340
24462
28815
27964
30039
27923
26784
27273
26876
27778
27330
23881
27915
25670
24189
27522
26296
27717
26203
25065
27709
26009
27125
26642
24466
26047
26917
27461
26724
24267
27445
26527
24722
28280
23302
27875
26762
26195
27000
26124
26190
26644
26128
28828
25413
25728
26545
27624
26914
27769
26304
26167
29142
25974
28472
25633
26941
27491
27893
26207
26298
26366
25553
28838
25771
25854
26727
24394
26805
26134
24288
26719
27040
26417
25776
26601
26003
27900
26268
28431
26534
24776
26230
26115
29149
23246
26643
27382
25429
27616
25064
26094
27517
26547
28120
26034
28764
24387
24522
29542
25112
24457
26219
25508
25411
26173
26063
24898
26224
26035
24879
27608
24663
25198
26939
24038
26572
25503
24825
26891
25440
26518
0
