1342
1435
1410
1347
1376
1435
1355
1133
1246
1351
1344
1197
1246
1166
1227
1241
1195
1340
1291
1134
1237
1256
1138
1209
1137
1374
1037
1233
1166
1337
1155
1221
1370
1282
1260
1175
1251
1184
1344
1088
1154
1267
1163
1161
1307
1289
1178
1147
1307
1291
1137
1184
1368
1205
1132
1258
1223
1222
1203
1279
1254
1375
1256
1257
1173
1308
1237
1204
1361
1174
1170
1202
1302
1151
1198
1222
1216
1238
1154
1223
1252
1107
1211
1244
1219
1194
1217
1221
1181
1150
1341
1197
1088
1266
1284
1250
1195
1213
1306
1271
1181
1304
1226
1176
1260
1215
1233
1285
1209
1200
1183
1245
1171
1322
1215
1111
1296
1199
1378
1110
1311
1238
1090
1203
1235
1234
1251
1179
1342
1307
1221
1344
1215
1255
1220
1303
1250
1241
1181
1349
1179
1317
1231
1291
1196
1319
1300
1252
1276
1282
1353
1212
1210
1231
1361
1243
1214
1229
1361
1230
1318
1095
1354
1181
1239
1199
1328
1201
1208
1130
1366
1202
1250
1189
1334
1247
1212
1247
1305
1250
1258
1277
1206
1294
1228
1347
1133
1267
1263
1353
1190
1217
1258
1334
1182
1257
1271
1299
1200
1305
1353
1213
1173
1320
1375
1238
1185
1351
1319
1066
1205
1255
1290
1106
1205
1347
1168
1086
1118
1366
1145
1136
1233
1355
1306
1237
1164
1373
1280
1230
1168
1378
1343
1379
1244
1202
1219
1369
1252
1206
1181
1381
1272
1224
1185
1369
1302
1275
1195
1368
1270
1194
1198
1334
1242
1271
1257
1324
1165
1334
1278
1315
1196
1194
1365
1203
1226
1221
1260
1267
1198
1273
1267
1251
1209
1306
1292
1206
1135
1346
1252
1188
1173
1339
1278
1219
1176
1323
1312
1183
1331
1276
1152
1245
1355
1242
1213
1163
1303
1305
1127
1284
1287
1298
1152
1370
1348
1173
1145
1337
1320
1258
1135
1366
1283
1317
1132
1346
1362
1215
1154
1321
1382
1167
1194
1271
1358
1273
1135
1205
1368
1230
1165
1272
1346
1227
1174
1182
1347
1208
1146
1264
1344
1196
1183
1356
1363
1359
1245
1181
1201
1353
1268
1121
1163
1343
1242
1167
1149
1346
790
1349
1212
1191
1234
1346
1202
1268
1171
1354
1270
1273
1152
1344
1237
1204
1188
1333
1236
1204
1276
1349
1131
1239
1250
1362
1214
1150
1290
1352
1215
1142
1307
1206
1220
1151
1304
1204
1200
1238
1370
1182
1227
1222
1347
1174
1280
1374
1229
1153
1196
1352
1367
1181
1193
1317
1357
1200
1211
1317
1344
1161
1169
1296
1329
1192
1204
1274
1368
1199
1175
1304
1284
1153
1276
1359
1165
1198
1277
1358
1115
1227
1321
1270
1301
1157
1249
1299
1222
1266
1314
1149
1212
1243
1251
1332
1248
1222
1268
1250
1354
1351
1267
1228
1184
1371
1236
1222
1220
1319
1290
1192
1193
1222
1260
1222
1183
1266
1187
1243
1232
1215
1206
1275
1189
1331
1189
1205
1252
1105
1263
1285
1181
1242
1256
1317
1219
1296
1183
1255
1248
1227
1158
1117
1262
1153
1255
1266
1210
1182
1308
1280
1166
1292
1179
1279
1254
1230
1166
1294
1241
1155
1187
1244
1233
1143
1261
1158
1183
1215
1163
1160
1179
1241
1170
1151
1234
1253
1248
1200
1216
1129
1207
1241
1194
1143
1117
1218
1210
1281
1137
1258
1265
1197
1178
1325
1210
1218
1241
1241
1245
1171
1225
1241
1329
1203
1200
1241
1273
1203
1188
1293
1229
1318
1242
1326
1192
1180
1266
1334
1211
1194
1270
1210
1294
1236
1335
1184
1306
1265
1267
1311
1287
1285
1187
1271
1262
1198
1279
1277
1340
1246
1298
1288
1327
1090
1293
1260
1278
1205
1164
1292
1185
1271
1216
1323
1172
1287
1237
1200
1237
1181
1353
1216
1176
1223
1229
1268
1217
1212
1218
1299
1194
1183
1254
1299
1209
1244
1275
1219
1313
1234
1160
1246
1241
1200
1248
1272
1159
1197
1194
1101
1340
1200
1227
1174
1269
1198
1207
1265
1327
1236
1195
1373
1220
1191
1227
1310
1157
1161
1192
1185
1242
1160
1309
1216
1145
1179
1261
1153
1212
1185
1244
1215
1138
1238
1146
1247
1252
1245
1056
1271
1151
1102
1138
1162
1360
1099
1109
1194
1171
1146
1067
1186
1146
1186
1100
1185
1271
1154
1148
1244
1124
1110
1157
1240
1232
1055
1172
1309
1110
1219
1218
1150
1068
1224
1323
1198
1169
1267
1247
1219
1189
1161
1235
1198
1119
1361
1061
1077
1131
1123
1197
1027
1151
1116
1072
1116
1133
1021
1121
952
1253
1058
1086
1131
1237
1123
1140
1338
1230
1104
1211
1279
1263
1139
1112
1356
1111
1183
1121
1273
1165
1184
1243
1225
1145
1057
1287
1261
1062
1235
1202
1155
1213
1189
1167
1188
1131
1165
1254
1101
1166
1124
1200
1088
1241
1111
1189
1249
1127
1277
1163
1151
1161
1066
1243
1126
1136
1306
1149
1235
1137
1096
1080
1222
1283
1034
1219
1216
1140
1144
1290
1056
1173
1100
1158
1047
1166
1086
1090
1274
989
1232
1067
1132
1175
1145
1130
1169
1046
1141
1171
1118
1174
986
1264
1064
1159
1054
1225
1152
1046
1148
1143
1121
1050
1133
1151
1205
1140
1142
1137
1162
1283
974
1223
1087
1144
1086
1043
1011
1132
1134
1095
1091
1156
1158
1006
1053
1137
1140
1084
1161
1220
1191
1072
1165
1266
1089
1119
1184
1147
1116
1109
1160
1147
1071
1166
1112
1121
1100
1084
1193
1074
1075
1133
1234
973
1111
1071
1048
1078
1018
1172
1044
934
1036
1079
1076
978
1039
1102
1125
1199
1077
1187
1069
1187
1084
1058
1199
1054
986
1028
1080
1030
984
1007
1100
1032
967
1213
1092
1109
1054
1253
960
1026
1187
1131
1202
1030
1239
1147
1221
1121
1237
1199
1235
1108
1160
1226
1115
1257
1144
1170
1115
1218
1164
1150
1146
1204
1156
1165
1230
1161
1098
1120
1221
1207
1100
1115
1172
1254
1187
1079
1121
1241
1092
1212
1249
1209
1098
1186
1213
1170
1163
1262
1175
1211
1128
1221
1213
1164
1183
1370
1113
1208
1134
1366
1288
1173
1145
1326
1296
1137
1260
1220
1342
1121
1222
1226
1303
1145
1369
1230
1255
1177
1286
1346
1315
1153
1305
1351
1242
1232
1313
1342
1267
1273
1231
1236
1332
1312
1273
1367
1109
1379
1235
1320
1246
1223
1209
1302
1247
1315
1129
1375
1138
1370
1197
1310
1151
1313
1360
1285
1146
1253
1347
1234
1171
1307
1335
1219
1348
1191
1375
1172
1195
1309
1228
1299
1210
1254
1181
1260
1225
1254
1210
1210
1252
1175
1280
1298
1182
1214
1246
1170
1262
1287
1212
1286
1147
1377
1201
1235
1133
1282
1288
1277
1202
1267
1338
1211
1140
1360
1172
1221
1281
1226
1238
1170
1279
1186
1155
1186
1171
1261
1016
1139
1301
1136
1127
1144
1247
1199
1165
1082
1195
1185
1243
1102
1217
1161
1179
1225
1166
1199
1258
1265
1217
1274
1183
1204
1290
1192
1267
1195
1209
1211
1211
1228
1245
1148
1233
1304
1137
1154
1190
1338
1185
1226
1191
1347
1172
1279
1223
1280
1205
1263
1229
1291
1222
1179
1300
1352
1265
1179
1335
1313
1067
1373
1372
1306
1309
1258
1380
1184
1269
1262
1306
1284
1243
1230
1368
1217
1182
1272
1260
1261
1227
1267
1204
1307
1158
1241
1256
1244
1223
1190
1131
1293
1279
1245
1322
1244
1222
1134
1340
1269
1297
1223
1257
1300
1281
1199
1322
1171
1265
1199
1242
1335
1186
1265
1335
1189
1196
1342
1331
1087
1209
1359
1300
1157
1199
1271
1304
1183
1116
1231
1168
1248
1141
1317
1145
1259
1252
1287
1177
1216
1290
1218
1261
1180
1270
1292
1180
1267
1366
1148
1163
1311
1279
1178
1220
1270
1318
1130
1177
1281
1287
1225
1223
1343
1161
1197
1143
1219
1137
1249
1230
1249
1106
1235
1310
1194
1174
1208
1368
1145
1142
1183
1368
1123
1160
1285
1364
1156
1170
1212
1330
1284
1218
1366
1255
1206
1195
1370
1245
1207
1284
1317
1252
1168
1303
1332
1168
1250
1324
1267
1278
1153
1350
1242
1237
1250
1257
1101
1213
1215
1294
1168
1170
1311
1135
1209
1171
1290
1250
1190
1248
1257
1273
1142
1349
1335
1200
1158
1246
1283
1225
1204
1296
1279
1154
1202
1308
1201
1198
1196
1299
1197
1240
1284
1264
1238
1271
1300
1266
1163
1201
1363
1282
1203
1199
1405
1158
1130
1197
1333
1139
1145
1209
1333
1110
1204
1162
1350
1151
1206
1251
1172
1115
1272
1228
1157
1196
1217
1173
1252
1137
1270
1134
1217
1246
1219
1177
1222
1301
1207
1230
1245
1218
1091
1213
1274
1292
1111
1256
1178
1194
1251
1203
1283
1156
1233
1220
1319
1207
1204
1313
1150
1233
1263
1257
1295
1190
1134
1303
1205
1268
1267
1204
1164
1352
1362
1165
1152
1364
1240
1163
1154
1306
1298
1201
1231
1219
1355
1203
1363
1301
1291
1136
1322
1293
1229
1236
1369
1283
1199
1241
1344
1227
1207
1227
1186
1202
1189
1265
1128
1261
1302
1190
1195
1155
1260
1173
1210
1176
1189
1281
1239
1247
1217
1134
1142
1356
1180
1240
1226
1338
1245
1186
1241
1370
1192
1155
1281
1277
1218
1282
1240
1309
1224
1259
1327
1207
1277
1222
1211
1244
1205
1256
1346
1258
1199
1281
1250
1271
1231
1175
1206
1256
1341
1245
1276
1183
1275
1187
1240
1208
1225
1121
1288
1204
1243
1291
1187
1260
1127
1340
1213
1192
1237
1263
1329
1213
1152
1229
1154
1232
1092
1277
1193
1194
1240
1221
1205
1222
1197
1192
1265
1212
1173
1294
1260
1256
1249
1177
1314
960
813
1361
1202
1289
1171
1248
1279
1366
1152
1368
1199
1235
1238
1358
1253
1252
1289
1255
1344
1210
1226
1358
1258
1101
1289
1197
1310
1193
1245
1208
1312
1270
1167
1216
1265
1209
1314
1257
1196
1251
1212
1304
1197
1341
1192
1133
1265
1234
1267
1048
1291
1270
1229
1176
1190
1294
1102
1281
1193
1244
1110
1200
1228
1198
1236
1213
1212
1218
1227
1129
1160
1351
1125
1061
1378
1161
1227
1182
1341
1192
1257
1154
1374
1240
1262
1267
1334
1253
1230
1289
1259
1209
1160
1280
1276
1224
1083
1280
1217
1217
1182
1321
1220
1310
1215
1235
1252
1269
1350
1302
1132
1382
1167
1376
1243
1234
1223
1369
1236
1325
1182
1382
1250
1304
1288
1280
1283
1273
1293
1380
1261
1244
1372
1200
1278
1280
1329
1186
1355
1186
1299
1312
1229
1238
1323
1232
1245
1310
1252
1300
1179
1257
1216
1249
1290
1269
1181
1310
1225
1314
1277
1247
1333
1277
1245
1354
1300
1215
1348
1252
1366
1307
1260
1315
1256
1342
1191
1303
1188
1281
1224
1353
1230
1311
1161
1365
1351
1232
1196
1284
1351
1325
1154
1371
1176
1291
1220
1354
1331
1226
1169
1339
1394
1281
1244
1350
1248
1382
1239
1377
1238
1300
1261
1308
1295
1337
1303
1317
1360
1272
1316
1302
1369
1256
1346
