1342
1435
1410
1347
1376
1435
1355
1371
1340
1385
1351
1359
1353
1365
1363
1352
1416
1369
1352
1349
1338
1370
1342
1356
1374
1348
1361
1370
1343
1358
1352
1371
1352
1366
1381
1338
1356
1368
1352
1354
1366
1347
1354
1384
1374
1368
1362
1351
1361
1350
1365
1346
1370
1355
1352
1351
1360
1376
1357
1379
1346
1353
1372
1374
1358
1352
1367
1339
1370
1360
1350
1355
1369
1369
1369
1366
1378
1367
1367
1377
1343
1345
1375
1358
1346
1359
1374
1376
1374
1340
1357
1377
1372
1371
1377
1361
1361
1362
1352
1342
1353
1351
1366
1357
1374
1375
1354
1373
1344
1381
1353
1346
1349
1362
1349
1366
1345
1351
1373
1370
1383
1378
1362
1364
1363
1360
1387
1375
1358
1345
1362
1364
1346
1368
1344
1362
1348
1373
1370
1373
1375
1362
1358
1353
1354
1368
1361
1364
1349
1369
1351
1370
1355
1351
1362
1368
1345
1366
1342
1358
1370
1361
1346
1374
1366
1357
1357
1357
1357
1367
1358
1381
1349
1368
1377
1372
1370
1368
1367
1351
1370
1347
1348
1356
1358
1370
1343
1367
1387
1350
1362
1378
1350
1342
1354
1350
1345
1340
1346
1346
1373
1369
1373
1359
1377
1361
1351
1341
1354
1351
1356
1380
1383
1366
1351
1367
1339
1362
1365
1366
1377
1348
1337
1340
1377
1381
1351
1372
1342
1377
1373
1372
1354
1358
1391
1367
1352
1373
1344
1357
1351
1354
1353
1349
1366
1344
1372
1344
1354
1345
1367
1358
1371
1367
1359
1348
1356
1361
1354
1379
1350
1377
1374
1360
1378
1366
1357
1358
1340
1359
1367
1361
1354
1377
1341
1355
1358
1375
1374
1379
1346
1362
1372
1342
1356
1366
1380
1361
1351
1357
1366
1361
1373
1344
1364
1339
1359
1355
1358
1345
1340
1364
1360
1341
1352
1356
1351
1376
1359
1371
1357
1347
1350
1377
1344
1372
1360
1366
1363
1367
1375
1347
1348
1346
1352
1376
1357
1346
1378
1353
1347
1350
1351
1343
1351
1362
1369
1367
1350
1350
1344
1345
1373
1352
1359
1361
1346
1345
1366
1345
1354
1344
1373
1363
1365
1346
1345
1366
1338
1343
1371
1360
1370
1352
1341
1358
1337
1375
1366
1381
1376
1365
1353
1376
1341
1376
1349
1361
1375
1358
1369
1368
1355
1359
1352
1344
1349
1351
1355
1354
1364
1355
1344
1348
1333
1341
1364
1364
1348
1358
1374
1369
1343
1337
1367
1351
1358
1345
1364
1367
1366
1358
1357
1357
1340
1344
1358
1366
1352
1372
1345
1361
1351
1403
1357
1358
1370
1361
1372
1370
1366
1361
1341
1344
1376
1371
1370
1375
1367
1349
1350
1352
1367
1352
1345
1352
1346
1357
1345
1366
1337
1362
1358
1372
1354
1375
1367
1382
1354
1335
1365
1375
1381
1347
1372
1362
1371
1357
1348
1355
1375
1361
1362
1358
1346
1372
1357
1342
1346
1343
1350
1366
1337
1342
1372
1352
1374
1359
1343
1371
1369
1364
1355
1356
1365
1360
1355
1347
1343
1369
1368
1354
1364
1366
1345
1343
1380
1365
1373
1347
1370
1351
1354
1379
1353
1367
1358
1351
1346
1348
1354
1345
1369
1376
1358
1342
1338
1377
1367
1372
1367
1370
1347
1361
1361
1349
1347
1343
1374
1349
1353
1383
1371
1352
1375
1343
1355
1352
1350
1344
1373
1367
1369
1358
1352
1367
1383
1352
1337
1372
1379
1350
1367
1361
1369
1362
1350
1365
1369
1350
1370
1367
1383
1346
1375
1375
1362
1376
1344
1337
1366
1352
1356
1353
1354
1378
1344
1368
1352
1360
1352
1376
1367
1348
1350
1346
1340
1358
1374
1376
1345
1355
1350
1370
1344
1358
1357
1343
1350
1347
1343
1360
1352
1381
1348
1352
1351
1365
1376
1364
1346
1374
1379
1356
1365
1378
1343
1377
1360
1362
1355
1346
1386
1353
1370
1384
1337
1369
1340
1338
1374
1361
1351
1375
1368
1383
1347
1380
1361
1350
1375
1348
1365
1339
1356
1343
1379
1376
1366
1339
1342
1344
1364
1360
1342
1374
1364
1344
1361
1351
1352
1363
1363
1355
1366
1346
1374
1343
1346
1352
1362
1370
1349
1359
1371
1349
1356
1363
1373
1375
1353
1366
1372
1348
1354
1352
1360
1345
1383
1386
1349
1351
1368
1375
1370
1370
1358
1370
1377
1335
1342
1357
1348
1357
1336
1364
1360
1358
1363
1351
1354
1348
1373
1342
1365
1353
1364
1344
1373
1374
1335
1362
1373
1347
1364
1361
1350
1345
1341
1352
1347
1371
1355
1343
1369
1366
1347
1365
1342
1356
1354
1342
1368
1379
1374
1379
1343
1374
1364
1379
1363
1363
1364
1352
1337
1372
1342
1340
1337
1346
1381
1370
1352
1352
1340
1353
1377
1375
1343
1352
1337
1353
1339
1347
1338
1340
1349
1360
1345
1371
1349
1359
1372
1350
1340
1347
1369
1365
1364
1344
1350
1339
1366
1365
1336
1346
1376
1345
1349
1370
1346
1347
1356
1366
1361
1348
1374
1335
1342
1370
1340
1348
1377
1343
1367
1353
1360
1348
1348
1345
1365
1368
1362
1337
1355
1345
1357
1370
1361
1347
1346
1359
1361
1346
1344
1372
1343
1362
1368
1356
1361
1362
1372
1366
1355
1356
1351
1345
1346
1386
1373
1382
1367
1370
1373
1349
1350
1338
1360
1346
1364
1372
1347
1348
1379
1351
1367
1343
1359
1340
1348
1356
1374
1374
1352
1370
1356
1340
1344
1356
1358
1364
1365
1358
1374
1360
1362
1368
1377
1364
1360
1370
1363
1373
1357
1367
1373
1380
1363
1357
1338
1377
1371
1354
1373
1360
1349
1372
1362
1369
1346
1361
1378
1356
1364
1416
1352
1375
1351
1349
1351
1358
1356
1347
1368
1349
1371
1360
1357
1368
1364
1374
1366
1346
1365
1365
1339
1355
1361
1342
1347
1357
1356
1359
1368
1345
1366
1363
1378
1366
1340
1350
1374
1366
1375
1349
1353
1372
1374
1351
1336
1357
1357
1368
1373
1362
1370
1349
1377
1372
1360
1369
1360
1368
1360
1363
1374
1376
1369
1353
1354
1347
1363
1361
1355
1341
1374
1368
1364
1367
1362
1358
1343
1342
1365
1355
1362
1360
1365
1375
1362
1364
1339
1363
1364
1342
1360
1367
1363
1367
1419
1357
1360
1358
1370
1347
1366
1354
1339
1376
1369
1369
1373
1358
1343
1347
1366
1363
1364
1342
1360
1354
1372
1343
1349
1341
1358
1355
1369
1350
1347
1361
1359
1370
1354
1363
1353
1356
1365
1356
1369
1352
1341
1361
1350
1357
1369
1363
1358
1342
1364
1360
1355
1348
1381
1381
1353
1365
1345
1373
1361
1419
1374
1370
1361
1339
1355
1342
1354
1357
1369
1359
1373
1371
1370
1350
1367
1356
1362
1342
1377
1359
1353
1335
1369
1344
1352
1342
1376
1358
1340
1348
1359
1366
1353
1372
1372
1352
1365
1376
1364
1363
1362
1344
1345
1351
1355
1367
1354
1355
1380
1363
1361
1359
1375
1365
1368
1341
1369
1369
1363
1345
1376
1367
1374
1384
1380
1367
1351
1350
1349
1367
1359
1360
1358
1351
1369
1367
1364
1345
1342
1351
1344
1370
1363
1355
1366
1368
1362
1355
1348
1372
1367
1372
1339
1370
1367
1368
1344
1344
1376
1356
1349
1363
1361
1368
1365
1367
1367
1360
1360
1343
1379
1346
1363
1355
1360
1345
1368
1364
1359
1361
1342
1354
1351
1370
1356
1369
1370
1355
1378
1367
1370
1355
1355
1370
1351
1359
1366
1356
1374
1365
1350
1376
1396
1354
1372
1338
1365
1357
1369
1350
1354
1338
1355
1373
1355
1348
1345
1338
1354
1346
1378
1375
1347
1345
1378
1346
1370
1364
1362
1355
1354
1366
1373
1352
1355
1338
1344
1357
1367
1375
1378
1375
1355
1360
1356
1371
1345
1357
1372
1354
1347
1364
1365
1362
1345
1367
1365
1366
1348
1353
1342
1351
1347
1363
1378
1355
1366
1368
1359
1357
1377
1385
1371
1353
1355
1355
1347
1339
1360
1341
1380
1347
1365
1361
1365
1375
1374
1370
1361
1343
1349
1355
1350
1370
1359
1343
1376
1357
1350
1340
1346
1371
1353
1372
1375
1359
1377
1343
1366
1371
1383
1351
1355
1346
1369
1367
1374
1381
1357
1363
1364
1372
1379
1351
1349
1396
1370
1379
1351
1365
1361
1361
1351
1345
1361
1374
1369
1344
1353
1341
1356
1336
1359
1389
1377
1365
1349
1354
1365
1357
1368
1357
1373
1358
1368
1386
1376
1381
1354
1360
1347
1355
1365
1361
1370
1348
1384
1342
1358
1354
1358
1367
1354
1384
1381
1367
1349
1373
1343
1342
1365
1344
1355
1364
1360
1360
1367
1343
1337
1365
1345
1352
1355
1389
1355
1341
1374
1351
1347
1354
1347
1353
1346
1368
1368
1374
1359
1347
1378
1374
1369
1372
1342
1369
1371
1366
1383
1361
1355
1348
1375
1366
1352
1374
1351
1371
1349
1355
1358
1361
1368
1406
1356
1359
1372
1366
1339
1366
1379
1361
1350
1352
1348
1368
1355
1350
1354
1373
1347
1361
1347
1378
1349
1370
1340
1347
1366
1385
1367
1376
1344
1348
1369
1348
1365
1355
1381
1345
1365
1368
1346
1350
1363
1341
1348
1348
1366
1369
1364
1371
1340
1382
1363
1367
1343
1369
1347
1357
1361
1372
1364
1365
1367
1344
1341
1371
1377
1347
1370
1366
1364
1360
1366
1360
1366
1349
1380
1366
1341
1351
1375
1341
1364
1350
1344
1346
1380
1361
1344
1367
1366
1362
1362
1362
1380
1355
1339
1366
1375
1362
1351
1365
1349
1373
1372
1368
1371
1372
1357
1398
1356
1372
1355
1381
1371
1348
1350
1344
1367
1355
1372
1377
1351
1356
1372
1380
1358
1367
1362
1346
1363
1354
1354
1346
1356
1348
1344
1359
1361
1371
1374
1364
1353
1373
1344
1374
1347
1370
1347
1347
1372
1371
1375
1341
1379
1361
1353
1366
1348
1349
1355
1354
1344
1344
1354
1351
1370
1367
1341
1375
1347
1367
1370
1346
1360
1365
1347
1377
1373
1356
1378
1358
1358
1355
1341
1368
1381
1339
1350
1357
1361
1364
1345
1341
1374
