952
375
711
637
623
617
602
417
697
449
457
554
576
561
438
651
542
594
547
567
669
607
328
382
615
451
646
438
475
549
660
570
499
596
534
336
470
457
663
467
367
410
570
427
479
513
434
449
415
648
465
465
475
379
556
454
437
628
419
520
611
435
420
672
329
561
525
402
642
450
630
467
526
549
458
636
404
462
571
517
791
550
349
561
562
548
565
501
464
505
483
517
499
539
428
437
613
565
482
535
536
448
512
599
412
483
446
559
461
710
508
551
607
559
606
387
654
385
726
584
694
587
735
419
526
587
627
566
548
343
524
507
504
452
634
746
676
438
559
591
647
476
581
615
496
336
585
525
524
642
537
609
401
757
572
692
467
750
561
447
491
492
579
629
521
535
472
633
545
527
588
627
688
391
477
515
620
478
658
529
490
703
478
574
626
438
464
654
632
611
401
716
526
547
544
480
601
619
489
566
497
467
481
706
460
665
460
435
712
379
499
765
663
543
519
725
563
855
531
571
618
567
532
619
854
648
633
602
474
585
676
575
818
478
664
627
587
755
404
765
699
565
620
405
899
519
641
669
696
500
626
622
594
594
756
506
720
660
501
636
781
578
569
645
467
770
646
449
634
818
580
445
853
589
650
499
656
589
574
510
588
651
447
653
659
486
695
598
482
388
859
574
409
743
624
408
803
360
708
565
394
420
529
520
562
610
366
872
542
564
679
485
512
688
583
538
711
532
668
543
579
675
673
301
781
615
668
463
559
779
380
707
516
759
600
651
433
699
756
447
700
557
689
519
675
532
699
573
626
794
810
570
697
742
709
672
567
707
636
791
475
623
633
638
652
662
585
695
580
680
678
569
544
582
557
601
595
568
606
688
420
811
689
556
643
651
473
663
608
602
611
590
376
482
559
529
415
551
459
547
650
532
582
505
702
433
543
665
570
710
506
472
737
665
499
688
684
422
611
689
610
498
571
678
525
508
607
464
859
525
614
529
543
625
539
477
608
456
712
566
624
598
659
553
381
659
558
598
563
586
595
503
670
666
548
555
600
495
550
449
229
597
410
716
349
605
492
682
467
691
436
578
612
682
496
589
585
630
537
662
522
571
636
450
599
580
662
558
563
714
501
532
558
440
692
679
534
638
578
522
548
481
531
589
573
693
544
550
517
760
609
606
576
535
688
514
563
599
673
699
518
570
616
588
616
626
583
708
578
740
435
531
611
664
563
784
519
526
546
686
670
557
704
703
509
708
508
631
678
575
627
810
469
684
575
634
675
504
585
573
727
422
672
715
684
602
680
583
547
754
588
509
747
540
666
672
518
741
461
761
389
753
528
763
467
557
613
629
504
815
564
417
682
680
643
633
720
464
746
600
808
667
799
512
570
690
626
747
705
548
779
679
645
618
681
466
538
690
490
649
600
608
491
510
577
729
493
603
627
667
542
482
714
624
556
641
548
553
857
325
836
666
497
656
601
549
664
790
665
508
649
632
593
608
566
768
524
401
594
735
623
642
695
529
516
690
505
535
643
568
644
546
639
654
583
638
419
827
549
470
896
550
696
651
539
723
475
654
624
781
530
782
490
636
762
712
521
634
674
619
499
814
530
543
655
586
581
650
575
446
875
587
496
699
615
897
655
561
885
716
669
573
706
676
522
723
774
599
683
726
737
740
717
679
857
582
700
829
467
704
612
615
576
615
740
751
675
645
630
658
624
655
649
780
743
551
545
719
790
414
532
465
877
551
608
641
589
772
671
550
728
692
591
755
645
556
884
416
839
631
588
615
691
572
739
557
493
759
533
463
660
564
635
671
482
625
582
711
520
518
492
618
523
564
611
650
571
585
604
665
626
457
720
463
736
718
442
521
749
584
723
575
447
421
541
591
598
572
477
474
588
509
561
544
604
486
649
548
606
736
516
494
507
461
624
676
489
473
579
632
516
584
628
588
557
646
490
900
329
671
697
410
584
637
532
468
651
516
589
561
593
525
759
642
542
537
677
565
656
533
566
698
544
673
701
535
468
901
475
601
594
693
455
832
572
601
755
594
656
704
755
745
623
604
628
726
564
530
611
595
536
689
592
595
560
544
798
538
596
566
791
561
719
541
545
804
682
564
586
488
722
652
729
544
666
600
584
571
621
674
668
548
580
605
638
677
577
741
496
706
498
617
530
520
519
565
627
553
601
621
519
603
626
571
711
602
603
775
591
534
624
629
539
658
624
594
679
437
831
694
803
468
714
612
710
709
472
649
704
566
510
734
617
622
388
866
568
490
653
684
675
676
684
697
802
439
577
797
593
713
467
643
481
660
590
790
716
347
763
538
703
409
875
619
653
630
531
691
730
533
884
463
726
594
574
683
752
652
586
736
514
698
465
796
647
676
560
556
653
761
528
777
480
665
593
665
563
731
630
539
641
734
561
560
747
730
684
557
593
629
773
701
516
726
419
779
650
410
700
653
593
514
691
549
678
791
527
643
537
513
728
633
494
648
462
552
732
629
510
617
601
609
698
535
602
795
595
506
767
607
633
709
508
531
689
476
373
669
617
507
646
447
561
574
794
487
663
646
530
725
625
581
683
550
469
615
743
597
569
725
511
677
627
528
619
666
648
613
541
542
753
695
488
571
837
562
506
586
513
655
729
588
468
699
567
715
618
551
616
470
732
376
827
403
751
551
463
766
554
415
575
723
648
538
687
444
603
587
479
699
750
450
546
683
429
605
739
458
597
647
590
608
623
451
513
592
515
547
432
685
544
546
571
584
597
506
532
700
722
521
720
542
548
809
439
564
708
596
563
737
655
716
687
634
681
584
496
731
507
744
501
805
451
640
745
630
537
717
487
520
764
646
552
724
417
643
741
591
434
649
531
560
670
636
691
661
491
549
725
585
660
675
666
554
703
470
691
639
625
639
454
672
597
770
577
564
584
695
581
588
520
761
627
521
351
698
411
637
826
632
596
537
569
492
658
524
622
584
424
670
561
528
689
594
583
593
672
621
543
699
816
667
646
513
709
550
538
674
564
709
679
530
484
580
726
610
590
525
459
708
531
673
796
501
487
697
584
663
596
655
713
614
574
608
622
718
648
624
694
512
554
820
412
580
817
615
477
483
631
535
579
584
530
701
505
547
611
459
539
552
519
883
374
629
647
560
503
570
634
547
672
704
519
696
471
497
648
614
581
551
436
661
596
529
685
544
535
571
714
422
726
632
505
704
569
489
542
583
667
452
467
647
459
727
498
729
473
523
654
709
516
617
467
817
544
677
455
471
492
705
577
608
384
666
533
590
529
557
623
656
469
731
649
526
563
576
586
629
546
548
567
660
897
534
587
627
543
852
594
584
562
656
583
577
724
605
667
665
536
710
587
811
480
794
606
537
830
532
622
645
763
522
783
516
548
633
520
568
724
614
552
647
698
515
641
584
576
448
672
609
690
522
630
512
656
611
541
651
578
646
618
361
678
613
618
546
656
609
635
541
525
720
658
590
648
478
596
675
580
482
656
568
443
632
625
543
492
704
549
583
608
578
474
584
596
544
640
395
659
637
420
565
558
538
703
609
506
586
781
570
636
641
459
550
700
660
527
653
672
620
504
686
542
712
513
717
626
563
547
668
602
601
594
431
724
496
553
636
646
672
456
659
530
812
535
623
553
623
623
650
484
715
405
646
589
653
677
509
660
686
540
657
535
447
633
762
528
522
671
557
524
458
506
552
682
481
686
498
524
691
532
656
344
784
430
586
614
473
550
554
542
441
717
352
722
643
543
589
598
534
574
696
423
816
620
502
733
538
551
630
602
550
812
447
565
791
500
533
546
703
646
596
589
561
680
481
530
747
555
496
709
551
717
543
536
544
664
460
628
706
541
618
536
588
667
594
585
644
598
593
565
512
504
478
761
577
444
621
530
581
746
517
517
764
493
590
603
683
673
816
569
601
690
403
712
726
603
457
607
566
511
594
562
483
620
771
345
750
593
510
609
675
458
705
530
514
687
605
404
709
640
598
517
684
406
938
523
654
617
528
598
704
564
454
904
519
378
552
643
483
586
606
555
689
550
599
600
502
610
660
594
511
710
556
556
646
581
627
543
593
388
678
587
538
700
659
355
695
541
604
759
492
439
614
582
469
880
591
495
507
704
435
516
749
386
736
636
545
785
503
434
806
448
576
710
607
457
518
615
509
587
661
427
625
626
492
677
614
532
615
719
510
571
696
560
713
748
561
560
626
717
782
673
586
601
696
570
528
750
570
571
679
585
556
609
539
547
686
688
651
496
513
571
529
675
703
679
483
757
601
612
644
620
608
567
574
629
520
743
597
699
716
419
785
577
598
571
727
648
500
555
534
755
587
507
643
686
392
627
538
784
723
605
421
294
818
619
653
632
652
584
701
534
655
739
458
661
531
509
674
591
599
673
753
501
630
583
579
671
666
611
631
591
539
579
527
733
522
528
565
463
609
543
709
607
617
593
628
586
584
731
688
551
555
596
556
581
539
619
728
520
387
679
490
634
744
544
434
794
473
798
543
448
743
579
601
431
608
378
654
597
474
642
686
598
428
613
561
652
782
449
508
654
684
659
550
612
516
767
484
532
737
480
526
578
662
618
650
674
576
668
472
670
686
527
532
663
504
681
568
544
587
541
653
577
734
575
616
699
514
632
640
621
600
592
433
788
426
458
658
568
356
708
665
340
520
730
470
630
700
494
550
591
564
574
615
421
600
497
608
478
720
561
517
561
581
805
523
381
547
824
466
557
408
619
649
644
473
434
744
566
516
654
484
593
524
542
665
696
425
537
834
452
669
535
466
627
601
533
355
696
468
677
550
