993
620
652
687
659
723
603
697
449
620
680
570
496
601
815
594
632
717
597
587
480
601
516
685
482
657
605
596
624
787
490
419
470
585
742
434
482
455
666
479
595
432
542
541
596
549
571
420
597
534
544
616
536
572
623
461
672
385
743
497
539
668
563
614
637
620
517
550
526
602
674
791
550
587
611
476
620
648
508
608
524
686
475
527
552
579
741
482
625
549
518
637
532
483
570
619
518
741
636
591
695
576
549
740
517
657
780
694
764
660
537
637
627
727
498
600
437
598
587
634
804
681
634
644
710
589
555
715
549
448
642
564
682
704
566
503
820
749
654
669
514
762
530
534
749
644
567
589
550
685
660
588
666
688
573
530
632
669
699
529
618
575
632
756
632
563
607
679
611
628
669
625
597
582
670
666
547
567
558
663
608
551
550
750
531
616
653
655
666
713
684
725
696
769
576
825
687
601
582
977
867
618
574
656
554
791
785
647
770
711
803
531
790
759
588
737
681
756
608
802
564
645
743
781
708
805
654
800
642
678
618
846
741
535
662
809
672
669
673
818
690
748
564
735
660
772
606
663
557
662
717
710
491
860
583
710
633
568
707
573
610
713
647
842
551
715
456
618
484
636
470
741
646
683
597
754
675
627
595
717
670
747
735
609
709
620
779
354
870
654
706
624
688
651
564
714
759
696
710
577
794
712
628
729
689
733
553
829
701
699
736
980
645
882
680
835
799
605
710
938
701
678
634
696
642
745
719
731
871
642
575
619
706
652
699
613
712
762
590
791
812
627
683
563
663
763
706
635
509
590
536
621
539
526
552
695
670
650
541
773
619
530
746
661
617
631
735
765
558
831
641
600
625
814
582
624
731
627
671
604
569
887
611
612
587
622
553
773
457
829
651
681
665
794
559
585
480
735
660
680
636
633
746
589
771
471
789
550
449
390
589
626
587
609
545
737
649
597
486
804
532
739
623
709
710
633
578
727
631
732
599
580
709
669
614
750
544
648
597
692
734
633
617
648
634
666
491
680
689
726
473
835
694
686
711
617
576
769
870
382
621
803
718
623
616
737
761
714
610
698
746
611
590
691
722
784
657
599
704
686
829
559
773
679
703
619
758
751
619
778
713
720
766
663
641
656
681
681
731
582
679
865
764
680
583
831
588
741
656
715
709
786
626
742
715
604
663
804
722
508
645
658
817
543
710
608
803
680
696
804
754
560
765
786
862
856
569
698
703
825
690
845
720
809
755
634
724
568
649
683
706
661
649
608
773
619
540
704
618
797
542
803
552
810
523
833
600
857
417
877
615
800
713
662
625
878
779
561
696
653
608
874
631
714
489
834
565
769
823
639
619
690
505
637
693
744
777
536
671
757
735
655
704
673
649
889
628
766
610
795
541
753
698
844
768
592
744
921
730
628
704
681
545
921
530
691
722
621
644
817
503
916
704
702
551
849
775
822
932
779
669
867
570
789
659
803
812
759
726
1013
571
1048
678
1005
512
1017
570
666
792
656
689
790
748
847
695
746
617
989
573
840
695
783
545
999
510
747
608
841
583
671
701
836
716
671
798
756
759
755
700
797
693
706
721
945
547
759
572
894
623
597
688
745
556
668
676
813
662
681
513
745
567
582
662
775
544
733
601
711
651
717
626
619
770
615
736
754
509
806
629
819
532
687
354
712
703
619
526
514
591
601
726
761
482
694
548
875
668
615
487
578
638
762
634
561
605
718
640
566
618
707
646
835
596
722
533
763
538
734
532
753
605
563
612
711
566
855
705
606
578
857
658
484
731
800
591
850
541
816
604
898
495
700
693
765
669
850
633
831
591
833
799
884
557
849
474
938
622
666
695
533
754
806
680
546
755
681
596
856
698
829
621
722
743
743
676
539
652
760
753
783
740
651
681
739
680
802
607
593
704
686
765
598
632
844
606
681
674
565
623
608
688
648
624
719
656
671
717
614
779
808
654
777
665
629
602
857
676
640
595
781
908
803
528
820
613
751
829
726
686
654
558
788
820
508
706
758
598
715
741
844
694
737
759
828
501
930
658
807
534
731
511
909
637
869
464
882
543
716
763
709
786
677
602
722
693
958
560
918
641
635
823
738
632
913
559
851
513
856
761
629
594
890
588
820
677
682
785
596
738
782
752
667
640
804
736
651
805
733
752
642
700
818
701
703
700
630
770
652
646
755
686
635
744
689
645
886
465
776
638
703
640
717
593
742
590
771
630
718
498
694
744
891
604
786
780
656
699
714
522
769
608
681
508
776
476
722
671
624
579
835
634
782
587
591
727
839
619
714
576
726
787
695
638
759
602
753
626
673
727
664
728
742
579
869
605
748
604
684
607
765
647
790
588
799
423
895
694
654
721
521
732
693
633
723
398
833
599
815
465
841
689
626
656
709
558
679
591
803
638
718
402
842
650
739
570
731
561
671
706
586
665
592
614
640
433
731
611
695
628
672
622
735
585
930
525
731
617
858
439
838
722
633
713
721
759
843
634
850
661
588
760
697
691
805
512
832
637
806
635
788
520
764
697
759
567
817
485
703
723
649
588
707
782
571
872
650
567
780
636
768
609
869
687
747
487
843
669
726
581
831
532
738
620
788
745
696
543
767
625
770
460
739
609
707
748
733
607
744
385
828
524
895
409
791
451
846
591
692
728
550
732
749
663
867
800
754
579
684
683
705
739
721
656
702
484
776
764
648
619
517
813
595
717
868
515
808
564
743
785
655
829
498
804
808
662
749
774
694
575
884
579
604
739
828
515
549
631
756
588
676
542
768
605
660
500
703
495
849
543
647
727
701
564
693
593
806
595
700
679
689
497
873
577
658
592
636
713
570
685
630
699
670
616
681
851
505
754
575
598
768
530
695
556
647
552
792
565
788
331
904
798
561
673
682
546
944
594
512
545
752
577
608
601
638
738
687
547
674
656
744
707
557
790
719
586
629
680
570
562
914
702
709
721
654
852
808
559
778
663
670
805
605
759
752
512
866
864
706
643
757
738
725
665
709
869
651
676
720
656
593
561
915
788
474
666
854
566
733
644
583
709
711
683
631
732
643
613
766
636
703
592
761
516
640
775
626
677
589
772
665
706
669
635
775
621
736
660
671
639
638
548
669
682
693
575
704
591
711
524
814
561
595
631
732
579
612
583
639
524
764
669
717
548
848
594
726
690
776
550
700
730
647
781
624
602
858
583
754
606
813
506
803
630
742
627
707
518
741
697
551
733
721
611
704
786
694
513
642
992
492
833
484
715
640
617
851
563
699
651
807
591
606
692
747
643
738
528
753
665
551
498
605
593
804
583
648
569
834
592
651
493
780
534
711
521
593
556
754
519
637
680
737
670
666
394
851
556
760
578
921
604
687
686
652
761
719
585
674
637
719
712
630
768
664
652
690
623
659
692
666
603
810
504
756
764
648
625
641
687
590
639
748
659
545
805
690
593
708
786
640
612
558
700
576
815
542
614
578
642
793
622
699
732
566
652
791
853
769
605
779
526
722
888
654
595
651
564
658
598
717
526
865
494
743
541
805
560
756
612
667
570
846
498
649
708
791
565
734
569
820
805
686
522
765
657
711
654
749
644
568
444
757
574
738
614
732
550
792
603
765
712
594
620
708
542
765
591
769
587
744
513
754
593
783
596
617
646
642
645
809
607
600
617
637
729
789
550
648
687
599
637
630
563
853
660
714
605
674
604
712
644
804
521
655
523
710
656
671
472
820
492
840
643
608
981
598
571
696
776
700
662
856
474
961
841
673
640
680
748
752
593
781
587
773
757
527
717
651
600
701
846
561
650
610
603
754
672
812
763
650
663
652
711
703
630
798
620
743
766
748
653
807
574
786
576
782
648
601
780
661
487
826
641
774
439
720
786
763
656
669
354
818
660
861
707
554
804
661
652
873
458
807
632
671
597
703
732
852
553
709
693
754
664
734
711
648
591
664
696
717
565
614
567
654
708
682
631
657
704
734
754
731
688
758
587
611
632
746
584
810
520
618
489
863
674
629
579
857
523
903
539
806
522
807
478
649
620
650
523
747
548
650
675
660
668
818
560
665
733
687
766
605
703
747
533
748
630
770
394
710
710
675
722
705
704
662
770
731
527
778
668
684
578
746
628
541
653
899
519
724
767
712
679
690
769
666
515
723
556
692
573
653
447
796
574
652
612
711
630
700
596
592
555
902
460
656
512
636
652
700
499
812
478
888
568
760
381
797
615
809
491
568
743
694
561
620
664
654
465
855
607
565
542
859
617
749
638
708
614
631
519
758
592
675
536
624
681
591
