605
385
620
425
434
477
387
576
416
361
280
656
449
325
292
391
370
486
443
273
378
581
429
396
490
485
371
434
424
323
300
267
511
330
271
597
358
295
483
323
379
496
444
407
557
294
408
204
240
372
440
535
320
318
338
265
331
435
396
311
353
473
198
369
291
420
514
300
328
313
515
160
517
239
372
316
264
577
244
479
382
379
422
280
503
260
291
505
329
403
436
398
370
272
543
359
422
508
324
276
396
392
329
382
414
493
496
473
340
453
341
323
455
306
490
421
354
402
335
376
391
382
434
289
376
334
367
324
437
485
308
427
437
389
345
345
369
438
360
353
299
394
380
412
461
386
409
420
354
450
552
358
358
427
297
562
385
490
296
521
347
603
422
641
358
347
425
399
516
418
417
387
278
430
206
457
369
489
366
363
414
631
437
375
419
481
436
458
402
487
334
446
342
326
326
420
478
305
471
434
478
286
501
279
542
412
612
452
359
509
430
477
366
377
326
358
457
471
462
336
485
332
508
312
412
432
439
374
464
411
476
352
307
441
384
477
437
439
443
343
317
395
478
478
472
435
381
347
464
493
342
448
438
319
479
489
377
425
505
307
364
466
433
434
291
439
381
438
426
354
498
373
285
425
412
460
354
354
436
379
338
588
498
500
378
452
478
476
413
518
531
484
571
343
498
341
446
395
563
598
477
558
447
398
405
424
415
488
439
587
460
382
490
473
515
397
560
374
477
510
559
358
479
485
338
542
554
386
458
563
459
523
224
588
518
415
535
443
532
431
506
514
472
391
454
517
367
577
462
372
439
516
389
563
441
487
410
484
476
528
523
390
522
440
534
322
618
261
550
422
364
480
510
308
398
530
346
548
377
485
486
428
373
489
297
430
471
528
464
285
473
501
346
471
545
470
310
447
506
367
347
357
273
363
481
352
366
490
366
425
535
451
523
374
410
418
471
509
454
346
485
480
449
364
486
491
369
441
516
512
421
197
730
372
419
540
372
415
443
568
325
523
236
516
605
473
374
555
263
466
573
583
347
384
493
477
579
386
454
461
452
466
443
440
514
625
585
503
459
418
647
482
520
510
512
403
486
549
499
597
338
529
509
352
579
396
485
489
410
498
469
480
529
490
491
414
354
423
487
416
452
416
443
450
460
475
536
240
772
366
424
491
521
424
396
423
384
626
413
447
442
449
407
276
413
305
403
446
265
362
435
360
432
452
474
368
475
342
534
435
298
479
369
492
473
439
519
352
374
440
519
538
499
463
424
482
377
379
441
522
473
398
466
339
450
442
463
353
478
441
424
584
445
421
390
409
490
359
357
498
320
505
343
370
570
404
625
300
551
370
535
351
290
500
350
455
407
475
557
305
484
468
314
499
433
400
507
426
306
497
395
444
449
35
343
436
255
521
394
302
497
449
385
445
309
467
467
348
461
478
403
527
338
533
430
366
533
445
362
486
364
452
435
475
450
337
515
324
455
367
553
405
489
467
503
285
401
488
405
393
461
412
491
484
332
446
319
548
430
362
419
387
479
490
443
395
550
360
382
532
463
362
494
469
535
477
330
392
475
382
568
407
446
517
400
421
471
416
463
467
444
561
419
490
396
465
501
388
430
465
383
525
512
466
411
474
368
501
481
405
607
472
306
543
476
430
519
492
308
412
575
519
481
420
493
615
285
530
458
452
516
386
533
375
585
348
426
523
311
476
565
454
522
359
610
472
434
489
488
470
429
427
451
534
383
605
421
466
403
462
500
352
517
447
411
525
528
381
501
345
443
445
412
496
504
357
557
462
296
567
378
535
521
440
536
496
374
441
503
489
556
634
429
652
380
421
463
505
462
558
536
519
477
600
502
424
492
470
424
555
364
370
541
416
372
503
404
457
497
354
403
352
465
572
495
264
482
577
324
511
399
495
448
393
561
405
424
428
501
420
459
575
258
462
571
533
497
382
433
439
500
497
506
497
557
407
373
482
461
403
488
478
513
468
407
467
351
465
504
407
570
354
395
638
426
425
320
561
397
315
427
541
431
462
514
348
448
467
525
433
431
485
471
494
499
381
384
648
503
512
388
491
539
471
392
332
494
465
452
645
442
544
482
331
525
552
585
445
427
483
420
496
466
457
410
596
374
445
399
507
359
474
588
393
477
411
427
578
371
546
486
376
452
569
675
468
451
558
556
594
509
473
551
412
564
380
423
551
485
656
384
528
507
716
513
464
541
611
425
673
582
268
764
494
410
493
330
547
414
484
443
462
571
563
621
408
372
507
559
492
624
487
517
297
596
462
578
435
545
546
450
510
414
330
554
110
782
358
470
423
357
590
587
465
362
557
466
561
524
340
547
624
529
449
516
588
298
510
581
494
588
506
356
441
496
550
417
402
493
322
579
388
463
403
462
356
487
461
538
299
584
457
359
515
381
384
381
381
426
626
382
268
478
528
442
381
486
481
390
494
420
462
360
558
414
410
561
529
397
464
506
342
487
518
440
434
393
389
254
370
439
407
491
421
378
282
377
499
385
305
585
336
563
387
338
448
458
299
663
467
427
386
343
358
361
491
507
399
442
371
379
346
448
526
466
289
448
514
429
379
547
450
481
555
236
524
433
501
359
343
442
484
491
289
502
366
383
416
489
375
456
409
526
483
373
508
427
410
514
508
464
409
266
599
445
484
493
404
541
477
262
615
367
657
475
342
543
307
590
368
497
522
528
466
414
517
530
345
651
425
584
504
592
440
503
460
474
518
417
376
506
403
546
387
292
592
592
373
360
419
444
516
545
372
490
429
530
501
412
611
411
384
545
464
547
472
364
557
291
423
522
464
482
632
419
495
343
550
480
416
521
356
572
551
397
367
433
463
508
416
517
531
312
632
317
524
511
345
428
435
478
323
472
375
381
480
447
406
473
446
421
462
521
341
424
524
380
553
502
529
472
463
493
390
413
488
539
451
466
362
364
587
430
326
617
499
575
634
346
466
533
446
448
467
629
344
579
469
471
397
414
385
544
515
406
404
443
620
398
412
460
438
555
567
460
450
507
471
662
540
382
437
427
564
525
448
489
308
504
450
364
463
590
421
529
553
300
523
520
302
528
426
424
606
439
615
486
359
531
364
426
628
474
546
500
357
618
225
541
507
497
490
571
526
433
583
405
412
590
317
490
559
425
546
416
493
504
484
451
528
426
529
405
422
572
378
428
542
518
457
534
412
470
417
446
578
385
513
486
481
593
461
528
386
477
377
586
552
531
378
492
539
370
418
515
542
362
442
415
541
492
376
450
477
482
471
431
631
466
369
450
419
454
412
472
533
494
327
318
462
552
386
461
511
457
421
467
380
371
438
542
488
602
449
459
479
447
581
405
444
500
466
471
410
407
460
487
339
287
536
458
375
398
422
491
286
515
357
586
468
390
486
537
380
423
372
550
532
481
514
370
446
374
515
410
525
475
479
471
463
460
306
521
525
462
359
475
514
452
422
487
438
542
436
534
475
364
515
471
543
394
348
457
452
460
430
522
482
500
345
539
368
522
425
521
429
395
405
503
331
516
372
534
510
358
485
353
506
369
507
449
455
311
538
454
407
494
411
476
489
397
459
342
433
434
440
517
534
351
468
301
556
384
501
437
448
458
294
546
401
378
450
557
433
299
412
454
388
388
439
424
240
454
467
462
389
452
431
451
415
506
368
480
381
624
507
422
407
424
517
406
549
335
523
416
434
493
425
523
452
456
598
463
538
521
469
491
415
447
384
607
293
554
501
489
503
407
397
537
492
537
411
492
441
487
324
511
446
474
420
559
466
373
542
444
439
302
448
502
419
361
560
371
466
540
344
664
437
418
389
498
457
585
364
452
516
432
527
356
605
470
369
360
598
482
445
465
323
499
587
426
524
317
579
295
531
537
356
545
423
431
453
573
448
371
408
502
286
299
526
488
558
474
446
499
343
506
289
476
445
431
435
550
311
377
509
354
412
528
384
524
372
456
434
385
570
484
424
493
459
575
465
569
517
323
580
357
509
481
395
430
467
560
505
382
468
379
343
535
530
440
439
428
415
290
538
436
431
558
486
538
385
487
448
443
387
474
435
609
393
514
461
349
574
496
539
333
577
498
357
520
588
471
347
638
427
412
341
561
492
511
245
436
380
501
384
499
358
473
430
358
551
398
405
344
513
407
370
423
347
415
579
472
307
408
562
406
457
418
381
455
450
445
501
440
534
318
518
376
471
437
395
535
389
474
369
331
391
503
472
326
482
481
420
411
449
477
440
447
340
507
469
424
460
484
401
441
433
338
592
362
497
363
369
392
439
418
494
429
340
570
440
290
422
520
439
496
421
490
449
413
546
411
530
337
395
371
412
427
455
468
413
301
384
398
454
437
497
488
451
348
419
493
475
429
456
503
302
561
369
576
441
335
436
407
495
345
411
553
509
588
438
382
496
442
434
593
600
464
370
435
529
428
406
496
477
452
478
375
534
599
357
565
453
608
479
480
380
624
393
433
409
618
436
507
428
505
587
425
413
572
408
410
492
344
452
474
547
406
476
377
499
509
509
417
313
566
441
335
448
447
463
507
378
452
481
501
451
420
423
510
443
385
462
489
400
436
514
292
405
456
496
449
453
479
436
348
514
492
428
364
539
469
528
387
492
456
378
520
480
355
493
261
529
484
429
388
397
430
482
460
492
380
404
287
620
392
438
412
485
427
309
417
351
512
497
349
391
448
500
325
394
373
448
464
374
459
550
412
495
486
477
439
401
471
533
459
297
545
405
539
373
462
463
384
555
505
349
603
433
511
390
394
509
513
437
494
375
380
526
463
395
491
445
379
311
566
392
435
418
621
358
472
447
387
478
485
506
486
397
393
362
530
511
440
455
530
329
654
371
327
411
490
564
451
411
397
497
439
519
458
304
432
535
447
454
473
465
440
414
419
445
379
423
411
323
465
312
489
471
434
481
356
391
402
505
493
344
409
487
435
450
385
378
460
404
353
382
376
463
405
439
423
430
300
377
495
542
439
398
496
394
298
550
373
580
360
485
497
514
409
553
326
482
406
447
515
412
550
476
374
406
471
471
411
500
474
365
406
534
489
451
431
457
362
512
405
440
486
429
451
463
496
314
457
486
498
496
415
384
488
391
424
362
488
393
491
500
509
343
349
538
503
451
386
503
409
435
495
493
423
274
470
411
433
429
472
479
403
329
377
483
477
432
523
409
454
455
477
385
433
488
418
534
567
529
523
436
500
445
384
362
499
590
479
470
406
426
411
384
369
466
467
362
483
368
461
559
345
462
427
451
361
531
443
456
414
473
382
421
514
404
495
390
348
406
525
471
500
393
544
359
278
564
544
478
546
464
402
384
498
364
554
447
322
584
494
474
378
357
358
477
363
447
484
378
506
417
420
448
388
503
401
406
558
455
386
462
459
450
416
449
403
452
437
488
432
445
386
497
347
412
505
386
497
490
443
464
303
506
392
387
497
474
480
401
357
446
335
494
422
516
508
491
448
306
441
508
378
397
436
486
342
470
459
484
463
426
482
459
434
383
461
407
445
445
542
458
407
380
386
414
380
436
467
471
386
386
460
443
357
474
498
451
445
352
591
475
510
301
463
500
454
463
556
545
520
450
210
564
658
567
534
410
430
491
396
563
461
473
426
485
460
421
471
465
439
486
356
466
480
419
495
375
428
557
437
410
385
501
371
353
521
480
521
532
428
546
417
447
331
505
476
561
553
297
423
473
529
520
357
483
419
556
536
498
419
540
404
415
538
432
510
413
539
371
336
454
433
551
440
449
421
541
507
364
341
416
399
398
645
503
421
540
361
309
351
509
567
300
651
383
493
382
543
516
403
382
627
513
407
511
344
385
465
450
463
393
441
520
519
542
395
573
291
452
482
510
461
460
474
358
546
452
432
366
454
390
489
531
380
380
416
372
348
498
452
545
390
469
518
298
489
530
416
538
411
533
484
454
505
348
441
406
397
486
492
496
462
433
394
293
448
448
449
452
457
507
336
409
503
521
365
539
519
388
448
506
481
332
513
337
362
425
378
429
460
359
415
493
391
500
304
433
457
442
496
505
482
509
353
360
478
417
522
463
452
453
447
471
529
445
440
393
485
432
480
312
345
444
457
454
471
545
439
440
501
535
327
483
551
464
486
387
429
417
416
516
472
346
503
455
386
325
537
427
585
412
386
442
566
493
417
415
363
588
517
468
447
378
433
424
361
426
458
384
381
458
315
522
403
486
296
441
469
381
470
402
423
502
401
442
342
447
509
498
320
423
370
408
363
374
467
491
391
454
388
466
369
413
581
450
512
363
280
389
506
574
425
422
316
265
475
493
485
456
379
439
360
470
326
519
424
464
429
469
264
436
410
512
476
502
425
436
489
443
411
485
463
294
421
447
406
417
448
399
409
325
423
449
409
411
245
