1418
1068
1347
1382
1111
1108
1338
1100
892
1345
1096
1011
1209
1123
1044
878
909
1009
1233
1032
1062
943
1113
978
970
843
883
1022
1078
921
978
982
1031
943
1181
1108
1132
1057
882
1003
1148
1001
949
1248
720
1050
892
885
1008
903
895
962
1032
1012
882
976
953
892
1125
939
929
884
1008
1117
1003
935
945
1032
1003
890
1127
877
997
1003
771
1008
1026
1034
1106
849
1094
806
900
1074
957
841
948
890
1022
958
936
918
911
1045
756
924
1059
767
1168
866
894
985
807
994
944
869
1020
813
993
912
978
991
860
800
1044
959
741
990
1011
846
922
924
744
1243
807
1125
1017
772
1196
904
989
1014
1022
769
937
856
1040
919
877
966
868
805
1018
1048
868
987
1002
963
990
1134
917
980
782
972
969
1001
904
827
1063
976
1027
773
1098
1028
846
967
948
937
949
800
1002
1046
898
1028
884
953
999
909
927
845
1095
895
1007
978
830
1009
947
865
1120
872
988
1060
899
974
977
948
917
849
998
1012
868
887
979
983
996
1180
815
904
926
916
950
1135
701
1036
1034
948
885
891
1098
879
832
897
808
1088
805
897
1049
810
1050
991
926
1101
670
994
716
1153
955
808
1078
789
838
982
994
1030
783
968
1070
1011
965
888
1114
832
862
1009
849
1017
1109
921
952
996
810
1117
843
954
868
848
1042
955
1013
956
968
1029
878
1070
986
964
1025
929
1040
867
962
987
757
994
964
867
1008
904
942
940
955
929
851
1016
1080
1077
891
860
1022
960
988
943
886
1004
717
1047
963
896
923
952
901
1008
868
906
910
929
775
909
921
945
844
870
938
926
695
964
966
853
904
874
913
1044
846
966
806
838
997
738
990
1088
1020
855
708
918
897
1002
935
782
968
926
912
904
713
1066
855
943
949
985
841
933
1080
986
888
1035
791
950
934
838
1204
914
1002
994
773
1298
881
955
946
848
987
1019
1038
1057
879
1001
1017
986
913
1034
848
848
1035
1038
832
913
819
1185
998
814
1096
1083
774
843
893
997
970
965
892
864
1099
1057
900
846
1086
946
964
956
1119
659
1123
1056
870
935
829
1012
949
905
890
943
972
955
960
881
846
910
985
963
948
942
785
936
899
995
919
898
952
967
1014
1016
844
952
981
866
932
915
874
969
891
945
1098
789
1096
875
853
943
1044
1016
849
896
1092
999
933
918
876
1050
916
927
847
1022
946
1053
1069
820
931
989
871
1125
787
837
1098
1037
948
980
784
830
1068
1063
1025
958
888
1158
864
954
924
1161
830
1114
1021
848
1036
760
862
1004
1025
984
946
958
883
868
861
1004
883
947
1014
1068
822
915
1072
827
940
834
939
963
851
1090
860
927
1059
921
859
789
1002
1029
808
1030
886
918
720
876
1047
821
916
1082
715
954
953
975
955
815
898
898
894
970
982
915
1048
851
806
950
984
887
1083
897
887
977
920
1041
934
798
1004
972
946
784
1010
876
864
1045
761
833
997
813
978
926
1037
1007
677
1141
981
943
1016
1071
864
986
805
1024
948
1001
971
891
1037
940
997
740
974
887
953
1010
936
960
905
878
1284
978
805
1140
954
1015
961
1095
870
922
1010
913
975
996
960
953
966
681
1078
832
1076
1031
869
919
936
987
976
1026
1008
893
937
856
1000
848
941
1033
980
845
982
820
1034
922
893
991
951
934
809
840
921
1270
823
1158
1029
751
1047
1116
866
969
867
1080
899
793
1007
1023
796
841
1064
825
1043
977
932
826
836
933
953
931
953
1084
858
1076
795
894
912
956
982
1020
1040
971
897
919
991
892
971
855
1026
938
888
1025
755
903
1045
770
1070
925
759
1081
915
1003
900
864
962
1081
969
984
998
939
904
1016
997
865
832
870
948
927
896
1124
735
909
837
852
1003
1062
854
966
958
848
1013
864
854
1001
904
795
923
858
836
1127
878
880
1036
727
955
1013
881
1034
781
1005
851
841
1014
946
866
969
812
1050
860
863
969
1030
842
935
1009
975
878
1051
595
1174
986
832
1009
900
849
888
953
982
823
970
948
883
893
784
907
776
842
855
908
926
821
798
856
894
915
954
681
966
912
781
790
741
944
961
963
865
971
779
891
976
702
959
809
926
952
795
829
1019
718
939
855
789
992
1005
922
957
970
775
859
1007
920
945
1018
801
917
870
938
1011
738
1048
808
898
905
1006
860
975
1017
970
779
1014
796
1118
853
824
1081
812
1046
970
851
1010
850
809
1032
797
987
826
801
1108
873
917
877
818
971
895
957
874
957
968
864
1016
742
670
986
800
1044
779
892
922
837
825
1005
970
990
779
758
1081
972
876
827
1006
777
781
1029
878
922
919
696
1041
912
758
991
924
925
758
962
917
836
880
759
932
920
844
840
837
936
661
980
830
865
742
961
873
922
904
841
763
897
850
991
851
979
811
750
1038
906
737
784
925
893
800
892
824
977
551
936
985
841
893
922
841
963
779
963
747
867
787
906
990
737
1047
825
956
960
861
772
974
932
921
810
811
997
764
955
762
970
858
903
842
885
932
690
951
797
815
952
904
814
833
914
960
1015
774
949
796
860
775
849
893
874
1037
746
862
879
832
998
845
688
1060
656
912
993
798
997
814
808
916
806
937
855
860
968
738
849
751
866
840
882
973
623
919
865
748
930
773
855
862
771
867
908
850
813
848
892
865
885
762
875
769
958
799
844
841
846
839
762
847
699
948
869
799
863
833
937
798
935
850
908
853
918
890
845
812
966
843
874
839
802
1020
772
894
957
798
948
808
890
844
1020
995
815
981
914
952
973
822
869
802
927
853
880
1058
839
896
785
961
852
931
866
833
903
1010
844
902
992
836
993
956
910
904
906
953
934
786
933
975
1120
847
837
926
900
971
836
894
871
1110
827
833
1001
875
858
1103
900
812
1044
753
958
931
919
1005
818
952
912
905
1016
773
1051
855
943
953
728
992
673
942
1096
842
964
1042
856
968
859
972
1005
767
950
1003
930
905
937
901
935
924
901
1031
767
914
1077
1028
785
960
955
931
983
853
1011
874
940
901
965
966
906
944
986
889
962
912
945
923
811
1015
962
1049
906
911
1038
969
1036
936
983
1007
1213
933
970
855
962
942
1044
808
916
794
1022
1011
766
974
912
931
969
811
1126
928
923
950
1039
801
861
946
1056
938
975
823
920
977
1006
1015
858
854
946
954
915
1028
795
1011
1058
963
962
915
889
1000
1017
928
885
1063
748
935
1048
867
1139
908
778
1016
786
969
970
1061
767
944
1037
851
939
956
959
888
1052
922
1049
881
880
885
996
895
928
1035
922
946
1016
837
941
1127
800
980
953
858
924
865
1064
888
959
1101
946
822
945
954
923
928
1180
672
1062
1004
880
993
1031
1022
887
946
1146
857
1025
898
1070
972
997
1097
947
959
1027
1003
1233
905
1026
1061
1041
1025
1014
1054
957
1179
730
1025
1104
965
985
942
1049
1007
914
1052
985
927
1080
982
851
933
989
970
1048
923
1060
843
902
1012
1004
1108
803
1145
865
840
1141
952
1011
973
824
1077
930
1031
848
818
1148
948
967
1045
814
995
889
967
984
1010
1014
878
933
985
875
1094
883
784
1083
961
839
894
904
986
1065
1081
935
793
1011
960
1001
1066
924
1061
871
1035
753
1029
1063
798
957
1002
874
1053
900
840
1002
834
960
1055
919
824
1013
1015
911
1033
1062
944
852
888
1077
736
1030
1118
933
944
1048
972
1137
909
1094
957
934
900
1124
1090
902
988
1076
1027
1018
1174
940
882
1008
1144
998
905
992
1024
947
1055
861
984
1132
867
1046
1071
1052
885
902
926
1023
918
1022
912
918
1007
905
1064
996
828
1068
941
873
1091
1059
923
863
1148
1001
864
1226
875
962
1052
1042
830
1107
1067
875
1020
1027
956
936
1137
774
1054
792
1088
1143
820
916
914
1118
944
951
891
1052
967
1050
945
878
1099
842
884
982
999
904
960
1176
870
841
1028
899
1024
647
1121
1015
854
1060
966
920
939
916
1098
930
1174
916
978
972
1010
871
933
1012
909
952
895
970
937
985
775
1011
986
907
1128
1018
844
1118
881
972
1081
942
855
934
1097
994
925
974
917
902
955
958
958
1032
994
970
857
1044
1035
1044
775
988
1130
831
927
1039
847
800
1049
1048
1006
966
960
879
956
927
997
836
903
1099
826
1009
1010
987
938
894
870
1006
932
901
918
843
840
1142
904
806
983
893
971
940
901
945
813
1073
931
949
903
1013
793
997
928
1108
761
1005
869
874
904
939
894
970
724
1079
816
891
1093
796
893
1095
882
893
807
1032
822
849
1046
765
878
888
878
966
741
969
1101
826
942
805
904
772
934
991
927
828
982
992
897
1037
846
751
980
1009
881
958
988
896
921
1007
1038
971
717
937
1013
769
1084
826
901
685
1019
981
826
979
788
885
867
1009
832
688
925
849
948
862
982
913
829
804
946
899
1007
988
913
780
1175
971
802
1049
869
942
1011
1024
1077
893
897
1052
853
905
965
904
896
984
984
901
955
953
937
858
1003
938
955
880
1009
969
799
1039
905
920
947
1058
840
930
947
1020
854
1004
927
919
1011
782
1061
757
912
1118
904
1010
904
896
964
818
1258
806
954
924
849
937
1080
833
793
991
1092
984
983
903
920
847
958
954
932
798
946
914
953
950
841
894
948
821
1055
911
963
1061
881
923
1125
931
873
1041
1048
922
1002
923
1022
915
928
859
1014
795
1062
940
865
1070
886
902
865
1032
904
1014
1092
856
1009
764
1078
956
869
1001
994
938
962
998
779
879
911
902
920
1051
864
932
765
1261
815
834
1007
955
797
1022
949
828
1075
917
951
828
779
1013
955
884
965
966
762
875
1052
797
928
1015
848
922
663
1167
903
685
1067
878
933
822
971
916
888
861
1013
852
855
805
903
893
899
954
739
902
1018
825
1051
771
924
939
799
1088
848
913
1011
981
892
940
841
961
891
1143
992
744
977
905
809
1106
980
1053
798
1005
938
869
1092
827
975
1070
902
1039
722
1078
791
922
1024
1003
938
765
875
1100
794
996
915
960
837
1017
869
898
886
995
972
800
966
872
895
877
948
904
867
896
852
868
804
1016
951
808
932
971
902
1000
1035
913
871
839
914
840
1007
932
897
834
1029
785
824
967
990
966
1002
913
871
992
790
1056
801
841
1012
931
1004
813
1004
796
797
1071
913
854
931
910
853
834
1139
929
750
987
929
920
992
1151
805
884
956
960
745
884
909
912
899
865
1044
896
764
1195
801
922
972
913
894
828
990
991
875
944
1004
906
1030
1024
851
820
1054
813
886
1140
920
1048
1091
967
1055
833
1168
903
879
1142
920
988
953
957
1101
823
920
1042
920
988
956
954
811
969
937
942
1084
941
1019
832
1186
927
1042
763
1128
972
899
1004
912
921
941
944
1216
618
1242
828
972
964
871
894
860
988
969
957
980
1045
960
842
985
897
960
1046
896
949
852
1041
918
840
990
1132
793
739
1129
894
920
1089
870
781
991
892
1018
815
838
988
887
876
982
959
897
980
851
1055
852
1048
857
783
998
866
981
994
918
742
1010
982
901
844
862
968
823
1010
1090
896
766
993
1022
805
1018
886
975
966
788
1113
816
937
1126
858
987
995
1246
772
814
977
1003
791
1104
992
897
943
993
1005
908
1031
952
832
983
978
1014
869
895
1075
925
994
1069
923
909
918
997
873
852
1180
872
931
1116
883
1057
1052
930
860
1078
1040
1017
857
969
920
958
861
1163
848
837
1063
976
841
981
928
1013
722
1081
1073
922
993
1075
825
895
1195
906
891
976
1134
967
946
1096
975
748
1035
1007
912
931
1099
816
1047
1035
1003
959
767
1010
983
928
945
1018
847
1041
986
920
764
1131
923
990
874
1105
1031
753
1122
791
939
1034
1090
889
1060
1038
913
895
934
946
861
1004
1052
983
935
1064
1046
955
844
1041
1025
1003
858
1093
850
889
1072
1025
921
998
1056
872
943
1012
881
805
950
816
1000
898
867
903
829
1115
1056
832
979
935
776
996
897
993
1099
811
969
994
857
939
893
901
942
915
808
997
1118
939
797
1083
1064
835
895
1089
813
858
1064
887
892
816
933
1005
909
880
880
968
972
939
823
858
943
1025
955
901
1095
880
1022
1007
772
949
903
951
860
851
1077
931
826
890
1019
998
876
1086
652
1043
877
1001
781
902
890
991
960
862
915
784
1033
1008
860
878
933
880
1001
952
967
913
886
955
858
1004
1044
1014
783
1016
967
930
922
877
892
1030
860
1146
939
856
1035
987
839
905
947
923
910
928
1016
831
826
1106
798
961
1006
996
994
887
1068
874
679
1002
899
963
952
754
1009
852
1227
904
783
893
1028
931
860
856
885
830
926
1123
884
957
819
977
918
810
1034
984
827
953
850
997
953
987
934
814
1032
830
878
934
934
813
998
946
894
792
1026
796
905
1057
835
998
866
828
1138
850
1008
1011
765
1009
904
949
903
945
885
840
1008
1056
905
650
1034
960
914
950
860
849
988
929
916
880
803
834
1137
919
1034
791
890
970
948
831
953
907
905
775
884
962
939
840
1032
863
1013
838
1006
897
877
970
870
863
925
1058
986
956
906
970
735
1115
972
778
1037
722
974
882
1030
989
961
931
1092
766
952
1002
996
856
870
1011
817
820
1131
960
973
864
1034
939
908
1029
889
980
1043
1001
765
998
922
764
920
953
1040
810
936
995
978
873
887
1103
894
743
983
783
1165
878
925
922
929
1114
793
867
1009
845
898
909
981
962
893
896
953
743
967
902
984
831
881
810
840
871
797
852
985
955
776
831
826
978
619
852
959
909
888
850
890
963
811
878
869
786
875
898
888
742
