783
738
601
303
492
393
471
781
344
291
575
312
368
696
259
415
461
694
375
347
261
400
362
348
462
612
425
453
277
496
364
449
602
293
426
351
514
155
522
278
400
243
382
466
223
366
472
432
469
376
356
336
627
170
476
441
225
535
208
517
356
445
362
330
343
431
256
346
413
308
254
521
264
336
400
484
239
405
357
276
474
364
434
241
425
340
369
228
485
339
528
453
394
462
381
187
693
297
278
479
326
454
342
196
410
450
419
444
311
308
599
259
281
615
259
378
494
215
401
426
383
293
380
404
338
298
290
347
279
416
380
267
415
503
184
392
286
379
415
376
265
450
428
247
392
500
232
202
415
471
277
411
444
255
546
276
249
330
434
307
482
233
388
345
504
212
391
380
248
483
374
493
276
324
462
291
182
624
268
458
415
389
338
498
304
316
346
419
320
432
196
487
409
330
151
465
365
264
333
413
451
343
435
330
406
378
297
377
494
229
372
369
409
331
453
190
418
284
366
342
380
402
327
365
413
334
209
379
510
192
385
513
201
419
246
438
222
412
404
354
278
497
189
334
392
188
518
300
239
692
147
360
470
314
188
510
333
300
482
91
645
294
284
441
292
261
440
314
169
489
364
410
257
282
354
297
325
442
363
175
642
127
318
493
219
378
335
290
471
320
340
333
419
233
462
287
313
385
333
404
261
463
190
402
355
394
273
328
432
420
125
440
379
341
241
418
301
299
413
352
358
341
277
319
364
369
195
597
466
174
411
335
422
228
527
226
387
505
283
282
518
375
394
370
398
232
450
298
352
407
385
343
223
540
180
396
347
440
186
440
278
336
378
364
337
352
306
421
365
313
312
233
556
225
338
434
276
297
574
193
283
480
319
298
440
163
561
258
441
255
426
276
434
447
359
324
351
363
475
215
507
276
347
453
264
390
255
463
352
193
416
362
364
301
433
357
139
578
170
330
485
327
375
469
221
483
222
526
326
383
192
522
335
443
92
623
307
315
278
455
321
352
399
234
370
353
395
290
380
273
527
169
479
385
233
246
574
261
399
259
475
321
382
261
485
370
223
333
422
282
485
227
441
430
251
432
170
527
188
416
403
395
360
286
312
369
398
283
355
419
279
373
385
421
330
375
240
522
249
233
637
230
431
348
336
225
443
348
277
459
469
281
384
410
318
236
423
194
589
192
414
384
316
505
353
211
324
411
363
312
374
413
265
295
377
332
381
316
433
354
329
378
364
434
370
372
90
619
279
261
551
340
326
437
238
243
452
334
361
427
372
384
237
525
322
274
230
531
374
257
619
134
465
376
247
279
451
202
588
99
554
236
450
284
269
365
310
288
399
361
278
354
309
462
134
445
307
359
312
437
275
385
276
458
185
374
394
375
334
375
474
425
227
314
428
277
308
557
222
304
448
312
322
392
281
228
465
399
287
330
427
238
411
324
279
256
459
329
364
424
309
189
520
281
273
274
529
326
341
463
341
294
426
395
180
462
323
372
238
677
186
490
198
456
291
356
276
599
186
451
248
373
278
445
315
243
428
437
227
445
419
203
362
498
371
180
554
309
462
314
382
430
133
466
247
372
309
430
406
280
426
220
398
397
295
334
365
281
460
318
302
323
444
385
266
454
298
502
286
332
477
344
338
454
235
342
338
522
189
507
406
263
370
491
257
373
236
565
353
167
511
302
472
306
390
266
331
445
406
274
383
315
216
489
333
255
362
328
360
314
370
369
274
536
223
393
327
439
357
140
591
196
506
259
334
372
341
364
283
371
317
499
234
597
227
342
255
676
132
375
429
278
397
277
342
378
407
418
330
266
482
234
509
332
464
82
433
400
178
567
279
164
672
232
261
296
483
217
388
364
302
436
281
373
290
325
454
300
387
299
322
501
184
522
231
372
132
585
238
97
510
365
275
448
226
351
238
400
379
269
321
437
225
430
322
438
129
386
371
251
470
179
495
229
269
370
269
334
418
322
399
285
347
310
326
377
299
228
399
480
222
350
463
384
324
180
387
336
344
367
334
287
357
376
237
330
326
335
363
372
318
385
281
526
136
465
134
657
220
342
468
228
393
322
285
263
255
468
253
405
298
380
286
495
281
278
322
394
329
278
459
242
459
274
314
288
249
503
184
339
520
180
447
334
387
215
330
437
427
286
316
417
418
277
329
291
319
517
176
573
181
466
266
421
236
425
371
242
464
323
324
418
313
442
235
371
369
364
392
223
380
423
439
235
522
306
335
270
499
195
533
240
431
235
440
465
385
228
513
315
370
413
253
452
363
296
272
583
260
280
448
426
275
289
468
291
381
482
340
390
360
328
310
608
132
400
372
436
232
398
363
404
201
597
288
181
501
269
274
398
501
232
288
450
235
380
406
250
478
264
379
352
323
448
361
342
413
284
472
251
424
367
387
356
180
623
80
454
337
438
217
336
377
442
331
307
223
503
326
328
267
470
263
310
424
344
237
588
189
516
302
332
475
280
422
186
478
337
416
366
269
483
328
323
509
332
358
231
535
149
543
326
144
454
491
227
377
369
479
211
327
410
332
373
229
359
378
383
389
373
198
388
461
335
324
424
319
251
428
350
301
384
333
403
315
282
331
575
79
371
425
270
379
326
381
291
283
569
227
291
476
285
320
387
328
305
446
190
502
183
388
325
452
243
322
330
439
262
311
423
449
284
299
469
292
228
596
197
332
443
318
486
231
511
198
425
322
387
280
273
425
424
272
394
284
465
227
223
605
125
492
247
273
492
235
429
240
357
425
322
461
389
347
253
333
385
366
230
450
355
373
434
275
292
450
336
140
440
458
339
232
557
195
440
441
233
264
540
300
334
484
386
130
500
337
324
394
325
434
305
314
483
231
331
388
359
322
337
445
277
278
461
360
289
404
402
183
552
260
376
427
355
278
539
194
445
237
393
346
391
330
226
571
215
482
322
273
351
359
375
312
427
353
326
460
245
331
482
247
408
402
352
258
604
159
241
372
488
242
444
375
448
281
485
125
456
417
271
474
182
694
303
200
412
359
334
359
433
357
207
587
365
382
280
346
394
276
482
256
329
587
187
577
122
309
430
378
179
447
379
382
143
716
237
185
585
197
421
395
214
515
290
368
352
326
342
230
451
332
431
196
472
187
480
335
275
423
221
347
658
80
519
297
318
415
383
282
302
373
339
388
378
231
417
319
420
307
311
526
97
540
291
269
281
383
280
429
304
384
304
387
237
564
145
391
458
195
408
401
324
509
233
344
420
137
497
295
504
77
594
294
285
384
424
271
297
322
429
290
498
175
311
435
281
400
220
362
283
488
234
268
445
284
211
562
221
401
240
411
276
429
268
343
371
369
228
406
428
291
358
347
305
335
529
174
299
383
385
269
284
411
390
273
424
239
496
189
368
336
369
356
281
358
469
258
560
129
438
456
224
255
558
350
164
475
284
366
396
213
424
328
378
341
366
386
200
429
341
486
184
398
364
369
328
453
185
444
384
374
243
384
421
286
324
479
267
226
514
271
289
317
469
274
405
278
408
235
424
242
241
455
454
261
283
299
455
176
531
243
311
426
290
191
699
82
466
310
233
365
386
480
264
451
365
211
369
522
92
447
424
354
282
515
180
534
389
192
355
526
292
234
528
322
282
587
207
230
459
329
318
378
439
277
421
337
539
85
383
469
335
279
471
323
276
370
384
222
342
462
348
169
642
221
341
437
300
253
469
225
494
330
233
433
392
418
176
415
414
303
222
566
171
538
455
330
322
378
407
280
295
574
364
341
464
233
391
319
424
344
514
226
373
446
311
233
501
229
319
460
373
131
607
327
430
128
713
174
239
390
507
212
410
364
365
366
227
359
458
391
148
480
418
270
511
232
231
533
215
451
290
461
206
473
222
350
386
227
457
388
271
584
168
413
475
177
414
472
293
298
505
200
490
284
282
471
182
429
378
325
439
313
444
179
622
210
190
424
396
271
362
464
246
397
281
282
370
430
218
408
422
275
466
225
372
461
257
312
333
394
367
350
340
413
211
451
304
415
193
543
140
481
324
201
452
303
549
258
384
352
465
473
183
387
453
232
458
307
453
282
403
381
484
151
425
391
341
417
309
234
534
232
401
329
362
430
194
327
385
420
363
361
196
562
126
454
303
497
206
390
393
317
262
317
282
463
449
264
334
459
263
235
428
221
510
190
427
305
354
482
91
333
527
275
440
258
438
265
490
235
383
476
277
313
399
263
541
84
477
385
216
430
385
279
444
332
294
420
359
267
434
311
381
372
366
418
300
489
271
281
430
296
307
469
356
327
294
468
318
227
364
489
229
369
274
436
358
270
424
331
287
457
271
322
472
287
371
236
430
230
381
327
427
366
255
468
338
312
272
374
483
277
267
344
450
328
462
249
244
429
338
421
373
287
345
475
141
566
246
276
441
402
162
559
325
479
277
322
339
473
334
367
324
354
369
469
277
350
329
311
440
174
466
325
310
324
511
167
229
445
366
305
375
332
469
161
445
222
311
524
128
480
353
255
381
443
210
225
403
313
304
605
132
582
305
428
179
369
372
333
338
398
298
410
271
337
318
275
496
269
221
646
179
312
369
360
319
283
393
316
407
177
322
526
354
227
364
304
349
217
521
253
448
313
374
305
377
279
259
264
591
173
362
459
367
228
370
270
407
394
354
361
268
489
262
230
464
374
269
357
317
307
395
485
593
318
230
358
452
320
321
394
332
365
226
396
278
348
331
458
275
403
351
165
427
382
242
472
369
396
165
570
175
399
356
281
322
491
178
528
404
371
286
411
266
327
427
289
132
516
381
452
249
361
377
166
475
331
426
246
564
232
253
365
280
388
422
162
631
187
377
333
312
359
323
321
353
269
382
373
388
121
442
314
246
507
215
324
331
341
336
406
215
253
348
395
216
321
341
433
243
365
268
431
317
269
261
328
485
226
270
346
275
365
487
123
352
302
394
298
382
209
300
345
435
209
357
284
450
165
423
229
385
315
168
469
143
506
310
206
418
414
215
343
441
326
346
240
415
403
182
277
367
374
216
479
257
316
390
351
215
456
275
265
402
270
419
288
304
243
449
298
309
264
569
81
308
407
342
304
308
262
433
296
349
223
411
258
379
279
353
453
265
340
286
417
371
341
210
502
359
181
491
380
134
492
272
405
277
342
409
355
411
319
298
430
293
420
181
502
293
246
355
541
183
468
219
277
424
255
426
354
381
173
413
317
383
168
509
253
363
364
356
315
404
267
314
367
362
360
330
261
526
351
239
584
179
351
304
444
172
430
317
304
427
503
76
346
477
386
424
282
309
478
208
417
204
502
209
366
318
455
360
268
379
449
183
432
326
365
356
365
214
378
444
270
262
402
357
397
304
318
324
314
336
444
304
208
365
259
407
295
487
308
297
398
231
313
322
421
362
305
363
407
342
189
349
406
308
451
294
393
320
364
259
415
216
339
345
423
210
525
253
269
435
176
319
422
243
299
401
316
302
503
125
289
392
231
476
377
215
311
495
224
318
267
402
193
426
398
342
324
413
210
348
450
300
215
359
453
259
314
473
260
137
542
266
405
271
517
124
494
337
276
402
296
136
481
315
382
307
307
384
315
268
399
266
354
380
345
446
178
450
124
586
211
182
506
362
260
440
276
309
411
132
305
508
213
407
343
438
263
348
138
480
227
345
388
254
354
436
123
438
356
308
355
291
363
226
357
403
296
313
210
400
311
391
215
303
499
163
352
406
122
453
309
255
221
584
167
432
303
270
341
306
349
264
294
360
383
256
347
306
339
368
344
214
261
505
175
523
137
389
270
328
301
312
367
433
174
396
270
408
256
424
305
216
541
94
533
237
352
247
494
189
441
174
455
355
248
310
401
248
299
436
261
355
257
330
181
536
77
394
406
292
276
339
263
457
251
299
46
648
225
226
419
355
292
300
402
259
380
339
342
387
272
301
256
363
395
395
122
525
320
227
406
334
334
206
267
462
177
344
395
206
387
307
360
340
322
315
303
499
260
360
314
292
270
373
332
449
230
466
349
247
356
301
308
376
253
402
243
382
430
301
271
549
116
356
395
155
352
390
390
205
364
251
448
129
467
376
304
350
346
267
418
302
209
283
420
242
343
357
396
285
457
158
383
351
173
343
445
302
292
311
389
297
212
300
362
290
350
283
385
464
307
214
208
474
145
492
336
471
250
316
304
405
340
188
419
356
331
343
315
214
480
170
287
419
342
226
429
247
449
201
364
215
395
261
382
334
394
198
506
135
392
329
182
368
401
337
328
430
220
354
318
174
500
264
218
357
352
416
401
179
342
360
128
557
279
307
434
251
307
310
392
268
220
458
318
316
222
508
265
252
297
337
342
259
373
310
419
341
216
334
281
324
400
165
527
217
335
334
224
387
181
357
379
205
388
321
298
326
437
159
405
301
245
292
425
241
376
354
201
301
494
84
386
334
286
398
205
474
166
258
451
227
297
460
171
388
281
287
265
358
414
215
280
419
296
309
416
201
361
286
349
293
262
422
281
377
379
177
262
419
168
444
262
290
262
457
357
205
375
303
238
213
432
300
352
302
290
389
292
212
462
244
169
465
246
298
298
186
461
290
368
266
272
405
299
333
241
432
314
200
456
205
396
292
294
286
370
343
386
248
377
199
390
262
458
264
399
251
401
335
348
236
374
390
247
304
334
424
230
292
528
162
203
472
223
370
275
363
300
442
180
347
355
311
348
264
269
502
256
366
299
322
422
289
245
495
198
370
358
293
342
325
284
382
344
247
398
396
347
381
340
363
315
275
322
439
214
412
379
338
338
390
226
611
130
302
344
346
309
381
203
381
356
256
435
220
468
248
394
338
294
464
267
291
299
415
331
301
342
393
259
390
229
342
398
173
404
425
291
313
347
323
344
223
299
426
395
269
354
421
215
362
298
369
373
293
500
313
397
306
306
300
341
286
428
406
426
266
339
471
263
167
393
298
316
428
327
299
442
362
347
177
328
511
237
432
394
325
313
476
285
253
426
215
337
430
513
175
343
406
262
267
378
344
273
374
367
219
612
210
307
358
321
472
218
419
264
326
327
360
406
365
270
368
383
446
156
505
321
372
143
319
517
273
325
348
377
395
313
359
220
421
307
304
423
272
371
438
246
343
482
132
357
410
402
276
360
314
409
266
314
413
213
327
559
227
454
333
320
352
401
218
458
259
397
311
267
360
331
357
244
441
236
439
262
133
658
227
283
475
275
393
256
298
455
380
262
543
297
214
480
256
312
464
232
391
330
374
264
362
333
365
397
333
303
367
384
280
255
556
269
232
361
449
264
437
300
311
413
280
326
398
209
474
359
279
575
125
380
380
331
308
348
385
334
505
166
411
378
314
412
316
389
351
343
390
341
269
321
485
230
317
425
235
439
402
183
367
428
283
450
279
271
419
420
429
172
466
342
165
510
330
360
317
385
268
329
452
356
334
353
234
434
377
383
359
226
456
412
136
543
144
508
237
428
291
414
369
191
408
438
344
233
442
480
172
479
316
332
470
315
287
523
330
223
501
270
381
401
346
335
366
380
418
332
361
428
344
472
431
304
211
634
210
408
431
206
429
396
361
281
413
310
348
272
424
388
175
584
172
319
365
346
324
270
502
131
507
416
325
319
296
391
432
188
331
401
324
384
287
396
308
343
354
396
228
533
397
280
367
415
183
473
314
268
408
358
269
485
231
396
360
301
366
228
550
217
402
325
416
373
303
384
185
416
462
225
370
460
412
185
497
230
404
230
476
358
371
405
352
225
365
446
182
520
282
321
363
366
365
409
222
377
408
326
328
281
478
383
238
446
255
391
194
507
357
318
500
181
566
307
222
373
329
438
373
338
418
369
234
371
333
414
338
288
365
490
211
402
470
273
232
279
489
376
427
289
378
332
469
94
372
490
259
300
463
363
290
562
139
284
487
273
253
538
230
359
328
421
242
415
241
516
235
375
429
227
339
509
86
375
430
241
368
383
397
414
232
541
254
392
420
276
346
395
332
426
421
290
309
276
359
334
366
319
378
413
265
466
216
333
440
251
420
358
340
435
345
232
532
317
281
399
334
377
304
385
538
231
259
462
292
367
362
295
498
329
287
315
444
229
233
487
242
431
339
327
346
337
385
474
145
458
330
315
447
352
189
428
410
322
528
127
344
440
415
246
453
252
429
248
348
424
353
424
385
146
577
250
288
398
343
402
256
531
366
332
282
407
428
237
373
343
440
333
328
445
273
511
224
466
307
452
396
342
337
362
509
196
419
389
353
214
498
448
234
449
340
309
497
381
259
454
358
411
357
241
447
378
423
302
526
235
422
518
367
440
153
501
440
283
391
299
571
285
445
386
440
356
386
414
316
427
471
389
154
550
289
362
472
339
333
290
581
414
128
392
413
438
185
539
229
407
436
136
643
157
492
465
265
405
420
302
372
321
472
281
346
453
389
206
444
369
364
468
286
309
528
181
373
381
381
373
365
346
313
434
333
338
433
417
231
355
430
324
228
564
277
395
412
365
225
477
311
258
495
335
457
296
480
186
465
281
391
228
572
281
394
316
476
245
464
261
422
254
440
327
439
328
279
482
336
291
351
378
404
331
301
439
439
134
442
451
178
513
317
311
502
318
364
387
308
333
199
526
349
424
419
225
351
374
339
310
337
475
272
412
403
275
423
385
237
356
455
232
451
410
327
274
492
193
431
180
697
144
590
240
240
428
420
132
512
279
403
287
278
384
460
273
464
261
238
411
368
289
375
327
315
420
392
374
286
399
427
282
453
340
366
415
354
320
264
477
236
382
474
291
328
451
318
363
454
243
459
407
343
224
543
316
324
225
502
232
429
373
243
508
337
363
327
420
254
221
445
406
254
403
409
262
402
407
275
313
457
277
280
478
362
286
325
288
348
452
308
367
379
391
248
390
473
229
347
300
424
405
215
693
187
302
443
196
195
627
281
254
486
445
251
345
487
224
484
220
300
471
346
359
361
256
537
154
441
227
492
313
419
451
322
384
304
473
196
398
397
545
263
279
398
476
247
503
278
186
636
394
153
685
182
586
140
354
368
370
341
384
541
249
466
313
496
444
346
243
594
196
529
308
338
440
258
408
354
403
504
256
533
194
631
157
398
432
241
458
352
340
560
283
209
540
361
342
397
362
333
378
401
381
349
408
336
313
409
370
332
441
379
310
331
419
356
489
217
509
280
492
268
224
607
316
343
431
391
197
484
323
147
563
336
324
338
452
308
301
577
133
635
231
378
391
236
370
347
393
430
278
292
434
271
390
484
227
344
374
375
342
292
566
192
390
438
369
286
501
170
520
333
274
446
468
248
455
314
434
229
351
500
301
457
299
426
331
345
390
373
382
455
386
288
524
435
48
622
285
322
315
406
334
449
350
402
344
384
358
417
252
436
327
438
417
250
495
337
229
588
227
279
516
367
289
519
263
282
308
348
422
395
276
311
483
307
558
101
510
260
465
307
394
320
402
412
298
284
502
366
218
484
283
348
415
399
378
246
348
444
347
434
292
539
195
455
248
388
303
559
204
344
422
384
253
408
443
242
283
470
311
338
516
205
408
398
367
100
557
297
551
184
475
318
452
195
315
382
300
218
565
238
535
285
272
478
194
362
343
302
420
429
338
425
328
416
148
479
340
331
383
395
284
561
114
479
238
500
237
392
511
235
386
454
379
356
374
448
283
389
451
221
480
261
602
208
310
340
439
323
286
551
200
350
399
237
507
241
218
461
469
326
380
324
370
475
173
236
429
400
267
348
537
274
239
500
377
214
291
456
288
384
417
206
360
561
187
430
482
359
293
529
299
388
335
360
269
404
414
239
561
378
398
238
426
368
227
374
353
332
535
141
511
294
515
129
339
465
428
241
498
326
213
427
341
320
527
189
439
373
334
480
345
225
403
365
407
190
445
511
328
332
281
532
141
463
475
165
419
445
252
472
314
371
256
336
397
394
305
256
606
211
429
312
495
259
268
310
500
201
417
389
336
250
566
249
359
334
533
232
496
319
276
405
321
386
264
540
275
323
384
276
378
335
419
363
276
331
314
418
286
443
241
324
632
268
363
355
187
456
336
399
376
319
433
281
306
457
378
285
360
343
334
236
440
294
468
141
429
400
284
251
550
138
592
156
397
281
503
87
431
428
339
425
280
427
281
370
349
362
178
571
257
299
516
255
285
451
196
477
297
320
539
133
356
496
143
386
457
269
271
508
265
345
476
284
424
232
335
350
498
172
442
310
376
305
470
307
236
441
365
389
273
301
420
282
439
83
509
244
450
306
353
335
303
534
176
370
287
364
408
183
473
402
127
570
238
265
354
367
289
429
308
381
236
513
246
421
168
498
347
233
538
318
351
386
189
370
329
369
312
261
428
218
463
286
367
169
408
289
343
417
340
210
497
211
393
323
238
256
560
198
423
285
271
486
195
351
235
493
202
422
439
459
275
405
233
435
219
363
304
324
374
387
190
493
124
489
244
294
411
363
251
413
371
142
599
138
491
350
178
481
421
228
654
96
322
515
194
308
335
358
405
182
473
363
268
191
466
394
336
364
289
513
193
390
378
283
274
507
205
450
313
416
248
520
286
367
415
245
494
375
124
562
231
310
571
164
399
282
315
307
507
266
253
378
311
225
419
337
377
137
536
249
370
357
326
241
498
234
377
270
515
163
350
262
336
280
426
390
263
307
425
261
261
444
279
266
177
623
127
503
223
249
501
275
247
327
263
510
79
575
180
497
230
317
380
352
231
344
461
357
167
524
269
230
473
268
355
401
359
286
487
231
498
137
468
346
355
186
549
275
570
184
407
378
381
274
282
480
307
336
444
226
431
359
367
433
302
472
233
538
306
358
261
338
323
533
161
543
209
386
214
452
380
363
374
287
280
581
143
471
279
354
342
311
370
146
619
226
432
379
261
320
467
237
543
119
500
227
354
365
427
231
380
361
409
328
383
231
494
229
384
545
224
438
297
259
449
298
423
238
361
403
316
420
256
477
152
599
190
500
326
302
347
441
215
365
396
310
280
376
399
373
400
227
426
284
482
248
289
361
516
219
444
331
405
245
273
399
318
322
445
189
591
210
390
300
381
276
432
378
231
545
278
241
423
493
128
456
319
289
483
363
281
564
180
364
273
413
341
431
329
479
302
283
385
316
205
496
334
237
575
261
373
320
375
320
229
399
468
160
472
380
371
391
415
160
461
394
216
330
399
375
402
169
447
275
392
341
302
365
505
77
479
410
235
264
431
306
365
361
232
449
284
434
229
414
340
289
399
299
328
548
52
612
37
544
342
165
519
373
258
507
220
381
388
220
492
232
574
275
408
334
440
196
315
376
428
218
486
464
531
96
613
304
299
239
438
291
431
381
332
584
129
371
290
389
359
478
182
472
304
437
252
360
293
292
420
250
486
326
334
479
183
473
238
404
292
374
341
414
308
397
276
555
235
265
452
229
589
129
475
288
422
357
342
135
535
381
392
233
657
159
450
240
349
361
291
490
242
431
424
134
488
329
302
531
177
580
191
420
363
340
357
376
238
419
370
316
209
598
50
553
266
375
359
286
225
396
355
512
127
435
283
334
247
583
340
179
529
378
270
348
406
135
741
129
385
241
526
224
341
308
449
330
396
268
374
388
359
180
444
365
351
284
333
466
283
258
507
286
372
311
311
324
314
454
129
488
406
255
311
433
356
276
297
436
259
334
371
296
385
411
214
361
425
275
303
433
314
263
304
225
559
260
449
232
345
388
353
256
449
261
359
359
221
472
314
216
401
371
340
216
427
473
186
369
338
272
387
228
298
537
139
606
222
269
284
499
146
455
376
324
301
391
321
390
135
503
212
339
503
239
379
392
209
432
214
318
352
253
469
266
393
321
319
313
412
174
447
354
343
215
460
208
454
233
269
376
321
347
329
419
402
282
386
254
318
403
224
513
196
474
220
429
212
497
230
466
289
334
334
497
325
328
296
419
260
432
223
412
330
426
310
212
597
198
317
391
303
350
397
408
474
97
650
144
412
282
412
335
322
416
284
288
429
190
591
219
374
477
279
421
334
429
135
463
351
285
270
576
273
330
303
478
219
485
281
310
386
354
413
417
185
608
171
421
398
319
401
135
582
174
331
439
228
451
405
77
481
515
309
333
452
183
570
200
329
252
423
381
230
356
502
139
491
254
318
309
478
263
561
164
442
283
362
324
315
405
374
332
311
410
281
408
315
277
220
501
253
350
268
418
310
398
171
546
295
268
396
360
307
426
135
552
222
167
593
168
454
338
300
411
402
210
346
390
213
432
302
174
591
133
392
280
447
282
310
357
294
532
190
312
353
368
437
235
290
558
87
470
351
308
358
415
214
434
432
192
463
414
124
601
222
225
512
214
324
337
314
455
188
357
434
321
317
409
282
341
351
244
461
223
402
295
417
147
639
49
510
322
393
189
565
230
347
393
249
455
485
135
405
378
412
260
277
468
185
435
400
340
246
422
317
411
306
381
195
460
287
464
179
311
514
229
366
418
141
553
317
214
507
217
394
232
409
175
407
497
257
211
456
278
377
344
475
90
406
397
247
169
681
186
371
352
338
335
417
163
396
411
326
385
319
470
97
430
444
248
297
521
336
278
452
362
194
571
242
501
143
492
247
423
268
383
353
245
493
219
429
215
443
250
360
320
367
229
400
287
354
312
415
178
452
319
356
317
316
236
529
318
238
519
235
284
558
97
499
318
413
341
272
446
283
417
325
445
194
410
302
373
367
399
170
584
176
326
243
600
142
447
323
496
313
231
439
385
227
405
338
248
558
325
241
516
261
213
500
223
408
318
424
248
419
408
269
261
487
222
414
341
379
388
482
156
632
253
408
251
563
368
384
358
345
469
291
398
227
401
354
416
303
499
383
334
320
591
175
353
387
383
391
458
232
435
307
414
322
324
394
319
382
355
420
342
328
289
284
437
405
341
402
233
545
236
401
328
313
326
358
374
377
281
536
239
367
321
281
335
510
244
423
425
455
170
405
225
486
440
163
609
173
454
422
380
230
499
289
235
639
304
244
659
189
359
341
376
249
475
278
332
515
294
216
431
418
224
443
315
390
322
384
382
409
192
438
388
375
195
628
36
698
251
316
376
401
316
338
386
234
431
397
260
339
285
547
198
289
502
253
320
443
294
314
445
250
469
308
345
276
560
238
480
326
416
333
283
373
323
408
342
186
540
270
387
187
521
285
291
361
334
459
208
486
257
405
404
274
300
459
298
431
261
377
325
421
292
425
482
175
359
420
174
378
489
180
541
327
282
444
473
86
397
448
298
318
400
236
451
189
475
227
377
319
375
349
354
367
266
445
277
316
232
444
265
421
145
641
133
508
189
361
414
331
277
535
155
367
423
338
186
545
294
314
371
423
400
271
281
392
336
427
285
308
393
411
324
226
528
249
402
288
253
408
482
127
401
355
422
41
643
289
304
255
663
187
219
417
385
238
450
207
429
309
458
319
182
547
181
382
362
263
427
409
215
472
308
348
251
553
44
481
282
314
495
276
376
297
345
386
316
301
345
497
147
414
437
286
437
243
343
419
489
138
568
170
482
142
535
235
416
272
581
213
470
338
473
86
535
242
283
586
282
381
494
411
306
278
456
297
194
455
278
328
322
421
273
393
286
220
560
404
258
602
266
332
336
325
344
359
343
315
376
377
487
301
399
262
407
272
544
187
504
321
361
285
532
111
417
368
383
237
588
226
433
246
430
290
254
585
244
345
376
454
338
336
260
519
199
531
210
570
201
417
339
471
90
503
233
436
459
245
336
477
227
300
400
476
195
452
362
346
582
141
389
370
207
494
386
252
507
352
390
412
545
91
429
305
425
305
393
401
521
236
372
247
525
290
327
377
505
303
305
402
366
277
480
238
243
524
140
477
350
520
132
430
291
306
336
422
353
477
194
468
294
325
377
406
216
404
502
237
538
99
505
441
100
340
667
98
372
474
369
186
550
234
365
381
339
251
626
185
479
286
393
303
454
293
550
243
485
283
458
277
560
190
262
478
373
319
450
472
703
240
384
302
494
202
486
384
231
321
441
320
383
324
473
229
478
291
225
557
319
395
247
532
162
394
511
285
357
425
393
260
392
447
344
246
475
315
142
539
319
341
470
346
207
448
431
178
522
239
319
405
336
433
363
248
379
355
359
307
479
231
483
179
484
186
442
237
533
247
544
191
468
367
240
421
475
230
448
298
261
622
216
423
328
385
220
532
255
246
562
289
380
510
129
427
269
528
271
287
492
462
280
390
335
396
332
298
426
234
504
263
276
453
342
348
448
302
213
490
405
248
595
199
358
422
452
35
751
141
392
489
400
228
433
257
415
436
272
386
378
257
447
359
281
515
190
412
433
368
311
524
187
456
295
427
278
427
263
440
369
299
474
415
331
387
292
357
449
280
425
349
364
349
325
294
370
333
320
496
237
404
338
271
404
260
400
323
311
412
266
339
449
251
275
382
330
283
355
280
406
342
470
312
92
450
459
334
185
683
84
502
362
276
232
502
140
633
213
338
418
418
232
376
242
417
488
279
220
529
425
373
366
208
394
346
407
148
567
223
369
351
459
187
327
333
385
235
535
257
409
293
317
183
337
456
341
314
491
359
400
306
408
327
305
443
243
398
335
506
295
385
201
527
135
576
201
520
283
343
281
449
219
402
284
430
237
491
287
425
290
307
429
276
339
320
390
229
455
342
398
194
497
195
388
363
414
271
429
258
292
365
385
299
309
312
487
256
400
355
328
272
441
282
278
451
153
495
364
347
178
638
279
350
310
404
226
551
251
529
94
475
343
328
217
657
150
350
378
338
364
232
383
414
287
379
368
224
457
227
588
117
495
356
354
260
432
308
308
306
461
271
201
444
425
235
373
482
335
268
460
319
280
442
269
226
594
214
324
369
326
343
255
481
193
494
191
376
243
560
175
326
412
353
263
387
354
315
426
288
239
372
381
389
224
255
666
96
353
413
331
270
441
279
412
327
366
219
474
235
423
325
372
385
328
410
393
358
286
281
462
299
438
238
352
411
240
389
324
292
429
389
222
503
349
340
352
463
151
403
334
537
231
452
331
312
282
471
212
333
460
310
278
368
367
289
318
366
279
503
395
250
586
303
301
272
571
135
443
315
383
386
439
214
347
518
87
472
211
455
430
233
474
276
358
323
283
308
416
324
330
450
305
423
276
358
233
452
223
433
406
367
422
279
234
431
341
311
411
321
192
649
149
515
430
86
451
390
211
373
525
309
279
416
354
139
587
219
236
493
315
215
521
263
260
207
658
158
326
416
373
302
391
377
170
473
467
281
267
542
176
411
342
352
237
330
353
488
123
553
297
311
339
337
216
411
386
166
434
387
221
671
219
187
498
368
396
136
505
271
374
401
271
183
492
237
418
320
448
330
274
339
352
241
424
356
357
375
473
311
376
313
247
314
336
340
349
421
265
423
381
294
216
573
195
417
316
413
347
379
213
485
259
325
240
441
228
540
275
319
453
200
448
192
404
273
446
272
347
322
401
181
574
104
466
264
422
225
562
229
278
327
431
238
322
333
438
394
288
359
358
383
389
252
323
482
194
465
363
349
275
532
87
540
369
282
263
506
270
389
100
619
249
380
222
434
314
371
301
470
341
331
290
364
348
379
196
441
309
437
339
269
381
395
360
136
573
186
382
183
606
178
326
363
333
359
372
356
388
275
415
237
332
386
309
302
402
324
344
364
293
443
235
413
373
265
305
446
127
536
311
139
616
296
303
314
424
318
267
537
138
293
549
313
264
273
576
230
365
234
432
184
466
256
333
447
290
350
395
138
548
169
368
314
502
206
355
450
135
442
332
348
377
174
415
393
311
408
326
316
335
447
225
374
268
504
88
601
232
371
443
367
266
276
507
267
271
305
411
285
366
353
276
336
401
377
451
269
407
316
317
487
289
309
455
178
535
143
468
219
440
335
377
329
415
290
229
435
285
349
461
138
517
240
432
296
365
295
301
545
205
589
45
550
311
428
257
331
422
410
273
537
253
465
173
404
356
228
441
385
189
462
396
277
320
333
317
413
333
446
226
415
399
222
501
91
414
474
279
360
466
409
216
431
227
347
431
269
480
132
562
374
219
498
228
451
296
469
177
473
423
371
368
374
230
446
256
541
103
498
356
294
443
141
396
379
375
121
433
442
258
400
456
197
429
318
348
336
366
418
317
194
606
86
473
278
435
316
310
372
344
398
184
415
301
373
275
470
391
261
499
305
89
655
238
165
535
303
411
266
435
417
212
374
314
432
170
537
389
321
370
417
181
310
442
257
376
352
365
326
348
449
127
346
420
272
490
230
305
386
466
223
401
319
184
537
325
308
391
325
404
304
201
319
346
323
443
167
492
365
171
531
177
385
263
299
354
315
267
447
203
588
124
363
249
425
273
268
393
306
224
497
221
400
301
435
117
498
242
303
396
158
436
268
351
308
313
224
286
408
300
210
359
373
294
317
462
216
487
267
424
166
344
356
314
373
279
432
262
290
431
251
368
255
387
259
267
304
394
292
254
427
122
524
246
302
376
258
309
409
