751
173
373
39
683
274
279
230
239
323
417
184
327
315
310
106
211
189
454
153
330
294
278
248
318
233
187
321
88
418
373
145
295
135
402
191
265
222
230
280
321
319
144
148
329
252
286
209
277
263
191
317
89
322
193
329
232
183
149
332
195
285
254
192
257
184
385
96
433
128
395
172
159
284
293
184
387
141
291
150
282
182
355
447
514
85
139
275
278
144
238
330
81
340
148
275
234
247
227
256
185
290
172
327
94
319
130
284
223
132
281
261
292
213
161
311
248
224
303
92
328
188
274
152
318
226
281
229
246
257
154
411
55
355
170
252
185
234
190
284
180
413
174
332
83
398
82
340
96
362
142
328
83
280
332
188
378
86
256
226
444
57
323
183
367
170
260
138
278
209
290
146
250
243
283
184
292
129
312
202
275
165
274
112
327
210
185
286
196
232
195
251
141
391
94
341
138
382
88
326
157
269
242
222
279
125
352
226
240
169
266
221
284
169
234
168
291
129
381
84
269
173
278
221
205
270
128
267
260
158
238
297
125
318
136
337
219
249
135
192
239
229
243
246
184
323
138
328
99
229
292
259
107
285
140
243
339
90
383
181
200
237
326
136
335
146
271
210
287
186
127
311
181
230
339
131
275
231
278
263
188
273
140
329
128
281
163
279
131
328
140
275
140
283
229
170
183
184
277
257
87
338
175
178
219
202
175
307
188
303
184
169
281
212
285
82
421
181
271
221
186
172
293
263
235
146
271
281
129
252
232
242
285
183
190
237
241
332
135
338
83
276
199
311
84
280
181
278
90
254
280
200
232
195
229
233
234
129
389
36
324
180
262
186
223
278
258
140
328
79
293
228
145
250
241
221
201
231
207
296
180
284
144
354
79
350
225
203
255
245
198
300
167
200
341
235
143
253
293
230
245
190
195
280
241
145
288
106
384
105
331
191
143
254
331
110
282
246
233
196
208
322
98
386
150
241
344
143
284
205
179
321
99
366
108
233
246
240
184
354
84
379
184
219
137
300
233
147
329
38
392
138
298
239
237
194
281
193
299
141
381
98
316
248
101
388
193
291
90
303
240
244
282
144
294
286
186
366
410
92
375
180
230
223
283
268
189
211
227
284
222
244
235
224
236
279
169
276
170
237
228
236
139
325
243
277
101
377
99
489
98
289
225
238
178
239
198
176
310
222
250
198
318
185
292
89
364
265
281
181
323
146
438
37
343
128
312
281
200
185
241
251
173
352
88
356
87
382
183
196
236
299
190
239
130
290
294
278
86
303
190
266
141
186
178
287
136
345
227
155
326
235
256
87
340
126
342
47
383
85
338
133
331
127
217
142
311
196
185
238
189
321
131
290
182
194
319
101
266
229
225
223
150
323
86
383
89
142
282
178
229
161
339
126
332
83
238
236
130
233
243
199
210
247
259
41
326
173
266
144
251
138
387
86
222
238
229
228
213
272
37
328
185
313
180
221
186
314
185
228
173
224
236
164
254
219
252
284
184
179
285
186
202
271
271
130
273
180
323
82
370
85
236
185
183
284
149
296
134
339
130
226
192
331
127
233
214
229
144
313
135
351
92
326
121
329
82
269
140
347
224
128
268
180
177
208
264
130
254
127
273
174
264
85
318
82
272
128
237
305
220
90
234
225
309
85
233
221
186
217
125
237
130
316
123
316
37
258
181
417
39
259
195
355
82
270
169
229
313
132
196
235
181
298
200
176
383
85
277
195
190
229
257
158
312
38
394
182
197
178
276
84
275
180
143
331
181
355
39
329
129
322
172
195
163
321
159
277
148
329
133
286
169
128
203
306
138
277
181
179
320
144
230
173
283
173
319
87
367
124
306
162
194
204
195
255
238
164
185
316
231
225
125
287
177
322
171
145
256
233
166
316
123
361
43
320
131
279
217
185
166
303
131
228
223
126
261
175
273
126
310
221
257
175
178
180
257
225
315
88
329
120
369
167
222
147
206
203
240
229
182
279
128
306
210
253
219
228
176
236
118
292
206
235
191
216
192
256
179
278
93
267
195
170
318
84
355
128
275
171
302
124
345
133
295
214
284
216
251
128
356
127
309
191
195
298
214
203
274
252
221
217
177
252
283
204
237
287
102
311
199
224
174
284
127
363
84
229
222
128
314
91
281
214
284
181
148
261
245
134
383
333
235
279
170
236
122
370
134
270
124
264
144
245
260
134
265
165
276
124
223
264
253
157
263
187
167
249
179
117
303
120
301
122
168
181
208
264
212
300
142
258
119
375
35
405
42
266
179
208
181
212
211
133
308
192
85
265
296
139
235
256
210
255
134
246
219
215
136
202
335
136
258
88
399
130
251
187
305
89
313
271
128
254
183
204
186
174
249
156
164
274
45
345
184
323
91
196
235
253
172
165
176
164
211
256
81
251
161
320
195
114
264
84
395
141
218
188
336
170
174
167
217
165
310
168
182
217
243
167
220
172
251
80
354
32
314
180
206
202
125
297
129
245
78
265
164
289
167
158
204
242
175
189
259
159
205
240
123
261
210
182
201
116
212
198
167
253
165
116
369
79
237
164
168
164
285
172
165
194
253
203
173
174
242
164
203
182
206
209
214
166
203
222
211
223
166
222
135
202
219
201
170
262
171
210
213
199
218
167
312
85
289
202
210
167
230
171
268
165
218
197
219
200
175
201
205
238
204
245
126
179
206
222
211
256
136
297
128
259
138
272
166
271
201
242
151
250
312
139
228
210
272
179
197
214
211
228
172
257
138
258
234
207
233
139
390
83
304
164
177
305
153
270
165
280
185
309
175
265
172
263
130
319
81
350
121
268
127
354
132
294
169
255
212
178
222
207
129
214
265
228
216
162
294
162
328
31
379
136
342
86
216
307
191
269
181
160
321
220
131
175
307
136
328
260
107
358
258
263
145
215
182
317
131
323
78
392
88
314
152
264
132
288
221
127
230
253
293
182
249
150
263
268
233
121
309
263
303
96
373
153
306
137
385
194
246
181
297
174
217
276
194
281
182
238
232
282
132
300
145
356
136
309
138
450
45
286
211
190
245
174
309
189
249
242
249
244
189
265
272
238
210
177
351
35
494
49
265
281
226
243
239
113
280
317
245
213
197
304
300
296
52
323
314
202
169
352
69
411
138
378
104
319
214
293
272
96
404
197
324
200
159
372
220
207
376
52
319
146
348
142
253
197
251
261
249
197
204
205
420
52
359
194
310
241
117
381
133
342
140
308
197
243
247
248
134
437
42
237
257
257
250
294
91
323
172
249
242
142
303
221
234
240
226
137
339
196
293
147
311
159
301
196
258
243
196
184
335
98
277
246
277
192
84
396
242
135
196
335
194
222
153
319
99
310
152
317
124
258
220
203
281
242
157
168
340
199
182
324
88
329
152
282
200
240
331
185
271
152
221
234
183
298
136
273
216
132
345
127
389
83
315
274
299
143
258
332
112
329
141
292
194
301
162
307
145
322
239
385
157
251
197
253
263
204
190
259
249
281
98
241
326
99
265
236
177
240
278
211
187
203
251
288
240
40
471
195
257
228
221
294
344
103
294
317
147
333
102
326
194
186
278
274
191
283
242
135
141
391
179
303
180
259
238
233
258
188
206
305
219
194
245
205
293
200
280
101
286
233
234
329
43
189
334
232
240
85
301
330
183
143
350
253
244
195
211
284
251
161
235
305
155
295
219
296
143
295
211
301
248
195
351
152
245
306
189
306
189
242
275
185
248
232
338
132
186
312
159
269
185
139
321
185
296
192
246
249
263
139
294
293
197
206
255
142
366
206
257
248
152
406
149
297
199
199
249
238
246
185
296
236
250
198
248
247
276
235
256
143
255
265
367
144
195
310
225
265
136
204
251
193
358
146
246
206
247
243
245
189
291
246
202
246
235
199
233
315
90
346
207
142
340
138
243
277
226
328
140
186
302
281
149
245
255
204
352
90
287
257
206
294
205
343
207
248
191
302
286
213
248
217
295
295
85
274
286
155
349
143
209
343
243
250
292
201
272
237
191
244
184
196
277
265
179
239
249
138
348
272
247
203
323
179
311
141
341
190
286
150
253
232
355
143
139
352
112
398
152
259
262
205
290
148
350
148
204
314
186
358
164
300
242
309
237
247
141
355
183
153
342
161
292
287
242
282
181
325
197
285
258
221
260
36
463
89
302
198
332
196
214
179
240
271
290
176
237
105
389
186
244
236
197
232
301
238
201
248
249
310
244
190
264
199
287
251
130
316
176
365
183
238
186
281
195
190
299
186
310
279
250
154
291
244
309
134
328
184
314
250
146
287
207
237
297
177
315
191
202
290
223
297
253
227
172
306
241
193
219
252
302
260
168
317
260
264
315
156
281
199
265
276
279
101
356
144
388
142
148
231
292
217
268
134
312
275
194
213
240
318
198
210
251
224
296
250
211
335
104
381
180
334
178
241
213
273
253
201
314
204
258
242
143
301
205
302
296
85
322
182
423
84
260
209
271
264
296
88
427
42
347
160
324
257
251
203
204
313
192
308
249
207
294
259
226
329
89
344
169
333
230
209
195
229
266
181
340
136
250
290
237
209
330
212
295
200
250
339
330
147
291
242
363
142
155
223
391
46
402
190
306
246
247
362
87
376
136
325
261
251
154
348
210
301
146
358
153
183
316
239
240
189
244
187
332
87
335
177
289
176
300
147
329
100
346
238
344
89
285
202
233
307
144
304
269
212
295
171
433
158
248
356
443
136
302
92
394
181
324
93
292
238
281
286
128
250
327
139
341
151
174
362
138
295
161
303
197
352
144
368
94
402
203
301
196
253
265
206
306
195
305
247
203
208
293
153
359
110
350
134
339
93
288
195
282
107
379
95
283
253
195
198
300
238
288
86
407
150
251
294
159
349
103
408
109
384
145
339
167
243
311
182
244
233
255
334
142
243
207
303
189
292
180
199
300
135
308
195
197
292
239
160
333
135
353
146
288
209
186
305
247
189
312
185
139
369
195
172
318
301
94
344
157
355
142
335
96
343
236
240
143
411
42
352
184
130
395
92
293
235
241
250
251
258
249
207
319
206
307
150
251
193
346
142
256
262
252
152
306
254
248
309
141
252
248
357
230
265
138
344
150
393
151
240
176
295
264
180
235
289
172
353
145
179
398
96
376
225
200
327
203
213
266
142
328
148
319
39
450
194
268
388
82
383
188
199
208
280
199
239
240
332
129
302
229
293
176
186
245
231
201
328
183
184
284
198
192
327
205
256
272
154
408
109
392
157
185
398
138
299
186
167
348
160
307
258
247
209
255
270
306
187
268
210
314
204
325
241
114
404
164
310
198
344
145
228
212
330
130
198
306
189
248
242
232
250
178
247
286
191
273
195
280
195
184
249
297
193
172
321
173
203
256
152
339
104
281
267
145
400
95
353
212
253
259
239
157
288
259
140
380
204
147
323
243
205
224
251
272
191
222
197
242
327
173
160
290
141
401
94
393
49
415
199
285
147
283
205
217
289
95
284
183
240
184
236
184
341
84
285
144
274
195
241
195
276
148
251
241
302
42
364
139
273
186
142
341
202
224
198
229
39
385
199
234
85
393
84
272
140
349
98
222
242
217
171
280
129
238
185
286
123
236
248
79
472
348
187
226
199
228
191
280
39
322
264
173
171
331
128
214
191
226
235
212
240
174
279
128
364
92
235
187
286
183
288
45
382
210
221
154
298
261
131
282
252
197
206
344
140
354
131
384
94
242
300
155
350
198
297
322
147
254
246
192
251
228
206
264
217
187
305
147
343
99
411
98
428
248
208
237
258
174
355
137
292
144
200
304
163
295
217
191
211
372
183
253
228
262
144
423
90
286
141
233
250
240
291
199
239
189
335
189
296
223
207
239
303
44
325
253
246
236
209
282
196
278
179
242
285
41
419
88
171
342
133
313
147
281
239
244
92
344
160
348
159
296
155
285
195
245
140
302
147
327
211
239
324
151
327
182
354
150
201
200
287
151
348
146
299
198
232
178
363
81
247
293
179
251
244
235
250
250
211
238
252
238
280
187
236
290
192
379
93
223
219
352
148
381
53
341
174
278
202
183
312
242
307
138
283
196
248
238
281
84
401
92
337
172
202
283
305
188
227
213
233
299
152
213
287
173
348
217
137
462
445
34
361
154
332
207
244
288
203
249
288
196
279
199
130
357
150
300
195
273
250
212
332
186
198
300
192
392
46
397
95
459
86
354
87
413
156
291
203
228
289
277
204
215
271
172
370
137
300
191
245
248
331
128
354
88
392
37
423
112
340
182
188
424
147
332
185
299
124
338
85
408
90
325
207
375
204
300
175
280
236
245
172
336
149
279
161
267
262
278
157
337
205
240
291
200
345
492
459
101
334
193
292
181
226
189
341
197
225
206
195
327
235
195
244
241
242
260
103
333
190
347
192
352
41
467
49
347
160
244
232
235
308
149
323
220
307
232
204
245
254
277
286
193
307
202
363
143
425
56
327
220
267
192
457
46
285
314
134
353
141
308
199
346
142
306
159
340
203
383
91
387
210
275
184
302
216
198
297
239
224
244
160
354
105
400
200
139
335
137
264
159
368
117
354
169
193
363
211
236
260
190
289
243
293
99
185
366
147
300
292
183
327
166
259
233
208
314
127
406
99
271
264
251
277
191
209
295
176
236
296
151
303
150
361
84
418
157
317
234
211
259
278
161
227
283
142
195
353
135
348
125
263
260
240
316
95
240
302
160
273
263
210
280
192
257
274
154
286
238
261
155
286
275
182
373
109
318
259
273
257
255
138
311
248
197
394
560
54
354
145
295
264
242
326
153
275
306
138
283
228
149
364
201
251
242
215
282
311
257
236
116
356
258
157
250
364
100
427
150
359
203
275
248
370
206
294
210
251
239
306
252
134
302
248
199
195
140
345
148
262
250
145
316
152
280
191
259
181
302
233
192
194
237
267
217
187
186
248
255
279
139
299
222
251
252
248
143
251
234
256
273
248
206
292
214
282
99
294
190
247
237
237
190
209
223
312
145
298
183
200
273
299
121
323
182
234
244
202
296
140
240
273
149
252
217
231
231
185
212
279
213
274
201
285
203
333
141
261
194
241
375
94
232
184
225
201
167
250
207
272
263
246
135
299
139
342
234
166
246
221
313
206
195
244
295
220
175
359
49
291
210
324
172
209
299
157
302
141
261
239
246
284
149
316
204
245
236
236
222
320
213
195
162
290
118
338
294
188
302
170
344
111
312
131
308
245
228
289
138
218
287
83
335
189
40
438
129
231
283
145
314
179
288
235
248
182
193
331
90
353
192
222
232
264
196
245
284
149
259
226
189
309
226
243
189
228
237
295
180
249
143
187
358
130
350
79
357
102
439
80
359
201
188
372
111
275
215
190
286
226
228
202
201
228
247
226
177
238
256
236
183
192
329
292
105
284
146
245
172
353
147
248
268
322
230
242
189
189
327
179
259
174
303
207
280
211
256
149
308
187
241
235
211
196
289
154
264
262
296
267
141
335
148
249
202
292
109
379
216
136
475
43
332
157
315
143
201
279
137
290
228
186
294
213
328
150
215
289
179
239
168
274
173
238
270
97
365
89
326
247
184
238
141
323
149
295
221
251
154
265
277
143
215
264
125
214
180
227
246
124
233
285
34
373
124
323
92
236
277
142
289
148
228
180
245
316
109
278
199
206
256
145
259
277
202
231
179
299
250
183
280
183
238
248
228
248
187
279
203
252
167
334
158
220
262
254
349
51
249
256
207
302
138
300
186
108
389
192
157
243
217
341
155
234
161
286
157
238
198
336
144
234
267
198
319
192
253
247
143
359
141
416
89
426
197
159
363
139
352
95
242
211
317
204
247
193
262
242
258
183
270
184
324
153
222
241
226
274
144
229
248
195
232
269
128
314
49
466
244
260
233
236
207
182
251
188
298
246
249
304
168
334
92
321
226
303
183
246
239
212
193
286
130
232
265
201
249
301
288
201
308
158
357
194
303
110
341
181
308
82
406
94
368
198
349
91
262
186
200
308
143
249
257
199
213
354
58
348
215
290
151
308
195
307
169
251
263
309
145
291
195
207
285
185
285
159
328
249
141
187
372
199
170
268
162
300
212
225
297
44
344
193
214
342
207
311
176
255
266
191
280
338
105
271
207
225
155
259
237
277
152
309
195
205
360
118
296
310
131
359
112
367
205
210
355
220
194
260
361
53
361
181
260
259
258
201
210
256
226
239
244
282
227
197
271
215
272
193
199
264
303
100
301
192
281
191
189
436
33
390
79
245
172
252
354
195
242
304
135
301
239
206
274
201
288
139
290
238
191
258
191
254
290
196
257
182
262
233
233
194
293
112
322
175
258
317
100
280
209
175
272
194
279
148
231
241
193
257
223
263
227
193
220
250
182
325
178
198
224
284
190
191
251
269
226
224
278
90
409
136
350
82
301
233
251
219
212
180
333
177
192
245
128
354
182
297
95
294
203
257
185
331
110
330
157
248
278
280
183
374
130
334
186
238
278
84
419
125
324
149
319
100
429
66
251
281
263
228
153
348
265
190
414
87
411
87
436
125
267
187
345
282
87
378
197
343
178
308
79
366
122
361
82
269
178
366
180
194
258
214
264
247
310
160
196
260
259
219
261
151
431
97
327
156
300
201
160
282
267
206
250
202
286
270
111
365
426
80
326
192
213
279
258
237
341
145
364
150
288
157
368
125
384
77
267
252
233
242
150
278
199
240
269
153
182
338
444
73
289
193
290
224
144
289
249
84
427
51
249
297
140
345
170
251
142
336
150
236
238
297
142
353
149
208
341
183
244
88
378
37
389
167
192
227
256
262
149
336
84
236
238
240
217
168
311
113
299
219
147
277
205
89
360
167
301
185
125
335
138
293
132
326
148
321
140
234
186
338
199
134
297
241
200
278
154
292
129
332
215
138
314
132
263
231
125
175
367
124
299
167
284
232
229
182
188
234
228
260
116
287
249
189
211
247
174
289
232
83
333
174
199
305
141
265
174
233
137
372
81
324
37
370
127
243
182
226
254
128
375
136
277
239
174
234
189
134
313
168
284
219
217
193
302
176
218
229
212
229
198
316
86
283
181
244
176
219
203
219
249
173
236
234
189
271
299
173
239
134
282
230
224
186
220
379
174
237
134
271
215
231
182
188
274
187
276
136
315
82
335
83
335
95
286
301
253
184
189
307
139
288
146
226
288
212
145
334
100
334
116
372
160
193
350
186
140
309
225
281
223
207
285
146
270
142
382
221
272
149
225
257
186
285
188
208
234
156
392
45
427
108
282
234
238
94
349
249
205
231
205
286
323
194
181
192
292
131
220
270
144
346
125
329
192
196
285
159
225
303
188
374
104
269
194
313
188
239
287
149
233
246
322
140
335
85
307
187
242
191
235
294
128
343
245
178
341
134
289
190
234
216
184
346
101
331
167
327
212
248
204
201
196
342
187
198
256
242
203
338
105
255
263
167
348
130
264
244
198
295
170
253
144
315
190
218
168
244
227
185
281
182
238
242
283
83
296
222
241
190
238
235
253
274
156
201
230
209
387
138
261
234
297
261
186
302
89
409
38
401
175
256
239
202
259
205
299
195
245
200
241
288
188
244
188
249
277
205
143
335
232
238
232
284
274
231
275
84
336
227
281
222
141
336
140
330
194
132
390
96
389
149
277
290
129
290
181
391
184
244
142
442
98
299
250
300
221
217
173
326
189
188
286
182
351
147
289
137
318
194
215
186
225
179
244
268
191
234
180
274
200
192
273
197
293
149
282
222
188
355
43
377
180
236
283
232
187
344
133
303
165
288
126
356
91
182
246
434
139
245
242
241
236
179
185
290
234
244
189
179
342
181
287
130
251
142
292
184
260
102
333
231
220
199
190
318
198
295
174
192
249
352
143
276
165
353
188
251
227
263
292
140
277
255
181
300
243
190
249
253
289
143
360
169
216
277
141
285
230
154
276
181
228
248
225
139
363
159
267
169
285
176
285
161
357
157
175
333
164
227
171
334
130
317
213
150
376
391
193
181
264
244
296
202
236
318
183
238
203
200
267
192
268
227
192
187
340
143
315
112
313
207
135
224
252
225
301
175
246
189
286
179
232
187
226
271
222
195
230
184
279
130
258
172
202
267
252
131
345
177
249
304
84
286
197
174
202
226
286
146
249
199
231
221
280
172
293
37
369
183
234
185
342
184
327
54
288
231
188
310
179
176
312
189
214
248
137
290
197
373
50
324
283
280
145
323
195
138
362
175
266
275
274
175
230
309
140
311
189
188
228
82
377
183
220
243
222
297
130
193
279
113
285
151
287
129
349
177
161
281
257
181
259
237
204
237
280
191
227
283
79
383
91
289
178
272
226
185
307
142
274
190
135
270
186
264
192
220
381
118
306
241
84
303
224
291
131
199
314
195
302
61
198
286
106
318
195
180
288
150
286
184
197
307
151
323
107
349
103
411
38
244
226
173
283
201
177
266
134
262
184
175
260
225
275
128
322
35
361
142
214
226
170
243
282
149
173
275
176
227
230
216
231
131
310
176
170
289
190
223
98
334
166
314
120
292
182
269
142
282
231
187
218
188
189
276
221
172
192
263
186
193
290
140
186
301
311
131
181
285
232
136
293
220
237
189
180
227
222
183
282
177
125
334
82
322
184
209
264
175
298
173
194
292
90
376
104
293
233
187
234
133
332
91
349
140
235
247
81
278
230
230
216
80
383
143
249
136
221
263
178
183
314
217
148
267
246
133
316
131
232
323
36
382
179
122
278
205
244
213
187
317
230
257
192
120
288
306
134
230
217
229
229
230
216
185
266
178
325
98
345
101
459
89
271
230
229
276
226
179
280
182
227
237
182
228
242
290
102
278
140
317
131
269
178
219
176
292
99
355
105
316
135
289
177
187
259
131
170
261
181
219
227
98
403
123
217
195
307
138
368
89
291
228
223
181
272
100
403
205
222
235
201
218
278
216
190
185
290
209
302
100
237
279
194
274
144
323
146
280
192
269
188
271
231
232
190
271
187
329
179
169
238
134
230
128
372
35
412
106
301
198
269
196
239
234
251
172
248
224
288
207
219
202
227
285
96
344
155
215
292
181
226
271
184
213
280
178
151
305
197
176
274
163
271
227
318
160
178
353
134
278
231
132
300
78
478
346
139
332
147
380
51
345
185
188
334
92
281
274
138
344
127
261
222
229
213
161
402
109
398
53
352
152
348
202
184
196
300
193
254
189
246
182
304
142
263
240
191
241
235
301
110
329
145
334
129
353
81
327
79
294
182
203
286
105
349
197
231
212
304
242
293
108
240
292
244
157
281
138
305
248
193
161
354
150
346
97
335
136
212
332
232
185
295
119
252
181
261
189
261
226
97
302
159
375
88
333
119
271
188
383
173
240
168
378
82
329
174
158
301
164
275
227
277
132
366
97
291
163
284
226
236
147
230
265
195
266
117
225
284
123
340
87
316
143
243
276
161
239
192
272
102
364
77
257
250
189
311
162
201
222
263
270
102
219
251
185
375
143
181
374
130
282
235
176
237
224
290
159
245
123
357
175
186
310
129
321
212
153
259
226
197
280
170
284
175
276
172
222
225
213
289
212
83
250
254
151
169
332
121
269
182
176
268
180
258
131
220
267
138
221
249
189
319
132
228
204
245
171
217
183
221
266
185
230
227
233
219
278
139
130
304
224
244
259
192
216
181
310
178
221
222
175
311
130
268
182
233
259
136
303
170
233
171
243
225
191
255
194
266
181
163
286
127
317
132
233
175
95
335
151
143
301
171
274
206
174
170
301
119
267
163
257
123
294
131
241
201
214
229
119
268
136
202
269
160
264
156
223
240
115
253
118
292
118
265
159
204
171
243
209
208
122
259
159
295
118
166
224
121
341
83
213
171
170
221
251
134
256
173
286
165
230
114
350
82
244
173
257
168
167
203
165
302
220
222
83
321
186
281
93
400
96
336
178
299
77
353
159
207
196
236
166
244
116
250
199
218
271
120
244
220
242
80
262
122
291
93
328
143
174
200
306
78
349
121
220
248
124
220
245
224
161
163
176
288
178
218
125
394
83
305
81
321
121
257
182
336
131
290
133
345
79
266
251
224
243
32
387
34
347
121
246
140
264
216
252
209
231
126
298
165
211
169
213
276
95
286
176
304
171
161
256
174
267
223
115
393
89
277
226
170
275
150
283
179
172
300
173
286
128
298
218
230
173
244
181
216
240
163
251
180
319
188
302
89
335
91
408
34
358
88
357
169
126
213
222
235
183
206
99
385
122
368
117
266
275
189
330
97
259
275
261
235
121
280
218
240
177
223
196
274
227
275
119
219
246
305
206
88
361
132
265
212
277
162
286
160
261
181
223
206
180
227
253
131
249
171
294
168
252
85
276
206
127
344
34
395
83
288
179
226
238
223
278
142
219
311
95
342
130
258
225
122
268
219
247
213
223
267
225
135
328
167
344
83
364
213
188
286
238
174
235
286
212
249
180
237
284
182
217
243
201
257
174
292
219
264
217
296
228
337
149
323
176
270
279
186
334
105
375
51
445
184
188
257
230
234
244
180
200
278
212
277
197
203
272
178
264
221
235
235
222
219
145
334
244
132
257
233
246
290
152
304
150
277
328
89
277
195
242
308
164
221
278
253
228
281
205
154
342
202
255
219
353
86
386
109
286
305
195
190
231
195
289
192
95
390
86
372
138
300
92
325
190
328
153
338
151
331
91
338
195
246
198
130
301
248
233
186
249
243
133
344
89
356
227
198
267
146
283
234
248
191
244
204
246
332
165
174
311
137
399
87
186
332
120
348
123
251
278
188
232
218
187
323
130
319
42
320
181
331
173
134
285
173
338
190
245
174
286
85
280
232
227
130
343
145
219
227
230
274
194
194
333
138
274
151
325
141
271
236
123
373
86
289
232
169
241
216
149
341
125
330
172
280
142
312
231
147
248
233
206
287
214
263
160
286
150
295
207
173
292
145
381
42
380
88
288
281
142
186
246
244
228
179
186
229
318
190
143
218
188
329
130
320
165
339
219
219
187
283
239
203
228
356
124
329
140
209
319
125
194
270
174
270
171
263
179
177
317
185
306
239
329
139
329
124
287
187
329
133
334
132
280
195
327
94
343
195
301
231
56
389
172
289
82
275
205
274
228
286
133
283
233
236
236
207
340
149
380
161
274
277
218
269
236
193
235
256
277
139
329
227
236
218
200
173
