1027
814
746
472
786
659
483
469
652
684
664
510
501
559
443
686
504
651
501
479
584
544
648
452
606
563
477
589
565
535
713
526
334
624
628
490
511
576
558
368
703
479
426
516
537
478
563
469
552
458
543
597
475
687
517
465
473
565
595
656
441
484
468
512
644
541
546
564
473
534
629
452
673
509
452
532
532
487
547
624
506
485
490
540
474
479
490
543
660
476
531
513
650
538
481
508
534
376
515
488
502
566
487
485
516
602
516
389
630
417
522
475
524
518
486
471
667
565
476
522
543
544
457
473
648
510
459
503
541
504
421
569
498
407
494
516
400
552
542
446
538
560
602
455
513
552
526
466
477
571
574
470
469
519
545
512
536
392
564
470
521
423
472
610
401
462
571
543
475
533
532
593
432
528
556
521
544
487
547
567
517
596
453
524
434
544
591
432
533
487
588
583
476
474
477
585
541
511
455
582
479
480
593
479
575
575
484
439
679
487
595
429
684
454
453
610
550
559
480
563
614
431
546
494
507
528
526
479
635
563
460
487
644
613
482
504
645
560
480
474
596
533
483
486
537
631
543
472
423
617
488
465
506
383
582
619
429
527
588
471
509
450
510
426
556
467
472
513
500
503
525
337
510
489
513
471
412
539
559
315
551
420
508
529
558
491
508
501
498
460
541
463
421
571
511
519
520
447
589
561
379
521
476
530
468
460
494
419
494
534
457
548
539
454
440
518
429
399
403
491
507
441
503
584
457
366
451
491
442
490
417
501
566
416
535
479
578
529
447
446
549
464
394
563
414
506
417
589
548
498
512
524
525
460
377
493
556
454
461
504
454
577
484
458
537
547
542
415
502
492
488
442
493
499
412
613
454
481
451
482
481
435
546
449
546
530
453
489
519
519
561
450
451
507
508
411
438
508
504
405
676
415
579
473
501
512
486
592
496
554
484
532
538
531
619
426
546
408
501
485
418
500
461
475
528
513
546
553
407
495
456
497
444
475
555
453
474
371
423
473
539
556
382
597
446
438
391
478
485
425
470
544
468
438
521
540
447
440
574
397
637
442
392
506
407
538
418
423
539
373
395
421
464
506
431
539
490
469
483
518
450
449
433
383
532
447
454
429
387
519
432
489
487
464
411
474
424
412
463
326
531
411
498
378
489
517
368
429
418
505
429
483
446
502
435
424
452
483
560
415
533
309
546
462
379
568
374
473
436
513
529
456
440
504
533
498
485
463
476
531
449
495
444
613
442
594
490
497
495
473
406
517
398
621
500
485
475
533
485
459
535
478
471
526
505
441
539
485
513
594
438
540
541
418
564
469
440
518
507
540
554
435
616
569
472
602
490
522
474
592
469
571
535
537
501
690
420
501
548
441
536
560
537
468
511
594
511
586
572
605
504
599
427
521
524
552
539
536
613
604
582
597
653
404
497
547
515
500
412
668
668
361
575
584
597
498
574
456
550
443
601
391
583
566
420
687
343
674
513
471
538
526
472
521
491
582
425
515
598
431
520
535
513
439
574
507
491
574
523
500
438
538
527
520
529
546
593
490
486
567
624
636
498
513
570
493
493
570
367
506
526
512
640
483
636
452
641
523
680
431
518
511
474
436
630
550
525
539
514
563
557
528
483
473
480
569
434
626
539
545
508
549
507
543
610
563
505
596
497
556
483
568
537
473
562
504
509
534
548
454
590
502
622
517
567
493
503
589
581
587
503
526
543
462
672
508
493
552
550
444
514
479
597
540
437
599
449
637
467
511
528
630
443
601
497
519
658
550
551
545
602
502
518
597
563
534
540
568
539
473
492
535
575
584
516
502
577
509
569
449
560
629
496
508
558
608
510
605
662
428
547
506
582
621
615
546
484
506
595
531
438
472
659
547
433
570
597
498
562
557
531
489
546
599
515
485
645
491
599
602
561
502
446
593
532
606
514
608
458
594
515
620
600
534
590
516
608
557
488
427
512
547
491
610
572
578
520
638
583
562
449
578
573
517
585
510
605
381
633
528
563
518
567
584
457
672
512
595
539
561
527
576
495
633
481
530
591
568
600
568
587
500
585
616
695
520
551
524
555
517
611
514
502
586
478
466
718
360
590
546
585
490
592
494
484
634
581
455
624
698
426
524
565
517
579
495
539
492
611
499
630
534
611
528
556
709
392
627
512
427
537
437
522
542
596
584
496
541
671
514
549
556
451
583
491
637
548
537
543
440
543
534
541
446
540
603
439
555
609
538
490
521
639
532
524
574
496
571
427
495
610
559
570
522
543
550
614
571
458
548
608
498
638
547
614
508
467
630
474
542
567
581
527
470
469
647
659
511
507
533
524
621
589
407
574
437
605
445
587
583
573
552
586
534
564
519
720
367
600
538
521
569
634
565
492
579
485
541
542
575
480
565
478
486
589
548
485
445
546
459
605
673
498
495
402
679
430
629
584
517
525
424
493
583
621
579
433
491
608
426
470
481
479
512
439
588
540
507
462
486
571
430
485
476
437
458
540
418
544
459
520
470
569
430
563
328
429
639
390
419
504
583
509
514
501
476
474
554
480
562
465
508
591
488
568
501
552
736
404
642
490
484
599
449
494
739
506
545
420
549
621
460
520
603
543
573
470
486
579
537
531
569
492
581
495
504
614
427
476
510
516
501
525
435
549
557
597
499
505
577
528
573
585
401
551
497
540
530
438
577
599
540
552
493
518
578
477
541
503
595
546
491
611
587
487
575
488
477
573
541
489
489
615
567
448
683
512
532
605
496
586
481
490
565
507
652
485
484
753
557
443
503
617
559
484
489
642
537
631
535
423
677
582
521
576
545
511
450
579
631
528
512
573
574
591
495
493
634
548
492
507
586
476
525
577
489
616
592
462
525
580
507
566
552
525
569
475
696
560
607
557
622
571
548
517
507
642
496
565
534
511
596
665
597
555
600
517
407
462
648
489
509
530
625
576
555
586
537
512
492
631
489
499
505
508
622
587
561
415
638
576
561
477
612
540
513
340
651
518
567
523
496
584
551
452
720
441
505
516
533
628
639
503
617
479
664
561
487
664
447
514
516
553
647
623
466
614
617
530
629
567
627
556
507
580
608
504
489
518
504
471
522
480
526
507
541
360
622
579
608
491
493
636
435
497
545
487
642
499
485
526
478
589
481
552
416
488
559
525
491
591
491
477
660
471
462
561
437
556
427
582
562
515
522
499
503
537
504
554
555
467
543
533
521
536
563
576
471
601
485
529
517
644
476
483
496
519
533
425
565
538
539
516
480
455
623
489
504
524
581
489
512
578
387
551
516
654
548
441
550
573
515
433
584
455
546
522
479
632
394
625
523
477
561
519
441
633
551
505
453
527
602
542
500
689
400
497
533
697
483
537
472
483
459
566
518
509
497
495
511
470
618
524
475
520
452
545
490
397
493
485
458
500
418
571
431
468
606
435
472
557
482
413
695
509
489
577
489
510
495
594
497
512
562
497
443
499
506
553
483
451
634
536
475
550
451
545
604
541
614
558
558
519
503
599
547
480
466
503
474
540
443
517
422
583
500
486
593
606
550
464
575
532
459
517
492
571
588
469
725
589
492
534
534
478
505
511
498
516
471
648
469
614
518
575
528
551
526
490
485
557
556
523
498
489
516
714
431
615
621
439
432
540
492
573
562
514
649
482
638
504
675
503
465
615
469
535
530
593
530
517
505
499
518
628
435
502
609
492
554
466
600
538
524
501
591
456
589
479
453
581
497
490
555
534
480
495
535
556
480
499
477
477
554
534
453
588
599
492
529
516
510
553
524
554
398
535
490
529
608
609
520
595
424
691
532
398
577
603
458
548
538
692
596
528
622
590
493
486
535
495
509
521
627
402
594
516
526
599
458
660
438
635
521
426
561
484
552
489
562
608
678
452
532
527
442
479
469
520
485
517
482
626
387
587
521
494
480
538
559
555
518
469
470
512
565
533
434
462
565
415
413
533
530
533
473
470
522
552
482
487
584
571
445
466
585
398
537
407
556
564
517
371
516
584
467
499
426
559
507
497
413
456
542
465
515
482
598
515
426
450
586
453
532
535
462
503
467
423
514
511
520
507
474
569
506
657
399
513
493
419
505
560
506
421
542
586
499
430
521
505
437
582
555
485
553
554
576
476
570
557
417
575
457
436
732
435
534
489
517
519
626
431
441
570
474
583
477
641
565
442
533
534
482
613
479
542
436
532
525
625
520
487
547
489
588
506
503
447
603
557
459
459
591
609
482
443
554
585
410
522
483
422
520
623
491
479
600
486
540
561
537
502
579
498
609
517
491
581
531
481
445
610
632
502
456
606
514
575
527
525
542
617
473
617
489
543
597
524
551
551
471
543
526
500
508
511
524
503
439
516
588
466
447
612
554
594
530
501
485
480
576
490
576
507
538
371
567
534
536
552
472
517
511
496
578
478
507
637
503
526
595
484
646
502
591
431
476
474
563
518
468
599
513
562
476
618
394
508
547
455
584
536
492
600
504
498
521
505
465
529
560
440
527
569
488
462
516
544
516
468
482
508
433
617
556
373
530
522
440
558
424
465
555
422
679
513
422
626
458
556
430
573
524
574
521
543
495
549
632
454
565
463
451
468
430
529
501
419
588
544
545
531
583
508
514
476
492
548
463
371
547
551
502
550
520
477
561
500
551
387
418
483
474
521
530
505
500
516
530
534
445
491
503
498
460
489
416
477
408
493
596
444
593
464
435
483
455
559
516
455
517
450
499
482
432
618
402
520
477
511
506
458
457
502
509
569
465
540
512
451
561
414
545
378
492
471
411
572
482
439
592
470
457
543
558
424
543
302
595
550
452
551
536
494
596
448
552
507
502
596
508
451
515
518
514
434
617
447
441
519
462
509
469
492
441
402
413
572
541
519
514
454
507
571
552
518
401
512
673
434
576
553
429
513
512
560
461
511
451
457
421
561
543
531
586
515
581
416
575
496
462
563
458
496
460
516
480
588
494
571
512
516
478
488
482
530
465
579
558
485
571
490
566
510
497
544
448
496
607
471
514
592
423
644
482
485
493
479
492
457
587
505
507
655
442
472
544
617
444
476
601
460
479
560
491
371
501
532
581
619
462
543
506
512
545
489
466
600
413
534
505
434
556
464
462
566
464
405
506
559
532
412
637
492
511
465
507
563
468
505
450
595
482
490
550
516
493
611
397
441
550
466
404
494
464
534
440
588
435
452
503
577
407
457
496
518
546
435
514
502
451
573
443
487
554
434
532
505
522
497
450
493
451
456
478
486
504
358
558
437
461
468
445
446
483
425
522
504
411
455
425
499
366
463
421
416
471
427
433
440
561
461
439
510
423
378
462
470
485
412
521
629
519
512
460
435
493
373
610
410
422
470
387
474
524
497
439
456
466
475
467
399
522
434
486
483
636
393
522
519
556
370
470
511
367
572
466
465
410
507
534
466
541
554
409
451
492
524
476
456
519
507
507
453
533
627
469
502
499
440
431
499
455
470
528
598
527
464
613
503
502
462
504
501
445
486
534
517
507
571
447
522
438
427
507
380
485
477
481
470
589
475
585
534
474
398
515
536
494
458
512
580
528
494
609
541
600
463
461
529
544
534
584
629
523
533
437
683
487
574
433
533
539
557
488
473
536
541
488
533
548
458
545
572
583
542
484
535
515
620
442
640
452
582
527
433
670
378
524
521
534
486
589
447
479
628
495
480
540
562
476
485
502
533
533
499
492
470
597
575
510
505
551
477
511
504
514
438
506
475
445
554
499
532
589
520
518
411
598
378
495
475
515
562
544
433
571
553
540
485
505
568
481
471
572
420
489
514
550
418
472
601
546
441
527
622
483
597
489
465
494
486
541
540
614
471
604
419
515
478
585
521
442
654
422
575
564
557
478
549
628
483
541
616
494
419
644
527
