838
507
683
556
472
458
469
645
353
469
565
375
438
529
466
455
457
279
336
388
596
356
605
363
466
397
335
498
502
292
453
414
430
424
480
380
400
405
473
532
380
480
374
390
485
425
393
494
353
224
469
417
425
479
235
429
424
479
342
478
360
418
370
410
416
425
410
409
387
486
328
465
473
319
467
459
385
376
479
336
382
375
550
509
441
255
437
379
373
489
419
403
485
444
412
507
433
371
299
397
496
385
463
358
385
343
409
437
424
439
299
333
488
438
426
417
383
382
410
480
469
384
318
413
362
376
515
312
349
428
419
355
421
482
272
366
433
427
412
337
375
477
343
375
524
315
439
286
432
469
353
511
372
388
393
427
441
369
475
318
512
368
359
472
412
393
274
380
368
424
407
274
363
363
507
307
380
412
389
356
453
373
461
455
410
370
410
335
473
401
439
388
376
375
438
476
275
372
355
421
371
488
300
379
365
424
431
367
445
317
373
401
410
388
388
387
380
436
477
336
447
382
382
408
395
408
400
492
399
397
374
388
470
445
243
400
432
392
485
342
344
436
431
487
394
442
389
330
423
419
443
337
387
472
332
359
477
441
236
436
495
427
333
495
429
335
426
492
385
390
452
425
396
432
454
410
414
369
417
460
345
469
465
342
422
405
449
324
424
374
424
336
479
537
429
379
310
393
453
426
469
344
422
485
465
472
438
385
317
459
387
444
419
432
302
477
333
453
380
423
425
395
379
368
367
383
484
289
464
446
426
385
384
306
347
412
362
460
366
299
410
421
293
423
453
355
419
284
427
377
323
346
468
332
420
273
479
328
331
315
454
378
432
430
267
375
409
446
368
322
396
373
409
455
363
306
379
446
469
372
348
443
362
369
408
370
379
316
393
384
474
316
389
394
403
293
451
446
412
367
309
367
392
399
317
389
304
339
354
360
406
357
320
353
313
462
397
412
276
300
370
356
402
306
407
280
453
399
400
360
450
343
377
390
477
365
388
318
371
321
394
437
447
317
279
417
500
418
403
311
360
396
428
415
376
260
419
327
460
407
377
415
347
279
494
389
276
402
386
306
472
459
327
462
340
363
402
400
403
363
358
319
307
437
454
347
348
272
395
448
304
440
406
313
458
445
372
357
388
321
322
437
423
450
367
299
414
383
353
412
410
315
368
318
442
406
476
327
365
425
415
381
445
439
278
409
515
434
389
435
332
444
392
372
419
407
302
315
457
402
375
367
315
412
339
426
415
435
351
356
371
357
411
413
356
306
311
440
432
386
357
347
250
377
426
306
401
332
350
437
413
446
221
398
259
426
345
331
396
355
453
329
434
348
354
288
431
306
440
478
401
364
364
399
283
363
408
340
359
312
417
396
339
292
343
296
334
336
473
380
172
497
409
426
336
308
348
339
405
369
346
342
395
357
349
287
380
377
303
355
391
285
420
405
325
328
322
275
424
293
325
383
318
330
404
291
382
287
375
278
435
324
388
287
388
329
345
354
406
285
423
307
339
386
373
346
348
414
339
445
268
386
336
328
334
446
452
265
287
398
342
398
395
360
351
410
439
402
329
390
315
414
343
404
356
404
399
353
386
391
403
466
404
271
359
445
386
452
434
213
306
489
425
385
396
340
346
265
487
419
437
259
401
384
469
329
458
398
354
343
425
444
417
352
416
352
408
366
473
405
371
221
471
360
403
487
395
382
357
521
402
427
407
382
392
430
434
451
371
374
328
468
434
464
349
386
397
449
376
402
481
348
442
409
374
451
432
351
442
440
472
355
456
389
355
455
506
376
519
319
448
359
485
474
355
371
499
491
530
365
548
287
354
402
453
347
417
404
469
404
494
415
440
310
425
452
493
341
481
291
419
399
385
450
494
343
326
477
269
488
498
403
407
361
440
338
436
428
425
229
489
383
538
319
300
415
365
403
481
385
447
225
542
286
470
325
485
387
419
379
408
233
535
394
480
334
268
592
445
402
398
378
388
450
424
470
582
304
513
355
397
400
392
342
428
319
409
474
356
502
386
190
517
491
483
528
346
414
440
431
283
517
418
439
279
525
397
396
384
402
407
463
442
302
453
330
477
375
432
382
434
378
424
287
450
400
508
439
399
305
509
462
441
355
507
450
289
565
405
379
376
433
520
276
427
462
342
348
444
450
452
342
447
348
466
413
359
511
348
499
400
448
422
388
403
501
411
404
401
316
512
459
388
337
505
411
349
363
382
437
451
433
490
287
363
449
449
326
417
420
473
401
378
402
447
358
547
400
464
397
442
409
440
423
463
332
488
465
355
440
399
496
421
368
390
431
403
392
377
527
395
516
358
485
376
366
375
501
452
344
363
524
390
408
406
464
391
474
448
492
348
444
502
297
484
497
399
435
546
339
391
349
503
374
417
376
418
379
425
441
483
331
455
389
401
463
444
405
499
325
393
500
427
378
341
438
550
449
348
499
313
487
509
343
392
489
408
346
461
460
419
437
341
457
415
431
429
534
408
430
391
482
557
388
245
427
364
405
501
444
354
460
361
519
515
391
371
297
515
457
483
470
346
455
447
297
509
410
460
347
458
437
296
518
522
369
511
303
468
455
459
393
440
370
385
600
504
229
450
426
303
530
494
459
440
451
437
536
406
300
470
464
342
555
510
307
501
485
344
464
462
507
296
359
482
436
375
572
380
265
450
432
346
585
319
359
498
397
484
469
492
350
356
495
389
489
372
327
525
480
381
469
390
279
418
436
505
458
359
507
400
451
351
530
402
503
372
392
458
463
428
281
346
392
477
384
393
458
385
339
555
444
511
424
242
489
461
395
490
382
451
441
395
395
432
446
234
506
450
328
494
446
393
343
404
439
453
395
430
421
355
446
544
392
400
419
296
422
496
429
429
336
296
553
451
484
465
305
343
491
457
471
415
396
453
460
400
498
485
301
440
375
472
465
466
394
327
398
475
428
430
448
472
286
360
535
523
330
426
448
444
387
528
375
335
472
434
381
382
370
436
460
368
479
463
412
393
544
398
228
518
470
316
617
362
446
417
476
476
316
517
464
445
376
497
336
401
388
477
389
333
436
424
371
442
445
280
451
443
305
446
449
400
345
522
398
454
396
353
429
417
506
384
444
462
281
484
261
453
545
490
197
503
395
332
442
428
363
387
421
383
372
373
287
395
427
395
446
405
374
241
431
429
430
395
418
192
433
373
450
264
462
365
354
384
318
390
475
266
445
428
273
429
372
440
214
419
408
420
350
415
318
459
381
425
379
389
346
347
511
374
394
356
437
488
429
351
401
437
411
629
346
446
339
362
407
455
403
453
529
459
351
389
427
439
403
418
364
405
457
354
493
419
339
374
444
534
344
332
481
382
409
525
325
446
395
391
477
330
425
465
216
429
414
424
441
399
326
426
412
381
391
461
417
397
429
476
495
293
411
388
400
396
390
531
290
380
437
503
391
452
396
377
426
440
424
439
454
281
462
408
443
412
442
380
436
436
376
446
432
319
386
451
443
488
356
522
348
314
505
503
361
396
385
450
455
487
327
449
345
412
507
402
436
447
333
448
400
502
444
459
450
389
334
484
489
480
408
382
402
419
443
482
423
338
396
518
482
487
380
272
399
486
533
440
416
279
475
390
443
478
444
445
388
389
450
492
459
375
384
348
418
448
485
375
427
399
382
407
439
540
348
398
406
510
417
463
294
392
461
501
440
522
390
402
466
425
548
517
457
287
402
450
452
453
380
368
503
477
483
523
358
364
401
470
352
462
445
441
331
426
428
414
365
521
394
451
435
395
512
351
433
468
357
400
474
439
285
449
531
355
407
351
450
366
451
505
477
343
464
428
427
340
441
398
391
402
417
392
411
481
460
487
330
443
379
384
458
451
320
476
533
396
362
448
343
560
514
453
391
482
389
377
470
409
348
456
500
410
457
524
309
617
462
260
523
478
418
546
421
345
497
466
381
338
453
356
347
417
431
356
486
374
383
372
407
437
380
348
472
401
458
441
344
433
428
378
384
345
482
435
351
499
378
290
476
387
444
393
390
392
371
387
426
333
423
433
445
434
444
291
458
432
375
414
340
365
401
452
331
391
441
428
396
482
326
511
338
401
461
425
326
398
467
389
400
436
369
443
431
400
398
414
317
573
514
265
404
446
351
433
430
407
321
390
480
276
418
472
412
423
398
374
446
293
478
388
485
307
479
448
376
283
472
419
356
548
329
337
358
476
449
397
437
493
381
324
433
432
247
515
388
379
453
406
392
394
339
440
415
428
518
273
468
388
351
490
470
363
336
487
350
446
442
443
351
398
434
400
491
355
475
451
413
347
419
337
370
386
495
412
384
324
402
414
328
415
431
414
339
475
394
376
422
321
446
314
346
378
334
409
422
311
363
439
379
379
338
406
390
275
439
493
346
280
523
433
378
400
381
374
485
422
334
491
409
403
458
379
321
447
352
446
339
510
303
398
349
439
434
438
313
459
420
281
503
467
509
479
343
352
504
367
454
458
359
387
397
480
363
382
368
327
388
506
403
473
149
479
394
300
484
402
444
360
503
410
484
289
432
358
419
449
448
417
432
417
409
500
454
492
243
428
483
389
460
454
245
457
308
513
409
508
258
470
408
347
532
434
357
433
325
490
393
522
297
443
405
440
364
435
319
494
430
480
353
520
344
386
340
439
386
415
403
420
411
450
414
575
430
358
457
415
499
363
463
369
530
306
462
427
428
333
395
420
392
433
396
382
381
379
420
567
377
496
352
326
437
490
393
432
408
360
427
400
446
373
444
437
314
439
383
387
422
384
324
437
387
448
334
381
354
470
381
436
396
404
408
371
459
439
386
392
414
389
419
388
440
333
341
456
398
422
443
408
462
282
507
523
422
411
317
372
466
489
296
411
425
443
458
504
501
436
395
381
481
534
432
444
397
318
346
450
495
352
371
458
473
360
414
483
344
379
445
391
460
473
351
395
366
479
426
307
412
377
498
425
531
456
410
350
339
463
437
431
399
365
285
338
480
389
426
309
397
437
324
492
389
388
334
430
436
397
498
360
341
430
469
284
459
381
420
393
281
414
421
350
394
372
427
297
452
379
313
429
430
371
472
323
387
393
434
394
485
335
421
310
403
355
359
453
415
463
326
374
371
362
339
432
422
335
466
318
427
369
362
402
366
419
408
317
275
427
430
416
407
338
411
279
402
413
439
367
480
362
359
370
433
310
380
336
410
323
473
420
432
325
419
406
417
467
369
364
310
410
420
403
378
375
267
433
444
444
331
347
451
417
400
391
330
443
406
371
361
537
424
374
398
466
426
396
390
446
372
343
394
447
481
334
397
397
435
439
388
429
378
400
288
483
433
325
483
325
387
439
475
396
444
386
483
425
379
433
394
336
333
483
424
386
480
322
440
350
490
344
343
457
455
339
447
448
397
412
359
399
518
335
404
443
381
371
416
450
278
469
378
381
275
476
387
375
446
328
447
346
483
451
384
464
340
456
444
454
381
467
358
443
385
382
486
337
443
481
419
436
411
465
411
323
466
431
276
491
474
291
487
429
422
529
343
317
502
400
531
418
446
380
375
447
439
407
369
280
407
434
419
415
332
419
387
444
367
457
363
381
470
381
385
439
456
370
289
391
533
490
373
388
376
322
434
438
471
285
324
440
321
515
427
448
308
472
401
435
382
373
429
503
443
380
439
340
436
440
443
417
388
357
441
426
329
375
471
417
375
353
372
400
474
511
302
318
412
453
416
377
400
448
384
473
445
321
360
521
358
422
329
387
387
355
487
386
438
424
389
310
380
455
267
428
466
341
319
474
287
525
391
336
399
379
363
341
408
411
369
423
411
374
416
395
321
420
466
450
357
319
428
434
476
384
329
382
521
411
453
459
351
497
362
326
419
417
362
332
522
234
425
393
395
436
281
386
441
392
451
530
271
365
477
382
360
414
346
380
328
459
372
356
453
506
378
340
365
422
289
366
487
387
364
407
374
335
413
471
408
285
368
426
416
332
403
445
228
443
410
408
361
359
267
375
434
410
362
450
315
403
307
372
416
435
275
442
363
414
423
367
322
373
405
317
413
431
294
430
406
469
331
333
460
372
372
313
412
462
305
374
388
317
440
426
424
292
341
424
468
359
347
403
321
351
411
383
395
316
356
401
448
418
289
452
323
365
480
303
389
460
413
324
452
363
446
367
357
368
443
366
461
396
382
320
504
376
411
459
362
381
373
493
321
419
345
317
358
394
408
416
382
367
302
400
306
398
408
313
372
448
368
482
355
371
364
432
460
373
421
419
374
360
434
339
471
470
297
376
408
464
408
426
422
266
364
416
413
414
278
414
431
428
340
474
423
345
434
413
397
324
441
410
358
364
416
395
334
440
380
439
341
490
474
266
285
478
488
431
431
288
324
484
376
374
473
396
361
377
455
457
398
410
343
483
348
391
437
353
408
389
339
486
442
436
404
208
409
479
404
431
311
387
465
436
351
456
398
371
449
357
453
444
391
245
518
380
377
436
353
408
279
464
466
372
354
521
370
364
366
506
380
386
365
412
423
374
410
323
374
413
464
303
418
374
406
283
466
359
427
340
313
452
454
366
447
311
324
393
462
412
381
520
372
360
360
371
402
364
397
401
414
412
430
398
369
370
396
427
336
423
275
453
264
410
399
362
351
447
264
441
454
290
390
353
398
397
334
351
378
421
389
370
460
440
365
359
313
441
401
326
394
439
366
363
428
355
408
268
452
360
368
273
489
332
286
352
478
382
308
423
218
333
445
294
407
346
399
381
291
377
371
374
283
301
378
379
324
426
375
243
346
387
299
344
355
389
297
454
347
393
286
266
374
334
470
353
417
393
252
499
376
440
433
327
281
362
363
334
419
433
345
325
351
380
371
277
390
280
433
421
295
426
309
302
368
359
522
305
345
398
311
428
373
481
307
291
430
434
387
250
430
391
386
360
337
383
342
319
424
440
295
433
410
301
382
458
410
312
389
339
309
456
480
406
428
263
359
434
401
411
427
322
417
392
396
301
320
364
308
470
448
477
336
389
464
423
311
423
458
375
361
352
376
364
514
452
307
342
405
449
361
348
348
353
386
378
385
340
404
295
300
481
422
370
368
371
360
406
389
435
398
319
409
364
450
370
514
405
300
435
415
468
383
426
415
267
419
420
469
382
375
534
428
502
383
461
336
437
504
373
433
431
383
375
445
299
459
408
413
417
354
435
334
453
385
346
457
509
428
332
456
345
431
374
489
455
358
431
376
498
430
408
375
328
396
489
415
337
363
441
394
426
438
437
398
331
346
439
438
379
390
402
428
416
387
381
438
407
378
398
395
489
468
272
375
477
375
363
471
303
382
327
507
422
287
486
353
374
336
455
427
321
386
394
391
422
431
470
319
319
462
332
404
460
382
325
416
368
457
399
378
448
311
377
439
464
363
349
375
471
382
430
337
420
378
377
408
364
333
402
403
561
356
336
445
524
327
457
406
219
419
401
437
268
450
452
571
365
372
383
417
422
470
382
440
336
394
482
419
312
433
325
422
519
380
441
353
480
478
446
420
388
398
320
559
367
338
