40746	1372	904	21
85746	1362	904	27
1.3072e+005	1404	904	26
1.7572e+005	1094	904	24
2.0959e+005	1370	904	24
2.5459e+005	1217	904	26
2.9959e+005	883	904	21
3.4459e+005	1225	904	25
3.8581e+005	1419	904	27
4.3081e+005	1284	904	28
4.7581e+005	1086	904	26
5.2081e+005	1160	904	27
5.6581e+005	1096	904	25
6.0972e+005	1407	904	31
6.5472e+005	1327	904	30
6.9972e+005	1098	904	22
7.4187e+005	1400	904	29
7.8687e+005	1069	904	25
8.3187e+005	1175	904	27
8.7687e+005	1352	904	31
9.2187e+005	971	904	23
9.6451e+005	1415	904	33
1.0095e+006	1101	904	26
1.0545e+006	1256	904	29
1.0995e+006	1288	904	29
1.1445e+006	1037	904	24
1.1892e+006	1376	904	29
1.2342e+006	1055	904	23
1.2768e+006	1380	904	28
1.3218e+006	1096	904	25
1.3668e+006	1232	904	28
1.4118e+006	1160	904	27
1.4568e+006	1222	904	28
1.5018e+006	1162	904	27
1.5468e+006	1236	904	29
1.5918e+006	1080	904	25
1.6368e+006	1271	904	29
1.6818e+006	1211	904	28
1.7268e+006	1237	904	29
1.7718e+006	1197	904	27
1.8168e+006	1215	904	28
1.8618e+006	1217	904	29
1.9068e+006	1284	904	29
1.9518e+006	1237	904	29
1.9968e+006	1231	904	29
2.0418e+006	1254	904	30
2.0868e+006	1071	904	24
2.1269e+006	1393	904	32
2.1719e+006	1096	904	25
2.2169e+006	1089	904	25
2.2619e+006	1345	904	30
2.3069e+006	1201	904	25
2.3489e+006	1393	904	30
2.3939e+006	1295	904	28
2.4389e+006	1088	904	25
2.4839e+006	1181	904	28
2.5289e+006	1255	904	29
2.5739e+006	1140	904	28
2.6182e+006	1409	904	32
2.6632e+006	1160	904	28
2.7082e+006	1111	904	26
2.7532e+006	1241	904	29
2.7982e+006	1228	904	28
2.8432e+006	1141	904	27
2.8882e+006	1245	904	29
2.9332e+006	1104	904	26
2.9782e+006	1206	904	28
3.0232e+006	1168	904	27
3.0682e+006	1178	904	28
3.1132e+006	1141	904	27
3.1582e+006	1117	904	26
3.2032e+006	1316	904	31
3.2482e+006	1157	904	27
3.293e+006	1386	904	32
3.338e+006	1230	904	29
3.383e+006	948	904	23
3.428e+006	1148	904	26
3.473e+006	1334	904	32
3.518e+006	1069	904	24
3.563e+006	1173	904	27
3.608e+006	1090	904	26
3.653e+006	1342	904	31
3.698e+006	987	904	23
3.743e+006	1158	904	27
3.788e+006	1191	904	28
3.833e+006	1073	904	25
3.878e+006	1206	904	29
3.923e+006	1071	904	25
3.968e+006	1143	904	27
4.013e+006	1385	904	32
4.058e+006	1149	904	27
4.103e+006	1067	904	25
4.148e+006	1072	904	25
4.193e+006	1080	904	24
4.2368e+006	1388	904	32
4.2818e+006	1146	904	26
4.3268e+006	1321	904	30
4.3718e+006	1125	904	25
4.4111e+006	1383	904	30
4.4553e+006	1365	904	30
4.5003e+006	1105	904	24
4.5453e+006	1199	904	27
4.5903e+006	1212	904	29
4.6353e+006	1185	904	27
4.6803e+006	1103	904	26
4.7252e+006	1377	904	32
4.7702e+006	1180	904	28
4.8152e+006	1225	904	28
4.8602e+006	1242	904	29
4.9052e+006	1237	904	28
4.9502e+006	1200	904	28
4.9952e+006	1232	904	28
5.0402e+006	1181	904	27
5.0852e+006	1065	904	25
5.1302e+006	1107	904	26
5.1752e+006	1182	904	27
5.2202e+006	1306	904	31
5.2652e+006	1171	904	27
5.3102e+006	1081	904	25
5.3552e+006	1346	904	31
5.4002e+006	1026	904	25
5.4452e+006	1317	904	31
5.4902e+006	1242	904	28
5.5352e+006	1190	904	28
5.5802e+006	1274	904	29
5.6252e+006	1109	904	26
5.6702e+006	1275	904	29
5.7152e+006	974	904	23
5.7602e+006	1258	904	29
5.8052e+006	1139	904	27
5.8502e+006	1037	904	25
5.895e+006	1364	904	32
5.94e+006	1286	904	29
5.985e+006	1157	904	27
6.03e+006	1183	904	28
6.075e+006	1237	904	28
6.12e+006	1248	904	29
6.165e+006	1105	904	26
6.21e+006	1210	904	28
6.255e+006	1193	904	28
6.3e+006	999	904	24
6.345e+006	1168	904	27
6.39e+006	1296	904	30
6.435e+006	1163	904	27
6.48e+006	1177	904	28
6.525e+006	1062	904	25
6.57e+006	1114	904	26
6.615e+006	1104	904	26
6.66e+006	1230	904	29
6.705e+006	1184	904	29
6.75e+006	1093	904	26
6.795e+006	1108	904	25
6.84e+006	1071	904	25
6.8802e+006	1383	904	32
6.925e+006	1377	904	32
6.97e+006	1037	904	25
7.015e+006	1297	904	30
7.06e+006	1311	904	31
7.105e+006	1141	904	27
7.15e+006	1309	904	31
7.195e+006	1000	904	24
7.24e+006	1159	904	27
7.285e+006	1326	904	31
7.33e+006	1114	904	26
7.375e+006	1054	904	25
7.42e+006	1298	904	30
7.465e+006	1041	904	24
7.51e+006	1105	904	26
7.555e+006	1308	904	30
7.6e+006	1188	904	28
7.645e+006	1143	904	27
7.69e+006	1074	904	24
7.735e+006	1145	904	26
7.7797e+006	1398	904	32
7.8247e+006	1023	904	24
7.8697e+006	1144	904	26
7.9147e+006	1260	904	29
7.9597e+006	1148	904	26
8.0047e+006	1241	904	28
8.0497e+006	1061	904	25
8.0947e+006	1333	904	31
8.1397e+006	1157	904	27
8.1847e+006	1211	904	27
8.2297e+006	1167	904	27
8.2747e+006	1128	904	26
8.3197e+006	1298	904	31
8.3647e+006	1054	904	24
8.4097e+006	1004	904	24
8.4547e+006	1305	904	29
8.499e+006	1414	904	30
8.544e+006	1051	904	24
8.589e+006	1280	904	28
8.634e+006	1275	904	29
8.6754e+006	1403	904	32
8.7204e+006	1194	904	26
8.7654e+006	1363	904	31
8.8104e+006	1059	904	24
8.8554e+006	1195	904	28
8.9004e+006	1039	904	24
8.9414e+006	1365	904	31
8.9864e+006	1144	904	26
9.0314e+006	1254	904	29
9.0764e+006	1317	904	30
9.1214e+006	1295	904	30
9.1664e+006	1215	904	28
9.2114e+006	1247	904	30
9.2564e+006	1055	904	25
9.3014e+006	1148	904	26
9.3464e+006	1096	904	26
9.3914e+006	1225	904	29
9.4364e+006	1182	904	27
9.4814e+006	1126	904	26
9.5264e+006	1354	904	31
9.5714e+006	1300	904	29
9.6164e+006	982	904	22
9.6614e+006	1200	904	28
9.7064e+006	1049	904	25
9.7514e+006	1097	904	26
9.7964e+006	1236	904	29
9.8414e+006	1025	904	24
9.8855e+006	1381	904	32
9.9305e+006	1056	904	24
9.9755e+006	1229	904	28
1.0021e+007	1188	904	27
1.0057e+007	1357	904	31
1.0102e+007	1242	904	30
1.0147e+007	1089	904	27
1.0192e+007	1000	904	23
1.0237e+007	1257	904	29
1.0282e+007	1185	904	28
1.0327e+007	1170	904	26
1.0372e+007	1136	904	27
1.0417e+007	1210	904	28
1.0462e+007	1081	904	25
1.0507e+007	1095	904	26
1.0552e+007	1090	904	25
1.0597e+007	1194	904	28
1.0642e+007	1246	904	30
1.0687e+007	1188	904	28
1.0732e+007	1242	904	29
1.0777e+007	1136	904	27
1.0822e+007	1082	904	25
1.0864e+007	1381	904	31
1.0909e+007	1172	904	29
1.0954e+007	1316	904	31
1.0999e+007	1191	904	28
1.1044e+007	1106	904	26
1.1089e+007	1366	904	31
1.1134e+007	1192	904	28
1.1179e+007	981	904	23
1.1224e+007	1055	904	25
1.1269e+007	1243	904	30
1.1314e+007	1303	904	31
1.1359e+007	1333	904	31
1.1404e+007	1134	904	27
1.1449e+007	1377	904	33
1.1494e+007	1085	904	25
1.1539e+007	1097	904	26
1.1584e+007	1142	904	27
1.1628e+007	1402	904	32
1.1673e+007	1118	904	27
1.1718e+007	1241	904	29
1.1763e+007	1153	904	26
1.1808e+007	1041	904	24
1.1853e+007	1349	904	32
1.1898e+007	1167	904	28
1.1943e+007	1169	904	26
1.1988e+007	1149	904	27
1.2033e+007	1183	904	28
1.2078e+007	1215	904	29
1.2123e+007	1123	904	26
1.2168e+007	1266	904	30
1.2213e+007	1141	904	26
1.2258e+007	1033	904	24
1.2303e+007	1233	904	29
1.2348e+007	1353	904	31
1.2393e+007	1006	904	24
1.2438e+007	1094	904	25
1.2483e+007	1141	904	26
1.2528e+007	1312	904	31
1.2573e+007	1111	904	26
1.2618e+007	1124	904	26
1.2663e+007	1284	904	31
1.2708e+007	1122	904	26
1.2753e+007	1202	904	28
1.2798e+007	1115	904	26
1.2843e+007	1213	904	28
1.2888e+007	1151	904	26
1.2933e+007	1172	904	27
1.2978e+007	1201	904	30
1.3023e+007	1220	904	28
1.3068e+007	1063	904	25
1.3113e+007	1014	904	25
1.3158e+007	1199	904	28
1.3203e+007	1191	904	28
1.3248e+007	974	904	23
1.3293e+007	1099	904	26
1.3336e+007	1404	904	32
1.3381e+007	1247	904	29
1.3426e+007	1084	904	25
1.3471e+007	1184	904	28
1.3516e+007	1268	904	28
1.3561e+007	1346	904	31
1.3606e+007	1188	904	27
1.3651e+007	1133	904	26
1.3696e+007	1141	904	25
1.3741e+007	1217	904	26
1.3786e+007	1129	904	25
1.3831e+007	1196	904	27
1.3876e+007	1229	904	29
1.3921e+007	1246	904	28
1.3966e+007	1114	904	25
1.4011e+007	1260	904	30
1.4056e+007	1181	904	28
1.4101e+007	1169	904	27
1.4146e+007	1110	904	26
1.4191e+007	1282	904	30
1.4236e+007	981	904	23
1.4281e+007	1327	904	31
1.4326e+007	1170	904	28
1.4371e+007	1152	904	27
1.4416e+007	1250	904	28
1.4461e+007	1151	904	27
1.4506e+007	1219	904	29
1.4551e+007	1073	904	25
1.4596e+007	1087	904	25
1.4641e+007	1147	904	27
1.4686e+007	1238	904	29
1.4731e+007	1184	904	28
1.4776e+007	989	904	24
1.4821e+007	1185	904	28
1.4866e+007	1153	904	27
1.4911e+007	1143	904	27
1.4956e+007	1229	904	28
1.5001e+007	1370	904	32
1.5046e+007	1075	904	25
1.5091e+007	1165	904	27
1.5136e+007	1260	904	29
1.5181e+007	1078	904	25
1.5226e+007	1153	904	27
1.5271e+007	1216	904	29
1.5316e+007	1132	904	26
1.5361e+007	1213	904	28
1.5404e+007	1387	904	31
1.5449e+007	1098	904	25
1.5494e+007	1356	904	31
1.5539e+007	1158	904	27
1.5584e+007	1122	904	27
1.5629e+007	1278	904	30
1.5674e+007	1184	904	27
1.5718e+007	1379	904	32
1.5763e+007	1080	904	26
1.5808e+007	1192	904	27
1.5853e+007	1141	904	27
1.5898e+007	1079	904	26
1.5943e+007	1203	904	28
1.5988e+007	1008	904	24
1.6033e+007	1256	904	29
1.6078e+007	1077	904	25
1.6123e+007	955	904	23
1.6168e+007	1334	904	30
1.6213e+007	1271	904	29
1.6258e+007	1224	904	28
1.6303e+007	1106	904	27
1.6348e+007	1085	904	26
1.6393e+007	1289	904	30
1.6438e+007	1078	904	26
1.6483e+007	1335	904	31
1.6528e+007	1051	904	25
1.6573e+007	1137	904	27
1.6618e+007	1153	904	27
1.6663e+007	1332	904	31
1.6708e+007	1317	904	30
1.6753e+007	1048	904	25
1.6798e+007	1305	904	30
1.6843e+007	1095	904	26
1.6888e+007	1398	904	32
1.6933e+007	1178	904	27
1.6976e+007	1410	904	32
1.7021e+007	1107	904	26
1.7066e+007	1307	904	30
1.7111e+007	1060	904	25
1.7156e+007	1176	904	27
1.7201e+007	1292	904	29
1.7246e+007	1138	904	27
1.7291e+007	1136	904	27
1.7336e+007	1068	904	25
1.7381e+007	1399	904	32
1.7426e+007	1218	904	28
1.7471e+007	1009	904	24
1.7516e+007	1270	904	29
1.756e+007	1381	904	32
1.7605e+007	998	904	23
1.765e+007	1353	904	31
1.7695e+007	1305	904	31
1.774e+007	1117	904	26
1.7785e+007	1299	904	30
1.783e+007	1166	904	27
1.7875e+007	1157	904	27
1.792e+007	1135	904	26
1.7965e+007	1204	904	28
1.801e+007	1252	904	29
1.8055e+007	1276	904	29
1.81e+007	1109	904	26
1.8145e+007	1150	904	27
1.819e+007	1305	904	30
1.8235e+007	1133	904	26
1.828e+007	1194	904	29
1.8325e+007	1324	904	31
1.837e+007	1159	904	27
1.8415e+007	1126	904	26
1.846e+007	1095	904	26
1.8501e+007	1379	904	31
1.8546e+007	1096	904	24
1.8589e+007	1384	904	29
1.8632e+007	1387	904	31
1.8677e+007	1023	904	23
1.8722e+007	1287	904	30
1.8767e+007	1219	904	27
1.8812e+007	1071	904	25
1.8857e+007	1191	904	27
1.8902e+007	1176	904	27
1.8947e+007	1226	904	29
1.8992e+007	1286	904	29
1.9037e+007	1100	904	25
1.9082e+007	1156	904	27
1.9127e+007	1332	904	31
1.9172e+007	1172	904	28
1.9217e+007	1096	904	26
1.9262e+007	1206	904	28
1.9307e+007	1119	904	25
1.9352e+007	1296	904	30
1.9397e+007	1239	904	28
1.9442e+007	1134	904	27
1.9487e+007	1168	904	27
1.9532e+007	1162	904	26
1.9577e+007	1090	904	25
1.9622e+007	1225	904	27
1.9667e+007	1129	904	26
1.9712e+007	1391	904	32
1.9757e+007	1062	904	25
1.9802e+007	1208	904	29
1.9847e+007	1064	904	25
1.9892e+007	1226	904	28
1.9937e+007	1176	904	27
1.9982e+007	1357	904	31
2.0027e+007	1026	904	24
2.0072e+007	1164	904	28
2.0117e+007	1237	904	28
2.0162e+007	1174	904	27
2.0207e+007	1302	904	30
2.0252e+007	1070	904	25
2.0296e+007	1393	904	32
2.0341e+007	1106	904	26
2.0386e+007	955	904	23
2.0431e+007	1141	904	27
2.0476e+007	1192	904	28
2.0521e+007	1260	904	29
2.0566e+007	1052	904	24
2.0611e+007	1220	904	28
2.0656e+007	1194	904	29
2.0701e+007	1205	904	28
2.0746e+007	1225	904	28
2.0791e+007	1225	904	28
2.0836e+007	1283	904	29
2.0881e+007	1047	904	24
2.0926e+007	1314	904	31
2.0971e+007	1062	904	26
2.1016e+007	1043	904	25
2.1061e+007	1082	904	26
2.1106e+007	1118	904	26
2.1151e+007	1164	904	27
2.1196e+007	1209	904	27
2.1241e+007	1187	904	27
2.1286e+007	1180	904	27
2.1331e+007	1229	904	30
2.1376e+007	1098	904	26
2.1421e+007	1077	904	26
2.1466e+007	1057	904	25
2.1511e+007	1145	904	27
2.1556e+007	1190	904	28
2.1601e+007	1115	904	26
2.1646e+007	1307	904	31
2.1691e+007	1205	904	29
2.1736e+007	1072	904	25
2.178e+007	1377	904	32
2.1825e+007	1133	904	26
2.187e+007	1073	904	26
2.1915e+007	1178	904	28
2.196e+007	1353	904	33
2.2005e+007	1245	904	29
2.205e+007	1207	904	28
2.2095e+007	1038	904	24
2.214e+007	1355	904	32
2.2185e+007	1112	904	26
2.223e+007	1354	904	32
2.2275e+007	1131	904	26
2.232e+007	1032	904	24
2.2365e+007	1202	904	28
2.241e+007	1184	904	28
2.2455e+007	1138	904	26
2.25e+007	1282	904	30
2.2545e+007	1256	904	30
2.259e+007	1159	904	27
2.2635e+007	1147	904	27
2.268e+007	1262	904	30
2.2725e+007	1361	904	31
2.277e+007	974	904	23
2.2815e+007	1203	904	29
2.286e+007	1081	904	26
2.2905e+007	1185	904	28
2.295e+007	1226	904	29
2.2995e+007	1059	904	25
2.304e+007	1330	904	31
2.3085e+007	978	904	23
2.313e+007	1044	904	24
2.3175e+007	1254	904	29
2.322e+007	1143	904	27
2.3265e+007	1151	904	27
2.331e+007	1284	904	29
2.3355e+007	1337	904	31
2.34e+007	1139	904	27
2.3445e+007	1134	904	26
2.3488e+007	1389	904	33
2.3533e+007	1095	904	24
2.3578e+007	1352	904	29
2.3623e+007	1143	904	26
2.3666e+007	1373	904	30
2.3711e+007	940	904	21
2.3756e+007	1266	904	28
2.3801e+007	1317	904	30
2.3846e+007	1056	904	23
2.3891e+007	1066	904	25
2.3931e+007	1384	904	32
2.3976e+007	1309	904	30
2.4021e+007	1352	904	30
2.4066e+007	1316	904	31
2.4111e+007	1163	904	27
2.4156e+007	1093	904	25
2.4201e+007	1065	904	25
2.4246e+007	1152	904	27
2.4291e+007	1320	904	30
2.4336e+007	1229	904	28
2.4381e+007	1262	904	29
2.4426e+007	1103	904	26
2.4471e+007	1264	904	29
2.4516e+007	1200	904	28
2.4561e+007	1070	904	25
2.4606e+007	1157	904	27
2.4651e+007	1252	904	29
2.4696e+007	1150	904	27
2.4739e+007	1383	904	31
2.4784e+007	1089	904	26
2.4829e+007	1152	904	27
2.4874e+007	1080	904	26
2.4919e+007	958	904	23
2.4964e+007	1315	904	30
2.5009e+007	1246	904	29
2.5054e+007	1226	904	28
2.5099e+007	1098	904	26
2.5144e+007	1273	904	30
2.5189e+007	1072	904	26
2.5234e+007	924	904	21
2.5279e+007	1083	904	25
2.5322e+007	1396	904	31
2.5367e+007	1256	904	29
2.5412e+007	1024	904	25
2.5457e+007	1296	904	30
2.5502e+007	1166	904	27
2.5547e+007	1060	904	25
2.5592e+007	1200	904	28
2.5637e+007	1248	904	29
2.5682e+007	1172	904	27
2.5727e+007	1167	904	27
2.5772e+007	1180	904	27
2.5817e+007	1256	904	30
2.5862e+007	1257	904	29
2.5907e+007	1162	904	27
2.5952e+007	1169	904	27
2.5997e+007	1091	904	25
2.6042e+007	1235	904	29
2.6087e+007	1142	904	27
2.6132e+007	1088	904	25
2.6177e+007	1219	904	29
2.6222e+007	1241	904	29
2.6267e+007	1268	904	30
2.6311e+007	1385	904	32
2.6356e+007	908	904	21
2.6398e+007	1402	904	32
2.6443e+007	1126	904	26
2.6488e+007	1108	904	26
2.6533e+007	1092	904	25
2.6578e+007	1143	904	27
2.6623e+007	1317	904	30
2.6668e+007	1157	904	27
2.6713e+007	1156	904	28
2.6758e+007	1161	904	27
2.6803e+007	1182	904	28
2.6848e+007	1113	904	26
2.6893e+007	1072	904	25
2.6938e+007	1270	904	30
2.6983e+007	1341	904	32
2.7028e+007	1079	904	25
2.7073e+007	1200	904	27
2.7118e+007	1170	904	28
2.7163e+007	1106	904	26
2.7208e+007	1237	904	28
2.7253e+007	1055	904	25
2.7298e+007	1173	904	28
2.7343e+007	1293	904	30
2.7388e+007	1130	904	27
2.7433e+007	1237	904	29
2.7478e+007	1003	904	24
2.7523e+007	1112	904	26
2.7568e+007	1269	904	30
2.7613e+007	1076	904	25
2.7658e+007	1333	904	31
2.7703e+007	1212	904	28
2.7748e+007	1118	904	25
2.7793e+007	1211	904	29
2.7835e+007	1366	904	32
2.788e+007	1096	904	25
2.7925e+007	1171	904	27
2.797e+007	1305	904	30
2.8015e+007	1284	904	30
2.806e+007	1205	904	28
2.8105e+007	1177	904	27
2.815e+007	1020	904	24
2.8195e+007	1271	904	30
2.824e+007	1051	904	25
2.8285e+007	937	904	22
2.833e+007	1339	904	31
2.8375e+007	1202	904	28
2.842e+007	1112	904	26
2.8465e+007	1059	904	24
2.851e+007	1296	904	30
2.8555e+007	1270	904	28
2.86e+007	1292	904	27
2.8645e+007	968	904	22
2.8686e+007	1414	904	30
2.8731e+007	1102	904	26
2.8776e+007	1334	904	29
2.8821e+007	1280	904	30
2.8866e+007	1033	904	24
2.8911e+007	1334	904	30
2.8956e+007	1266	904	29
2.9001e+007	1162	904	27
2.9046e+007	1305	904	29
2.9091e+007	1107	904	25
2.9136e+007	1024	904	24
2.9181e+007	1296	904	32
2.9226e+007	1267	904	30
2.9271e+007	1097	904	26
2.9316e+007	1014	904	24
2.9361e+007	1345	904	31
2.9406e+007	1284	904	30
2.9451e+007	1266	904	29
2.9496e+007	1211	904	28
2.9541e+007	1106	904	26
2.9586e+007	1200	904	28
2.9626e+007	1366	904	31
2.9671e+007	1136	904	26
2.9716e+007	992	904	23
2.9761e+007	1335	904	30
2.9806e+007	1203	904	28
2.9851e+007	1182	904	28
2.9896e+007	1105	904	26
2.9941e+007	1286	904	29
2.9986e+007	1236	904	29
3.0031e+007	1281	904	29
3.0076e+007	1313	904	31
3.0121e+007	1191	904	28
3.0165e+007	1382	904	33
3.021e+007	1007	904	24
3.0255e+007	1186	904	27
3.03e+007	1135	904	26
3.0345e+007	1185	904	27
3.039e+007	1255	904	28
3.0435e+007	1143	904	26
3.048e+007	1078	904	26
3.0525e+007	1195	904	27
3.057e+007	1211	904	28
3.0615e+007	1208	904	28
3.066e+007	1166	904	28
3.0705e+007	1126	904	26
3.075e+007	1106	904	26
3.0795e+007	1193	904	28
3.084e+007	1170	904	28
3.0885e+007	1205	904	28
3.093e+007	1142	904	26
3.0975e+007	1297	904	29
3.102e+007	1386	904	32
3.1065e+007	1079	904	25
3.111e+007	1302	904	30
3.1155e+007	1235	904	29
3.12e+007	1084	904	25
3.1245e+007	1111	904	26
3.129e+007	1362	904	32
3.1335e+007	1323	904	30
3.138e+007	1327	904	30
3.1425e+007	1312	904	30
3.147e+007	1058	904	25
3.1515e+007	1104	904	25
3.156e+007	1326	904	30
3.1605e+007	966	904	22
3.165e+007	1195	904	29
3.1695e+007	1279	904	29
3.174e+007	1020	904	24
3.1785e+007	1065	904	25
3.183e+007	1319	904	30
3.1875e+007	1173	904	28
3.192e+007	1091	904	25
3.1965e+007	1293	904	31
3.201e+007	1153	904	27
3.2055e+007	1112	904	26
3.21e+007	1321	904	31
3.2145e+007	1015	904	25
3.219e+007	1197	904	28
3.2235e+007	1134	904	27
3.228e+007	1263	904	30
3.2325e+007	1152	904	27
3.2368e+007	1363	904	33
3.2413e+007	959	904	22
3.2458e+007	1155	904	27
3.2503e+007	1166	904	28
3.2548e+007	1261	904	30
3.2593e+007	1219	904	29
3.2638e+007	1117	904	26
3.2683e+007	1156	904	27
3.2728e+007	1156	904	27
3.2773e+007	1252	904	29
3.2818e+007	1336	904	30
3.2863e+007	1099	904	26
3.2908e+007	1055	904	25
3.2953e+007	1194	904	28
3.2998e+007	1111	904	27
3.3043e+007	1059	904	25
3.3088e+007	1301	904	29
3.3133e+007	1181	904	28
3.3178e+007	1354	904	31
3.3223e+007	986	904	24
3.3268e+007	1226	904	28
3.3313e+007	1075	904	25
3.3358e+007	1239	904	29
3.3403e+007	1211	904	29
3.3448e+007	1287	904	30
3.3493e+007	1127	904	26
3.3538e+007	1286	904	30
3.3583e+007	1262	904	28
3.3628e+007	1247	904	26
3.3673e+007	1168	904	27
3.3715e+007	1415	904	30
3.376e+007	1197	904	28
3.3805e+007	1222	904	27
3.385e+007	1316	904	30
3.3895e+007	1222	904	27
3.394e+007	1253	904	28
3.3985e+007	1298	904	30
3.403e+007	1136	904	26
3.4075e+007	1186	904	27
3.412e+007	1265	904	29
3.4165e+007	1223	904	29
3.421e+007	1094	904	25
3.4255e+007	1195	904	28
3.43e+007	1195	904	28
3.4342e+007	1402	904	33
3.4387e+007	1193	904	27
3.4432e+007	1122	904	26
3.4477e+007	1145	904	27
3.4522e+007	1003	904	24
3.4567e+007	1165	904	27
3.4612e+007	1055	904	25
3.4657e+007	1178	904	28
3.4702e+007	1361	904	31
3.4747e+007	1157	904	27
3.4792e+007	1175	904	27
3.4837e+007	1021	904	25
3.4882e+007	1083	904	25
3.4927e+007	1381	904	33
3.4972e+007	1108	904	26
3.5017e+007	1182	904	28
3.5062e+007	1361	904	31
3.5107e+007	1189	904	28
3.5152e+007	1181	904	27
3.5197e+007	1086	904	26
3.5242e+007	1358	904	31
3.5287e+007	1122	904	26
3.5332e+007	1233	904	28
3.5377e+007	1092	904	26
3.5422e+007	1184	904	28
3.5467e+007	1093	904	26
3.5512e+007	1242	904	29
3.5557e+007	1194	904	28
3.5602e+007	1209	904	29
3.5647e+007	1268	904	30
3.5692e+007	1111	904	26
3.5737e+007	1185	904	28
3.5782e+007	1287	904	30
3.5827e+007	1052	904	24
3.5872e+007	1190	904	28
3.5917e+007	1088	904	25
3.5962e+007	1235	904	29
3.6007e+007	1130	904	26
3.6052e+007	1293	904	30
3.6097e+007	1117	904	26
3.6142e+007	1112	904	28
3.6187e+007	1018	904	24
3.6232e+007	1129	904	26
3.6277e+007	1234	904	28
3.6322e+007	1029	904	23
3.6367e+007	1131	904	26
3.6412e+007	1070	904	25
3.6457e+007	1222	904	28
3.6502e+007	1198	904	28
3.6547e+007	1060	904	25
3.6589e+007	1379	904	32
3.6634e+007	1170	904	27
3.6679e+007	1232	904	28
3.6724e+007	1316	904	31
3.6769e+007	1125	904	27
3.6814e+007	1021	904	24
3.6859e+007	1234	904	28
3.6899e+007	1388	904	32
3.6944e+007	1123	904	26
3.6989e+007	1044	904	24
3.7034e+007	1221	904	28
3.7079e+007	1226	904	28
3.7124e+007	1271	904	29
3.7169e+007	1200	904	28
3.7214e+007	1093	904	26
3.7259e+007	1105	904	27
3.7304e+007	1341	904	31
3.7349e+007	1133	904	26
3.7394e+007	1037	904	24
3.7439e+007	1274	904	29
3.7484e+007	1122	904	26
3.7529e+007	1163	904	27
3.7574e+007	1225	904	29
3.7619e+007	1299	904	31
3.7664e+007	1081	904	25
3.7709e+007	1299	904	29
3.7754e+007	1314	904	31
3.7799e+007	1256	904	29
3.7844e+007	1212	904	28
3.7889e+007	1221	904	28
3.7934e+007	1329	904	31
3.7979e+007	1043	904	25
3.8024e+007	1341	904	31
3.8069e+007	1038	904	24
3.8114e+007	1182	904	28
3.8159e+007	1110	904	25
3.8204e+007	1186	904	27
3.8249e+007	1222	904	29
3.8294e+007	1239	904	28
3.8339e+007	1310	904	31
3.8384e+007	1008	904	24
3.8429e+007	1199	904	28
3.8474e+007	1230	904	29
3.8519e+007	1049	904	24
3.8564e+007	1011	904	24
3.8605e+007	1377	904	30
3.865e+007	1331	904	28
3.8695e+007	1241	904	27
3.874e+007	955	904	21
3.8785e+007	1270	904	29
3.883e+007	1225	904	26
3.8875e+007	1170	904	27
3.892e+007	1329	904	30
3.8965e+007	1222	904	28
3.901e+007	1107	904	26
3.9055e+007	1110	904	25
3.91e+007	1392	904	32
3.9145e+007	1061	904	25
3.919e+007	1220	904	28
3.9235e+007	1149	904	27
3.928e+007	1263	904	30
3.9325e+007	1074	904	25
3.937e+007	1218	904	29
3.9415e+007	1323	904	31
3.946e+007	1255	904	29
3.9505e+007	1219	904	28
3.955e+007	1237	904	29
3.9595e+007	1325	904	30
3.964e+007	1361	904	31
3.9685e+007	1024	904	24
3.973e+007	1300	904	31
3.9775e+007	1042	904	25
3.982e+007	1241	904	30
3.9864e+007	1396	904	32
3.9909e+007	1008	904	25
3.9954e+007	1149	904	26
3.9999e+007	1115	904	26
4.0044e+007	1149	904	26
4.0089e+007	1185	904	27
4.0134e+007	1119	904	26
4.0179e+007	1167	904	27
4.0224e+007	1165	904	26
4.0269e+007	1290	904	30
4.0314e+007	1005	904	24
4.0359e+007	1002	904	24
4.0404e+007	1183	904	28
4.0449e+007	1139	904	26
4.0494e+007	1175	904	27
4.0539e+007	1010	904	25
4.0584e+007	1090	904	26
4.0629e+007	1296	904	30
4.0674e+007	1234	904	28
4.0719e+007	1063	904	25
4.0764e+007	1087	904	25
4.0809e+007	1267	904	29
4.0854e+007	1351	904	31
4.0899e+007	1226	904	29
4.0944e+007	1216	904	29
4.0989e+007	1162	904	28
4.1034e+007	1024	904	24
4.1079e+007	1096	904	26
4.1122e+007	1400	904	32
4.1167e+007	1067	904	25
4.1212e+007	1215	904	29
4.1257e+007	1279	904	30
4.1302e+007	994	904	23
4.1347e+007	1311	904	30
4.1392e+007	1286	904	30
4.1437e+007	1154	904	27
4.1482e+007	1096	904	25
4.1527e+007	1202	904	29
4.1572e+007	1263	904	30
4.1617e+007	1050	904	25
4.1662e+007	1175	904	28
4.1707e+007	1294	904	31
4.1752e+007	1029	904	24
4.1797e+007	1256	904	29
4.1838e+007	1379	904	32
4.1883e+007	1045	904	24
4.1928e+007	1171	904	27
4.1973e+007	1179	904	27
4.2018e+007	1175	904	27
4.2063e+007	1152	904	27
4.2108e+007	1187	904	28
4.2153e+007	1190	904	27
4.2198e+007	1052	904	24
4.2243e+007	975	904	23
4.2288e+007	1123	904	27
4.2333e+007	1261	904	29
4.2378e+007	1091	904	25
4.2423e+007	1153	904	27
4.2468e+007	1107	904	26
4.2513e+007	1336	904	31
4.2558e+007	1281	904	30
4.2603e+007	1160	904	27
4.2645e+007	1379	904	32
4.269e+007	1213	904	28
4.2735e+007	1143	904	27
4.278e+007	1045	904	25
4.2825e+007	1308	904	31
4.287e+007	1169	904	27
4.2915e+007	1116	904	26
4.296e+007	1129	904	26
4.3005e+007	1362	904	31
4.305e+007	1079	904	25
4.3095e+007	1373	904	33
4.314e+007	1172	904	27
4.3185e+007	1214	904	28
4.3228e+007	1383	904	31
4.3273e+007	1288	904	29
4.3318e+007	1248	904	29
4.3363e+007	1179	904	27
4.3408e+007	1215	904	28
4.3453e+007	1094	904	26
4.3498e+007	1292	904	30
4.3543e+007	1174	904	26
4.3588e+007	1049	904	25
4.3633e+007	1279	904	28
4.3678e+007	1090	904	23
4.3723e+007	1397	904	32
4.3768e+007	1051	904	23
4.381e+007	1369	904	33
4.3855e+007	1089	904	24
4.39e+007	1152	904	26
4.3945e+007	1112	904	24
4.399e+007	1217	904	28
4.4035e+007	1067	904	25
4.408e+007	1296	904	29
4.4125e+007	1088	904	26
4.417e+007	1182	904	27
4.4215e+007	1135	904	26
4.426e+007	1146	904	27
4.4305e+007	1185	904	27
4.4349e+007	1386	904	32
4.4394e+007	1140	904	27
4.4439e+007	1142	904	27
4.4484e+007	1144	904	26
4.4529e+007	1242	904	30
4.4574e+007	1163	904	26
4.4619e+007	1000	904	24
4.4664e+007	1099	904	26
4.4709e+007	1030	904	24
4.4751e+007	1374	904	32
4.4796e+007	1196	904	28
4.4841e+007	1235	904	29
4.4886e+007	1314	904	30
4.4931e+007	1197	904	28
4.4976e+007	1107	904	26
4.5021e+007	970	904	23
4.5066e+007	1380	904	32
4.5111e+007	1212	904	27
4.5156e+007	1178	904	27
4.5201e+007	1166	904	27
4.5246e+007	1170	904	27
4.5288e+007	1388	904	32
4.5333e+007	975	904	23
4.5378e+007	1305	904	30
4.5423e+007	1218	904	29
4.5468e+007	1177	904	27
4.5513e+007	1244	904	29
4.5558e+007	1213	904	29
4.5603e+007	1010	904	23
4.5648e+007	989	904	23
4.5693e+007	1136	904	26
4.5738e+007	1278	904	29
4.5783e+007	1072	904	25
4.5828e+007	1162	904	27
4.5873e+007	1066	904	25
4.5918e+007	1246	904	29
4.5963e+007	967	904	23
4.6008e+007	1217	904	28
4.6053e+007	1140	904	26
4.6098e+007	1338	904	30
4.6143e+007	1144	904	27
4.6188e+007	1029	904	24
4.6233e+007	1305	904	30
4.6278e+007	1112	904	26
4.6323e+007	1028	904	25
4.6366e+007	1395	904	32
4.6411e+007	1278	904	29
4.6456e+007	1087	904	26
4.6501e+007	1251	904	29
4.6546e+007	1158	904	27
4.6591e+007	1031	904	24
4.6636e+007	1282	904	30
4.6681e+007	1198	904	28
4.6726e+007	1142	904	27
4.6771e+007	1210	904	28
4.6816e+007	1042	904	24
4.6861e+007	1029	904	23
4.6906e+007	977	904	23
4.6951e+007	1323	904	31
4.6996e+007	1213	904	28
4.7041e+007	1038	904	24
4.7086e+007	1272	904	29
4.7131e+007	1201	904	28
4.7176e+007	1210	904	28
4.7221e+007	1281	904	29
4.7266e+007	1114	904	26
4.7311e+007	975	904	23
4.735e+007	1387	904	32
4.7395e+007	1258	904	29
4.744e+007	1099	904	25
4.7485e+007	1097	904	26
4.753e+007	1315	904	31
4.7575e+007	1122	904	26
4.762e+007	1100	904	27
4.7665e+007	1293	904	31
4.771e+007	1101	904	26
4.7755e+007	1136	904	26
4.78e+007	1208	904	28
4.7845e+007	1288	904	30
4.789e+007	1301	904	30
4.7935e+007	1004	904	24
4.798e+007	1023	904	24
4.8025e+007	1178	904	27
4.807e+007	1153	904	27
4.8115e+007	1335	904	31
4.816e+007	1154	904	27
4.8205e+007	1001	904	24
4.825e+007	1176	904	27
4.8295e+007	1168	904	27
4.834e+007	1344	904	31
4.8385e+007	1063	904	25
4.843e+007	1201	904	28
4.8475e+007	1176	904	27
4.852e+007	1150	904	27
4.8565e+007	1233	904	28
4.8606e+007	1394	904	32
4.8651e+007	1206	904	27
4.8694e+007	1382	904	30
4.8739e+007	1062	904	23
4.8782e+007	1387	904	32
4.8827e+007	1122	904	27
4.8872e+007	1075	904	24
4.8917e+007	1114	904	26
4.8962e+007	1237	904	30
4.9007e+007	1206	904	29
4.9052e+007	989	904	23
4.9093e+007	1370	904	31
4.9138e+007	1162	904	27
4.9183e+007	1167	904	28
4.9228e+007	1173	904	27
4.9273e+007	1114	904	26
4.9318e+007	1258	904	29
4.9363e+007	1193	904	27
4.9408e+007	1276	904	29
4.9453e+007	1146	904	27
4.9498e+007	1092	904	26
4.9543e+007	1305	904	31
4.9588e+007	1225	904	29
4.9633e+007	1079	904	25
4.9678e+007	1219	904	29
4.9723e+007	1035	904	24
4.9768e+007	1168	904	27
4.9813e+007	1230	904	29
4.9858e+007	1127	904	26
4.9902e+007	1390	904	32
4.9947e+007	1263	904	29
4.9992e+007	1139	904	26
5.0037e+007	1211	904	29
5.0082e+007	1034	904	25
5.0127e+007	1248	904	29
5.0172e+007	1159	904	27
5.0217e+007	1198	904	28
5.0262e+007	1112	904	26
5.0307e+007	1146	904	27
5.0352e+007	1054	904	25
5.0397e+007	1139	904	27
5.0442e+007	1128	904	27
5.0487e+007	1282	904	30
5.0532e+007	1040	904	24
5.0577e+007	1296	904	30
5.0622e+007	1078	904	25
5.0667e+007	1170	904	27
5.0712e+007	1314	904	31
5.0757e+007	1183	904	27
5.0802e+007	1345	904	30
5.0847e+007	1288	904	29
5.0892e+007	1174	904	27
5.0937e+007	1231	904	28
5.0981e+007	1384	904	32
5.1026e+007	1085	904	25
5.1071e+007	1076	904	25
5.1116e+007	1025	904	24
5.1161e+007	1260	904	29
5.1206e+007	1079	904	26
5.1251e+007	1106	904	25
5.1296e+007	1206	904	27
5.1341e+007	1162	904	27
5.1386e+007	1251	904	30
5.1431e+007	1258	904	30
5.1476e+007	1194	904	28
5.1521e+007	1286	904	29
5.1566e+007	1166	904	27
5.1608e+007	1399	904	32
5.1653e+007	1130	904	27
5.1698e+007	1197	904	28
5.1743e+007	1120	904	26
5.1788e+007	1296	904	30
5.1833e+007	1205	904	28
5.1878e+007	1244	904	30
5.1923e+007	1150	904	27
5.1968e+007	1337	904	31
5.2013e+007	1144	904	27
5.2058e+007	1265	904	29
5.2103e+007	969	904	23
5.2148e+007	1337	904	31
5.2193e+007	1237	904	28
5.2238e+007	1267	904	30
5.2283e+007	1090	904	25
5.2328e+007	1006	904	23
5.2373e+007	1186	904	27
5.2418e+007	1245	904	30
5.2463e+007	1196	904	27
5.2508e+007	1120	904	26
5.2553e+007	1183	904	28
5.2598e+007	1316	904	31
5.2643e+007	1078	904	25
5.2688e+007	1009	904	24
5.2733e+007	1351	904	32
5.2778e+007	948	904	22
5.2823e+007	1117	904	26
5.2868e+007	1245	904	29
5.2913e+007	1257	904	29
5.2958e+007	1267	904	30
5.3e+007	1380	904	33
5.3045e+007	1169	904	27
5.309e+007	1146	904	27
5.3135e+007	1254	904	29
5.318e+007	1025	904	24
5.3225e+007	1275	904	30
5.327e+007	1073	904	25
5.3315e+007	1118	904	26
5.3357e+007	1391	904	31
5.3402e+007	1089	904	25
5.3447e+007	1216	904	29
5.3492e+007	1249	904	29
5.353e+007	1362	904	32
5.3575e+007	1329	904	31
5.362e+007	1075	904	24
5.3665e+007	1162	904	27
5.3707e+007	1402	904	30
5.3752e+007	1147	904	26
5.3797e+007	1231	904	27
5.3842e+007	1272	904	30
5.3887e+007	1351	904	30
5.3932e+007	1071	904	25
5.3977e+007	1151	904	26
5.4022e+007	1183	904	27
5.4067e+007	1019	904	24
5.4112e+007	1220	904	28
5.4157e+007	1113	904	25
5.4202e+007	978	904	22
5.4247e+007	1301	904	30
5.4292e+007	1344	904	30
5.4337e+007	983	904	24
5.4382e+007	1186	904	28
5.4427e+007	1312	904	30
5.4472e+007	1175	904	27
5.4517e+007	1135	904	27
5.4562e+007	994	904	23
5.4607e+007	1214	904	29
5.4652e+007	1269	904	30
5.4697e+007	1027	904	24
5.4742e+007	1287	904	30
5.4787e+007	1205	904	28
5.4832e+007	1019	904	24
5.4877e+007	1234	904	28
5.4917e+007	1374	904	32
5.4962e+007	1068	904	25
5.5007e+007	1188	904	27
5.5052e+007	1001	904	24
5.5097e+007	1152	904	27
5.5142e+007	1042	904	25
5.5187e+007	1293	904	30
5.5232e+007	1074	904	25
5.5277e+007	1271	904	29
5.5322e+007	1194	904	27
5.5367e+007	1249	904	29
5.5412e+007	1151	904	28
5.5457e+007	1187	904	28
5.5502e+007	1090	904	25
5.5547e+007	1361	904	32
5.5588e+007	1367	904	31
5.5633e+007	1200	904	27
5.5678e+007	971	904	23
5.5722e+007	1390	904	32
5.5767e+007	1157	904	27
5.5812e+007	1107	904	27
5.5857e+007	993	904	23
5.5902e+007	1242	904	29
5.5947e+007	1275	904	29
5.5992e+007	1189	904	28
5.6037e+007	1074	904	25
5.6082e+007	1172	904	27
5.6127e+007	1110	904	26
5.6172e+007	1132	904	26
5.6217e+007	1170	904	26
5.6262e+007	1062	904	25
5.6307e+007	1375	904	32
5.6352e+007	1161	904	28
5.6397e+007	985	904	23
5.6442e+007	1212	904	28
5.6487e+007	1202	904	28
5.6532e+007	1082	904	25
5.6577e+007	1159	904	28
5.6622e+007	1344	904	31
5.6667e+007	1059	904	25
5.6712e+007	1174	904	27
5.6757e+007	1185	904	28
5.6802e+007	1202	904	28
5.6847e+007	1334	904	31
5.6892e+007	1163	904	27
5.6937e+007	1084	904	25
5.6982e+007	1310	904	31
5.7027e+007	1223	904	29
5.7072e+007	1287	904	30
5.7117e+007	1122	904	27
5.7162e+007	1259	904	30
5.7207e+007	1301	904	30
5.7252e+007	1203	904	28
5.7297e+007	1153	904	28
5.7342e+007	1233	904	29
5.7387e+007	1067	904	25
5.7432e+007	1209	904	29
5.7477e+007	1156	904	27
5.7522e+007	1297	904	30
5.7567e+007	1115	904	27
5.7612e+007	1096	904	26
5.7657e+007	1155	904	26
5.7702e+007	1178	904	27
5.7747e+007	1282	904	30
5.7792e+007	960	904	23
5.7837e+007	1134	904	27
5.7882e+007	1308	904	30
5.7927e+007	1191	904	28
5.7972e+007	1044	904	24
5.8017e+007	1128	904	26
5.8062e+007	1181	904	29
5.8107e+007	1233	904	29
5.8152e+007	1180	904	27
5.8197e+007	1149	904	27
5.8242e+007	1157	904	28
5.8287e+007	1098	904	26
5.8329e+007	1400	904	32
5.8374e+007	1025	904	24
5.8419e+007	1329	904	30
5.8464e+007	1133	904	26
5.8509e+007	1114	904	26
5.8554e+007	1163	904	27
5.8599e+007	1016	904	23
5.8644e+007	1290	904	29
5.8688e+007	1404	904	32
5.8733e+007	1192	904	26
5.8778e+007	1224	904	27
5.882e+007	1360	904	30
5.8865e+007	1161	904	26
5.891e+007	1334	904	30
5.8955e+007	1215	904	28
5.9e+007	1065	904	24
5.9045e+007	1310	904	29
5.909e+007	1078	904	26
5.9135e+007	1342	904	31
5.918e+007	1220	904	29
5.9225e+007	1214	904	29
5.927e+007	927	904	22
5.9315e+007	1318	904	31
5.936e+007	1144	904	27
5.9405e+007	1267	904	30
5.945e+007	1099	904	26
5.9495e+007	1079	904	25
5.954e+007	1152	904	27
5.9585e+007	1182	904	29
5.963e+007	1239	904	29
5.9675e+007	1102	904	26
5.972e+007	1328	904	31
5.9765e+007	1079	904	25
5.981e+007	972	904	23
5.9855e+007	1086	904	25
5.99e+007	1205	904	28
5.9945e+007	1203	904	28
5.999e+007	1282	904	30
6.0035e+007	1218	904	28
6.008e+007	1237	904	28
6.0125e+007	1080	904	25
6.017e+007	1156	904	26
6.0215e+007	1296	904	29
6.026e+007	1102	904	26
6.0305e+007	1224	904	28
6.035e+007	1118	904	26
6.0395e+007	1125	904	27
6.044e+007	1158	904	27
6.0485e+007	1315	904	31
6.053e+007	1248	904	29
6.0575e+007	1234	904	28
6.062e+007	1112	904	25
6.0662e+007	1385	904	32
6.0707e+007	992	904	23
6.0749e+007	1380	904	32
6.0794e+007	1248	904	29
6.0839e+007	1042	904	25
6.0884e+007	1261	904	30
6.0929e+007	1045	904	25
6.0974e+007	1213	904	28
6.1019e+007	1208	904	28
6.1064e+007	1184	904	28
6.1109e+007	1294	904	29
6.1154e+007	1159	904	27
6.1199e+007	1227	904	29
6.1244e+007	1047	904	25
6.1288e+007	1381	904	31
6.1333e+007	924	904	23
6.1378e+007	1315	904	30
6.1423e+007	1095	904	25
6.1468e+007	1052	904	24
6.1513e+007	1365	904	31
6.1558e+007	1233	904	28
6.1602e+007	1400	904	32
6.1647e+007	1101	904	26
6.1692e+007	995	904	23
6.1737e+007	1247	904	29
6.1782e+007	1254	904	30
6.1827e+007	1256	904	29
6.1872e+007	985	904	24
6.1917e+007	1328	904	30
6.1962e+007	1009	904	24
6.2005e+007	1387	904	32
6.205e+007	1121	904	26
6.2095e+007	1262	904	29
6.214e+007	1402	904	32
6.2185e+007	1127	904	26
6.223e+007	1210	904	28
6.2275e+007	1184	904	28
6.232e+007	996	904	23
6.2365e+007	1015	904	24
6.241e+007	1300	904	30
6.2455e+007	1177	904	27
6.25e+007	1184	904	27
6.2545e+007	1050	904	25
6.2587e+007	1385	904	31
6.2632e+007	1080	904	25
6.2677e+007	1146	904	26
6.2722e+007	1165	904	27
6.2767e+007	1198	904	29
6.2812e+007	1162	904	28
6.2857e+007	1122	904	26
6.2902e+007	1135	904	26
6.2945e+007	1412	904	32
6.299e+007	1114	904	26
6.3035e+007	1224	904	28
6.308e+007	1248	904	29
6.3125e+007	1287	904	31
6.317e+007	1321	904	31
6.3215e+007	1183	904	27
6.326e+007	1238	904	29
6.3305e+007	950	904	22
6.335e+007	1247	904	29
6.3395e+007	1010	904	24
6.344e+007	1220	904	28
6.3485e+007	1328	904	30
6.353e+007	1069	904	25
6.3575e+007	1190	904	28
6.362e+007	1256	904	28
6.3665e+007	1102	904	24
6.371e+007	1235	904	26
6.3755e+007	1369	904	30
6.38e+007	1099	904	24
6.3845e+007	1267	904	28
6.389e+007	1299	904	29
6.3935e+007	1089	904	24
6.3979e+007	1389	904	33
6.4024e+007	1333	904	30
6.4067e+007	1392	904	31
6.4112e+007	1090	904	25
6.4157e+007	1104	904	25
6.4202e+007	1024	904	24
6.4247e+007	1227	904	28
6.4292e+007	1116	904	27
6.4337e+007	1173	904	27
6.4382e+007	1267	904	30
6.4427e+007	1223	904	29
6.4472e+007	1115	904	26
6.4517e+007	1177	904	28
6.4562e+007	1163	904	27
6.4607e+007	1124	904	26
6.4652e+007	1101	904	26
6.4697e+007	1209	904	29
6.4742e+007	1083	904	25
6.4787e+007	1140	904	26
6.4832e+007	1148	904	26
6.4876e+007	1377	904	32
6.4921e+007	1283	904	29
6.4966e+007	1110	904	26
6.5011e+007	1153	904	27
6.5056e+007	1150	904	27
6.5101e+007	1338	904	31
6.5146e+007	1315	904	30
6.5191e+007	1182	904	28
6.5236e+007	1041	904	24
6.5281e+007	1311	904	31
6.5326e+007	1212	904	28
6.5371e+007	1153	904	27
6.5416e+007	1153	904	28
6.5461e+007	1167	904	27
6.5506e+007	1068	904	25
6.5551e+007	1216	904	29
6.5596e+007	1258	904	30
6.5641e+007	1076	904	25
6.5686e+007	1203	904	28
6.5731e+007	1259	904	29
6.5776e+007	1294	904	30
6.5821e+007	1092	904	26
6.5866e+007	1140	904	26
6.5911e+007	1215	904	28
6.5956e+007	1270	904	29
6.6001e+007	1357	904	32
6.6046e+007	1133	904	27
6.6091e+007	1159	904	27
6.6136e+007	1232	904	29
6.6181e+007	1299	904	29
6.6226e+007	1171	904	27
6.6271e+007	1289	904	30
6.6316e+007	1121	904	27
6.6361e+007	1105	904	26
6.6406e+007	1370	904	31
6.6451e+007	1199	904	27
6.6496e+007	1262	904	30
6.6541e+007	1100	904	26
6.6586e+007	1164	904	27
6.6631e+007	1252	904	29
6.6676e+007	1154	904	28
6.6721e+007	1308	904	30
6.6766e+007	1117	904	26
6.6811e+007	1141	904	27
6.6856e+007	1344	904	31
6.6901e+007	992	904	22
6.6946e+007	1285	904	29
6.6991e+007	1311	904	30
6.7036e+007	1317	904	31
6.7081e+007	1162	904	27
6.7126e+007	1114	904	26
6.7171e+007	1169	904	27
6.7216e+007	1190	904	27
6.7261e+007	1250	904	29
6.7306e+007	1212	904	28
6.7351e+007	1169	904	27
6.7396e+007	1132	904	27
6.7441e+007	1224	904	29
6.7486e+007	930	904	22
6.7531e+007	1203	904	28
6.7576e+007	1205	904	28
6.7621e+007	992	904	24
6.7666e+007	1133	904	27
6.7711e+007	1228	904	28
6.7756e+007	998	904	24
6.7801e+007	1305	904	30
6.7846e+007	1139	904	26
6.7891e+007	1201	904	28
6.7936e+007	1232	904	28
6.7981e+007	1086	904	25
6.8026e+007	1074	904	25
6.8071e+007	1193	904	28
6.8116e+007	1347	904	31
6.8161e+007	1065	904	25
6.8206e+007	1078	904	26
6.8251e+007	1179	904	27
6.8295e+007	1384	904	32
6.834e+007	938	904	22
6.8385e+007	1227	904	28
6.843e+007	1335	904	32
6.8475e+007	1400	904	33
6.852e+007	1058	904	25
6.8565e+007	1194	904	28
6.861e+007	1151	904	26
6.8655e+007	1184	904	27
6.87e+007	1175	904	26
6.8744e+007	1394	904	30
6.8789e+007	1168	904	27
6.8834e+007	1183	904	26
6.8877e+007	1378	904	31
6.8922e+007	1184	904	26
6.8967e+007	1282	904	29
6.9012e+007	1194	904	27
6.9057e+007	1259	904	29
6.9102e+007	1016	904	24
6.9147e+007	1129	904	27
6.9192e+007	1083	904	25
6.9237e+007	1042	904	24
6.9282e+007	1234	904	29
6.9327e+007	1109	904	26
6.9372e+007	1028	904	25
6.9417e+007	1231	904	29
6.9462e+007	1031	904	24
6.9507e+007	1216	904	29
6.9552e+007	1281	904	29
6.9597e+007	1237	904	30
6.9642e+007	1330	904	31
6.9687e+007	1068	904	25
6.9732e+007	1191	904	28
6.9777e+007	1154	904	27
6.982e+007	1368	904	32
6.9865e+007	979	904	23
6.991e+007	1289	904	31
6.9955e+007	1093	904	25
7e+007	1332	904	31
7.0045e+007	1071	904	25
7.009e+007	1320	904	31
7.0135e+007	1143	904	27
7.018e+007	1196	904	28
7.0225e+007	1211	904	28
7.027e+007	1139	904	26
7.0314e+007	1372	904	31
7.0359e+007	1139	904	26
7.0404e+007	1335	904	31
7.0449e+007	1076	904	26
7.0494e+007	1279	904	30
7.0539e+007	1094	904	25
7.0584e+007	1081	904	26
7.0629e+007	1151	904	27
7.0674e+007	1189	904	28
7.0719e+007	1276	904	30
7.0764e+007	1015	904	24
7.0809e+007	1061	904	25
7.0854e+007	1224	904	28
7.0899e+007	1141	904	26
7.0944e+007	1317	904	31
7.0989e+007	1332	904	31
7.1034e+007	931	904	22
7.1079e+007	1201	904	29
7.1124e+007	1316	904	31
7.1169e+007	1143	904	26
7.1214e+007	1180	904	28
7.1259e+007	1110	904	25
7.1304e+007	1161	904	27
7.1349e+007	1153	904	27
7.1394e+007	1317	904	30
7.1439e+007	1011	904	23
7.1484e+007	1191	904	28
7.1526e+007	1413	904	32
7.1571e+007	1259	904	29
7.1616e+007	1054	904	25
7.166e+007	1387	904	32
7.1705e+007	1042	904	24
7.175e+007	1039	904	25
7.1795e+007	1229	904	30
7.184e+007	1015	904	24
7.1885e+007	1280	904	30
7.193e+007	1347	904	31
7.1975e+007	1070	904	25
7.202e+007	1069	904	25
7.2065e+007	1379	904	32
7.211e+007	1111	904	26
7.2155e+007	1203	904	28
7.22e+007	1219	904	28
7.2245e+007	1191	904	28
7.229e+007	1311	904	30
7.2335e+007	947	904	22
7.238e+007	1235	904	29
7.2425e+007	1126	904	27
7.247e+007	1153	904	26
7.2515e+007	1360	904	31
7.256e+007	1283	904	30
7.2605e+007	1070	904	25
7.265e+007	1220	904	28
7.2695e+007	1187	904	28
7.274e+007	1254	904	30
7.2781e+007	1381	904	32
7.2826e+007	896	904	22
7.2871e+007	1216	904	29
7.2916e+007	1280	904	29
7.2959e+007	1365	904	32
7.3004e+007	889	904	21
7.3047e+007	1373	904	32
7.3092e+007	1079	904	25
7.3137e+007	1334	904	31
7.3182e+007	1150	904	27
7.3227e+007	1116	904	25
7.3272e+007	1149	904	27
7.3317e+007	1321	904	31
7.3362e+007	1127	904	27
7.3407e+007	1207	904	28
7.3452e+007	1210	904	28
7.3497e+007	1234	904	29
7.3542e+007	1120	904	26
7.3587e+007	1302	904	30
7.3632e+007	1144	904	26
7.3677e+007	1203	904	28
7.3722e+007	1220	904	26
7.3767e+007	1280	904	28
7.3811e+007	1392	904	31
7.3856e+007	1080	904	24
7.3899e+007	1375	904	31
7.3943e+007	1372	904	30
7.3988e+007	1071	904	24
7.4033e+007	1345	904	32
7.4078e+007	1274	904	29
7.4123e+007	1273	904	30
7.4168e+007	1100	904	25
7.4213e+007	1232	904	29
7.4258e+007	1198	904	27
7.4303e+007	1117	904	26
7.4348e+007	1073	904	26
7.4393e+007	1301	904	30
7.4438e+007	1203	904	28
7.4483e+007	1135	904	27
7.4528e+007	1097	904	26
7.4573e+007	1235	904	29
7.4618e+007	1180	904	28
7.4663e+007	1042	904	24
7.4708e+007	1316	904	31
7.4753e+007	971	904	22
7.4796e+007	1382	904	33
7.4841e+007	1136	904	25
7.4886e+007	1247	904	29
7.4931e+007	1258	904	29
7.4976e+007	1138	904	26
7.5021e+007	1072	904	25
7.5066e+007	1119	904	26
7.5107e+007	1386	904	32
7.5152e+007	1204	904	28
7.5197e+007	1180	904	27
7.5242e+007	1227	904	28
7.5287e+007	988	904	23
7.5332e+007	1153	904	27
7.5377e+007	1274	904	30
7.5422e+007	1230	904	28
7.5467e+007	904	904	21
7.5512e+007	1209	904	29
7.5557e+007	1201	904	28
7.5602e+007	1182	904	28
7.5647e+007	1245	904	29
7.5692e+007	1267	904	29
7.5737e+007	1270	904	29
7.5782e+007	1345	904	32
7.5827e+007	1286	904	30
7.5872e+007	1117	904	26
7.5917e+007	1135	904	26
7.5962e+007	1279	904	30
7.6007e+007	1216	904	29
7.6052e+007	1227	904	28
7.6097e+007	1090	904	25
7.6142e+007	1317	904	31
7.6187e+007	1188	904	28
7.6232e+007	1031	904	24
7.6277e+007	1272	904	29
7.6322e+007	1020	904	24
7.6367e+007	1316	904	30
7.6412e+007	1125	904	27
7.6457e+007	1089	904	26
7.6502e+007	1301	904	31
7.6546e+007	1402	904	32
7.6591e+007	1250	904	30
7.6636e+007	1209	904	28
7.6681e+007	1184	904	27
7.6726e+007	1105	904	26
7.6771e+007	1142	904	27
7.6816e+007	1095	904	25
7.6861e+007	1128	904	26
7.6906e+007	1252	904	29
7.6951e+007	1151	904	27
7.6996e+007	1197	904	28
7.7041e+007	1351	904	31
7.7086e+007	1191	904	28
7.7131e+007	1312	904	30
7.7176e+007	1250	904	29
7.7221e+007	1202	904	28
7.7266e+007	1316	904	30
7.7311e+007	1173	904	27
7.7356e+007	1212	904	28
7.7401e+007	964	904	22
7.7442e+007	1386	904	32
7.7487e+007	1185	904	27
7.7532e+007	1146	904	27
7.7577e+007	1308	904	31
7.7622e+007	979	904	23
7.7667e+007	1244	904	29
7.7712e+007	1163	904	27
7.7757e+007	1169	904	27
7.7802e+007	1192	904	28
7.7847e+007	1053	904	24
7.7892e+007	1226	904	29
7.7937e+007	1240	904	28
7.7977e+007	1387	904	32
7.8022e+007	1026	904	24
7.8067e+007	1088	904	26
7.8112e+007	1317	904	31
7.8157e+007	1007	904	24
7.8202e+007	1232	904	28
7.8243e+007	1376	904	32
7.8288e+007	1061	904	25
7.8333e+007	1215	904	29
7.8378e+007	1115	904	25
7.8423e+007	1117	904	26
7.8468e+007	1204	904	28
7.8513e+007	1284	904	29
7.8558e+007	1149	904	28
7.8603e+007	1291	904	30
7.8645e+007	1371	904	31
7.869e+007	1105	904	24
7.8735e+007	1282	904	29
7.878e+007	1134	904	24
7.8825e+007	1200	904	27
7.887e+007	1359	904	30
7.8915e+007	1274	904	30
7.896e+007	1329	904	29
7.9005e+007	1085	904	25
7.905e+007	1217	904	27
7.9095e+007	1231	904	29
7.914e+007	1234	904	28
7.9185e+007	1083	904	25
7.923e+007	1131	904	26
7.9275e+007	1410	904	32
7.932e+007	1003	904	23
7.9363e+007	1401	904	32
7.9408e+007	1072	904	25
7.9453e+007	982	904	23
7.9498e+007	1222	904	29
7.9543e+007	1281	904	29
7.9588e+007	1143	904	27
7.9632e+007	1401	904	32
7.9677e+007	1086	904	25
7.9722e+007	1087	904	26
7.9767e+007	1254	904	29
7.9812e+007	1135	904	26
7.9857e+007	1176	904	28
7.9902e+007	1335	904	31
7.9947e+007	1072	904	26
7.9992e+007	1161	904	27
8.0037e+007	1288	904	29
8.0082e+007	1121	904	26
8.0127e+007	1234	904	28
8.0172e+007	1283	904	29
8.0217e+007	1175	904	27
8.0262e+007	1218	904	29
8.0307e+007	1317	904	31
8.0352e+007	1020	904	24
8.0397e+007	984	904	22
8.0442e+007	1261	904	29
8.0487e+007	1177	904	27
8.0532e+007	1100	904	27
8.0577e+007	1161	904	27
8.0622e+007	1101	904	26
8.0667e+007	1074	904	25
8.0712e+007	1018	904	23
8.0757e+007	1259	904	29
8.0802e+007	1343	904	31
8.0847e+007	1301	904	30
8.0892e+007	1086	904	25
8.0937e+007	1155	904	26
8.0982e+007	1283	904	29
8.1024e+007	1380	904	33
8.1069e+007	1122	904	26
8.1114e+007	1182	904	27
8.1159e+007	1296	904	31
8.1204e+007	1234	904	29
8.1249e+007	1204	904	28
8.1294e+007	1200	904	28
8.1339e+007	1268	904	30
8.1384e+007	1242	904	29
8.1429e+007	1001	904	24
8.1474e+007	1110	904	26
8.1519e+007	1357	904	31
8.1562e+007	1376	904	31
8.1607e+007	1023	904	24
8.1652e+007	1202	904	28
8.1697e+007	1083	904	25
8.1738e+007	1415	904	33
8.1783e+007	1362	904	32
8.1828e+007	1047	904	25
8.1873e+007	1242	904	29
8.1918e+007	1228	904	29
8.1963e+007	936	904	22
8.2008e+007	1189	904	29
8.2053e+007	1086	904	25
8.2098e+007	1165	904	27
8.2143e+007	1149	904	27
8.2188e+007	1219	904	28
8.2233e+007	1233	904	29
8.2278e+007	1102	904	26
8.2323e+007	1176	904	27
8.2368e+007	1318	904	31
8.2413e+007	1091	904	25
8.2458e+007	1299	904	30
8.2503e+007	1142	904	26
8.2548e+007	1181	904	27
8.2593e+007	1202	904	28
8.2637e+007	1386	904	33
8.2682e+007	1309	904	30
8.2727e+007	1167	904	28
8.2772e+007	1102	904	26
8.2817e+007	1075	904	25
8.2862e+007	1145	904	27
8.2907e+007	1186	904	28
8.2952e+007	1292	904	30
8.2997e+007	1050	904	24
8.3042e+007	1309	904	30
8.3087e+007	1079	904	26
8.3132e+007	1257	904	30
8.3177e+007	1120	904	26
8.3222e+007	1145	904	26
8.3267e+007	1226	904	29
8.3312e+007	1147	904	27
8.3357e+007	1170	904	27
8.3402e+007	1072	904	25
8.3446e+007	1392	904	32
8.3491e+007	1157	904	28
8.3536e+007	1117	904	26
8.3581e+007	1107	904	26
8.3626e+007	1192	904	27
8.3671e+007	1215	904	28
8.3716e+007	1313	904	30
8.3761e+007	1058	904	24
8.3806e+007	1363	904	30
8.3851e+007	1309	904	30
8.3896e+007	1177	904	27
8.3941e+007	1282	904	30
8.3986e+007	1133	904	24
8.4031e+007	1328	904	30
8.4076e+007	1284	904	29
8.4121e+007	1142	904	27
8.4166e+007	1170	904	27
8.4211e+007	1083	904	25
8.4256e+007	1198	904	28
8.4301e+007	1226	904	29
8.4346e+007	1052	904	24
8.4391e+007	1232	904	28
8.4436e+007	1022	904	25
8.4481e+007	1154	904	28
8.4526e+007	1192	904	28
8.4571e+007	1128	904	26
8.4616e+007	1018	904	23
8.4661e+007	1285	904	29
8.4706e+007	1193	904	28
8.4751e+007	1397	904	32
8.4796e+007	1131	904	26
8.4841e+007	1058	904	25
8.4886e+007	1275	904	29
8.4931e+007	1119	904	27
8.4976e+007	1281	904	29
8.5021e+007	1209	904	28
8.5066e+007	1131	904	26
8.5111e+007	1312	904	31
8.5156e+007	1146	904	27
8.5201e+007	1267	904	30
8.5246e+007	1137	904	26
8.5291e+007	1239	904	28
8.5336e+007	1105	904	25
8.5381e+007	1182	904	27
8.5426e+007	1114	904	26
8.5471e+007	1269	904	29
8.5516e+007	1216	904	28
8.5561e+007	1243	904	28
8.5606e+007	1067	904	25
8.5651e+007	1056	904	25
8.5695e+007	1408	904	33
8.574e+007	1077	904	25
8.5785e+007	1119	904	26
8.583e+007	1337	904	31
8.5875e+007	1121	904	26
8.592e+007	1151	904	27
8.5965e+007	1185	904	28
8.601e+007	1083	904	25
8.6055e+007	1041	904	25
8.61e+007	1160	904	27
8.6145e+007	1059	904	25
8.619e+007	1315	904	31
8.6235e+007	1250	904	29
8.6278e+007	1402	904	32
8.6323e+007	1073	904	26
8.6368e+007	1256	904	29
8.6413e+007	1354	904	31
8.6458e+007	1228	904	29
8.6503e+007	1079	904	25
8.6545e+007	1381	904	32
8.659e+007	1022	904	25
8.6635e+007	1231	904	28
8.668e+007	1345	904	31
8.6725e+007	1041	904	24
8.677e+007	1004	904	23
8.6815e+007	1307	904	31
8.6857e+007	1370	904	32
8.6902e+007	1285	904	30
8.6947e+007	1237	904	29
8.6992e+007	1063	904	24
8.7037e+007	1266	904	30
8.7082e+007	1189	904	27
8.7127e+007	1315	904	30
8.7172e+007	1233	904	28
8.7217e+007	1191	904	28
8.7262e+007	1136	904	26
8.7305e+007	1357	904	32
8.735e+007	1070	904	25
8.7395e+007	1110	904	26
8.744e+007	1210	904	28
8.7485e+007	1097	904	25
8.753e+007	1305	904	30
8.7574e+007	1391	904	32
8.7619e+007	1163	904	27
8.7664e+007	1115	904	26
8.7709e+007	1309	904	30
8.7754e+007	1158	904	27
8.7799e+007	1247	904	29
8.7844e+007	1218	904	28
8.7889e+007	1148	904	27
8.7934e+007	1275	904	30
8.7979e+007	1118	904	26
8.8024e+007	1144	904	27
8.8069e+007	1220	904	28
8.8114e+007	1314	904	30
8.8159e+007	1071	904	25
8.8204e+007	1299	904	30
8.8249e+007	1257	904	29
8.8294e+007	1067	904	26
8.8339e+007	1189	904	28
8.8384e+007	1265	904	29
8.8429e+007	1322	904	31
8.8474e+007	929	904	21
8.8519e+007	1334	904	32
8.8564e+007	1198	904	27
8.8609e+007	1246	904	29
8.8654e+007	1246	904	29
8.8699e+007	1082	904	25
8.8744e+007	1320	904	29
8.8789e+007	1328	904	30
8.8834e+007	1158	904	25
8.8879e+007	1168	904	27
8.8924e+007	1319	904	29
8.8969e+007	1143	904	25
8.9014e+007	1200	904	28
8.9059e+007	1204	904	27
8.9104e+007	1365	904	31
8.9149e+007	1274	904	29
8.9192e+007	1412	904	32
8.9237e+007	1286	904	29
8.9282e+007	1195	904	28
8.9327e+007	1095	904	25
8.9372e+007	1224	904	28
8.9417e+007	1086	904	25
8.9462e+007	1201	904	28
8.9507e+007	1139	904	25
8.9552e+007	1102	904	26
8.9597e+007	1083	904	25
8.9642e+007	1160	904	26
8.9686e+007	1372	904	32
8.9731e+007	1254	904	29
8.9776e+007	1102	904	26
8.9818e+007	1369	904	31
8.9863e+007	1029	904	24
8.9908e+007	1204	904	28
8.9953e+007	1066	904	25
8.9998e+007	1267	904	29
9.0043e+007	1232	904	29
9.0088e+007	1075	904	26
9.0133e+007	1020	904	23
9.0178e+007	1022	904	24
9.0223e+007	1347	904	31
9.0268e+007	1121	904	27
9.0311e+007	1374	904	31
9.0356e+007	1045	904	24
9.0401e+007	1073	904	25
9.0445e+007	1383	904	32
9.049e+007	979	904	23
9.0535e+007	1153	904	28
9.058e+007	956	904	22
9.0625e+007	1276	904	30
9.067e+007	1278	904	29
9.0715e+007	1213	904	28
9.076e+007	1262	904	30
9.0805e+007	1108	904	26
9.085e+007	1183	904	28
9.0895e+007	1220	904	28
9.094e+007	1078	904	26
9.0985e+007	1176	904	27
9.103e+007	1010	904	25
9.1075e+007	1289	904	31
9.112e+007	1275	904	31
9.1165e+007	1267	904	30
9.121e+007	1308	904	31
9.1255e+007	1080	904	25
9.1295e+007	1379	904	32
9.134e+007	1064	904	25
9.1385e+007	1155	904	27
9.1427e+007	1402	904	33
9.1472e+007	1104	904	26
9.1515e+007	1375	904	31
9.156e+007	1072	904	25
9.1605e+007	1278	904	30
9.165e+007	1041	904	24
9.1695e+007	1095	904	26
9.174e+007	1197	904	29
9.1785e+007	1229	904	29
9.183e+007	1343	904	31
9.1875e+007	1081	904	24
9.192e+007	1314	904	31
9.1965e+007	1245	904	28
9.201e+007	970	904	23
9.2055e+007	1315	904	30
9.21e+007	1188	904	27
9.2145e+007	1135	904	27
9.219e+007	1175	904	26
9.2235e+007	1054	904	25
9.228e+007	1127	904	26
9.2325e+007	1299	904	30
9.237e+007	1265	904	29
9.2415e+007	1243	904	30
9.246e+007	1256	904	29
9.2505e+007	1283	904	30
9.255e+007	1116	904	25
9.2595e+007	1119	904	26
9.2639e+007	1375	904	32
9.2684e+007	1213	904	28
9.2729e+007	1351	904	32
9.2774e+007	1249	904	30
9.2819e+007	1255	904	29
9.2864e+007	1308	904	30
9.2909e+007	1014	904	23
9.2954e+007	1273	904	29
9.2999e+007	1322	904	31
9.3044e+007	1218	904	28
9.3089e+007	1107	904	26
9.3134e+007	1291	904	30
9.3179e+007	1027	904	24
9.3224e+007	1350	904	31
9.3269e+007	1068	904	25
9.3314e+007	1307	904	31
9.3359e+007	1160	904	26
9.3404e+007	1177	904	28
9.3449e+007	1059	904	25
9.3494e+007	1345	904	31
9.3539e+007	1249	904	29
9.3584e+007	1150	904	27
9.3629e+007	1157	904	27
9.3674e+007	1076	904	24
9.3717e+007	1373	904	31
9.3762e+007	1251	904	28
9.3807e+007	1263	904	28
9.3852e+007	1199	904	27
9.3894e+007	1376	904	30
9.3939e+007	1163	904	26
9.3984e+007	1246	904	28
9.4029e+007	1208	904	28
9.4073e+007	1362	904	31
9.4118e+007	1130	904	26
9.4163e+007	1213	904	28
9.4208e+007	1244	904	28
9.4253e+007	1317	904	31
9.4298e+007	1272	904	29
9.4343e+007	1104	904	26
9.4388e+007	1230	904	28
9.4433e+007	1074	904	25
9.4478e+007	1132	904	27
9.4523e+007	1207	904	28
9.4568e+007	1160	904	27
9.4613e+007	1227	904	28
9.4658e+007	1252	904	30
9.4703e+007	1161	904	27
9.4748e+007	995	904	24
9.4793e+007	1293	904	31
9.4838e+007	1074	904	26
9.4883e+007	1178	904	28
9.4928e+007	1121	904	26
9.4973e+007	1260	904	29
9.5018e+007	1329	904	31
9.5063e+007	1312	904	31
9.5108e+007	905	904	22
9.5153e+007	1304	904	30
9.5198e+007	1221	904	28
9.5241e+007	1392	904	32
9.5286e+007	1112	904	26
9.5331e+007	1081	904	25
9.5376e+007	1174	904	28
9.542e+007	1381	904	32
9.5465e+007	973	904	23
9.551e+007	1305	904	31
9.5555e+007	1078	904	25
9.5598e+007	1391	904	33
9.5641e+007	1369	904	32
9.5686e+007	1071	904	24
9.5731e+007	1225	904	29
9.5776e+007	1239	904	30
9.5821e+007	1213	904	28
9.5866e+007	1232	904	28
9.5911e+007	1288	904	31
9.5956e+007	1034	904	24
9.6001e+007	981	904	23
9.6043e+007	1396	904	32
9.6088e+007	1032	904	25
9.6133e+007	1091	904	25
9.6178e+007	1071	904	25
9.6223e+007	1257	904	30
9.6268e+007	1110	904	26
9.6313e+007	1159	904	27
9.6358e+007	1163	904	27
9.6403e+007	1209	904	29
9.6448e+007	1367	904	31
9.6493e+007	1269	904	30
9.6538e+007	1040	904	24
9.6583e+007	1320	904	32
9.6628e+007	1361	904	32
9.6673e+007	1116	904	26
9.6718e+007	1251	904	28
9.6763e+007	1153	904	27
9.6808e+007	1182	904	28
9.6853e+007	1203	904	28
9.6898e+007	1252	904	29
9.6943e+007	1300	904	31
9.6988e+007	963	904	23
9.7033e+007	1305	904	31
9.7078e+007	1293	904	30
9.7123e+007	1294	904	31
9.7168e+007	1004	904	23
9.7213e+007	1258	904	29
9.7258e+007	1332	904	31
9.7303e+007	1344	904	31
9.7348e+007	1056	904	25
9.7393e+007	1300	904	30
9.7438e+007	1181	904	27
9.7483e+007	1108	904	26
9.7528e+007	1089	904	25
9.7573e+007	1237	904	29
9.7618e+007	1025	904	24
9.7663e+007	1265	904	30
9.7708e+007	1145	904	28
9.7753e+007	1204	904	28
9.7798e+007	971	904	23
9.7843e+007	1369	904	31
9.7888e+007	1283	904	29
9.7933e+007	1242	904	29
9.7978e+007	937	904	22
9.8023e+007	1205	904	28
9.8068e+007	1058	904	25
9.8113e+007	1154	904	27
9.8158e+007	1142	904	27
9.8203e+007	1091	904	26
9.8247e+007	1370	904	33
9.8292e+007	1273	904	30
9.8337e+007	1028	904	24
9.8382e+007	1163	904	27
9.8427e+007	1405	904	32
9.8472e+007	1130	904	26
9.8517e+007	1078	904	25
9.8562e+007	1301	904	30
9.8607e+007	1057	904	25
9.8652e+007	1014	904	24
9.8697e+007	1222	904	28
9.8742e+007	1262	904	28
9.8787e+007	1142	904	25
9.8828e+007	1370	904	30
9.8873e+007	1281	904	28
9.8917e+007	1389	904	30
9.8962e+007	1051	904	24
9.9003e+007	1405	904	30
9.9048e+007	1192	904	28
9.9093e+007	1153	904	26
9.9138e+007	1149	904	26
9.9183e+007	1130	904	26
9.9228e+007	1018	904	24
9.9273e+007	1349	904	30
9.9318e+007	1210	904	28
9.9363e+007	1264	904	29
9.9408e+007	1367	904	32
9.9453e+007	904	904	21
9.9498e+007	1366	904	32
9.9543e+007	1200	904	29
9.9588e+007	1287	904	31
9.9633e+007	1304	904	31
9.9678e+007	1136	904	26
9.9723e+007	1219	904	29
9.9768e+007	1058	904	25
9.9813e+007	1230	904	29
9.9858e+007	1184	904	27
9.9903e+007	1187	904	28
9.9948e+007	1214	904	28
9.9993e+007	1157	904	28
1.0004e+008	1094	904	26
1.0008e+008	1363	904	31
1.0013e+008	1115	904	26
1.0017e+008	1132	904	26
1.0022e+008	1257	904	29
1.0026e+008	1170	904	28
1.0031e+008	1193	904	28
1.0035e+008	1285	904	30
1.004e+008	1313	904	30
1.0044e+008	1167	904	28
1.0049e+008	1142	904	27
1.0053e+008	1208	904	28
1.0058e+008	1201	904	28
1.0062e+008	1152	904	28
1.0067e+008	1378	904	32
1.0071e+008	1061	904	24
1.0076e+008	1260	904	30
1.008e+008	1127	904	26
1.0085e+008	1227	904	28
1.0089e+008	1195	904	28
1.0094e+008	1315	904	31
1.0098e+008	1206	904	28
1.0103e+008	1329	904	31
1.0107e+008	1208	904	28
1.0112e+008	1244	904	28
1.0116e+008	1134	904	26
1.0121e+008	1079	904	26
1.0125e+008	1375	904	33
1.0129e+008	1164	904	27
1.0134e+008	1327	904	31
1.0138e+008	1253	904	29
1.0143e+008	942	904	23
1.0147e+008	1233	904	30
1.0152e+008	1377	904	32
1.0156e+008	1181	904	27
1.0161e+008	988	904	23
1.0165e+008	1366	904	31
1.017e+008	1294	904	30
1.0174e+008	1146	904	27
1.0179e+008	1195	904	27
1.0183e+008	1239	904	29
1.0188e+008	1168	904	28
1.0192e+008	1231	904	29
1.0197e+008	992	904	23
1.0201e+008	1157	904	27
1.0206e+008	1298	904	31
1.021e+008	1077	904	25
1.0215e+008	1204	904	28
1.0219e+008	1232	904	29
1.0224e+008	1113	904	26
1.0228e+008	1165	904	27
1.0233e+008	1227	904	29
1.0237e+008	1186	904	27
1.0242e+008	1210	904	28
1.0246e+008	1107	904	26
1.0251e+008	1373	904	32
1.0255e+008	1078	904	25
1.026e+008	1137	904	27
1.0264e+008	1024	904	25
1.0269e+008	1339	904	31
1.0273e+008	1165	904	27
1.0278e+008	1185	904	28
1.0282e+008	1239	904	29
1.0287e+008	1262	904	29
1.0291e+008	1073	904	24
1.0296e+008	1034	904	24
1.03e+008	1323	904	31
1.0305e+008	1112	904	26
1.0309e+008	1186	904	28
1.0314e+008	1270	904	29
1.0318e+008	1162	904	27
1.0323e+008	1306	904	30
1.0327e+008	955	904	22
1.0332e+008	1232	904	29
1.0336e+008	1029	904	24
1.034e+008	1390	904	32
1.0345e+008	1139	904	27
1.0349e+008	1131	904	27
1.0354e+008	1135	904	26
1.0358e+008	1290	904	30
1.0363e+008	1067	904	25
1.0367e+008	1086	904	25
1.0372e+008	1245	904	29
1.0376e+008	1130	904	25
1.0381e+008	1183	904	27
1.0385e+008	1379	904	30
1.039e+008	1140	904	25
1.0394e+008	1365	904	30
1.0399e+008	1258	904	28
1.0403e+008	1154	904	26
1.0408e+008	1327	904	30
1.0412e+008	1011	904	24
1.0417e+008	1084	904	24
1.0421e+008	1396	904	33
1.0426e+008	1041	904	24
1.043e+008	1308	904	30
1.0435e+008	1193	904	27
1.0439e+008	1212	904	28
1.0444e+008	1341	904	30
1.0448e+008	1223	904	28
1.0453e+008	1101	904	26
1.0457e+008	1210	904	28
1.0462e+008	1297	904	30
1.0466e+008	1163	904	28
1.0471e+008	1063	904	25
1.0475e+008	988	904	24
1.048e+008	1107	904	26
1.0484e+008	1273	904	29
1.0489e+008	1317	904	31
1.0493e+008	1071	904	24
1.0498e+008	1233	904	29
1.0502e+008	1029	904	25
1.0507e+008	1120	904	26
1.0511e+008	1162	904	28
1.0516e+008	1195	904	28
1.052e+008	1245	904	29
1.0525e+008	1214	904	28
1.0529e+008	1298	904	30
1.0534e+008	1097	904	25
1.0538e+008	982	904	23
1.0543e+008	1335	904	31
1.0547e+008	1015	904	24
1.0552e+008	1144	904	26
1.0556e+008	1355	904	32
1.0561e+008	1144	904	27
1.0565e+008	1120	904	27
1.057e+008	1165	904	27
1.0574e+008	1404	904	32
1.0579e+008	1129	904	27
1.0583e+008	1124	904	26
1.0588e+008	1292	904	30
1.0592e+008	1218	904	28
1.0597e+008	1060	904	24
1.0601e+008	1125	904	26
1.0606e+008	1275	904	30
1.061e+008	1113	904	26
1.0615e+008	1224	904	29
1.0619e+008	1107	904	26
1.0624e+008	1156	904	28
1.0628e+008	1243	904	29
1.0633e+008	1258	904	29
1.0637e+008	1034	904	25
1.0641e+008	1403	904	32
1.0646e+008	1019	904	24
1.065e+008	1241	904	29
1.0655e+008	1145	904	26
1.0659e+008	1028	904	24
1.0664e+008	1262	904	30
1.0668e+008	1014	904	24
1.0673e+008	1200	904	28
1.0677e+008	1151	904	27
1.0682e+008	1247	904	29
1.0686e+008	1175	904	27
1.0691e+008	934	904	22
1.0695e+008	1139	904	26
1.07e+008	1381	904	31
1.0704e+008	1168	904	27
1.0708e+008	1363	904	32
1.0713e+008	1115	904	26
1.0717e+008	1365	904	30
1.0722e+008	1200	904	28
1.0726e+008	1118	904	26
1.0731e+008	1199	904	28
1.0735e+008	1275	904	30
1.074e+008	1092	904	26
1.0744e+008	1123	904	26
1.0749e+008	1339	904	31
1.0753e+008	1033	904	23
1.0758e+008	1286	904	30
1.0762e+008	1018	904	24
1.0767e+008	1076	904	25
1.0771e+008	1401	904	32
1.0775e+008	1178	904	27
1.078e+008	1166	904	27
1.0784e+008	1110	904	26
1.0789e+008	1146	904	27
1.0793e+008	1274	904	29
1.0798e+008	1141	904	26
1.0802e+008	1256	904	28
1.0807e+008	1112	904	27
1.0811e+008	1371	904	32
1.0816e+008	1038	904	24
1.082e+008	1173	904	27
1.0825e+008	1286	904	30
1.0829e+008	1037	904	24
1.0834e+008	1234	904	29
1.0838e+008	1165	904	27
1.0843e+008	1312	904	30
1.0847e+008	1399	904	33
1.0851e+008	1036	904	24
1.0856e+008	1136	904	26
1.086e+008	1235	904	29
1.0865e+008	1260	904	29
1.0869e+008	1160	904	27
1.0874e+008	1113	904	26
1.0878e+008	1203	904	27
1.0883e+008	1364	904	30
1.0887e+008	1176	904	25
1.0892e+008	1025	904	23
1.0896e+008	1247	904	28
1.0901e+008	1268	904	28
1.0905e+008	1293	904	29
1.091e+008	1168	904	26
1.0914e+008	1242	904	29
1.0919e+008	1009	904	23
1.0923e+008	1206	904	28
1.0928e+008	1239	904	29
1.0932e+008	1360	904	31
1.0937e+008	1083	904	25
1.0941e+008	1347	904	32
1.0946e+008	1103	904	25
1.095e+008	1176	904	28
1.0955e+008	1228	904	30
1.0959e+008	1263	904	29
1.0964e+008	1204	904	29
1.0968e+008	1231	904	29
1.0973e+008	1198	904	27
1.0977e+008	1096	904	26
1.0982e+008	1123	904	26
1.0986e+008	1143	904	26
1.0991e+008	1121	904	25
1.0995e+008	1165	904	27
1.1e+008	1166	904	27
1.1004e+008	1389	904	32
1.1009e+008	1071	904	24
1.1013e+008	1347	904	32
1.1018e+008	1255	904	29
1.1022e+008	1282	904	29
1.1027e+008	1062	904	26
1.1031e+008	1259	904	30
1.1036e+008	1085	904	26
1.104e+008	1077	904	25
1.1045e+008	1160	904	27
1.1049e+008	1133	904	26
1.1054e+008	1350	904	32
1.1058e+008	1122	904	26
1.1063e+008	1054	904	25
1.1067e+008	1227	904	28
1.1072e+008	1184	904	28
1.1076e+008	1190	904	28
1.1081e+008	1029	904	24
1.1085e+008	1333	904	30
1.109e+008	1173	904	28
1.1094e+008	1236	904	29
1.1099e+008	1046	904	25
1.1103e+008	1159	904	27
1.1108e+008	1349	904	31
1.1112e+008	1233	904	30
1.1117e+008	1041	904	25
1.1121e+008	972	904	22
1.1126e+008	1210	904	28
1.113e+008	1135	904	26
1.1135e+008	1264	904	30
1.1139e+008	1012	904	24
1.1144e+008	1256	904	29
1.1148e+008	1177	904	28
1.1153e+008	1307	904	29
1.1157e+008	1057	904	25
1.1162e+008	1117	904	26
1.1166e+008	1105	904	25
1.1171e+008	1075	904	25
1.1175e+008	1262	904	30
1.118e+008	1261	904	30
1.1184e+008	1288	904	30
1.1189e+008	1246	904	30
1.1193e+008	1278	904	29
1.1198e+008	1242	904	29
1.1202e+008	1049	904	24
1.1207e+008	1227	904	28
1.1211e+008	1143	904	27
1.1216e+008	1253	904	29
1.122e+008	1091	904	26
1.1225e+008	1243	904	28
1.1229e+008	1322	904	31
1.1234e+008	1410	904	32
1.1238e+008	1088	904	25
1.1243e+008	1159	904	27
1.1247e+008	1074	904	26
1.1252e+008	1003	904	23
1.1256e+008	1211	904	28
1.1261e+008	1236	904	29
1.1265e+008	1137	904	26
1.127e+008	1283	904	30
1.1274e+008	1289	904	30
1.1279e+008	1137	904	27
1.1283e+008	1198	904	28
1.1288e+008	1221	904	28
1.1292e+008	1404	904	32
1.1296e+008	1018	904	23
1.1301e+008	1028	904	24
1.1305e+008	1082	904	26
1.131e+008	1194	904	28
1.1314e+008	1104	904	27
1.1319e+008	1292	904	30
1.1323e+008	1211	904	28
1.1328e+008	1023	904	25
1.1332e+008	1086	904	27
1.1337e+008	1130	904	27
1.1341e+008	1300	904	29
1.1346e+008	1123	904	26
1.135e+008	1175	904	27
1.1355e+008	1024	904	25
1.1359e+008	1374	904	33
1.1364e+008	1137	904	26
1.1368e+008	1272	904	30
1.1373e+008	1125	904	26
1.1377e+008	1148	904	27
1.1382e+008	1128	904	25
1.1386e+008	1374	904	30
1.1391e+008	1098	904	24
1.1395e+008	1332	904	29
1.14e+008	1292	904	29
1.1404e+008	1365	904	31
1.1409e+008	1164	904	27
1.1413e+008	1101	904	25
1.1418e+008	1172	904	27
1.1422e+008	1324	904	30
1.1427e+008	1203	904	29
1.1431e+008	1166	904	26
1.1436e+008	1226	904	28
1.144e+008	965	904	23
1.1445e+008	1392	904	33
1.1449e+008	969	904	22
1.1454e+008	1359	904	31
1.1458e+008	1199	904	28
1.1463e+008	1245	904	29
1.1467e+008	1114	904	27
1.1472e+008	1068	904	25
1.1476e+008	1291	904	30
1.1481e+008	1294	904	30
1.1485e+008	1053	904	24
1.149e+008	1217	904	29
1.1494e+008	1247	904	29
1.1499e+008	1301	904	32
1.1503e+008	949	904	22
1.1508e+008	1213	904	29
1.1512e+008	1128	904	27
1.1517e+008	1238	904	29
1.1521e+008	1287	904	30
1.1526e+008	1136	904	27
1.153e+008	1270	904	30
1.1535e+008	1214	904	27
1.1539e+008	1124	904	26
1.1544e+008	1001	904	23
1.1548e+008	1218	904	28
1.1553e+008	1173	904	28
1.1557e+008	1203	904	27
1.1562e+008	1126	904	26
1.1566e+008	1211	904	28
1.1571e+008	1283	904	31
1.1575e+008	1149	904	27
1.158e+008	1233	904	29
1.1584e+008	1122	904	27
1.1589e+008	1147	904	26
1.1593e+008	1271	904	29
1.1598e+008	1069	904	25
1.1602e+008	1182	904	27
1.1607e+008	1347	904	31
1.1611e+008	1091	904	25
1.1616e+008	1195	904	28
1.162e+008	1199	904	29
1.1625e+008	1118	904	25
1.1629e+008	1266	904	30
1.1634e+008	1320	904	31
1.1638e+008	1320	904	31
1.1643e+008	1306	904	30
1.1647e+008	1100	904	25
1.1652e+008	1117	904	26
1.1656e+008	1259	904	29
1.1661e+008	1212	904	29
1.1665e+008	1137	904	25
1.167e+008	1177	904	27
1.1674e+008	1148	904	27
1.1679e+008	1135	904	26
1.1683e+008	1146	904	27
1.1688e+008	1152	904	27
1.1692e+008	1167	904	28
1.1697e+008	1360	904	31
1.1701e+008	1247	904	29
1.1706e+008	1167	904	27
1.171e+008	1000	904	23
1.1715e+008	1086	904	26
1.1719e+008	1283	904	31
1.1724e+008	1281	904	29
1.1728e+008	1181	904	27
1.1733e+008	1220	904	28
1.1737e+008	1153	904	27
1.1742e+008	1138	904	27
1.1746e+008	1294	904	31
1.1751e+008	1285	904	30
1.1755e+008	1258	904	29
1.176e+008	1252	904	29
1.1764e+008	1004	904	24
1.1769e+008	1192	904	27
1.1773e+008	1233	904	28
1.1778e+008	1091	904	26
1.1782e+008	1197	904	28
1.1787e+008	1106	904	26
1.1791e+008	1229	904	29
1.1796e+008	1082	904	25
1.18e+008	1173	904	27
1.1805e+008	1195	904	28
1.1809e+008	1078	904	25
1.1814e+008	1278	904	29
1.1818e+008	1162	904	27
1.1823e+008	1277	904	30
1.1827e+008	1125	904	26
1.1832e+008	1226	904	28
1.1836e+008	1179	904	28
1.1841e+008	1108	904	27
1.1845e+008	1218	904	28
1.185e+008	1122	904	28
1.1854e+008	1203	904	28
1.1859e+008	1295	904	30
1.1863e+008	1241	904	28
1.1868e+008	1287	904	30
1.1872e+008	1156	904	27
1.1877e+008	1177	904	28
1.1881e+008	1275	904	29
1.1885e+008	1398	904	30
1.189e+008	1433	904	32
1.1894e+008	1141	904	24
1.1899e+008	1243	904	29
1.1903e+008	1135	904	25
1.1908e+008	1260	904	27
1.1912e+008	1216	904	28
1.1917e+008	1166	904	27
1.1921e+008	1209	904	28
1.1926e+008	1139	904	26
1.193e+008	1245	904	29
1.1935e+008	1135	904	26
1.1939e+008	1042	904	24
1.1944e+008	1313	904	31
1.1948e+008	1305	904	30
1.1953e+008	1203	904	29
1.1957e+008	1277	904	29
1.1962e+008	1201	904	28
1.1966e+008	1144	904	26
1.1971e+008	1133	904	26
1.1975e+008	1262	904	30
1.198e+008	1311	904	31
1.1984e+008	1122	904	26
1.1989e+008	1088	904	25
1.1993e+008	1166	904	27
1.1998e+008	1318	904	31
1.2002e+008	1090	904	25
1.2007e+008	1166	904	27
1.2011e+008	1116	904	26
1.2016e+008	1344	904	31
1.202e+008	1197	904	28
1.2025e+008	1335	904	31
1.2029e+008	1206	904	28
1.2034e+008	1115	904	26
1.2038e+008	989	904	23
1.2043e+008	1249	904	29
1.2047e+008	1142	904	27
1.2052e+008	1068	904	25
1.2056e+008	1155	904	26
1.2061e+008	1325	904	31
1.2065e+008	1080	904	26
1.207e+008	1155	904	26
1.2074e+008	1206	904	28
1.2079e+008	1254	904	29
1.2083e+008	1356	904	31
1.2088e+008	1081	904	26
1.2092e+008	1191	904	27
1.2097e+008	1325	904	31
1.2101e+008	1315	904	30
1.2106e+008	1241	904	28
1.211e+008	1136	904	27
1.2115e+008	1130	904	27
1.2119e+008	1164	904	27
1.2124e+008	1147	904	27
1.2128e+008	1396	904	31
1.2133e+008	1266	904	30
1.2137e+008	1007	904	24
1.2142e+008	1271	904	30
1.2146e+008	1382	904	32
1.215e+008	975	904	23
1.2155e+008	1123	904	27
1.2159e+008	1051	904	25
1.2164e+008	1294	904	29
1.2168e+008	1163	904	27
1.2173e+008	1163	904	28
1.2177e+008	1201	904	29
1.2182e+008	1224	904	29
1.2186e+008	1203	904	28
1.2191e+008	1061	904	25
1.2195e+008	1183	904	28
1.22e+008	1301	904	31
1.2204e+008	1121	904	27
1.2209e+008	1158	904	27
1.2213e+008	1217	904	28
1.2218e+008	1272	904	30
1.2222e+008	980	904	23
1.2227e+008	1304	904	30
1.2231e+008	1398	904	33
1.2236e+008	1160	904	27
1.224e+008	1017	904	24
1.2245e+008	1118	904	26
1.2249e+008	1257	904	29
1.2254e+008	1197	904	28
1.2258e+008	1294	904	30
1.2263e+008	898	904	21
1.2267e+008	1213	904	27
1.2272e+008	1235	904	29
1.2276e+008	1093	904	26
1.2281e+008	1217	904	28
1.2285e+008	1086	904	25
1.229e+008	1174	904	27
1.2294e+008	1242	904	28
1.2299e+008	1309	904	30
1.2303e+008	1196	904	28
1.2308e+008	1055	904	24
1.2312e+008	1080	904	25
1.2317e+008	1356	904	31
1.2321e+008	1023	904	24
1.2326e+008	1190	904	27
1.233e+008	1144	904	27
1.2335e+008	1083	904	25
1.2339e+008	1091	904	25
1.2344e+008	1160	904	27
1.2348e+008	1133	904	26
1.2353e+008	1281	904	30
1.2357e+008	1255	904	29
1.2362e+008	1143	904	27
1.2366e+008	1030	904	24
1.2371e+008	1086	904	25
1.2375e+008	1231	904	28
1.238e+008	1087	904	25
1.2384e+008	1182	904	27
1.2389e+008	1277	904	29
1.2393e+008	1331	904	30
1.2398e+008	1245	904	26
1.2402e+008	1097	904	25
1.2407e+008	1216	904	28
1.2411e+008	1390	904	30
1.2415e+008	952	904	22
1.242e+008	1374	904	32
1.2424e+008	1152	904	27
1.2429e+008	1174	904	28
1.2433e+008	1213	904	28
1.2438e+008	1392	904	31
1.2442e+008	983	904	23
1.2447e+008	1087	904	25
1.2451e+008	1331	904	31
1.2456e+008	1026	904	24
1.246e+008	1247	904	28
1.2465e+008	1226	904	29
1.2469e+008	1298	904	30
1.2474e+008	1073	904	25
1.2478e+008	1146	904	26
1.2483e+008	1167	904	27
1.2487e+008	1121	904	26
1.2492e+008	1308	904	30
1.2496e+008	1155	904	27
1.2501e+008	1179	904	27
1.2505e+008	1195	904	28
1.251e+008	1247	904	29
1.2514e+008	1222	904	28
1.2519e+008	1262	904	29
1.2523e+008	1110	904	27
1.2528e+008	1081	904	25
1.2532e+008	1179	904	28
1.2537e+008	1109	904	26
1.2541e+008	1351	904	32
1.2546e+008	1148	904	27
1.255e+008	1163	904	28
1.2555e+008	1193	904	27
1.2559e+008	967	904	22
1.2564e+008	1223	904	28
1.2568e+008	1312	904	31
1.2573e+008	1202	904	28
1.2577e+008	1101	904	26
1.2582e+008	1199	904	28
1.2586e+008	987	904	23
1.2591e+008	1265	904	29
1.2595e+008	1165	904	28
1.26e+008	1272	904	29
1.2604e+008	1216	904	28
1.2609e+008	1177	904	28
1.2613e+008	1015	904	24
1.2618e+008	1234	904	28
1.2622e+008	1032	904	23
1.2627e+008	1218	904	28
1.2631e+008	1328	904	30
1.2636e+008	1173	904	27
1.264e+008	1164	904	27
1.2645e+008	1250	904	29
1.2649e+008	1217	904	28
1.2654e+008	1096	904	26
1.2658e+008	1055	904	25
1.2662e+008	1376	904	32
1.2667e+008	1174	904	27
1.2671e+008	1213	904	28
1.2676e+008	1295	904	30
1.268e+008	1068	904	25
1.2685e+008	1191	904	28
1.2689e+008	1192	904	28
1.2694e+008	1162	904	28
1.2698e+008	1321	904	30
1.2703e+008	1166	904	27
1.2707e+008	1089	904	26
1.2712e+008	1287	904	29
1.2716e+008	1231	904	29
1.2721e+008	1034	904	24
1.2725e+008	1097	904	26
1.273e+008	1382	904	31
1.2734e+008	1118	904	27
1.2739e+008	1207	904	28
1.2743e+008	1236	904	29
1.2748e+008	1092	904	25
1.2752e+008	1341	904	31
1.2757e+008	1058	904	24
1.2761e+008	1319	904	31
1.2766e+008	1028	904	24
1.277e+008	1206	904	28
1.2775e+008	1139	904	26
1.2779e+008	1214	904	28
1.2784e+008	1344	904	31
1.2788e+008	1162	904	27
1.2793e+008	1326	904	31
1.2797e+008	1364	904	32
1.2802e+008	1133	904	26
1.2806e+008	947	904	24
1.2811e+008	1383	904	32
1.2815e+008	1032	904	23
1.282e+008	1045	904	24
1.2824e+008	1096	904	25
1.2828e+008	1406	904	32
1.2833e+008	1058	904	25
1.2837e+008	1190	904	27
1.2842e+008	1082	904	26
1.2846e+008	1248	904	28
1.2851e+008	1001	904	23
1.2855e+008	1124	904	27
1.286e+008	1319	904	31
1.2864e+008	1036	904	24
1.2869e+008	1170	904	27
1.2873e+008	1312	904	30
1.2878e+008	1036	904	23
1.2882e+008	1201	904	28
1.2887e+008	1311	904	30
1.2891e+008	1182	904	28
1.2896e+008	1376	904	31
1.29e+008	1224	904	27
1.2904e+008	1369	904	31
1.2909e+008	1222	904	28
1.2913e+008	1350	904	29
1.2918e+008	1067	904	23
1.2922e+008	1276	904	31
1.2927e+008	1062	904	25
1.2931e+008	1119	904	25
1.2936e+008	1059	904	24
1.294e+008	1322	904	30
1.2945e+008	1062	904	25
1.2949e+008	1173	904	26
1.2954e+008	1374	904	32
1.2958e+008	948	904	22
1.2963e+008	1169	904	27
1.2967e+008	1160	904	27
1.2972e+008	1215	904	28
1.2976e+008	1099	904	26
1.2981e+008	1278	904	29
1.2985e+008	1078	904	25
1.299e+008	1399	904	32
1.2994e+008	1194	904	28
1.2999e+008	1064	904	25
1.3003e+008	1194	904	28
1.3008e+008	1000	904	24
1.3012e+008	1190	904	28
1.3017e+008	1268	904	30
1.3021e+008	1252	904	29
1.3026e+008	1073	904	25
1.303e+008	1242	904	29
1.3035e+008	1084	904	25
1.3039e+008	1254	904	29
1.3044e+008	1140	904	27
1.3048e+008	1182	904	28
1.3053e+008	1112	904	26
1.3057e+008	1014	904	23
1.3062e+008	1157	904	27
1.3066e+008	1146	904	27
1.3071e+008	1060	904	25
1.3075e+008	1176	904	28
1.308e+008	1265	904	29
1.3084e+008	1151	904	27
1.3089e+008	1223	904	29
1.3093e+008	1145	904	26
1.3098e+008	1212	904	28
1.3102e+008	1269	904	29
1.3107e+008	1173	904	27
1.3111e+008	1341	904	31
1.3116e+008	1157	904	27
1.312e+008	1406	904	33
1.3124e+008	1238	904	28
1.3129e+008	1009	904	23
1.3133e+008	1114	904	26
1.3138e+008	1279	904	31
1.3142e+008	1221	904	28
1.3147e+008	1159	904	27
1.3151e+008	1165	904	28
1.3156e+008	1115	904	27
1.316e+008	1188	904	27
1.3165e+008	1208	904	28
1.3169e+008	1213	904	28
1.3174e+008	1050	904	25
1.3178e+008	1167	904	27
1.3183e+008	1096	904	26
1.3187e+008	1201	904	28
1.3192e+008	1293	904	29
1.3196e+008	1279	904	30
1.3201e+008	1075	904	26
1.3205e+008	1263	904	29
1.321e+008	1248	904	29
1.3214e+008	1120	904	26
1.3219e+008	1214	904	29
1.3223e+008	1263	904	29
1.3228e+008	1171	904	27
1.3232e+008	1081	904	25
1.3237e+008	1104	904	26
1.3241e+008	1343	904	31
1.3246e+008	1257	904	29
1.325e+008	1013	904	23
1.3255e+008	1288	904	29
1.3259e+008	1369	904	32
1.3264e+008	1154	904	27
1.3268e+008	1188	904	28
1.3273e+008	1142	904	27
1.3277e+008	1207	904	28
1.3282e+008	1209	904	28
1.3286e+008	1115	904	26
1.3291e+008	1116	904	26
1.3295e+008	1162	904	27
1.33e+008	1399	904	32
1.3304e+008	1217	904	28
1.3309e+008	1140	904	27
1.3313e+008	1237	904	30
1.3318e+008	1248	904	29
1.3322e+008	1135	904	26
1.3327e+008	1242	904	28
1.3331e+008	1009	904	23
1.3336e+008	1150	904	27
1.334e+008	1191	904	27
1.3345e+008	1177	904	27
1.3349e+008	1283	904	29
1.3354e+008	1110	904	26
1.3358e+008	1031	904	24
1.3363e+008	1266	904	29
1.3367e+008	1168	904	28
1.3372e+008	1240	904	28
1.3376e+008	1230	904	28
1.3381e+008	1105	904	26
1.3385e+008	1238	904	28
1.339e+008	1314	904	29
1.3394e+008	1123	904	26
1.3399e+008	1262	904	26
1.3403e+008	1315	904	29
1.3408e+008	1257	904	29
1.3412e+008	1103	904	26
1.3417e+008	1197	904	26
1.3421e+008	1206	904	27
1.3426e+008	1106	904	25
1.343e+008	1230	904	28
1.3435e+008	1220	904	27
1.3439e+008	1140	904	26
1.3443e+008	1364	904	31
1.3448e+008	1202	904	28
1.3452e+008	1237	904	28
1.3457e+008	1380	904	33
1.3461e+008	1083	904	25
1.3466e+008	1196	904	28
1.347e+008	1137	904	26
1.3475e+008	1291	904	31
1.3479e+008	935	904	22
1.3484e+008	1312	904	31
1.3488e+008	1368	904	32
1.3493e+008	1031	904	25
1.3497e+008	1097	904	26
1.3502e+008	1359	904	32
1.3506e+008	1327	904	31
1.3511e+008	1295	904	31
1.3515e+008	1203	904	29
1.352e+008	1149	904	27
1.3524e+008	1233	904	29
1.3528e+008	1393	904	32
1.3533e+008	1186	904	28
1.3537e+008	990	904	23
1.3542e+008	1345	904	31
1.3546e+008	970	904	22
1.3551e+008	1210	904	28
1.3555e+008	1182	904	28
1.356e+008	1191	904	28
1.3564e+008	1048	904	24
1.3569e+008	1254	904	28
1.3573e+008	1214	904	29
1.3578e+008	1127	904	27
1.3582e+008	1152	904	27
1.3587e+008	1234	904	29
1.3591e+008	1136	904	26
1.3596e+008	1089	904	26
1.36e+008	1179	904	28
1.3605e+008	1258	904	29
1.3609e+008	1140	904	26
1.3614e+008	1287	904	29
1.3618e+008	1224	904	28
1.3623e+008	1059	904	24
1.3627e+008	1214	904	28
1.3632e+008	1273	904	30
1.3636e+008	1064	904	25
1.3641e+008	1104	904	25
1.3645e+008	1369	904	32
1.3649e+008	1021	904	24
1.3654e+008	1325	904	31
1.3658e+008	1167	904	27
1.3663e+008	1125	904	27
1.3667e+008	1337	904	31
1.3672e+008	1340	904	30
1.3676e+008	1364	904	31
1.3681e+008	1010	904	23
1.3685e+008	1210	904	29
1.369e+008	986	904	24
1.3694e+008	1223	904	29
1.3699e+008	1264	904	29
1.3703e+008	1061	904	25
1.3708e+008	1287	904	30
1.3712e+008	1105	904	25
1.3717e+008	1322	904	30
1.3721e+008	998	904	24
1.3726e+008	1123	904	27
1.373e+008	1232	904	29
1.3734e+008	1365	904	33
1.3739e+008	1090	904	25
1.3743e+008	1138	904	26
1.3748e+008	1212	904	29
1.3752e+008	1037	904	24
1.3757e+008	1179	904	27
1.3761e+008	1250	904	29
1.3766e+008	1384	904	31
1.377e+008	1066	904	25
1.3775e+008	997	904	23
1.3779e+008	1378	904	32
1.3784e+008	1021	904	24
1.3788e+008	1346	904	31
1.3793e+008	1047	904	25
1.3797e+008	1375	904	33
1.3802e+008	1071	904	26
1.3806e+008	1189	904	28
1.3811e+008	1129	904	26
1.3815e+008	1092	904	25
1.382e+008	1316	904	31
1.3824e+008	1007	904	24
1.3829e+008	1200	904	27
1.3833e+008	1285	904	30
1.3838e+008	1309	904	30
1.3842e+008	1368	904	32
1.3846e+008	944	904	23
1.3851e+008	1214	904	28
1.3855e+008	1270	904	29
1.386e+008	1306	904	31
1.3864e+008	1228	904	29
1.3869e+008	864	904	21
1.3873e+008	1389	904	34
1.3877e+008	1125	904	26
1.3882e+008	1018	904	23
1.3886e+008	1119	904	25
1.3891e+008	1042	904	23
1.3895e+008	1401	904	32
1.3899e+008	1366	904	28
1.3904e+008	1058	904	23
1.3908e+008	1229	904	29
1.3913e+008	1112	904	25
1.3917e+008	1230	904	27
1.3922e+008	1248	904	28
1.3926e+008	1315	904	30
1.3931e+008	1305	904	29
1.3935e+008	1079	904	25
1.394e+008	1394	904	33
1.3944e+008	1165	904	27
1.3949e+008	1125	904	26
1.3953e+008	1113	904	26
1.3958e+008	1152	904	27
1.3962e+008	1149	904	27
1.3967e+008	1313	904	30
1.3971e+008	1382	904	32
1.3975e+008	1071	904	25
1.398e+008	1153	904	27
1.3984e+008	1173	904	27
1.3989e+008	1313	904	31
1.3993e+008	1282	904	30
1.3998e+008	1209	904	28
1.4002e+008	1227	904	29
1.4007e+008	1204	904	28
1.4011e+008	1135	904	27
1.4016e+008	1288	904	30
1.402e+008	1219	904	29
1.4025e+008	1113	904	26
1.4029e+008	1241	904	28
1.4034e+008	1160	904	27
1.4038e+008	1186	904	27
1.4043e+008	1391	904	32
1.4047e+008	1055	904	25
1.4052e+008	1210	904	29
1.4056e+008	1086	904	26
1.4061e+008	1212	904	28
1.4065e+008	1241	904	29
1.407e+008	1193	904	28
1.4074e+008	975	904	23
1.4079e+008	1267	904	29
1.4083e+008	1227	904	29
1.4088e+008	1168	904	27
1.4092e+008	1342	904	30
1.4097e+008	1245	904	29
1.4101e+008	1140	904	26
1.4106e+008	1378	904	32
1.411e+008	1164	904	27
1.4115e+008	1095	904	26
1.4119e+008	1237	904	30
1.4124e+008	1100	904	26
1.4128e+008	1215	904	28
1.4133e+008	1258	904	29
1.4137e+008	1286	904	30
1.4142e+008	1185	904	28
1.4146e+008	1203	904	28
1.4151e+008	1288	904	29
1.4155e+008	1154	904	27
1.416e+008	1173	904	26
1.4164e+008	1238	904	30
1.4169e+008	1269	904	30
1.4173e+008	1155	904	26
1.4178e+008	1122	904	26
1.4182e+008	1197	904	28
1.4187e+008	1239	904	29
1.4191e+008	1159	904	27
1.4196e+008	1120	904	27
1.42e+008	1115	904	26
1.4205e+008	1216	904	28
1.4209e+008	1088	904	26
1.4214e+008	1299	904	30
1.4218e+008	1336	904	31
1.4223e+008	1174	904	27
1.4227e+008	1172	904	27
1.4232e+008	1228	904	29
1.4236e+008	1145	904	26
1.4241e+008	1167	904	27
1.4245e+008	1008	904	24
1.425e+008	1240	904	28
1.4254e+008	1229	904	28
1.4259e+008	1192	904	27
1.4263e+008	1215	904	28
1.4268e+008	1167	904	27
1.4272e+008	1137	904	27
1.4277e+008	1229	904	28
1.4281e+008	1249	904	30
1.4286e+008	1095	904	25
1.429e+008	1138	904	27
1.4295e+008	1255	904	30
1.4299e+008	1033	904	24
1.4304e+008	1288	904	30
1.4308e+008	1212	904	29
1.4313e+008	1231	904	29
1.4317e+008	1121	904	26
1.4322e+008	1251	904	29
1.4326e+008	986	904	24
1.4331e+008	1268	904	30
1.4335e+008	942	904	22
1.434e+008	1218	904	28
1.4344e+008	1072	904	25
1.4349e+008	1080	904	25
1.4353e+008	1395	904	32
1.4357e+008	1003	904	24
1.4362e+008	1198	904	28
1.4366e+008	1354	904	31
1.4371e+008	1240	904	29
1.4375e+008	1180	904	28
1.438e+008	1190	904	27
1.4384e+008	1376	904	32
1.4389e+008	1314	904	31
1.4393e+008	1188	904	27
1.4398e+008	1205	904	29
1.4402e+008	1396	904	28
1.4406e+008	1205	904	27
1.4411e+008	1197	904	27
1.4415e+008	1334	904	30
1.442e+008	1188	904	26
1.4424e+008	1400	904	31
1.4429e+008	1204	904	28
1.4433e+008	1204	904	28
1.4437e+008	1374	904	32
1.4442e+008	1162	904	27
1.4446e+008	1263	904	30
1.4451e+008	951	904	22
1.4455e+008	1240	904	28
1.446e+008	1197	904	27
1.4464e+008	1337	904	31
1.4469e+008	1276	904	29
1.4473e+008	1166	904	27
1.4478e+008	1124	904	26
1.4482e+008	1214	904	28
1.4487e+008	1171	904	27
1.4491e+008	1177	904	27
1.4496e+008	1290	904	30
1.45e+008	1185	904	28
1.4505e+008	1128	904	26
1.4509e+008	1055	904	25
1.4514e+008	1190	904	28
1.4518e+008	1193	904	28
1.4523e+008	1184	904	28
1.4527e+008	1179	904	27
1.4532e+008	1213	904	28
1.4536e+008	1186	904	28
1.4541e+008	1301	904	30
1.4545e+008	1308	904	30
1.455e+008	995	904	23
1.4554e+008	1384	904	32
1.4559e+008	1361	904	31
1.4563e+008	1040	904	25
1.4568e+008	1236	904	29
1.4572e+008	1244	904	29
1.4577e+008	973	904	23
1.4581e+008	1384	904	33
1.4585e+008	1077	904	25
1.459e+008	1038	904	24
1.4594e+008	1212	904	29
1.4599e+008	1190	904	28
1.4603e+008	1201	904	28
1.4608e+008	1228	904	28
1.4612e+008	1156	904	27
1.4617e+008	1245	904	29
1.4621e+008	1145	904	27
1.4626e+008	1357	904	32
1.463e+008	1102	904	26
1.4635e+008	1252	904	28
1.4639e+008	1016	904	24
1.4644e+008	1255	904	28
1.4648e+008	1078	904	25
1.4653e+008	1382	904	32
1.4657e+008	1130	904	26
1.4662e+008	1095	904	26
1.4666e+008	1197	904	28
1.4671e+008	1210	904	29
1.4675e+008	1071	904	25
1.468e+008	1101	904	26
1.4684e+008	1268	904	30
1.4689e+008	1399	904	32
1.4693e+008	1019	904	24
1.4698e+008	1137	904	26
1.4702e+008	1152	904	27
1.4707e+008	1113	904	26
1.4711e+008	1301	904	30
1.4716e+008	1204	904	28
1.472e+008	1140	904	26
1.4725e+008	1186	904	28
1.4729e+008	1137	904	27
1.4734e+008	1148	904	27
1.4738e+008	1384	904	32
1.4742e+008	1219	904	28
1.4747e+008	1226	904	29
1.4751e+008	998	904	23
1.4756e+008	1321	904	31
1.476e+008	1028	904	24
1.4765e+008	1255	904	31
1.4769e+008	1005	904	23
1.4774e+008	1343	904	31
1.4778e+008	1152	904	26
1.4783e+008	1334	904	30
1.4787e+008	1273	904	29
1.4792e+008	1165	904	27
1.4796e+008	1193	904	28
1.4801e+008	1103	904	26
1.4805e+008	1324	904	32
1.481e+008	1016	904	24
1.4814e+008	960	904	23
1.4819e+008	1305	904	31
1.4823e+008	1380	904	32
1.4827e+008	1090	904	25
1.4832e+008	1333	904	31
1.4836e+008	1057	904	25
1.4841e+008	1267	904	29
1.4845e+008	1375	904	32
1.485e+008	1163	904	27
1.4854e+008	1257	904	30
1.4859e+008	1010	904	24
1.4863e+008	1132	904	26
1.4868e+008	1222	904	29
1.4872e+008	1048	904	24
1.4877e+008	1283	904	30
1.4881e+008	1146	904	26
1.4886e+008	1354	904	31
1.489e+008	1057	904	25
1.4895e+008	1219	904	28
1.4899e+008	1337	904	30
1.4904e+008	1238	904	26
1.4908e+008	1326	904	28
1.4913e+008	1204	904	27
1.4917e+008	1196	904	26
1.4922e+008	1225	904	26
1.4926e+008	1201	904	28
1.4931e+008	1102	904	25
1.4935e+008	1247	904	29
1.494e+008	1082	904	25
1.4944e+008	1029	904	25
1.4949e+008	1402	904	34
1.4953e+008	1121	904	26
1.4958e+008	1231	904	28
1.4962e+008	1047	904	24
1.4967e+008	1284	904	30
1.4971e+008	1010	904	24
1.4975e+008	1404	904	32
1.498e+008	1080	904	25
1.4984e+008	1317	904	30
1.4989e+008	1083	904	26
1.4993e+008	1381	904	32
1.4997e+008	1078	904	25
1.5002e+008	1255	904	29
1.5006e+008	1238	904	30
1.5011e+008	1121	904	27
1.5015e+008	1170	904	27
1.502e+008	1249	904	29
1.5024e+008	1110	904	26
1.5029e+008	1248	904	29
1.5033e+008	956	904	23
1.5038e+008	1161	904	27
1.5042e+008	1221	904	28
1.5047e+008	1382	904	33
1.5051e+008	1173	904	28
1.5056e+008	1230	904	29
1.506e+008	1060	904	25
1.5065e+008	1233	904	28
1.5069e+008	1285	904	30
1.5074e+008	1231	904	28
1.5078e+008	1160	904	27
1.5083e+008	1134	904	27
1.5087e+008	1149	904	28
1.5092e+008	1176	904	27
1.5096e+008	1075	904	25
1.5101e+008	1393	904	32
1.5105e+008	1118	904	26
1.511e+008	1201	904	28
1.5114e+008	1122	904	27
1.5119e+008	1111	904	25
1.5123e+008	1224	904	28
1.5128e+008	1172	904	26
1.5132e+008	1055	904	25
1.5137e+008	1076	904	26
1.5141e+008	1373	904	31
1.5146e+008	1105	904	26
1.515e+008	1261	904	30
1.5155e+008	1103	904	25
1.5159e+008	1179	904	27
1.5164e+008	1198	904	27
1.5168e+008	1277	904	30
1.5173e+008	1230	904	29
1.5177e+008	1371	904	31
1.5182e+008	1117	904	26
1.5186e+008	1185	904	27
1.5191e+008	1183	904	28
1.5195e+008	1070	904	25
1.52e+008	1112	904	26
1.5204e+008	1163	904	27
1.5209e+008	1273	904	29
1.5213e+008	1177	904	27
1.5218e+008	1192	904	28
1.5222e+008	1119	904	26
1.5227e+008	1283	904	29
1.5231e+008	1115	904	26
1.5236e+008	1112	904	26
1.524e+008	1030	904	25
1.5245e+008	1239	904	29
1.5249e+008	1176	904	27
1.5254e+008	1126	904	27
1.5258e+008	1099	904	25
1.5263e+008	1331	904	31
1.5267e+008	1245	904	29
1.5272e+008	1349	904	31
1.5276e+008	1220	904	28
1.5281e+008	1141	904	27
1.5285e+008	1135	904	26
1.529e+008	1129	904	27
1.5294e+008	1270	904	29
1.5299e+008	1312	904	31
1.5303e+008	1311	904	30
1.5308e+008	1007	904	24
1.5311e+008	1376	904	32
1.5316e+008	1287	904	30
1.532e+008	1318	904	30
1.5325e+008	1016	904	24
1.5329e+008	1325	904	31
1.5334e+008	1118	904	26
1.5338e+008	1136	904	27
1.5343e+008	1196	904	28
1.5347e+008	1118	904	26
1.5352e+008	1304	904	30
1.5356e+008	1340	904	31
1.5361e+008	1286	904	30
1.5365e+008	1241	904	28
1.537e+008	1228	904	28
1.5374e+008	1183	904	28
1.5379e+008	1335	904	31
1.5383e+008	1244	904	29
1.5388e+008	1239	904	28
1.5392e+008	1038	904	24
1.5397e+008	1366	904	31
1.5401e+008	1318	904	31
1.5406e+008	1211	904	25
1.541e+008	1234	904	27
1.5415e+008	1321	904	30
1.5419e+008	1323	904	29
1.5424e+008	1077	904	24
1.5428e+008	1330	904	30
1.5433e+008	1205	904	28
1.5437e+008	1381	904	32
1.5442e+008	1166	904	27
1.5446e+008	1087	904	25
1.5451e+008	1214	904	28
1.5455e+008	1053	904	23
1.546e+008	1135	904	26
1.5464e+008	1265	904	30
1.5469e+008	1272	904	30
1.5473e+008	1202	904	27
1.5478e+008	1184	904	28
1.5482e+008	1325	904	31
1.5487e+008	1349	904	31
1.5491e+008	899	904	21
1.5496e+008	1338	904	32
1.55e+008	1159	904	27
1.5505e+008	1141	904	26
1.5509e+008	1378	904	32
1.5513e+008	1008	904	23
1.5518e+008	1317	904	30
1.5522e+008	1059	904	25
1.5527e+008	1105	904	25
1.5531e+008	1168	904	27
1.5536e+008	1276	904	29
1.554e+008	1154	904	27
1.5545e+008	1118	904	26
1.5549e+008	1289	904	30
1.5554e+008	1215	904	28
1.5558e+008	1059	904	25
1.5563e+008	1126	904	26
1.5567e+008	1197	904	28
1.5572e+008	1194	904	27
1.5576e+008	1348	904	31
1.5581e+008	1167	904	27
1.5585e+008	1272	904	29
1.559e+008	1227	904	29
1.5594e+008	1242	904	29
1.5598e+008	1368	904	32
1.5603e+008	1024	904	24
1.5607e+008	1228	904	29
1.5612e+008	1177	904	27
1.5616e+008	1368	904	32
1.5621e+008	1131	904	25
1.5625e+008	1108	904	26
1.563e+008	1186	904	27
1.5634e+008	1190	904	28
1.5639e+008	1062	904	25
1.5643e+008	1337	904	31
1.5648e+008	1314	904	30
1.5652e+008	1066	904	25
1.5657e+008	1183	904	28
1.5661e+008	1113	904	26
1.5666e+008	1211	904	29
1.567e+008	1258	904	29
1.5675e+008	1036	904	24
1.5679e+008	1354	904	31
1.5684e+008	1060	904	24
1.5688e+008	1244	904	29
1.5693e+008	987	904	23
1.5697e+008	1398	904	32
1.5701e+008	1167	904	27
1.5706e+008	970	904	23
1.571e+008	1057	904	25
1.5715e+008	1238	904	28
1.5719e+008	1302	904	30
1.5724e+008	1140	904	27
1.5728e+008	1079	904	25
1.5733e+008	1287	904	29
1.5737e+008	1117	904	26
1.5742e+008	1064	904	25
1.5746e+008	1339	904	31
1.5751e+008	1363	904	32
1.5755e+008	1219	904	28
1.576e+008	1225	904	28
1.5764e+008	1150	904	27
1.5769e+008	1175	904	28
1.5773e+008	1021	904	24
1.5778e+008	1342	904	32
1.5782e+008	1137	904	27
1.5787e+008	1085	904	26
1.5791e+008	1211	904	28
1.5796e+008	1151	904	26
1.58e+008	1135	904	26
1.5805e+008	1047	904	25
1.5809e+008	1408	904	32
1.5814e+008	1031	904	25
1.5818e+008	1086	904	25
1.5823e+008	1204	904	29
1.5827e+008	1170	904	27
1.5832e+008	1026	904	24
1.5836e+008	1304	904	30
1.5841e+008	1220	904	28
1.5845e+008	1086	904	26
1.585e+008	1328	904	31
1.5854e+008	1275	904	29
1.5859e+008	1232	904	29
1.5863e+008	1218	904	29
1.5868e+008	1393	904	32
1.5872e+008	1062	904	25
1.5877e+008	1103	904	26
1.5881e+008	1028	904	24
1.5886e+008	1275	904	30
1.589e+008	1243	904	29
1.5895e+008	1009	904	24
1.5899e+008	1281	904	30
1.5904e+008	1110	904	26
1.5908e+008	1267	904	26
1.5913e+008	1271	904	28
1.5917e+008	1268	904	29
1.5922e+008	1205	904	27
1.5926e+008	1108	904	26
1.5931e+008	1293	904	28
1.5935e+008	1058	904	25
1.594e+008	1144	904	26
1.5944e+008	1374	904	31
1.5948e+008	1386	904	32
1.5953e+008	1294	904	30
1.5957e+008	966	904	22
1.5962e+008	1038	904	25
1.5966e+008	1248	904	29
1.5971e+008	1215	904	29
1.5975e+008	1077	904	25
1.598e+008	1157	904	28
1.5984e+008	1128	904	27
1.5989e+008	1181	904	27
1.5993e+008	1392	904	32
1.5998e+008	1007	904	24
1.6002e+008	1277	904	30
1.6007e+008	1134	904	26
1.6011e+008	1314	904	31
1.6016e+008	1234	904	29
1.602e+008	1118	904	27
1.6025e+008	1326	904	30
1.6029e+008	1168	904	28
1.6034e+008	1227	904	28
1.6038e+008	1129	904	26
1.6043e+008	1339	904	30
1.6047e+008	1337	904	31
1.6052e+008	1344	904	30
1.6056e+008	1051	904	26
1.6061e+008	1307	904	30
1.6065e+008	1090	904	26
1.607e+008	1100	904	27
1.6074e+008	1280	904	30
1.6079e+008	1046	904	24
1.6083e+008	1150	904	26
1.6088e+008	1291	904	29
1.6092e+008	911	904	21
1.6097e+008	1267	904	29
1.6101e+008	1218	904	29
1.6106e+008	1074	904	26
1.611e+008	1165	904	27
1.6115e+008	1309	904	31
1.6119e+008	1369	904	32
1.6124e+008	896	904	21
1.6128e+008	1101	904	25
1.6133e+008	1053	904	25
1.6137e+008	1053	904	25
1.6142e+008	1164	904	27
1.6146e+008	1252	904	29
1.6151e+008	1061	904	24
1.6155e+008	1133	904	26
1.616e+008	1051	904	24
1.6164e+008	1096	904	25
1.6169e+008	1100	904	26
1.6173e+008	1079	904	25
1.6178e+008	981	904	22
1.6182e+008	909	904	21
1.6187e+008	1060	904	25
1.6191e+008	1056	904	24
1.6196e+008	1051	904	25
1.62e+008	862	904	20
1.6205e+008	995	904	23
1.6209e+008	863	904	20
1.6214e+008	886	904	21
1.6218e+008	652	904	15
1.6223e+008	757	904	18
1.6227e+008	769	904	18
1.6232e+008	669	904	15
1.6236e+008	607	904	15
1.6241e+008	718	904	17
1.6245e+008	678	904	16
1.625e+008	518	904	12
1.6254e+008	618	904	14
1.6259e+008	649	904	15
1.6263e+008	522	904	12
1.6268e+008	483	904	11
1.6272e+008	648	904	16
1.6277e+008	532	904	12
1.6281e+008	564	904	13
1.6286e+008	373	904	9
1.629e+008	308	904	7
1.6295e+008	307	904	8
1.6299e+008	239	904	6
1.6304e+008	135	904	3
1.6308e+008	212	904	5
1.6313e+008	172	904	4
1.6317e+008	83	904	2
1.6322e+008	126	904	3
1.6326e+008	120	904	3
1.6331e+008	89	904	2
1.6335e+008	185	904	4
1.634e+008	178	904	4
1.6344e+008	43	904	1
