45000
44972
45000
33876
45000
45000
45000
41216
45000
45000
45000
45000
43910
45000
45000
42153
45000
45000
45000
45000
42633
45000
45000
45000
45000
44701
45000
42617
45000
45000
45000
45000
45000
45000
45000
45000
45000
45000
45000
45000
45000
45000
45000
45000
45000
45000
40076
45000
45000
45000
45000
41986
45000
45000
45000
45000
45000
44338
45000
45000
45000
45000
45000
45000
45000
45000
45000
45000
45000
45000
45000
45000
44814
45000
45000
45000
45000
45000
45000
45000
45000
45000
45000
45000
45000
45000
45000
45000
44918
45000
45000
45000
45000
43868
45000
45000
45000
39319
44144
45000
45000
45000
45000
45000
44884
45000
45000
45000
45000
45000
45000
45000
45000
45000
45000
45000
45000
45000
45000
45000
45000
45000
45000
45000
45000
45000
45000
45000
45000
45000
44837
45000
45000
45000
45000
45000
45000
45000
45000
45000
45000
45000
45000
45000
45000
45000
45000
45000
45000
45000
45000
45000
40216
44776
45000
45000
45000
45000
45000
45000
45000
45000
45000
45000
45000
45000
45000
45000
45000
45000
45000
45000
44715
45000
45000
45000
45000
45000
45000
45000
45000
45000
45000
45000
45000
45000
45000
45000
44281
45000
45000
45000
41397
45000
45000
45000
45000
45000
41011
45000
45000
45000
45000
45000
45000
45000
45000
45000
45000
45000
45000
45000
45000
45000
45000
45000
45000
45000
45000
44105
45000
45000
45000
36749
45000
45000
45000
45000
45000
45000
45000
45000
45000
45000
45000
45000
45000
45000
45000
45000
45000
41853
45000
45000
45000
45000
45000
45000
45000
45000
45000
45000
45000
45000
44969
45000
45000
45000
43780
45000
45000
45000
45000
45000
45000
45000
45000
45000
45000
45000
45000
45000
45000
45000
45000
45000
45000
45000
45000
45000
45000
45000
45000
45000
45000
45000
45000
45000
45000
45000
45000
45000
45000
45000
45000
45000
43449
45000
45000
45000
45000
45000
45000
45000
45000
45000
45000
45000
45000
45000
45000
45000
45000
45000
45000
45000
45000
45000
45000
45000
45000
45000
45000
45000
45000
45000
45000
45000
45000
45000
45000
45000
45000
45000
45000
45000
45000
45000
45000
45000
45000
45000
42442
45000
45000
45000
45000
45000
45000
44690
45000
45000
45000
45000
45000
45000
45000
45000
45000
45000
45000
45000
45000
45000
45000
45000
45000
45000
45000
45000
45000
45000
45000
45000
45000
44814
45000
42486
45000
45000
45000
45000
45000
45000
45000
45000
44847
45000
45000
45000
44519
45000
45000
45000
45000
45000
45000
45000
45000
45000
45000
45000
45000
45000
45000
45000
45000
45000
45000
45000
45000
41150
45000
42931
42824
45000
45000
45000
45000
45000
45000
45000
45000
45000
45000
45000
45000
45000
45000
45000
45000
45000
45000
45000
45000
45000
45000
45000
44550
45000
45000
45000
45000
45000
45000
45000
45000
45000
45000
45000
45000
44826
45000
45000
45000
45000
45000
45000
45000
45000
45000
45000
45000
45000
45000
45000
45000
45000
45000
45000
45000
45000
45000
45000
45000
45000
45000
45000
45000
45000
45000
45000
45000
45000
43155
45000
45000
45000
45000
45000
45000
45000
45000
45000
45000
45000
45000
45000
45000
45000
45000
45000
45000
45000
45000
45000
45000
45000
45000
45000
45000
45000
45000
45000
45000
45000
45000
45000
45000
45000
45000
45000
43032
45000
45000
45000
43239
45000
45000
45000
45000
45000
40198
45000
45000
45000
45000
45000
45000
45000
45000
45000
45000
45000
45000
45000
45000
45000
45000
45000
43351
45000
45000
45000
45000
45000
45000
45000
45000
45000
45000
45000
45000
43128
45000
45000
45000
45000
45000
45000
45000
45000
45000
45000
45000
45000
45000
45000
45000
45000
45000
45000
45000
45000
45000
43025
45000
42384
45000
45000
45000
45000
45000
45000
45000
45000
45000
45000
45000
45000
45000
45000
45000
45000
45000
45000
45000
45000
45000
45000
45000
45000
45000
45000
45000
45000
45000
45000
45000
42296
45000
45000
45000
45000
45000
45000
45000
45000
45000
45000
45000
45000
45000
45000
45000
45000
45000
45000
40447
45000
45000
45000
45000
45000
45000
45000
45000
45000
45000
45000
45000
45000
45000
45000
45000
45000
45000
45000
45000
40102
45000
45000
45000
45000
45000
45000
45000
45000
45000
45000
45000
44658
45000
45000
45000
45000
45000
45000
45000
45000
45000
45000
45000
45000
45000
45000
45000
45000
45000
45000
44649
45000
45000
45000
45000
45000
45000
45000
45000
45000
45000
45000
45000
45000
45000
45000
45000
45000
45000
45000
45000
45000
45000
45000
45000
45000
45000
45000
45000
45000
42708
45000
45000
45000
45000
45000
45000
45000
45000
45000
45000
45000
45000
45000
45000
45000
45000
45000
45000
45000
45000
45000
45000
45000
45000
45000
45000
45000
45000
45000
42109
45000
45000
45000
45000
45000
45000
45000
45000
45000
45000
45000
45000
45000
42296
45000
45000
45000
45000
45000
45000
45000
45000
45000
45000
45000
45000
44629
45000
45000
45000
45000
45000
45000
45000
45000
45000
45000
45000
45000
45000
45000
45000
45000
45000
45000
45000
45000
45000
45000
45000
45000
45000
45000
45000
45000
45000
45000
45000
45000
45000
45000
45000
45000
41892
45000
45000
45000
45000
45000
45000
40263
45000
45000
45000
45000
45000
45000
45000
45000
45000
45000
45000
45000
45000
45000
45000
45000
45000
45000
45000
45000
45000
45000
45000
45000
45000
45000
45000
45000
45000
45000
45000
45000
45000
45000
45000
45000
45000
41312
45000
45000
45000
45000
45000
45000
45000
45000
45000
45000
44727
45000
45000
45000
45000
45000
45000
45000
45000
45000
45000
45000
45000
45000
45000
45000
45000
43723
45000
45000
45000
45000
45000
45000
45000
45000
45000
45000
45000
45000
45000
45000
45000
45000
45000
45000
45000
45000
45000
45000
45000
45000
45000
45000
45000
43076
45000
45000
45000
45000
45000
45000
45000
45000
45000
45000
45000
45000
45000
45000
45000
41629
45000
45000
45000
45000
45000
45000
45000
45000
45000
45000
45000
45000
45000
45000
45000
45000
45000
41914
45000
45000
45000
45000
45000
45000
45000
44616
45000
44860
45000
45000
43167
45000
45000
45000
45000
45000
45000
45000
45000
45000
45000
44921
45000
42143
45000
45000
45000
45000
45000
45000
45000
45000
45000
45000
45000
44215
45000
45000
45000
45000
45000
45000
45000
45000
41312
45000
45000
45000
45000
45000
45000
44943
45000
45000
45000
45000
42546
45000
45000
45000
45000
45000
45000
45000
45000
45000
45000
45000
45000
45000
45000
45000
45000
45000
45000
45000
45000
45000
45000
45000
42696
45000
45000
45000
45000
45000
45000
45000
45000
45000
45000
45000
45000
45000
45000
45000
45000
45000
45000
45000
45000
45000
39336
45000
45000
45000
45000
45000
45000
45000
45000
45000
45000
45000
45000
45000
45000
45000
45000
45000
45000
45000
45000
45000
45000
45000
45000
45000
45000
45000
40751
45000
43333
45000
42545
45000
45000
45000
45000
45000
45000
41009
45000
45000
45000
45000
45000
45000
45000
45000
45000
45000
45000
45000
45000
45000
45000
45000
45000
44261
45000
45000
45000
45000
45000
45000
45000
45000
45000
45000
45000
45000
45000
45000
45000
45000
45000
45000
45000
45000
45000
45000
45000
43919
45000
45000
45000
45000
45000
45000
45000
45000
45000
45000
45000
45000
45000
42411
45000
45000
45000
45000
45000
45000
45000
45000
45000
45000
45000
45000
45000
45000
45000
45000
45000
45000
45000
45000
45000
45000
45000
45000
45000
45000
45000
45000
45000
45000
42103
45000
45000
45000
45000
45000
45000
45000
41731
45000
45000
45000
38094
45000
45000
45000
41378
45000
45000
45000
45000
45000
45000
45000
45000
45000
45000
45000
45000
45000
45000
45000
45000
45000
45000
45000
45000
45000
45000
45000
45000
45000
45000
40566
45000
45000
45000
45000
45000
45000
45000
45000
45000
45000
45000
45000
45000
45000
40895
45000
45000
44197
45000
45000
45000
45000
45000
45000
45000
45000
45000
45000
45000
45000
44909
45000
45000
45000
45000
45000
45000
45000
45000
45000
45000
45000
45000
45000
45000
45000
45000
45000
45000
45000
45000
45000
45000
45000
45000
45000
45000
45000
45000
45000
45000
45000
45000
45000
45000
45000
45000
45000
45000
45000
45000
45000
45000
45000
45000
41660
45000
45000
45000
45000
45000
45000
45000
44641
45000
45000
41206
45000
45000
45000
45000
45000
45000
45000
45000
45000
45000
45000
45000
45000
45000
45000
45000
45000
45000
45000
45000
45000
45000
45000
45000
45000
45000
45000
45000
45000
45000
45000
45000
45000
45000
45000
45000
45000
45000
45000
45000
41984
45000
42525
45000
45000
45000
45000
45000
45000
45000
45000
45000
45000
45000
43388
45000
45000
45000
45000
45000
45000
44182
45000
45000
45000
45000
45000
45000
45000
45000
43022
45000
45000
44753
45000
45000
45000
45000
45000
45000
45000
45000
45000
42274
45000
45000
45000
45000
45000
45000
45000
43177
45000
45000
45000
45000
45000
45000
45000
45000
45000
45000
45000
45000
45000
45000
45000
45000
45000
44718
45000
45000
45000
45000
43791
45000
43672
45000
45000
45000
45000
45000
45000
45000
45000
45000
45000
45000
45000
45000
45000
45000
45000
45000
43738
45000
45000
45000
45000
45000
45000
45000
45000
45000
45000
45000
45000
45000
45000
45000
45000
45000
45000
45000
45000
45000
45000
45000
45000
45000
45000
45000
45000
45000
45000
45000
45000
45000
45000
45000
45000
45000
45000
45000
45000
45000
45000
45000
45000
45000
45000
45000
45000
45000
45000
45000
45000
45000
45000
45000
45000
45000
45000
45000
45000
45000
45000
45000
45000
45000
45000
45000
45000
45000
45000
45000
45000
45000
45000
45000
43861
45000
45000
45000
44990
45000
45000
45000
45000
45000
44354
45000
45000
42641
45000
45000
45000
45000
45000
45000
45000
45000
45000
45000
45000
45000
45000
45000
45000
45000
45000
45000
45000
45000
43428
45000
45000
45000
45000
45000
45000
45000
45000
45000
45000
43412
45000
45000
45000
45000
45000
45000
45000
45000
45000
45000
45000
45000
45000
45000
45000
45000
45000
45000
45000
45000
45000
45000
45000
45000
45000
45000
42252
45000
45000
44475
45000
45000
45000
45000
45000
45000
45000
45000
44773
45000
45000
45000
45000
45000
45000
45000
45000
45000
45000
45000
45000
45000
45000
45000
41185
45000
45000
45000
42293
45000
43583
45000
45000
45000
45000
45000
45000
45000
45000
45000
45000
45000
45000
45000
45000
45000
45000
43914
45000
43364
43608
45000
45000
45000
45000
45000
45000
45000
45000
45000
45000
45000
45000
45000
45000
45000
45000
45000
45000
42473
45000
45000
45000
45000
45000
45000
41727
45000
45000
45000
45000
45000
45000
45000
45000
45000
45000
45000
45000
45000
45000
45000
45000
45000
45000
45000
45000
45000
45000
45000
45000
45000
45000
45000
45000
45000
45000
45000
44175
45000
45000
45000
45000
45000
45000
45000
45000
45000
45000
45000
45000
45000
45000
45000
45000
45000
45000
45000
40097
45000
45000
45000
45000
45000
45000
45000
45000
45000
45000
45000
40142
45000
45000
45000
45000
45000
41817
45000
45000
45000
45000
45000
45000
45000
45000
41551
45000
45000
45000
45000
45000
45000
45000
45000
45000
45000
45000
45000
45000
44825
45000
43213
45000
45000
45000
45000
45000
43462
45000
45000
45000
45000
45000
45000
45000
45000
45000
45000
45000
45000
45000
45000
45000
45000
45000
45000
45000
45000
45000
45000
45000
45000
45000
45000
45000
45000
45000
45000
42205
45000
45000
45000
45000
45000
45000
45000
45000
45000
45000
45000
42939
45000
45000
45000
41505
44824
45000
45000
45000
45000
45000
45000
45000
45000
45000
45000
45000
45000
45000
45000
45000
45000
45000
45000
43653
45000
45000
45000
45000
45000
45000
45000
45000
45000
45000
45000
45000
45000
45000
45000
45000
45000
44459
45000
45000
45000
45000
45000
45000
45000
45000
45000
45000
45000
45000
45000
45000
45000
45000
45000
45000
45000
45000
45000
45000
45000
45000
45000
45000
45000
45000
44494
45000
45000
45000
45000
45000
45000
45000
45000
45000
45000
45000
45000
45000
45000
45000
45000
45000
45000
45000
45000
44421
45000
45000
45000
45000
45000
45000
45000
45000
45000
45000
45000
45000
43324
45000
45000
45000
45000
45000
41614
45000
45000
45000
45000
45000
45000
42172
45000
45000
45000
45000
45000
45000
45000
45000
45000
42443
45000
45000
45000
45000
45000
44071
45000
45000
45000
45000
45000
45000
45000
45000
45000
45000
45000
45000
45000
45000
45000
45000
45000
45000
45000
45000
45000
45000
45000
45000
45000
45000
45000
45000
45000
45000
45000
45000
45000
44870
45000
43178
45000
45000
45000
45000
45000
45000
45000
45000
45000
45000
44765
45000
45000
41284
45000
45000
45000
45000
45000
45000
45000
45000
45000
45000
43365
45000
45000
43614
45000
45000
45000
45000
45000
45000
45000
45000
45000
45000
45000
45000
45000
45000
45000
45000
45000
45000
40313
45000
45000
41945
45000
43401
45000
45000
45000
45000
45000
45000
45000
45000
45000
45000
45000
45000
45000
45000
45000
45000
45000
45000
45000
45000
45000
45000
45000
45000
43361
45000
45000
45000
45000
45000
45000
45000
45000
45000
45000
45000
45000
45000
45000
45000
45000
45000
45000
45000
45000
45000
45000
45000
43583
45000
45000
45000
41436
45000
45000
45000
44413
45000
45000
45000
45000
45000
45000
45000
45000
45000
45000
45000
45000
45000
45000
45000
45000
45000
45000
45000
45000
45000
45000
45000
45000
45000
42700
45000
45000
45000
44399
45000
45000
45000
42764
43391
45000
45000
45000
45000
45000
45000
45000
45000
41940
45000
45000
45000
45000
45000
45000
45000
45000
45000
45000
45000
45000
45000
45000
45000
45000
45000
45000
45000
45000
45000
45000
45000
45000
45000
45000
45000
45000
45000
45000
45000
45000
45000
45000
45000
45000
45000
45000
45000
45000
45000
45000
45000
45000
45000
45000
45000
45000
43264
45000
45000
45000
44956
45000
45000
45000
45000
45000
45000
45000
45000
41785
45000
43404
45000
41412
45000
45000
45000
45000
45000
45000
45000
45000
44541
45000
44930
45000
45000
45000
45000
45000
45000
45000
45000
45000
45000
45000
45000
45000
45000
45000
45000
45000
45000
45000
45000
45000
45000
45000
45000
45000
43118
45000
45000
45000
45000
45000
45000
45000
45000
45000
45000
45000
45000
43644
45000
45000
45000
45000
45000
44914
45000
45000
42312
45000
45000
45000
45000
45000
45000
45000
45000
45000
45000
45000
45000
45000
45000
45000
45000
45000
45000
44004
45000
45000
45000
45000
45000
45000
45000
45000
45000
45000
45000
45000
45000
45000
45000
45000
45000
45000
45000
42909
45000
45000
45000
45000
45000
45000
45000
45000
45000
44059
45000
44531
45000
45000
45000
45000
45000
44072
45000
45000
45000
45000
45000
45000
45000
45000
45000
45000
45000
45000
45000
45000
45000
45000
45000
45000
45000
45000
45000
45000
45000
45000
45000
45000
45000
45000
45000
45000
45000
45000
45000
43872
45000
45000
45000
45000
45000
45000
45000
45000
45000
45000
45000
45000
45000
45000
42676
45000
45000
45000
45000
45000
45000
45000
45000
45000
45000
45000
45000
44654
45000
39814
45000
45000
45000
45000
45000
45000
45000
45000
45000
45000
45000
45000
45000
41000
45000
45000
45000
45000
45000
45000
45000
45000
42970
45000
45000
45000
45000
45000
45000
45000
42972
45000
45000
45000
45000
45000
45000
45000
44361
45000
45000
45000
45000
45000
45000
45000
45000
45000
45000
45000
45000
45000
45000
45000
45000
45000
45000
45000
45000
45000
45000
45000
45000
45000
45000
42827
45000
45000
45000
45000
45000
45000
45000
45000
45000
45000
45000
45000
45000
45000
45000
45000
45000
45000
45000
45000
45000
45000
45000
45000
45000
45000
45000
45000
45000
45000
45000
45000
45000
45000
45000
45000
45000
45000
45000
45000
45000
45000
45000
45000
45000
45000
45000
45000
45000
45000
43808
45000
45000
45000
45000
45000
45000
45000
45000
45000
45000
45000
45000
44504
45000
45000
45000
45000
45000
45000
45000
45000
45000
45000
45000
45000
45000
45000
44723
45000
45000
45000
45000
45000
44167
45000
45000
45000
43928
45000
45000
45000
45000
45000
45000
45000
45000
42818
45000
45000
45000
45000
45000
45000
45000
45000
45000
45000
45000
45000
45000
45000
45000
45000
45000
45000
45000
45000
45000
45000
45000
45000
45000
45000
45000
45000
45000
45000
45000
45000
45000
45000
45000
45000
45000
45000
45000
45000
45000
45000
45000
45000
45000
45000
45000
45000
45000
45000
45000
45000
45000
45000
45000
45000
45000
45000
45000
45000
45000
45000
45000
45000
45000
45000
45000
45000
45000
45000
45000
45000
45000
45000
45000
45000
45000
45000
45000
45000
45000
45000
45000
45000
45000
45000
45000
45000
45000
45000
45000
45000
45000
45000
45000
45000
45000
44147
43287
45000
45000
45000
45000
45000
45000
45000
45000
45000
45000
45000
45000
45000
45000
45000
45000
45000
45000
45000
45000
45000
45000
45000
45000
45000
45000
45000
45000
45000
45000
45000
45000
45000
45000
45000
45000
45000
45000
45000
45000
45000
45000
45000
45000
45000
45000
45000
45000
45000
45000
45000
45000
44074
45000
45000
45000
38808
45000
45000
45000
45000
45000
45000
45000
45000
45000
45000
45000
45000
45000
45000
45000
45000
45000
45000
44559
45000
45000
45000
45000
45000
45000
45000
45000
45000
45000
45000
45000
45000
45000
45000
45000
45000
45000
44950
45000
45000
45000
45000
45000
45000
45000
45000
45000
45000
45000
45000
45000
45000
45000
45000
45000
45000
45000
45000
44024
45000
44030
45000
45000
45000
43592
45000
45000
45000
45000
45000
45000
45000
45000
45000
45000
45000
45000
45000
45000
45000
45000
45000
45000
45000
45000
45000
45000
45000
45000
45000
45000
45000
45000
45000
45000
45000
45000
45000
45000
45000
45000
45000
45000
45000
45000
45000
45000
45000
45000
45000
45000
45000
45000
45000
41975
45000
45000
45000
45000
45000
45000
45000
45000
45000
45000
45000
45000
45000
45000
44657
45000
45000
45000
45000
45000
45000
45000
45000
45000
45000
45000
45000
45000
45000
42679
45000
45000
44501
45000
45000
45000
43882
45000
45000
45000
45000
45000
45000
45000
45000
45000
45000
45000
45000
45000
45000
42489
45000
41811
45000
45000
45000
45000
45000
45000
45000
45000
45000
45000
44606
45000
45000
45000
45000
45000
45000
45000
43751
45000
45000
45000
45000
45000
45000
45000
45000
45000
45000
45000
45000
45000
45000
45000
45000
45000
45000
45000
45000
45000
45000
45000
45000
45000
45000
45000
45000
42029
45000
45000
45000
45000
45000
45000
45000
45000
45000
45000
45000
45000
45000
45000
45000
45000
45000
45000
45000
45000
45000
45000
45000
45000
45000
45000
45000
45000
45000
45000
43689
45000
45000
45000
45000
45000
45000
45000
45000
44804
45000
45000
45000
45000
45000
45000
45000
45000
45000
45000
45000
45000
45000
45000
45000
45000
45000
45000
45000
45000
45000
45000
45000
45000
45000
45000
45000
45000
45000
45000
45000
42152
45000
45000
44904
45000
45000
45000
45000
45000
45000
40369
45000
45000
45000
45000
45000
45000
45000
45000
43026
45000
45000
45000
45000
45000
45000
45000
45000
45000
45000
45000
45000
45000
45000
45000
45000
45000
45000
45000
45000
45000
45000
45000
45000
45000
40655
45000
45000
45000
45000
45000
45000
41604
45000
45000
45000
45000
45000
45000
45000
45000
45000
45000
45000
45000
44562
45000
45000
45000
45000
45000
45000
44687
45000
45000
44953
45000
45000
45000
42959
45000
45000
45000
45000
45000
45000
45000
45000
45000
41895
45000
45000
45000
45000
45000
45000
40287
45000
45000
45000
45000
43061
40485
45000
45000
45000
45000
45000
45000
45000
45000
42783
45000
45000
45000
45000
45000
45000
41941
45000
45000
45000
45000
45000
45000
45000
45000
45000
45000
45000
45000
45000
45000
45000
44252
45000
45000
45000
45000
45000
45000
45000
45000
45000
45000
45000
45000
45000
43316
45000
45000
45000
45000
45000
45000
45000
45000
45000
45000
45000
45000
45000
45000
45000
45000
45000
45000
45000
45000
45000
45000
45000
45000
45000
45000
45000
45000
45000
45000
45000
45000
45000
45000
45000
45000
45000
45000
45000
45000
45000
45000
45000
45000
45000
45000
45000
45000
45000
45000
45000
45000
45000
45000
43395
45000
45000
45000
45000
45000
45000
43136
45000
45000
45000
39400
45000
45000
45000
45000
44991
45000
45000
43494
45000
45000
45000
45000
45000
45000
45000
45000
45000
45000
45000
45000
45000
45000
45000
45000
45000
45000
45000
45000
45000
45000
45000
45000
45000
40344
45000
45000
45000
45000
45000
43417
45000
45000
45000
45000
45000
45000
45000
45000
45000
45000
45000
45000
45000
45000
45000
43368
45000
45000
45000
45000
45000
45000
45000
44938
45000
45000
45000
45000
45000
45000
45000
45000
45000
45000
39939
45000
45000
45000
45000
45000
45000
45000
45000
45000
45000
45000
45000
45000
45000
45000
45000
45000
45000
41417
45000
45000
45000
45000
43818
45000
45000
45000
45000
45000
45000
45000
45000
45000
45000
45000
45000
45000
45000
45000
45000
45000
45000
45000
45000
45000
45000
43558
45000
45000
45000
45000
45000
41795
45000
45000
45000
41520
45000
45000
45000
45000
45000
45000
45000
45000
45000
45000
45000
44894
45000
45000
45000
45000
45000
45000
45000
45000
45000
45000
45000
44472
45000
45000
45000
45000
45000
45000
45000
45000
42692
45000
45000
45000
45000
45000
45000
45000
44852
45000
45000
45000
45000
45000
45000
45000
45000
45000
45000
45000
45000
45000
45000
45000
45000
45000
45000
45000
45000
45000
45000
45000
45000
45000
45000
45000
45000
45000
38917
45000
45000
45000
45000
45000
45000
45000
45000
45000
45000
45000
45000
45000
45000
45000
45000
45000
45000
43130
45000
45000
45000
45000
45000
45000
45000
45000
43870
45000
45000
45000
45000
45000
45000
45000
45000
45000
45000
45000
45000
45000
45000
45000
39697
45000
45000
45000
45000
45000
45000
45000
45000
45000
45000
45000
45000
45000
45000
45000
45000
45000
45000
45000
39033
45000
45000
45000
45000
45000
45000
45000
45000
45000
45000
45000
45000
45000
45000
45000
45000
45000
45000
45000
45000
45000
43571
45000
45000
45000
45000
45000
45000
45000
45000
45000
45000
45000
42816
45000
45000
45000
45000
45000
45000
45000
45000
45000
45000
45000
45000
44946
45000
45000
45000
45000
45000
45000
45000
45000
45000
45000
45000
45000
44842
45000
45000
45000
45000
45000
45000
45000
45000
45000
45000
45000
45000
45000
45000
45000
45000
43726
43626
45000
45000
45000
45000
45000
45000
45000
45000
45000
42468
45000
45000
45000
45000
45000
45000
45000
45000
45000
45000
45000
45000
45000
45000
45000
45000
45000
45000
45000
45000
45000
45000
45000
45000
45000
45000
45000
43746
45000
45000
45000
45000
45000
45000
45000
45000
45000
45000
45000
45000
45000
45000
45000
45000
45000
45000
45000
45000
45000
45000
45000
45000
45000
45000
45000
45000
45000
45000
45000
45000
45000
45000
45000
45000
45000
45000
45000
45000
45000
45000
45000
45000
45000
45000
45000
45000
45000
45000
0
