15000	826	905	16
30000	744	905	14
45000	430	905	12
60000	665	905	14
75000	551	905	13
90000	455	905	13
1.05e+005	546	905	15
1.2e+005	652	905	12
1.35e+005	531	905	14
1.5e+005	504	905	14
1.65e+005	428	905	12
1.8e+005	546	905	15
1.95e+005	484	905	13
2.1e+005	525	905	13
2.25e+005	771	905	16
2.4e+005	470	905	12
2.55e+005	459	905	13
2.7e+005	561	905	15
2.85e+005	446	905	12
3e+005	500	905	14
3.15e+005	521	905	14
3.3e+005	500	905	14
3.45e+005	471	905	13
3.6e+005	467	905	13
3.75e+005	482	905	13
3.9e+005	552	905	15
4.05e+005	698	905	13
4.2e+005	484	905	13
4.35e+005	573	905	15
4.5e+005	478	905	12
4.65e+005	476	905	13
4.8e+005	526	905	14
4.95e+005	507	905	14
5.1e+005	454	905	12
5.25e+005	533	905	14
5.4e+005	522	905	14
5.55e+005	497	905	13
5.7e+005	493	905	13
5.85e+005	558	905	15
6e+005	529	905	14
6.15e+005	407	905	11
6.3e+005	559	905	15
6.45e+005	530	905	14
6.6e+005	490	905	13
6.75e+005	488	905	13
6.9e+005	534	905	14
7.05e+005	558	905	15
7.2e+005	482	905	13
7.35e+005	481	905	13
7.5e+005	551	905	15
7.65e+005	618	905	13
7.8e+005	525	905	12
7.95e+005	549	905	15
8.1e+005	445	905	12
8.25e+005	544	905	14
8.4e+005	562	905	15
8.55e+005	415	905	11
8.7e+005	555	905	15
8.85e+005	440	905	12
9e+005	381	905	10
9.15e+005	595	905	16
9.3e+005	443	905	12
9.45e+005	409	905	11
9.6e+005	576	905	16
9.75e+005	443	905	12
9.9e+005	472	905	13
1.005e+006	561	905	15
1.02e+006	445	905	12
1.035e+006	509	905	14
1.05e+006	527	905	14
1.065e+006	413	905	11
1.08e+006	650	905	17
1.095e+006	455	905	12
1.11e+006	410	905	11
1.125e+006	634	905	17
1.14e+006	443	905	12
1.155e+006	459	905	12
1.17e+006	589	905	16
1.185e+006	402	905	11
1.2e+006	478	905	13
1.215e+006	583	905	16
1.23e+006	400	905	11
1.245e+006	611	905	17
1.26e+006	437	905	12
1.275e+006	371	905	10
1.29e+006	605	905	16
1.305e+006	506	905	14
1.32e+006	443	905	12
1.335e+006	559	905	15
1.35e+006	454	905	12
1.365e+006	524	905	14
1.38e+006	551	905	15
1.395e+006	408	905	11
1.41e+006	547	905	15
1.425e+006	556	905	15
1.44e+006	369	905	10
1.455e+006	641	905	17
1.47e+006	443	905	12
1.485e+006	627	905	13
1.5e+006	586	905	14
1.515e+006	460	905	13
1.53e+006	434	905	12
1.545e+006	637	905	17
1.56e+006	390	905	11
1.575e+006	552	905	15
1.59e+006	501	905	14
1.605e+006	364	905	10
1.62e+006	633	905	17
1.635e+006	505	905	13
1.65e+006	462	905	12
1.665e+006	528	905	14
1.68e+006	470	905	13
1.695e+006	442	905	12
1.71e+006	626	905	17
1.725e+006	335	905	9
1.74e+006	439	905	12
1.755e+006	523	905	14
1.77e+006	331	905	9
1.785e+006	473	905	13
1.8e+006	507	905	14
1.815e+006	442	905	12
1.83e+006	511	905	14
1.845e+006	479	905	13
1.86e+006	449	905	12
1.875e+006	630	905	17
1.89e+006	405	905	11
1.905e+006	494	905	13
1.92e+006	559	905	15
1.935e+006	406	905	11
1.95e+006	605	905	16
1.965e+006	472	905	13
1.98e+006	423	905	11
1.995e+006	613	905	16
2.01e+006	483	905	13
2.025e+006	431	905	11
2.04e+006	683	905	18
2.055e+006	372	905	10
2.07e+006	464	905	12
2.085e+006	663	905	18
2.1e+006	374	905	10
2.115e+006	527	905	14
2.13e+006	556	905	15
2.145e+006	441	905	12
2.16e+006	550	905	15
2.175e+006	482	905	13
2.19e+006	417	905	11
2.205e+006	691	905	19
2.22e+006	363	905	10
2.235e+006	440	905	12
2.25e+006	625	905	17
2.265e+006	390	905	11
2.28e+006	516	905	14
2.295e+006	545	905	15
2.31e+006	410	905	11
2.325e+006	547	905	15
2.34e+006	517	905	14
2.355e+006	411	905	11
2.37e+006	622	905	17
2.385e+006	408	905	11
2.4e+006	449	905	12
2.415e+006	618	905	17
2.43e+006	369	905	10
2.445e+006	564	905	15
2.46e+006	533	905	15
2.475e+006	439	905	12
2.49e+006	540	905	15
2.505e+006	431	905	12
2.52e+006	437	905	12
2.535e+006	600	905	17
2.55e+006	407	905	11
2.565e+006	435	905	12
2.58e+006	667	905	18
2.595e+006	368	905	10
2.61e+006	559	905	15
2.625e+006	512	905	14
2.64e+006	427	905	12
2.655e+006	536	905	15
2.67e+006	476	905	13
2.685e+006	409	905	11
2.7e+006	609	905	17
2.715e+006	441	905	12
2.73e+006	414	905	11
2.745e+006	659	905	18
2.76e+006	363	905	10
2.775e+006	586	905	16
2.79e+006	516	905	14
2.805e+006	399	905	11
2.82e+006	548	905	15
2.835e+006	505	905	14
2.85e+006	368	905	10
2.865e+006	631	905	17
2.88e+006	479	905	13
2.895e+006	384	905	10
2.91e+006	779	905	17
2.925e+006	469	905	12
2.94e+006	454	905	12
2.955e+006	624	905	17
2.97e+006	426	905	11
2.985e+006	548	905	14
3e+006	479	905	13
3.015e+006	478	905	12
3.03e+006	588	905	16
3.045e+006	497	905	13
3.06e+006	395	905	11
3.075e+006	592	905	16
3.09e+006	451	905	12
3.105e+006	485	905	13
3.12e+006	511	905	14
3.135e+006	514	905	14
3.15e+006	460	905	12
3.165e+006	499	905	14
3.18e+006	487	905	13
3.195e+006	558	905	15
3.21e+006	448	905	12
3.225e+006	456	905	12
3.24e+006	623	905	16
3.255e+006	440	905	12
3.27e+006	534	905	14
3.285e+006	524	905	14
3.3e+006	445	905	12
3.315e+006	514	905	14
3.33e+006	483	905	13
3.345e+006	465	905	12
3.36e+006	637	905	17
3.375e+006	402	905	11
3.39e+006	458	905	12
3.405e+006	630	905	17
3.42e+006	373	905	10
3.435e+006	489	905	13
3.45e+006	585	905	16
3.465e+006	459	905	12
3.48e+006	476	905	13
3.495e+006	519	905	14
3.51e+006	410	905	11
3.525e+006	580	905	16
3.54e+006	481	905	13
3.555e+006	396	905	11
3.57e+006	583	905	16
3.585e+006	396	905	11
3.6e+006	508	905	14
3.615e+006	533	905	15
3.63e+006	426	905	12
3.645e+006	502	905	14
3.66e+006	459	905	13
3.675e+006	508	905	14
3.69e+006	511	905	14
3.705e+006	477	905	13
3.72e+006	409	905	11
3.735e+006	590	905	16
3.75e+006	482	905	13
3.765e+006	507	905	13
3.78e+006	522	905	14
3.795e+006	493	905	13
3.81e+006	531	905	14
3.825e+006	471	905	13
3.84e+006	448	905	12
3.855e+006	517	905	14
3.87e+006	486	905	13
3.885e+006	445	905	12
3.9e+006	598	905	16
3.915e+006	418	905	11
3.93e+006	445	905	12
3.945e+006	559	905	15
3.96e+006	472	905	13
3.975e+006	440	905	12
3.99e+006	490	905	13
4.005e+006	486	905	13
4.02e+006	580	905	15
4.035e+006	489	905	13
4.05e+006	422	905	11
4.065e+006	609	905	16
4.08e+006	453	905	12
4.095e+006	470	905	12
4.11e+006	570	905	15
4.125e+006	541	905	14
4.14e+006	506	905	13
4.155e+006	489	905	13
4.17e+006	501	905	13
4.185e+006	525	905	14
4.2e+006	486	905	13
4.215e+006	500	905	13
4.23e+006	599	905	16
4.245e+006	413	905	11
4.26e+006	504	905	13
4.275e+006	593	905	16
4.29e+006	505	905	13
4.305e+006	484	905	13
4.32e+006	501	905	13
4.335e+006	496	905	13
4.35e+006	559	905	15
4.365e+006	489	905	13
4.38e+006	443	905	12
4.395e+006	554	905	15
4.41e+006	446	905	12
4.425e+006	504	905	14
4.44e+006	530	905	14
4.455e+006	520	905	14
4.47e+006	478	905	13
4.485e+006	514	905	14
4.5e+006	487	905	13
4.515e+006	536	905	14
4.53e+006	444	905	12
4.545e+006	484	905	13
4.56e+006	612	905	16
4.575e+006	440	905	12
4.59e+006	498	905	13
4.605e+006	522	905	14
4.62e+006	525	905	14
4.635e+006	496	905	13
4.65e+006	485	905	13
4.665e+006	521	905	14
4.68e+006	517	905	14
4.695e+006	484	905	13
4.71e+006	483	905	13
4.725e+006	549	905	15
4.74e+006	469	905	13
4.755e+006	456	905	12
4.77e+006	568	905	15
4.785e+006	537	905	14
4.8e+006	445	905	12
4.815e+006	518	905	14
4.83e+006	531	905	14
4.845e+006	486	905	13
4.86e+006	515	905	14
4.875e+006	489	905	13
4.89e+006	490	905	13
4.905e+006	513	905	14
4.92e+006	477	905	13
4.935e+006	524	905	14
4.95e+006	557	905	15
4.965e+006	424	905	12
4.98e+006	431	905	12
4.995e+006	575	905	16
5.01e+006	471	905	13
5.025e+006	428	905	12
5.04e+006	549	905	15
5.055e+006	469	905	13
5.07e+006	475	905	13
5.085e+006	484	905	13
5.1e+006	518	905	14
5.115e+006	555	905	15
5.13e+006	475	905	13
5.145e+006	450	905	12
5.16e+006	509	905	14
5.175e+006	516	905	14
5.19e+006	453	905	12
5.205e+006	558	905	15
5.22e+006	487	905	13
5.235e+006	470	905	13
5.25e+006	499	905	13
5.265e+006	561	905	15
5.28e+006	525	905	14
5.295e+006	451	905	12
5.31e+006	498	905	13
5.325e+006	542	905	14
5.34e+006	559	905	15
5.355e+006	441	905	12
5.37e+006	492	905	13
5.385e+006	546	905	15
5.4e+006	480	905	13
5.415e+006	489	905	13
5.43e+006	545	905	15
5.445e+006	482	905	13
5.46e+006	411	905	11
5.475e+006	568	905	15
5.49e+006	510	905	14
5.505e+006	486	905	13
5.52e+006	535	905	14
5.535e+006	446	905	12
5.55e+006	528	905	14
5.565e+006	482	905	13
5.58e+006	533	905	14
5.595e+006	492	905	13
5.61e+006	448	905	12
5.625e+006	493	905	13
5.64e+006	563	905	15
5.655e+006	530	905	14
5.67e+006	498	905	13
5.685e+006	447	905	12
5.7e+006	549	905	14
5.715e+006	500	905	13
5.73e+006	532	905	12
5.745e+006	628	905	15
5.76e+006	563	905	14
5.775e+006	454	905	12
5.79e+006	474	905	13
5.805e+006	524	905	14
5.82e+006	483	905	13
5.835e+006	474	905	13
5.85e+006	473	905	13
5.865e+006	513	905	14
5.88e+006	564	905	14
5.895e+006	491	905	13
5.91e+006	493	905	13
5.925e+006	559	905	15
5.94e+006	444	905	12
5.955e+006	548	905	14
5.97e+006	498	905	13
5.985e+006	448	905	12
6e+006	572	905	15
6.015e+006	509	905	13
6.03e+006	525	905	13
6.045e+006	589	905	15
6.06e+006	428	905	11
6.075e+006	554	905	14
6.09e+006	625	905	16
6.105e+006	439	905	11
6.12e+006	519	905	13
6.135e+006	576	905	15
6.15e+006	489	905	12
6.165e+006	613	905	16
6.18e+006	478	905	12
6.195e+006	429	905	11
6.21e+006	705	905	18
6.225e+006	418	905	11
6.24e+006	492	905	13
6.255e+006	645	905	17
6.27e+006	409	905	11
6.285e+006	491	905	13
6.3e+006	598	905	16
6.315e+006	410	905	11
6.33e+006	640	905	17
6.345e+006	446	905	12
6.36e+006	413	905	11
6.375e+006	626	905	17
6.39e+006	443	905	12
6.405e+006	496	905	13
6.42e+006	658	905	17
6.435e+006	393	905	10
6.45e+006	517	905	14
6.465e+006	605	905	16
6.48e+006	381	905	10
6.495e+006	623	905	16
6.51e+006	529	905	14
6.525e+006	426	905	11
6.54e+006	620	905	16
6.555e+006	464	905	12
6.57e+006	506	905	13
6.585e+006	616	905	16
6.6e+006	379	905	10
6.615e+006	503	905	13
6.63e+006	604	905	16
6.645e+006	375	905	10
6.66e+006	565	905	15
6.675e+006	498	905	13
6.69e+006	459	905	12
6.705e+006	617	905	16
6.72e+006	457	905	12
6.735e+006	465	905	12
6.75e+006	535	905	14
6.765e+006	450	905	12
6.78e+006	452	905	12
6.795e+006	642	905	17
6.81e+006	414	905	11
6.825e+006	566	905	15
6.84e+006	484	905	13
6.855e+006	423	905	11
6.87e+006	586	905	15
6.885e+006	535	905	14
6.9e+006	434	905	11
6.915e+006	542	905	14
6.93e+006	550	905	14
6.945e+006	436	905	11
6.96e+006	620	905	16
6.975e+006	425	905	11
6.99e+006	616	905	16
7.005e+006	529	905	14
7.02e+006	394	905	10
7.035e+006	601	905	16
7.05e+006	504	905	13
7.065e+006	416	905	11
7.08e+006	536	905	14
7.095e+006	540	905	14
7.11e+006	425	905	11
7.125e+006	560	905	15
7.14e+006	487	905	13
7.155e+006	564	905	15
7.17e+006	525	905	14
7.185e+006	416	905	11
7.2e+006	564	905	15
7.215e+006	437	905	12
7.23e+006	491	905	13
7.245e+006	519	905	14
7.26e+006	440	905	12
7.275e+006	485	905	13
7.29e+006	519	905	14
7.305e+006	438	905	12
7.32e+006	588	905	16
7.335e+006	489	905	13
7.35e+006	414	905	11
7.365e+006	598	905	16
7.38e+006	459	905	12
7.395e+006	463	905	12
7.41e+006	595	905	16
7.425e+006	454	905	12
7.44e+006	451	905	12
7.455e+006	564	905	15
7.47e+006	453	905	12
7.485e+006	565	905	15
7.5e+006	498	905	13
7.515e+006	453	905	12
7.53e+006	524	905	14
7.545e+006	539	905	14
7.56e+006	416	905	11
7.575e+006	581	905	16
7.59e+006	455	905	12
7.605e+006	443	905	12
7.62e+006	561	905	15
7.635e+006	488	905	13
7.65e+006	524	905	14
7.665e+006	526	905	14
7.68e+006	407	905	11
7.695e+006	569	905	15
7.71e+006	538	905	14
7.725e+006	425	905	11
7.74e+006	615	905	16
7.755e+006	458	905	12
7.77e+006	436	905	11
7.785e+006	630	905	16
7.8e+006	460	905	12
7.815e+006	544	905	14
7.83e+006	537	905	14
7.845e+006	465	905	12
7.86e+006	570	905	15
7.875e+006	503	905	13
7.89e+006	455	905	12
7.905e+006	534	905	14
7.92e+006	483	905	12
7.935e+006	423	905	11
7.95e+006	596	905	15
7.965e+006	479	905	12
7.98e+006	468	905	12
7.995e+006	601	905	15
8.01e+006	388	905	10
8.025e+006	583	905	15
8.04e+006	485	905	12
8.055e+006	461	905	12
8.07e+006	564	905	15
8.085e+006	469	905	12
8.1e+006	436	905	11
8.115e+006	572	905	15
8.13e+006	457	905	12
8.145e+006	487	905	13
8.16e+006	451	905	12
8.175e+006	498	905	13
8.19e+006	570	905	15
8.205e+006	432	905	11
8.22e+006	506	905	13
8.235e+006	552	905	14
8.25e+006	379	905	10
8.265e+006	428	905	11
8.28e+006	536	905	14
8.295e+006	429	905	11
8.31e+006	408	905	11
8.325e+006	573	905	15
8.34e+006	346	905	9
8.355e+006	492	905	13
8.37e+006	482	905	13
8.385e+006	383	905	10
8.4e+006	487	905	13
8.415e+006	452	905	12
8.43e+006	403	905	11
8.445e+006	591	905	15
8.46e+006	422	905	11
8.475e+006	495	905	13
8.49e+006	567	905	15
8.505e+006	420	905	11
8.52e+006	492	905	13
8.535e+006	502	905	13
8.55e+006	458	905	12
8.565e+006	566	905	13
8.58e+006	570	905	14
8.595e+006	450	905	11
8.61e+006	575	905	15
8.625e+006	450	905	12
8.64e+006	485	905	13
8.655e+006	517	905	14
8.67e+006	383	905	10
8.685e+006	512	905	14
8.7e+006	516	905	14
8.715e+006	440	905	11
8.73e+006	516	905	14
8.745e+006	491	905	13
8.76e+006	391	905	11
8.775e+006	564	905	15
8.79e+006	480	905	13
8.805e+006	431	905	12
8.82e+006	512	905	14
8.835e+006	497	905	13
8.85e+006	482	905	13
8.865e+006	477	905	13
8.88e+006	415	905	11
8.895e+006	525	905	14
8.91e+006	522	905	14
8.925e+006	447	905	12
8.94e+006	488	905	13
8.955e+006	524	905	14
8.97e+006	456	905	12
8.985e+006	536	905	14
9e+006	486	905	13
9.015e+006	443	905	12
9.03e+006	549	905	14
9.045e+006	408	905	11
9.06e+006	521	905	14
9.075e+006	560	905	15
9.09e+006	454	905	12
9.105e+006	468	905	12
9.12e+006	535	905	14
9.135e+006	515	905	13
9.15e+006	530	905	14
9.165e+006	473	905	12
9.18e+006	488	905	13
9.195e+006	530	905	14
9.21e+006	450	905	12
9.225e+006	451	905	12
9.24e+006	607	905	16
9.255e+006	435	905	11
9.27e+006	421	905	11
9.285e+006	570	905	15
9.3e+006	484	905	13
9.315e+006	473	905	13
9.33e+006	485	905	13
9.345e+006	454	905	12
9.36e+006	571	905	15
9.375e+006	504	905	13
9.39e+006	419	905	11
9.405e+006	573	905	15
9.42e+006	507	905	13
9.435e+006	413	905	11
9.45e+006	605	905	16
9.465e+006	501	905	13
9.48e+006	446	905	12
9.495e+006	573	905	15
9.51e+006	455	905	12
9.525e+006	452	905	12
9.54e+006	586	905	15
9.555e+006	451	905	12
9.57e+006	574	905	15
9.585e+006	501	905	13
9.6e+006	448	905	12
9.615e+006	571	905	15
9.63e+006	511	905	13
9.645e+006	458	905	12
9.66e+006	539	905	14
9.675e+006	516	905	13
9.69e+006	494	905	13
9.705e+006	598	905	15
9.72e+006	415	905	11
9.735e+006	536	905	14
9.75e+006	546	905	14
9.765e+006	450	905	12
9.78e+006	523	905	14
9.795e+006	566	905	15
9.81e+006	417	905	11
9.825e+006	539	905	14
9.84e+006	513	905	14
9.855e+006	451	905	12
9.87e+006	565	905	15
9.885e+006	491	905	13
9.9e+006	532	905	14
9.915e+006	504	905	13
9.93e+006	429	905	11
9.945e+006	574	905	15
9.96e+006	565	905	15
9.975e+006	421	905	11
9.99e+006	561	905	15
1.0005e+007	508	905	13
1.002e+007	438	905	12
1.0035e+007	577	905	15
1.005e+007	497	905	13
1.0065e+007	522	905	14
1.008e+007	479	905	13
1.0095e+007	449	905	12
1.011e+007	548	905	15
1.0125e+007	485	905	13
1.014e+007	470	905	13
1.0155e+007	546	905	15
1.017e+007	480	905	13
1.0185e+007	437	905	12
1.02e+007	589	905	16
1.0215e+007	436	905	12
1.023e+007	504	905	14
1.0245e+007	433	905	12
1.026e+007	521	905	14
1.0275e+007	510	905	14
1.029e+007	482	905	13
1.0305e+007	506	905	14
1.032e+007	510	905	14
1.0335e+007	548	905	15
1.035e+007	402	905	11
1.0365e+007	522	905	14
1.038e+007	557	905	15
1.0395e+007	534	905	14
1.041e+007	410	905	11
1.0425e+007	560	905	15
1.044e+007	515	905	14
1.0455e+007	475	905	13
1.047e+007	517	905	14
1.0485e+007	530	905	14
1.05e+007	530	905	14
1.0515e+007	440	905	12
1.053e+007	448	905	12
1.0545e+007	522	905	14
1.056e+007	447	905	12
1.0575e+007	380	905	10
1.059e+007	532	905	14
1.0605e+007	449	905	12
1.062e+007	407	905	11
1.0635e+007	496	905	13
1.065e+007	486	905	13
1.0665e+007	500	905	13
1.068e+007	414	905	11
1.0695e+007	458	905	12
1.071e+007	526	905	14
1.0725e+007	422	905	11
1.074e+007	411	905	11
1.0755e+007	528	905	14
1.077e+007	423	905	11
1.0785e+007	427	905	11
1.08e+007	583	905	15
1.0815e+007	567	905	15
1.083e+007	432	905	11
1.0845e+007	574	905	15
1.086e+007	530	905	14
1.0875e+007	574	905	15
1.089e+007	330	905	9
1.0905e+007	606	905	16
1.092e+007	529	905	14
1.0935e+007	481	905	13
1.095e+007	505	905	13
1.0965e+007	533	905	14
1.098e+007	615	905	16
1.0995e+007	412	905	11
1.101e+007	523	905	14
1.1025e+007	566	905	15
1.104e+007	529	905	14
1.1055e+007	413	905	11
1.107e+007	553	905	15
1.1085e+007	524	905	14
1.11e+007	452	905	12
1.1115e+007	510	905	14
1.113e+007	536	905	14
1.1145e+007	560	905	15
1.116e+007	444	905	12
1.1175e+007	521	905	14
1.119e+007	519	905	14
1.1205e+007	572	905	15
1.122e+007	401	905	11
1.1235e+007	518	905	14
1.125e+007	562	905	15
1.1265e+007	437	905	12
1.128e+007	474	905	13
1.1295e+007	554	905	15
1.131e+007	543	905	15
1.1325e+007	415	905	11
1.134e+007	528	905	14
1.1355e+007	543	905	15
1.137e+007	524	905	14
1.1385e+007	435	905	11
1.14e+007	578	905	15
1.1415e+007	553	905	14
1.143e+007	467	905	12
1.1445e+007	529	905	14
1.146e+007	535	905	14
1.1475e+007	524	905	14
1.149e+007	481	905	13
1.1505e+007	496	905	13
1.152e+007	553	905	15
1.1535e+007	521	905	13
1.155e+007	366	905	10
1.1565e+007	590	905	16
1.158e+007	493	905	13
1.1595e+007	439	905	12
1.161e+007	562	905	15
1.1625e+007	485	905	13
1.164e+007	525	905	14
1.1655e+007	530	905	14
1.167e+007	453	905	12
1.1685e+007	568	905	15
1.17e+007	572	905	15
1.1715e+007	404	905	11
1.173e+007	531	905	14
1.1745e+007	491	905	13
1.176e+007	494	905	13
1.1775e+007	536	905	14
1.179e+007	556	905	14
1.1805e+007	538	905	14
1.182e+007	478	905	13
1.1835e+007	483	905	13
1.185e+007	574	905	15
1.1865e+007	523	905	14
1.188e+007	407	905	11
1.1895e+007	590	905	16
1.191e+007	507	905	13
1.1925e+007	488	905	13
1.194e+007	524	905	14
1.1955e+007	510	905	13
1.197e+007	494	905	13
1.1985e+007	541	905	15
1.2e+007	445	905	12
1.2015e+007	545	905	15
1.203e+007	517	905	14
1.2045e+007	407	905	11
1.206e+007	628	905	17
1.2075e+007	511	905	13
1.209e+007	424	905	11
1.2105e+007	602	905	16
1.212e+007	476	905	13
1.2135e+007	430	905	12
1.215e+007	565	905	16
1.2165e+007	453	905	12
1.218e+007	505	905	14
1.2195e+007	556	905	15
1.221e+007	411	905	11
1.2225e+007	546	905	15
1.224e+007	511	905	14
1.2255e+007	427	905	12
1.227e+007	495	905	14
1.2285e+007	509	905	14
1.23e+007	459	905	13
1.2315e+007	504	905	14
1.233e+007	472	905	13
1.2345e+007	537	905	15
1.236e+007	478	905	13
1.2375e+007	445	905	12
1.239e+007	542	905	15
1.2405e+007	476	905	13
1.242e+007	490	905	13
1.2435e+007	515	905	14
1.245e+007	474	905	13
1.2465e+007	485	905	13
1.248e+007	556	905	15
1.2495e+007	439	905	12
1.251e+007	515	905	14
1.2525e+007	510	905	14
1.254e+007	478	905	13
1.2555e+007	472	905	13
1.257e+007	511	905	14
1.2585e+007	472	905	13
1.26e+007	512	905	14
1.2615e+007	513	905	14
1.263e+007	473	905	13
1.2645e+007	540	905	15
1.266e+007	444	905	12
1.2675e+007	518	905	14
1.269e+007	496	905	13
1.2705e+007	448	905	12
1.272e+007	563	905	15
1.2735e+007	496	905	13
1.275e+007	492	905	13
1.2765e+007	543	905	14
1.278e+007	494	905	13
1.2795e+007	536	905	14
1.281e+007	543	905	14
1.2825e+007	457	905	12
1.284e+007	616	905	16
1.2855e+007	465	905	12
1.287e+007	451	905	12
1.2885e+007	564	905	15
1.29e+007	447	905	12
1.2915e+007	496	905	13
1.293e+007	490	905	13
1.2945e+007	559	905	15
1.296e+007	490	905	13
1.2975e+007	479	905	13
1.299e+007	516	905	14
1.3005e+007	552	905	15
1.302e+007	452	905	12
1.3035e+007	439	905	12
1.305e+007	552	905	15
1.3065e+007	479	905	13
1.308e+007	483	905	13
1.3095e+007	508	905	14
1.311e+007	515	905	14
1.3125e+007	482	905	13
1.314e+007	484	905	13
1.3155e+007	549	905	15
1.317e+007	448	905	12
1.3185e+007	518	905	14
1.32e+007	442	905	12
1.3215e+007	602	905	16
1.323e+007	464	905	12
1.3245e+007	489	905	13
1.326e+007	527	905	14
1.3275e+007	497	905	13
1.329e+007	489	905	13
1.3305e+007	534	905	14
1.332e+007	495	905	13
1.3335e+007	523	905	14
1.335e+007	535	905	14
1.3365e+007	446	905	12
1.338e+007	527	905	14
1.3395e+007	526	905	14
1.341e+007	480	905	13
1.3425e+007	486	905	13
1.344e+007	453	905	12
1.3455e+007	546	905	15
1.347e+007	494	905	13
1.3485e+007	524	905	14
1.35e+007	442	905	12
1.3515e+007	530	905	14
1.353e+007	546	905	14
1.3545e+007	529	905	14
1.356e+007	468	905	12
1.3575e+007	560	905	15
1.359e+007	504	905	13
1.3605e+007	386	905	10
1.362e+007	450	905	12
1.3635e+007	471	905	12
1.365e+007	530	905	14
1.3665e+007	381	905	10
1.368e+007	463	905	12
1.3695e+007	423	905	11
1.371e+007	497	905	13
1.3725e+007	383	905	10
1.374e+007	458	905	12
1.3755e+007	413	905	11
1.377e+007	462	905	12
1.3785e+007	453	905	12
1.38e+007	406	905	11
1.3815e+007	449	905	12
1.383e+007	406	905	11
1.3845e+007	403	905	11
1.386e+007	436	905	12
1.3875e+007	444	905	12
1.389e+007	373	905	10
1.3905e+007	436	905	12
1.392e+007	403	905	11
1.3935e+007	370	905	10
1.395e+007	519	905	14
1.3965e+007	420	905	11
1.398e+007	465	905	12
1.3995e+007	530	905	14
1.401e+007	444	905	12
1.4025e+007	429	905	12
1.404e+007	514	905	14
1.4055e+007	523	905	14
1.407e+007	495	905	14
1.4085e+007	447	905	12
1.41e+007	442	905	12
1.4115e+007	512	905	14
1.413e+007	449	905	12
1.4145e+007	480	905	13
1.416e+007	489	905	13
1.4175e+007	515	905	14
1.419e+007	430	905	12
1.4205e+007	446	905	12
1.422e+007	562	905	14
1.4235e+007	485	905	13
1.425e+007	462	905	12
1.4265e+007	481	905	13
1.428e+007	547	905	14
1.4295e+007	465	905	12
1.431e+007	439	905	12
1.4325e+007	521	905	14
1.434e+007	487	905	13
1.4355e+007	450	905	12
1.437e+007	477	905	12
1.4385e+007	570	905	15
1.44e+007	459	905	12
1.4415e+007	484	905	13
1.443e+007	478	905	13
1.4445e+007	430	905	12
1.446e+007	531	905	14
1.4475e+007	486	905	13
1.449e+007	476	905	13
1.4505e+007	524	905	13
1.452e+007	449	905	12
1.4535e+007	478	905	13
1.455e+007	505	905	14
1.4565e+007	431	905	12
1.458e+007	480	905	13
1.4595e+007	513	905	14
1.461e+007	410	905	11
1.4625e+007	486	905	13
1.464e+007	526	905	14
1.4655e+007	442	905	12
1.467e+007	493	905	13
1.4685e+007	449	905	12
1.47e+007	474	905	13
1.4715e+007	522	905	14
1.473e+007	486	905	13
1.4745e+007	440	905	12
1.476e+007	504	905	14
1.4775e+007	447	905	12
1.479e+007	477	905	13
1.4805e+007	515	905	14
1.482e+007	431	905	12
1.4835e+007	492	905	13
1.485e+007	526	905	14
1.4865e+007	435	905	12
1.488e+007	525	905	14
1.4895e+007	518	905	14
1.491e+007	480	905	12
1.4925e+007	523	905	14
1.494e+007	456	905	12
1.4955e+007	482	905	13
1.497e+007	502	905	14
1.4985e+007	481	905	13
1.5e+007	407	905	11
1.5015e+007	579	905	15
1.503e+007	448	905	12
1.5045e+007	523	905	14
1.506e+007	453	905	12
1.5075e+007	481	905	13
1.509e+007	475	905	13
1.5105e+007	474	905	13
1.512e+007	511	905	14
1.5135e+007	473	905	13
1.515e+007	469	905	13
1.5165e+007	407	905	11
1.518e+007	539	905	15
1.5195e+007	460	905	13
1.521e+007	507	905	14
1.5225e+007	466	905	13
1.524e+007	431	905	12
1.5255e+007	507	905	14
1.527e+007	454	905	13
1.5285e+007	422	905	12
1.53e+007	533	905	15
1.5315e+007	422	905	12
1.533e+007	429	905	12
1.5345e+007	484	905	14
1.536e+007	422	905	12
1.5375e+007	580	905	16
1.539e+007	434	905	12
1.5405e+007	428	905	12
1.542e+007	507	905	14
1.5435e+007	481	905	13
1.545e+007	438	905	12
1.5465e+007	500	905	14
1.548e+007	468	905	13
1.5495e+007	450	905	12
1.551e+007	510	905	14
1.5525e+007	438	905	12
1.554e+007	510	905	14
1.5555e+007	490	905	13
1.557e+007	465	905	13
1.5585e+007	474	905	13
1.56e+007	479	905	13
1.5615e+007	467	905	13
1.563e+007	502	905	14
1.5645e+007	473	905	13
1.566e+007	431	905	12
1.5675e+007	467	905	13
1.569e+007	468	905	13
1.5705e+007	479	905	13
1.572e+007	510	905	14
1.5735e+007	455	905	13
1.575e+007	439	905	12
1.5765e+007	466	905	13
1.578e+007	436	905	12
1.5795e+007	547	905	15
1.581e+007	467	905	13
1.5825e+007	453	905	12
1.584e+007	512	905	14
1.5855e+007	493	905	14
1.587e+007	441	905	12
1.5885e+007	494	905	14
1.59e+007	460	905	13
1.5915e+007	435	905	12
1.593e+007	510	905	14
1.5945e+007	438	905	12
1.596e+007	514	905	14
1.5975e+007	513	905	14
1.599e+007	431	905	12
1.6005e+007	466	905	13
1.602e+007	553	905	15
1.6035e+007	432	905	12
1.605e+007	560	905	15
1.6065e+007	477	905	13
1.608e+007	480	905	13
1.6095e+007	533	905	14
1.611e+007	433	905	12
1.6125e+007	514	905	14
1.614e+007	527	905	14
1.6155e+007	445	905	12
1.617e+007	532	905	14
1.6185e+007	527	905	14
1.62e+007	487	905	13
1.6215e+007	529	905	14
1.623e+007	442	905	12
1.6245e+007	472	905	13
1.626e+007	509	905	14
1.6275e+007	476	905	13
1.629e+007	520	905	14
1.6305e+007	522	905	14
1.632e+007	452	905	12
1.6335e+007	532	905	14
1.635e+007	482	905	13
1.6365e+007	480	905	13
1.638e+007	558	905	15
1.6395e+007	442	905	12
1.641e+007	433	905	12
1.6425e+007	559	905	15
1.644e+007	436	905	12
1.6455e+007	433	905	12
1.647e+007	551	905	15
1.6485e+007	511	905	14
1.65e+007	428	905	12
1.6515e+007	508	905	14
1.653e+007	473	905	13
1.6545e+007	447	905	12
1.656e+007	522	905	14
1.6575e+007	466	905	13
1.659e+007	474	905	13
1.6605e+007	511	905	14
1.662e+007	444	905	12
1.6635e+007	542	905	15
1.665e+007	439	905	12
1.6665e+007	433	905	12
1.668e+007	518	905	14
1.6695e+007	551	905	15
1.671e+007	440	905	12
1.6725e+007	557	905	15
1.674e+007	446	905	12
1.6755e+007	430	905	12
1.677e+007	531	905	14
1.6785e+007	491	905	13
1.68e+007	483	905	13
1.6815e+007	483	905	13
1.683e+007	522	905	14
1.6845e+007	451	905	12
1.686e+007	548	905	15
1.6875e+007	522	905	14
1.689e+007	407	905	11
1.6905e+007	478	905	13
1.692e+007	523	905	14
1.6935e+007	487	905	13
1.695e+007	506	905	14
1.6965e+007	425	905	12
1.698e+007	469	905	13
1.6995e+007	514	905	14
1.701e+007	472	905	13
1.7025e+007	536	905	15
1.704e+007	479	905	13
1.7055e+007	488	905	12
1.707e+007	548	905	15
1.7085e+007	453	905	12
1.71e+007	485	905	13
1.7115e+007	562	905	15
1.713e+007	404	905	11
1.7145e+007	542	905	14
1.716e+007	555	905	15
1.7175e+007	410	905	11
1.719e+007	603	905	16
1.7205e+007	508	905	13
1.722e+007	380	905	10
1.7235e+007	590	905	16
1.725e+007	492	905	13
1.7265e+007	445	905	12
1.728e+007	603	905	16
1.7295e+007	448	905	12
1.731e+007	491	905	13
1.7325e+007	570	905	15
1.734e+007	430	905	11
1.7355e+007	525	905	14
1.737e+007	560	905	15
1.7385e+007	369	905	10
1.74e+007	547	905	15
1.7415e+007	533	905	14
1.743e+007	373	905	10
1.7445e+007	566	905	15
1.746e+007	484	905	13
1.7475e+007	463	905	12
1.749e+007	516	905	14
1.7505e+007	431	905	12
1.752e+007	522	905	14
1.7535e+007	520	905	14
1.755e+007	372	905	10
1.7565e+007	467	905	13
1.758e+007	558	905	15
1.7595e+007	380	905	10
1.761e+007	550	905	15
1.7625e+007	485	905	13
1.764e+007	454	905	12
1.7655e+007	586	905	16
1.767e+007	365	905	10
1.7685e+007	508	905	14
1.77e+007	503	905	14
1.7715e+007	406	905	11
1.773e+007	498	905	14
1.7745e+007	477	905	13
1.776e+007	520	905	14
1.7775e+007	536	905	15
1.779e+007	434	905	11
1.7805e+007	483	905	13
1.782e+007	555	905	15
1.7835e+007	378	905	10
1.785e+007	513	905	14
1.7865e+007	602	905	16
1.788e+007	373	905	10
1.7895e+007	516	905	14
1.791e+007	523	905	14
1.7925e+007	402	905	11
1.794e+007	581	905	16
1.7955e+007	479	905	13
1.797e+007	472	905	13
1.7985e+007	520	905	14
1.8e+007	407	905	11
1.8015e+007	583	905	15
1.803e+007	526	905	14
1.8045e+007	406	905	11
1.806e+007	531	905	14
1.8075e+007	518	905	14
1.809e+007	530	905	14
1.8105e+007	501	905	13
1.812e+007	463	905	12
1.8135e+007	525	905	14
1.815e+007	642	905	16
1.8165e+007	417	905	11
1.818e+007	491	905	13
1.8195e+007	534	905	14
1.821e+007	420	905	11
1.8225e+007	600	905	16
1.824e+007	490	905	13
1.8255e+007	477	905	13
1.827e+007	472	905	13
1.8285e+007	446	905	12
1.83e+007	556	905	15
1.8315e+007	529	905	14
1.833e+007	429	905	11
1.8345e+007	570	905	15
1.836e+007	536	905	14
1.8375e+007	377	905	10
1.839e+007	574	905	15
1.8405e+007	571	905	15
1.842e+007	442	905	12
1.8435e+007	509	905	14
1.845e+007	456	905	12
1.8465e+007	504	905	13
1.848e+007	570	905	15
1.8495e+007	435	905	12
1.851e+007	554	905	15
1.8525e+007	486	905	13
1.854e+007	447	905	12
1.8555e+007	562	905	15
1.857e+007	518	905	14
1.8585e+007	452	905	12
1.86e+007	557	905	15
1.8615e+007	491	905	13
1.863e+007	444	905	12
1.8645e+007	586	905	16
1.866e+007	493	905	13
1.8675e+007	517	905	14
1.869e+007	521	905	14
1.8705e+007	446	905	12
1.872e+007	514	905	14
1.8735e+007	564	905	15
1.875e+007	462	905	12
1.8765e+007	454	905	12
1.878e+007	618	905	16
1.8795e+007	422	905	11
1.881e+007	549	905	14
1.8825e+007	559	905	14
1.884e+007	510	905	13
1.8855e+007	592	905	15
1.887e+007	423	905	11
1.8885e+007	507	905	13
1.89e+007	626	905	16
1.8915e+007	396	905	10
1.893e+007	455	905	12
1.8945e+007	685	905	18
1.896e+007	393	905	10
1.8975e+007	445	905	12
1.899e+007	653	905	17
1.9005e+007	419	905	11
1.902e+007	563	905	15
1.9035e+007	525	905	14
1.905e+007	414	905	11
1.9065e+007	594	905	16
1.908e+007	458	905	12
1.9095e+007	410	905	11
1.911e+007	640	905	17
1.9125e+007	454	905	12
1.914e+007	423	905	11
1.9155e+007	653	905	17
1.917e+007	481	905	12
1.9185e+007	492	905	13
1.92e+007	565	905	15
1.9215e+007	441	905	12
1.923e+007	570	905	15
1.9245e+007	489	905	13
1.926e+007	489	905	13
1.9275e+007	567	905	15
1.929e+007	490	905	13
1.9305e+007	435	905	12
1.932e+007	601	905	16
1.9335e+007	492	905	13
1.935e+007	484	905	13
1.9365e+007	521	905	14
1.938e+007	490	905	13
1.9395e+007	514	905	14
1.941e+007	487	905	13
1.9425e+007	526	905	14
1.944e+007	483	905	13
1.9455e+007	570	905	15
1.947e+007	452	905	12
1.9485e+007	539	905	14
1.95e+007	505	905	13
1.9515e+007	541	905	14
1.953e+007	513	905	13
1.9545e+007	545	905	14
1.956e+007	572	905	15
1.9575e+007	432	905	11
1.959e+007	568	905	15
1.9605e+007	511	905	13
1.962e+007	534	905	14
1.9635e+007	506	905	13
1.965e+007	538	905	14
1.9665e+007	537	905	14
1.968e+007	492	905	13
1.9695e+007	482	905	13
1.971e+007	528	905	14
1.9725e+007	532	905	14
1.974e+007	415	905	11
1.9755e+007	611	905	16
1.977e+007	499	905	13
1.9785e+007	460	905	12
1.98e+007	572	905	15
1.9815e+007	489	905	13
1.983e+007	540	905	14
1.9845e+007	552	905	14
1.986e+007	459	905	12
1.9875e+007	590	905	14
1.989e+007	574	905	14
1.9905e+007	434	905	11
1.992e+007	603	905	15
1.9935e+007	555	905	14
1.995e+007	510	905	13
1.9965e+007	455	905	12
1.998e+007	593	905	15
1.9995e+007	545	905	14
2.001e+007	460	905	12
2.0025e+007	467	905	12
2.004e+007	620	905	16
2.0055e+007	491	905	13
2.007e+007	457	905	12
2.0085e+007	589	905	15
2.01e+007	498	905	13
2.0115e+007	492	905	13
2.013e+007	544	905	14
2.0145e+007	489	905	13
2.016e+007	441	905	12
2.0175e+007	578	905	15
2.019e+007	508	905	13
2.0205e+007	523	905	14
2.022e+007	483	905	13
2.0235e+007	514	905	14
2.025e+007	453	905	12
2.0265e+007	415	905	11
2.028e+007	632	905	17
2.0295e+007	565	905	15
2.031e+007	457	905	12
2.0325e+007	494	905	13
2.034e+007	600	905	16
2.0355e+007	419	905	11
2.037e+007	568	905	15
2.0385e+007	514	905	14
2.04e+007	485	905	13
2.0415e+007	457	905	12
2.043e+007	537	905	14
2.0445e+007	530	905	14
2.046e+007	532	905	14
2.0475e+007	479	905	13
2.049e+007	519	905	14
2.0505e+007	487	905	13
2.052e+007	419	905	11
2.0535e+007	565	905	15
2.055e+007	521	905	14
2.0565e+007	448	905	12
2.058e+007	524	905	14
2.0595e+007	538	905	14
2.061e+007	498	905	13
2.0625e+007	544	905	14
2.064e+007	482	905	13
2.0655e+007	451	905	12
2.067e+007	620	905	16
2.0685e+007	450	905	12
2.07e+007	516	905	13
2.0715e+007	554	905	14
2.073e+007	459	905	12
2.0745e+007	538	905	14
2.076e+007	570	905	15
2.0775e+007	463	905	12
2.079e+007	506	905	13
2.0805e+007	462	905	12
2.082e+007	495	905	13
2.0835e+007	564	905	15
2.085e+007	490	905	13
2.0865e+007	457	905	12
2.088e+007	618	905	16
2.0895e+007	460	905	12
2.091e+007	469	905	12
2.0925e+007	535	905	14
2.094e+007	477	905	12
2.0955e+007	593	905	15
2.097e+007	471	905	12
2.0985e+007	517	905	13
2.1e+007	545	905	14
2.1015e+007	580	905	14
2.103e+007	459	905	12
2.1045e+007	526	905	13
2.106e+007	544	905	14
2.1075e+007	462	905	12
2.109e+007	496	905	13
2.1105e+007	461	905	12
2.112e+007	542	905	14
2.1135e+007	493	905	13
2.115e+007	539	905	14
2.1165e+007	493	905	13
2.118e+007	457	905	12
2.1195e+007	528	905	14
2.121e+007	547	905	14
2.1225e+007	464	905	12
2.124e+007	455	905	12
2.1255e+007	507	905	13
2.127e+007	468	905	12
2.1285e+007	581	905	15
2.13e+007	465	905	12
2.1315e+007	529	905	13
2.133e+007	580	905	15
2.1345e+007	468	905	12
2.136e+007	548	905	14
2.1375e+007	518	905	13
2.139e+007	423	905	11
2.1405e+007	558	905	14
2.142e+007	539	905	14
2.1435e+007	471	905	12
2.145e+007	513	905	13
2.1465e+007	552	905	14
2.148e+007	546	905	14
2.1495e+007	492	905	13
2.151e+007	496	905	13
2.1525e+007	493	905	13
2.154e+007	508	905	13
2.1555e+007	450	905	12
2.157e+007	584	905	15
2.1585e+007	486	905	13
2.16e+007	489	905	13
2.1615e+007	497	905	13
2.163e+007	530	905	14
2.1645e+007	496	905	13
2.166e+007	536	905	14
2.1675e+007	503	905	13
2.169e+007	542	905	14
2.1705e+007	522	905	13
2.172e+007	473	905	12
2.1735e+007	510	905	13
2.175e+007	552	905	14
2.1765e+007	477	905	12
2.178e+007	492	905	13
2.1795e+007	533	905	14
2.181e+007	538	905	14
2.1825e+007	536	905	14
2.184e+007	425	905	11
2.1855e+007	521	905	14
2.187e+007	524	905	14
2.1885e+007	446	905	12
2.19e+007	536	905	14
2.1915e+007	495	905	13
2.193e+007	413	905	11
2.1945e+007	497	905	13
2.196e+007	572	905	15
2.1975e+007	419	905	11
2.199e+007	647	905	17
2.2005e+007	370	905	10
2.202e+007	534	905	14
2.2035e+007	551	905	14
2.205e+007	486	905	13
2.2065e+007	491	905	13
2.208e+007	529	905	14
2.2095e+007	449	905	12
2.211e+007	518	905	14
2.2125e+007	490	905	13
2.214e+007	449	905	12
2.2155e+007	594	905	16
2.217e+007	439	905	12
2.2185e+007	518	905	14
2.22e+007	604	905	16
2.2215e+007	412	905	11
2.223e+007	449	905	12
2.2245e+007	568	905	15
2.226e+007	447	905	12
2.2275e+007	566	905	15
2.229e+007	492	905	13
2.2305e+007	414	905	11
2.232e+007	605	905	16
2.2335e+007	443	905	12
2.235e+007	477	905	13
2.2365e+007	594	905	16
2.238e+007	435	905	12
2.2395e+007	475	905	13
2.241e+007	543	905	15
2.2425e+007	392	905	11
2.244e+007	550	905	15
2.2455e+007	528	905	14
2.247e+007	417	905	11
2.2485e+007	551	905	15
2.25e+007	483	905	13
2.2515e+007	499	905	13
2.253e+007	569	905	15
2.2545e+007	439	905	12
2.256e+007	486	905	13
2.2575e+007	571	905	15
2.259e+007	461	905	12
2.2605e+007	527	905	14
2.262e+007	538	905	14
2.2635e+007	393	905	11
2.265e+007	547	905	15
2.2665e+007	487	905	13
2.268e+007	528	905	14
2.2695e+007	551	905	15
2.271e+007	458	905	11
2.2725e+007	493	905	13
2.274e+007	556	905	15
2.2755e+007	409	905	11
2.277e+007	553	905	15
2.2785e+007	522	905	14
2.28e+007	445	905	12
2.2815e+007	562	905	15
2.283e+007	441	905	12
2.2845e+007	557	905	15
2.286e+007	563	905	15
2.2875e+007	364	905	10
2.289e+007	543	905	14
2.2905e+007	473	905	13
2.292e+007	414	905	11
2.2935e+007	644	905	17
2.295e+007	436	905	12
2.2965e+007	409	905	11
2.298e+007	620	905	17
2.2995e+007	376	905	10
2.301e+007	576	905	15
2.3025e+007	498	905	13
2.304e+007	447	905	12
2.3055e+007	543	905	15
2.307e+007	474	905	13
2.3085e+007	388	905	11
2.31e+007	538	905	15
2.3115e+007	513	905	14
2.313e+007	431	905	12
2.3145e+007	560	905	15
2.316e+007	480	905	13
2.3175e+007	477	905	13
2.319e+007	481	905	13
2.3205e+007	448	905	12
2.322e+007	575	905	15
2.3235e+007	445	905	12
2.325e+007	411	905	11
2.3265e+007	563	905	15
2.328e+007	528	905	14
2.3295e+007	381	905	10
2.331e+007	569	905	15
2.3325e+007	454	905	12
2.334e+007	426	905	11
2.3355e+007	532	905	14
2.337e+007	456	905	12
2.3385e+007	514	905	14
2.34e+007	441	905	12
2.3415e+007	444	905	12
2.343e+007	524	905	14
2.3445e+007	499	905	13
2.346e+007	377	905	10
2.3475e+007	560	905	15
2.349e+007	443	905	12
2.3505e+007	439	905	12
2.352e+007	479	905	13
2.3535e+007	477	905	13
2.355e+007	557	905	15
2.3565e+007	454	905	12
2.358e+007	422	905	11
2.3595e+007	543	905	14
2.361e+007	502	905	13
2.3625e+007	387	905	10
2.364e+007	558	905	15
2.3655e+007	464	905	12
2.367e+007	466	905	12
2.3685e+007	530	905	14
2.37e+007	459	905	12
2.3715e+007	479	905	13
2.373e+007	496	905	13
2.3745e+007	480	905	12
2.376e+007	525	905	14
2.3775e+007	505	905	13
2.379e+007	406	905	11
2.3805e+007	571	905	15
2.382e+007	461	905	12
2.3835e+007	414	905	11
2.385e+007	580	905	15
2.3865e+007	459	905	12
2.388e+007	499	905	13
2.3895e+007	568	905	15
2.391e+007	335	905	9
2.3925e+007	575	905	15
2.394e+007	453	905	12
2.3955e+007	437	905	12
2.397e+007	571	905	15
2.3985e+007	455	905	12
2.4e+007	449	905	12
2.4015e+007	533	905	14
2.403e+007	489	905	13
2.4045e+007	500	905	13
2.406e+007	514	905	14
2.4075e+007	409	905	11
2.409e+007	538	905	14
2.4105e+007	521	905	13
2.412e+007	368	905	10
2.4135e+007	685	905	18
2.415e+007	418	905	11
2.4165e+007	413	905	11
2.418e+007	560	905	15
2.4195e+007	476	905	12
2.421e+007	454	905	12
2.4225e+007	597	905	16
2.424e+007	411	905	11
2.4255e+007	496	905	13
2.427e+007	513	905	14
2.4285e+007	376	905	10
2.43e+007	551	905	15
2.4315e+007	525	905	14
2.433e+007	362	905	10
2.4345e+007	487	905	13
2.436e+007	515	905	14
2.4375e+007	495	905	13
2.439e+007	566	905	15
2.4405e+007	419	905	11
2.442e+007	525	905	14
2.4435e+007	572	905	15
2.445e+007	381	905	10
2.4465e+007	538	905	14
2.448e+007	580	905	15
2.4495e+007	375	905	10
2.451e+007	543	905	14
2.4525e+007	543	905	14
2.454e+007	497	905	13
2.4555e+007	570	905	14
2.457e+007	468	905	12
2.4585e+007	547	905	14
2.46e+007	513	905	13
2.4615e+007	469	905	12
2.463e+007	555	905	14
2.4645e+007	506	905	13
2.466e+007	418	905	11
2.4675e+007	540	905	14
2.469e+007	583	905	15
2.4705e+007	416	905	11
2.472e+007	579	905	15
2.4735e+007	451	905	12
2.475e+007	561	905	15
2.4765e+007	487	905	13
2.478e+007	412	905	11
2.4795e+007	539	905	14
2.481e+007	483	905	13
2.4825e+007	398	905	11
2.484e+007	571	905	15
2.4855e+007	474	905	13
2.487e+007	429	905	12
2.4885e+007	527	905	14
2.49e+007	447	905	12
2.4915e+007	524	905	14
2.493e+007	528	905	14
2.4945e+007	410	905	11
2.496e+007	573	905	15
2.4975e+007	491	905	13
2.499e+007	417	905	11
2.5005e+007	568	905	15
2.502e+007	491	905	13
2.5035e+007	424	905	11
2.505e+007	590	905	15
2.5065e+007	483	905	13
2.508e+007	494	905	13
2.5095e+007	531	905	14
2.511e+007	412	905	11
2.5125e+007	576	905	15
2.514e+007	467	905	12
2.5155e+007	415	905	11
2.517e+007	571	905	15
2.5185e+007	531	905	14
2.52e+007	364	905	10
2.5215e+007	522	905	14
2.523e+007	565	905	15
2.5245e+007	454	905	12
2.526e+007	529	905	14
2.5275e+007	408	905	11
2.529e+007	501	905	13
2.5305e+007	537	905	14
2.532e+007	409	905	11
2.5335e+007	574	905	15
2.535e+007	536	905	14
2.5365e+007	380	905	10
2.538e+007	580	905	15
2.5395e+007	533	905	14
2.541e+007	463	905	12
2.5425e+007	496	905	13
2.544e+007	504	905	13
2.5455e+007	463	905	12
2.547e+007	608	905	16
2.5485e+007	415	905	11
2.55e+007	510	905	13
2.5515e+007	565	905	15
2.553e+007	417	905	11
2.5545e+007	561	905	13
2.556e+007	616	905	16
2.5575e+007	416	905	11
2.559e+007	549	905	14
2.5605e+007	542	905	14
2.562e+007	470	905	12
2.5635e+007	543	905	14
2.565e+007	493	905	13
2.5665e+007	497	905	13
2.568e+007	565	905	15
2.5695e+007	385	905	10
2.571e+007	524	905	14
2.5725e+007	520	905	14
2.574e+007	427	905	11
2.5755e+007	564	905	14
2.577e+007	593	905	15
2.5785e+007	442	905	12
2.58e+007	483	905	13
2.5815e+007	523	905	14
2.583e+007	441	905	12
2.5845e+007	595	905	16
2.586e+007	441	905	11
2.5875e+007	476	905	13
2.589e+007	539	905	14
2.5905e+007	447	905	12
2.592e+007	507	905	13
2.5935e+007	539	905	14
2.595e+007	500	905	13
2.5965e+007	450	905	12
2.598e+007	515	905	13
2.5995e+007	482	905	13
2.601e+007	496	905	13
2.6025e+007	479	905	13
2.604e+007	496	905	13
2.6055e+007	491	905	13
2.607e+007	529	905	14
2.6085e+007	464	905	12
2.61e+007	555	905	14
2.6115e+007	492	905	13
2.613e+007	494	905	13
2.6145e+007	537	905	14
2.616e+007	446	905	12
2.6175e+007	534	905	14
2.619e+007	504	905	13
2.6205e+007	530	905	14
2.622e+007	490	905	13
2.6235e+007	451	905	12
2.625e+007	451	905	12
2.6265e+007	580	905	15
2.628e+007	440	905	12
2.6295e+007	531	905	14
2.631e+007	457	905	12
2.6325e+007	497	905	13
2.634e+007	574	905	15
2.6355e+007	467	905	12
2.637e+007	530	905	14
2.6385e+007	493	905	13
2.64e+007	489	905	13
2.6415e+007	479	905	13
2.643e+007	478	905	13
2.6445e+007	496	905	13
2.646e+007	482	905	13
2.6475e+007	491	905	13
2.649e+007	487	905	13
2.6505e+007	576	905	15
2.652e+007	467	905	12
2.6535e+007	416	905	11
2.655e+007	576	905	15
2.6565e+007	456	905	12
2.658e+007	488	905	13
2.6595e+007	496	905	13
2.661e+007	515	905	13
2.6625e+007	487	905	13
2.664e+007	443	905	12
2.6655e+007	488	905	13
2.667e+007	561	905	15
2.6685e+007	446	905	12
2.67e+007	410	905	11
2.6715e+007	545	905	15
2.673e+007	440	905	12
2.6745e+007	403	905	11
2.676e+007	512	905	14
2.6775e+007	445	905	12
2.679e+007	552	905	15
2.6805e+007	452	905	12
2.682e+007	479	905	13
2.6835e+007	552	905	15
2.685e+007	405	905	11
2.6865e+007	448	905	12
2.688e+007	586	905	16
2.6895e+007	443	905	12
2.691e+007	446	905	12
2.6925e+007	537	905	15
2.694e+007	447	905	12
2.6955e+007	591	905	16
2.697e+007	416	905	11
2.6985e+007	425	905	11
2.7e+007	634	905	17
2.7015e+007	403	905	11
2.703e+007	422	905	11
2.7045e+007	696	905	18
2.706e+007	439	905	11
2.7075e+007	449	905	12
2.709e+007	582	905	16
2.7105e+007	413	905	11
2.712e+007	562	905	15
2.7135e+007	442	905	12
2.715e+007	419	905	11
2.7165e+007	642	905	17
2.718e+007	418	905	11
2.7195e+007	411	905	11
2.721e+007	641	905	17
2.7225e+007	390	905	11
2.724e+007	442	905	12
2.7255e+007	565	905	15
2.727e+007	408	905	11
2.7285e+007	560	905	15
2.73e+007	446	905	12
2.7315e+007	438	905	12
2.733e+007	636	905	17
2.7345e+007	405	905	11
2.736e+007	403	905	11
2.7375e+007	619	905	17
2.739e+007	397	905	11
2.7405e+007	499	905	13
2.742e+007	563	905	15
2.7435e+007	416	905	11
2.745e+007	565	905	15
2.7465e+007	440	905	12
2.748e+007	409	905	11
2.7495e+007	641	905	17
2.751e+007	415	905	11
2.7525e+007	411	905	11
2.754e+007	607	905	16
2.7555e+007	453	905	12
2.757e+007	493	905	13
2.7585e+007	568	905	15
2.76e+007	407	905	11
2.7615e+007	504	905	13
2.763e+007	568	905	15
2.7645e+007	440	905	12
2.766e+007	608	905	16
2.7675e+007	403	905	11
2.769e+007	449	905	12
2.7705e+007	597	905	16
2.772e+007	438	905	12
2.7735e+007	406	905	11
2.775e+007	591	905	16
2.7765e+007	417	905	11
2.778e+007	407	905	11
2.7795e+007	520	905	14
2.781e+007	453	905	12
2.7825e+007	487	905	13
2.784e+007	526	905	14
2.7855e+007	373	905	10
2.787e+007	547	905	15
2.7885e+007	480	905	13
2.79e+007	419	905	11
2.7915e+007	507	905	14
2.793e+007	511	905	14
2.7945e+007	442	905	12
2.796e+007	482	905	13
2.7975e+007	449	905	12
2.799e+007	494	905	13
2.8005e+007	417	905	11
2.802e+007	545	905	14
2.8035e+007	492	905	13
2.805e+007	451	905	12
2.8065e+007	462	905	12
2.808e+007	562	905	15
2.8095e+007	451	905	12
2.811e+007	451	905	12
2.8125e+007	491	905	13
2.814e+007	447	905	12
2.8155e+007	479	905	13
2.817e+007	381	905	10
2.8185e+007	483	905	13
2.82e+007	485	905	13
2.8215e+007	468	905	13
2.823e+007	405	905	11
2.8245e+007	466	905	13
2.826e+007	531	905	14
2.8275e+007	364	905	10
2.829e+007	447	905	12
2.8305e+007	483	905	13
2.832e+007	451	905	12
2.8335e+007	485	905	13
2.835e+007	498	905	13
2.8365e+007	445	905	12
2.838e+007	549	905	14
2.8395e+007	472	905	13
2.841e+007	505	905	14
2.8425e+007	476	905	13
2.844e+007	435	905	12
2.8455e+007	497	905	13
2.847e+007	536	905	14
2.8485e+007	411	905	11
2.85e+007	557	905	15
2.8515e+007	476	905	13
2.853e+007	443	905	12
2.8545e+007	526	905	13
2.856e+007	490	905	13
2.8575e+007	503	905	13
2.859e+007	469	905	12
2.8605e+007	476	905	13
2.862e+007	510	905	13
2.8635e+007	496	905	13
2.865e+007	437	905	12
2.8665e+007	518	905	14
2.868e+007	474	905	13
2.8695e+007	435	905	12
2.871e+007	478	905	13
2.8725e+007	535	905	13
2.874e+007	510	905	14
2.8755e+007	448	905	12
2.877e+007	475	905	13
2.8785e+007	477	905	13
2.88e+007	479	905	12
2.8815e+007	451	905	12
2.883e+007	475	905	13
2.8845e+007	520	905	14
2.886e+007	447	905	12
2.8875e+007	451	905	12
2.889e+007	456	905	12
2.8905e+007	555	905	15
2.892e+007	372	905	10
2.8935e+007	486	905	13
2.895e+007	486	905	13
2.8965e+007	420	905	11
2.898e+007	489	905	13
2.8995e+007	496	905	13
2.901e+007	508	905	13
2.9025e+007	430	905	12
2.904e+007	490	905	13
2.9055e+007	440	905	12
2.907e+007	516	905	14
2.9085e+007	458	905	12
2.91e+007	450	905	12
2.9115e+007	551	905	15
2.913e+007	404	905	11
2.9145e+007	481	905	13
2.916e+007	487	905	13
2.9175e+007	496	905	13
2.919e+007	410	905	11
2.9205e+007	500	905	13
2.922e+007	455	905	12
2.9235e+007	525	905	14
2.925e+007	415	905	11
2.9265e+007	523	905	14
2.928e+007	527	905	14
2.9295e+007	394	905	11
2.931e+007	448	905	12
2.9325e+007	516	905	14
2.934e+007	445	905	12
2.9355e+007	450	905	12
2.937e+007	481	905	13
2.9385e+007	440	905	12
2.94e+007	474	905	13
2.9415e+007	403	905	11
2.943e+007	450	905	12
2.9445e+007	502	905	14
2.946e+007	518	905	14
2.9475e+007	415	905	11
2.949e+007	479	905	13
2.9505e+007	497	905	13
2.952e+007	443	905	12
2.9535e+007	454	905	12
2.955e+007	442	905	12
2.9565e+007	489	905	13
2.958e+007	490	905	13
2.9595e+007	445	905	12
2.961e+007	516	905	14
2.9625e+007	451	905	12
2.964e+007	451	905	12
2.9655e+007	517	905	14
2.967e+007	459	905	12
2.9685e+007	476	905	13
2.97e+007	498	905	13
2.9715e+007	452	905	12
2.973e+007	458	905	12
2.9745e+007	461	905	12
2.976e+007	451	905	12
2.9775e+007	608	905	16
2.979e+007	450	905	12
2.9805e+007	414	905	11
2.982e+007	557	905	15
2.9835e+007	412	905	11
2.985e+007	486	905	13
2.9865e+007	568	905	15
2.988e+007	405	905	10
2.9895e+007	150	905	4
2.991e+007	111	905	3
2.9925e+007	1162	905	31
2.994e+007	527	905	14
2.9955e+007	400	905	11
2.997e+007	477	905	13
2.9985e+007	532	905	14
3e+007	408	905	11
3.0015e+007	439	905	12
3.003e+007	559	905	15
3.0045e+007	371	905	10
3.006e+007	480	905	13
3.0075e+007	531	905	14
3.009e+007	448	905	12
3.0105e+007	451	905	12
3.012e+007	497	905	13
3.0135e+007	447	905	12
3.015e+007	492	905	12
3.0165e+007	488	905	13
3.018e+007	424	905	11
3.0195e+007	473	905	12
3.021e+007	503	905	13
3.0225e+007	428	905	11
3.024e+007	499	905	13
3.0255e+007	542	905	14
3.027e+007	469	905	12
3.0285e+007	471	905	12
3.03e+007	421	905	11
3.0315e+007	518	905	13
3.033e+007	462	905	12
3.0345e+007	471	905	12
3.036e+007	508	905	13
3.0375e+007	432	905	11
3.039e+007	488	905	13
3.0405e+007	421	905	11
3.042e+007	457	905	12
3.0435e+007	549	905	14
3.045e+007	416	905	11
3.0465e+007	387	905	10
3.048e+007	580	905	15
3.0495e+007	402	905	10
3.051e+007	451	905	12
3.0525e+007	433	905	11
3.054e+007	464	905	12
3.0555e+007	483	905	13
3.057e+007	450	905	11
3.0585e+007	439	905	11
3.06e+007	526	905	14
3.0615e+007	413	905	11
3.063e+007	416	905	11
3.0645e+007	495	905	13
3.066e+007	411	905	11
3.0675e+007	520	905	14
3.069e+007	414	905	11
3.0705e+007	371	905	10
3.072e+007	560	905	15
3.0735e+007	423	905	11
3.075e+007	369	905	10
3.0765e+007	496	905	13
3.078e+007	509	905	13
3.0795e+007	429	905	11
3.081e+007	487	905	13
3.0825e+007	392	905	10
3.084e+007	592	905	15
3.0855e+007	410	905	11
3.087e+007	383	905	10
3.0885e+007	529	905	14
3.09e+007	452	905	12
3.0915e+007	463	905	12
3.093e+007	485	905	13
3.0945e+007	418	905	11
3.096e+007	519	905	14
3.0975e+007	471	905	12
3.099e+007	392	905	10
3.1005e+007	587	905	15
3.102e+007	501	905	13
3.1035e+007	383	905	10
3.105e+007	533	905	14
3.1065e+007	526	905	14
3.108e+007	458	905	12
3.1095e+007	425	905	11
3.111e+007	574	905	15
3.1125e+007	406	905	11
3.114e+007	522	905	14
3.1155e+007	441	905	12
3.117e+007	524	905	14
3.1185e+007	444	905	12
3.12e+007	401	905	10
3.1215e+007	506	905	13
3.123e+007	532	905	14
3.1245e+007	465	905	12
3.126e+007	499	905	13
3.1275e+007	458	905	12
3.129e+007	510	905	13
3.1305e+007	536	905	14
3.132e+007	393	905	10
3.1335e+007	587	905	16
3.135e+007	453	905	12
3.1365e+007	377	905	10
3.138e+007	591	905	15
3.1395e+007	496	905	13
3.141e+007	385	905	10
3.1425e+007	535	905	14
3.144e+007	526	905	14
3.1455e+007	385	905	10
3.147e+007	525	905	13
3.1485e+007	573	905	15
3.15e+007	469	905	12
3.1515e+007	515	905	13
3.153e+007	509	905	13
3.1545e+007	584	905	15
3.156e+007	390	905	10
3.1575e+007	543	905	14
3.159e+007	501	905	13
3.1605e+007	489	905	13
3.162e+007	446	905	12
3.1635e+007	553	905	14
3.165e+007	457	905	12
3.1665e+007	534	905	14
3.168e+007	538	905	14
3.1695e+007	462	905	12
3.171e+007	529	905	14
3.1725e+007	487	905	13
3.174e+007	419	905	11
3.1755e+007	583	905	15
3.177e+007	541	905	14
3.1785e+007	368	905	9
3.18e+007	573	905	15
3.1815e+007	488	905	13
3.183e+007	511	905	13
3.1845e+007	492	905	13
3.186e+007	482	905	13
3.1875e+007	493	905	13
3.189e+007	444	905	12
3.1905e+007	491	905	13
3.192e+007	584	905	15
3.1935e+007	489	905	13
3.195e+007	420	905	11
3.1965e+007	584	905	15
3.198e+007	493	905	13
3.1995e+007	494	905	13
3.201e+007	539	905	14
3.2025e+007	497	905	13
3.204e+007	502	905	13
3.2055e+007	455	905	12
3.207e+007	496	905	13
3.2085e+007	551	905	14
3.21e+007	454	905	12
3.2115e+007	459	905	12
3.213e+007	542	905	14
3.2145e+007	449	905	12
3.216e+007	497	905	13
3.2175e+007	532	905	14
3.219e+007	458	905	12
3.2205e+007	518	905	14
3.222e+007	437	905	12
3.2235e+007	482	905	13
3.225e+007	521	905	14
3.2265e+007	438	905	12
3.228e+007	365	905	10
3.2295e+007	518	905	14
3.231e+007	485	905	13
3.2325e+007	455	905	12
3.234e+007	559	905	15
3.2355e+007	411	905	11
3.237e+007	486	905	13
3.2385e+007	487	905	13
3.24e+007	414	905	11
3.2415e+007	524	905	14
3.243e+007	517	905	13
3.2445e+007	463	905	12
3.246e+007	529	905	14
3.2475e+007	482	905	13
3.249e+007	381	905	10
3.2505e+007	645	905	17
3.252e+007	431	905	11
3.2535e+007	434	905	11
3.255e+007	587	905	15
3.2565e+007	463	905	12
3.258e+007	575	905	15
3.2595e+007	509	905	13
3.261e+007	425	905	11
3.2625e+007	543	905	14
3.264e+007	535	905	14
3.2655e+007	421	905	11
3.267e+007	658	905	17
3.2685e+007	424	905	11
3.27e+007	459	905	12
3.2715e+007	613	905	16
3.273e+007	425	905	11
3.2745e+007	456	905	12
3.276e+007	583	905	15
3.2775e+007	464	905	12
3.279e+007	532	905	13
3.2805e+007	587	905	15
3.282e+007	431	905	11
3.2835e+007	587	905	15
3.285e+007	548	905	14
3.2865e+007	415	905	11
3.288e+007	557	905	14
3.2895e+007	497	905	13
3.291e+007	490	905	13
3.2925e+007	548	905	14
3.294e+007	451	905	12
3.2955e+007	500	905	13
3.297e+007	543	905	14
3.2985e+007	416	905	11
3.3e+007	630	905	16
3.3015e+007	442	905	12
3.303e+007	459	905	12
3.3045e+007	549	905	14
3.306e+007	458	905	12
3.3075e+007	461	905	12
3.309e+007	627	905	16
3.3105e+007	418	905	11
3.312e+007	453	905	12
3.3135e+007	571	905	15
3.315e+007	381	905	10
3.3165e+007	493	905	13
3.318e+007	575	905	15
3.3195e+007	427	905	11
3.321e+007	460	905	12
3.3225e+007	534	905	14
3.324e+007	499	905	13
3.3255e+007	496	905	13
3.327e+007	411	905	11
3.3285e+007	533	905	14
3.33e+007	517	905	13
3.3315e+007	453	905	12
3.333e+007	509	905	13
3.3345e+007	465	905	12
3.336e+007	424	905	11
3.3375e+007	492	905	13
3.339e+007	498	905	13
3.3405e+007	429	905	11
3.342e+007	584	905	15
3.3435e+007	381	905	10
3.345e+007	498	905	13
3.3465e+007	542	905	14
3.348e+007	391	905	10
3.3495e+007	529	905	14
3.351e+007	460	905	12
3.3525e+007	463	905	12
3.354e+007	450	905	12
3.3555e+007	513	905	13
3.357e+007	423	905	11
3.3585e+007	520	905	13
3.36e+007	504	905	13
3.3615e+007	476	905	12
3.363e+007	501	905	13
3.3645e+007	462	905	12
3.366e+007	457	905	12
3.3675e+007	442	905	11
3.369e+007	436	905	11
3.3705e+007	460	905	12
3.372e+007	539	905	14
3.3735e+007	426	905	11
3.375e+007	476	905	13
3.3765e+007	419	905	11
3.378e+007	487	905	13
3.3795e+007	524	905	14
3.381e+007	452	905	12
3.3825e+007	450	905	12
3.384e+007	488	905	13
3.3855e+007	530	905	14
3.387e+007	455	905	12
3.3885e+007	449	905	12
3.39e+007	464	905	12
3.3915e+007	496	905	13
3.393e+007	427	905	11
3.3945e+007	591	905	15
3.396e+007	532	905	14
3.3975e+007	427	905	11
3.399e+007	501	905	13
3.4005e+007	495	905	13
3.402e+007	474	905	13
3.4035e+007	515	905	13
3.405e+007	493	905	13
3.4065e+007	466	905	12
3.408e+007	569	905	15
3.4095e+007	368	905	10
3.411e+007	569	905	15
3.4125e+007	446	905	12
3.414e+007	463	905	12
3.4155e+007	453	905	12
3.417e+007	502	905	13
3.4185e+007	454	905	12
3.42e+007	521	905	13
3.4215e+007	526	905	14
3.423e+007	458	905	12
3.4245e+007	521	905	14
3.426e+007	418	905	11
3.4275e+007	541	905	14
3.429e+007	502	905	13
3.4305e+007	462	905	12
3.432e+007	506	905	13
3.4335e+007	495	905	13
3.435e+007	494	905	13
3.4365e+007	509	905	13
3.438e+007	455	905	12
3.4395e+007	460	905	12
3.441e+007	576	905	15
3.4425e+007	436	905	11
3.444e+007	456	905	12
3.4455e+007	622	905	16
3.447e+007	441	905	11
3.4485e+007	528	905	14
3.45e+007	461	905	12
3.4515e+007	451	905	12
3.453e+007	538	905	14
3.4545e+007	526	905	14
3.456e+007	408	905	11
3.4575e+007	641	905	17
3.459e+007	382	905	10
3.4605e+007	415	905	11
3.462e+007	676	905	17
3.4635e+007	434	905	11
3.465e+007	507	905	13
3.4665e+007	540	905	14
3.468e+007	426	905	11
3.4695e+007	596	905	15
3.471e+007	509	905	13
3.4725e+007	454	905	11
3.474e+007	671	905	17
3.4755e+007	381	905	10
3.477e+007	462	905	12
3.4785e+007	665	905	17
3.48e+007	377	905	10
3.4815e+007	504	905	13
3.483e+007	624	905	16
3.4845e+007	393	905	10
3.486e+007	632	905	16
3.4875e+007	499	905	13
3.489e+007	432	905	11
3.4905e+007	613	905	16
3.492e+007	387	905	10
3.4935e+007	458	905	12
3.495e+007	623	905	16
3.4965e+007	390	905	10
3.498e+007	450	905	12
3.4995e+007	574	905	15
3.501e+007	433	905	11
3.5025e+007	591	905	15
3.504e+007	433	905	11
3.5055e+007	382	905	10
3.507e+007	608	905	16
3.5085e+007	428	905	11
3.51e+007	372	905	10
3.5115e+007	607	905	16
3.513e+007	456	905	12
3.5145e+007	498	905	13
3.516e+007	476	905	13
3.5175e+007	397	905	11
3.519e+007	587	905	16
3.5205e+007	437	905	12
3.522e+007	366	905	10
3.5235e+007	606	905	16
3.525e+007	434	905	12
3.5265e+007	367	905	10
3.528e+007	672	905	18
3.5295e+007	406	905	11
3.531e+007	467	905	12
3.5325e+007	601	905	16
3.534e+007	382	905	10
3.5355e+007	492	905	13
3.537e+007	572	905	15
3.5385e+007	370	905	10
3.54e+007	650	905	17
3.5415e+007	414	905	11
3.543e+007	420	905	11
3.5445e+007	606	905	16
3.546e+007	427	905	11
3.5475e+007	496	905	13
3.549e+007	556	905	14
3.5505e+007	429	905	11
3.552e+007	613	905	16
3.5535e+007	484	905	12
3.555e+007	382	905	10
3.5565e+007	608	905	16
3.558e+007	454	905	12
3.5595e+007	463	905	12
3.561e+007	498	905	13
3.5625e+007	454	905	12
3.564e+007	540	905	14
3.5655e+007	497	905	13
3.567e+007	419	905	11
3.5685e+007	533	905	14
3.57e+007	488	905	13
3.5715e+007	371	905	10
3.573e+007	600	905	16
3.5745e+007	414	905	11
3.576e+007	451	905	12
3.5775e+007	554	905	15
3.579e+007	431	905	12
3.5805e+007	479	905	12
3.582e+007	563	905	15
3.5835e+007	414	905	11
3.585e+007	495	905	13
3.5865e+007	455	905	12
3.588e+007	449	905	12
3.5895e+007	642	905	17
3.591e+007	454	905	12
3.5925e+007	445	905	12
3.594e+007	571	905	15
3.5955e+007	452	905	12
3.597e+007	449	905	12
3.5985e+007	522	905	14
3.6e+007	515	905	14
3.6015e+007	476	905	13
3.603e+007	474	905	13
3.6045e+007	431	905	12
3.606e+007	551	905	15
3.6075e+007	432	905	12
3.609e+007	510	905	14
3.6105e+007	549	905	15
3.612e+007	404	905	11
3.6135e+007	489	905	13
3.615e+007	567	905	15
3.6165e+007	401	905	11
3.618e+007	560	905	15
3.6195e+007	481	905	13
3.621e+007	442	905	12
3.6225e+007	563	905	15
3.624e+007	480	905	13
3.6255e+007	413	905	11
3.627e+007	606	905	16
3.6285e+007	450	905	12
3.63e+007	545	905	14
3.6315e+007	483	905	13
3.633e+007	483	905	13
3.6345e+007	524	905	14
3.636e+007	481	905	13
3.6375e+007	477	905	13
3.639e+007	564	905	15
3.6405e+007	446	905	12
3.642e+007	456	905	12
3.6435e+007	610	905	16
3.645e+007	447	905	12
3.6465e+007	490	905	13
3.648e+007	565	905	15
3.6495e+007	442	905	12
3.651e+007	529	905	14
3.6525e+007	528	905	14
3.654e+007	445	905	12
3.6555e+007	605	905	16
3.657e+007	435	905	12
3.6585e+007	434	905	12
3.66e+007	543	905	15
3.6615e+007	485	905	13
3.663e+007	451	905	12
3.6645e+007	526	905	14
3.666e+007	531	905	14
3.6675e+007	496	905	13
3.669e+007	498	905	13
3.6705e+007	502	905	13
3.672e+007	557	905	14
3.6735e+007	571	905	15
3.675e+007	431	905	11
3.6765e+007	622	905	16
3.678e+007	468	905	12
3.6795e+007	494	905	13
3.681e+007	571	905	15
3.6825e+007	415	905	11
3.684e+007	560	905	15
3.6855e+007	517	905	13
3.687e+007	496	905	13
3.6885e+007	576	905	15
3.69e+007	448	905	12
3.6915e+007	468	905	12
3.693e+007	643	905	17
3.6945e+007	416	905	11
3.696e+007	558	905	15
3.6975e+007	529	905	14
3.699e+007	414	905	11
3.7005e+007	494	905	13
3.702e+007	520	905	14
3.7035e+007	518	905	13
3.705e+007	518	905	14
3.7065e+007	455	905	12
3.708e+007	458	905	12
3.7095e+007	570	905	15
3.711e+007	487	905	13
3.7125e+007	484	905	13
3.714e+007	533	905	14
3.7155e+007	413	905	11
3.717e+007	515	905	14
3.7185e+007	573	905	15
3.72e+007	442	905	12
3.7215e+007	474	905	13
3.723e+007	517	905	14
3.7245e+007	435	905	12
3.726e+007	597	905	16
3.7275e+007	431	905	12
3.729e+007	484	905	13
3.7305e+007	594	905	15
3.732e+007	451	905	12
3.7335e+007	418	905	11
3.735e+007	666	905	17
3.7365e+007	449	905	12
3.738e+007	449	905	12
3.7395e+007	602	905	16
3.741e+007	460	905	12
3.7425e+007	570	905	15
3.744e+007	469	905	13
3.7455e+007	453	905	12
3.747e+007	600	905	16
3.7485e+007	468	905	13
3.75e+007	405	905	11
3.7515e+007	658	905	17
3.753e+007	446	905	12
3.7545e+007	445	905	12
3.756e+007	633	905	17
3.7575e+007	403	905	11
3.759e+007	589	905	15
3.7605e+007	515	905	14
3.762e+007	441	905	12
3.7635e+007	562	905	15
3.765e+007	517	905	14
3.7665e+007	405	905	11
3.768e+007	600	905	16
3.7695e+007	483	905	13
3.771e+007	483	905	13
3.7725e+007	595	905	16
3.774e+007	416	905	11
3.7755e+007	526	905	14
3.777e+007	547	905	15
3.7785e+007	453	905	12
3.78e+007	562	905	15
3.7815e+007	483	905	13
3.783e+007	459	905	12
3.7845e+007	591	905	16
3.786e+007	498	905	13
3.7875e+007	482	905	13
3.789e+007	531	905	14
3.7905e+007	493	905	13
3.792e+007	540	905	14
3.7935e+007	570	905	15
3.795e+007	470	905	12
3.7965e+007	616	905	16
3.798e+007	464	905	12
3.7995e+007	460	905	12
3.801e+007	597	905	16
3.8025e+007	488	905	13
3.804e+007	487	905	13
3.8055e+007	505	905	14
3.807e+007	474	905	13
3.8085e+007	518	905	14
3.81e+007	569	905	15
3.8115e+007	444	905	12
3.813e+007	565	905	15
3.8145e+007	482	905	13
3.816e+007	436	905	12
3.8175e+007	584	905	16
3.819e+007	402	905	11
3.8205e+007	554	905	15
3.822e+007	512	905	14
3.8235e+007	437	905	12
3.825e+007	521	905	14
3.8265e+007	507	905	14
3.828e+007	471	905	13
3.8295e+007	514	905	14
3.831e+007	474	905	13
3.8325e+007	440	905	12
3.834e+007	553	905	15
3.8355e+007	446	905	12
3.837e+007	516	905	14
3.8385e+007	522	905	14
3.84e+007	480	905	13
3.8415e+007	482	905	13
3.843e+007	534	905	14
3.8445e+007	480	905	13
3.846e+007	510	905	13
3.8475e+007	503	905	13
3.849e+007	484	905	13
3.8505e+007	609	905	15
3.852e+007	445	905	12
3.8535e+007	481	905	13
3.855e+007	518	905	14
3.8565e+007	487	905	13
3.858e+007	498	905	13
3.8595e+007	533	905	14
3.861e+007	482	905	13
3.8625e+007	444	905	12
3.864e+007	538	905	14
3.8655e+007	492	905	13
3.867e+007	565	905	15
3.8685e+007	445	905	12
3.87e+007	483	905	13
3.8715e+007	528	905	14
3.873e+007	450	905	12
3.8745e+007	517	905	14
3.876e+007	525	905	14
3.8775e+007	520	905	14
3.879e+007	485	905	13
3.8805e+007	451	905	12
3.882e+007	484	905	13
3.8835e+007	586	905	15
3.885e+007	448	905	12
3.8865e+007	483	905	13
3.888e+007	526	905	14
3.8895e+007	408	905	11
3.891e+007	504	905	14
3.8925e+007	540	905	14
3.894e+007	520	905	14
3.8955e+007	490	905	13
3.897e+007	448	905	12
3.8985e+007	482	905	13
3.9e+007	613	905	16
3.9015e+007	427	905	11
3.903e+007	493	905	13
3.9045e+007	586	905	15
3.906e+007	411	905	11
3.9075e+007	555	905	14
3.909e+007	551	905	14
3.9105e+007	579	905	15
3.912e+007	519	905	13
3.9135e+007	470	905	12
3.915e+007	532	905	14
3.9165e+007	626	905	16
3.918e+007	420	905	11
3.9195e+007	507	905	13
3.921e+007	580	905	15
3.9225e+007	490	905	13
3.924e+007	463	905	12
3.9255e+007	579	905	15
3.927e+007	571	905	15
3.9285e+007	451	905	12
3.93e+007	523	905	13
3.9315e+007	540	905	14
3.933e+007	578	905	15
3.9345e+007	423	905	11
3.936e+007	525	905	14
3.9375e+007	623	905	16
3.939e+007	433	905	11
3.9405e+007	497	905	13
3.942e+007	626	905	16
3.9435e+007	514	905	14
3.945e+007	463	905	12
3.9465e+007	537	905	14
3.948e+007	519	905	14
3.9495e+007	506	905	13
3.951e+007	489	905	13
3.9525e+007	523	905	14
3.954e+007	533	905	14
3.9555e+007	454	905	12
3.957e+007	497	905	13
3.9585e+007	612	905	16
3.96e+007	483	905	13
3.9615e+007	416	905	11
3.963e+007	570	905	15
3.9645e+007	514	905	14
3.966e+007	497	905	13
3.9675e+007	453	905	12
3.969e+007	511	905	13
3.9705e+007	613	905	16
3.972e+007	498	905	13
3.9735e+007	422	905	11
3.975e+007	595	905	16
3.9765e+007	490	905	13
3.978e+007	452	905	12
3.9795e+007	534	905	14
3.981e+007	522	905	14
3.9825e+007	515	905	13
3.984e+007	537	905	14
3.9855e+007	515	905	13
3.987e+007	497	905	13
3.9885e+007	550	905	14
3.99e+007	447	905	12
3.9915e+007	527	905	14
3.993e+007	505	905	13
3.9945e+007	467	905	12
3.996e+007	622	905	16
3.9975e+007	508	905	13
3.999e+007	527	905	13
4.0005e+007	576	905	15
4.002e+007	463	905	12
4.0035e+007	538	905	14
4.005e+007	522	905	13
4.0065e+007	514	905	13
4.008e+007	588	905	15
4.0095e+007	511	905	13
4.011e+007	409	905	11
4.0125e+007	645	905	17
4.014e+007	511	905	13
4.0155e+007	433	905	12
4.017e+007	481	905	13
4.0185e+007	582	905	15
4.02e+007	479	905	13
4.0215e+007	527	905	14
4.023e+007	489	905	13
4.0245e+007	492	905	13
4.026e+007	527	905	14
4.0275e+007	489	905	13
4.029e+007	532	905	14
4.0305e+007	539	905	14
4.032e+007	431	905	11
4.0335e+007	576	905	15
4.035e+007	530	905	14
4.0365e+007	455	905	12
4.038e+007	502	905	13
4.0395e+007	546	905	14
4.041e+007	532	905	14
4.0425e+007	507	905	12
4.044e+007	537	905	14
4.0455e+007	525	905	14
4.047e+007	496	905	13
4.0485e+007	483	905	13
4.05e+007	532	905	14
4.0515e+007	509	905	13
4.053e+007	529	905	14
4.0545e+007	424	905	11
4.056e+007	571	905	15
4.0575e+007	537	905	14
4.059e+007	460	905	12
4.0605e+007	499	905	13
4.062e+007	611	905	16
4.0635e+007	446	905	12
4.065e+007	484	905	13
4.0665e+007	528	905	14
4.068e+007	539	905	14
4.0695e+007	490	905	13
4.071e+007	501	905	13
4.0725e+007	480	905	13
4.074e+007	604	905	16
4.0755e+007	452	905	12
4.077e+007	442	905	12
4.0785e+007	618	905	16
4.08e+007	489	905	13
4.0815e+007	434	905	12
4.083e+007	576	905	15
4.0845e+007	493	905	13
4.086e+007	501	905	13
4.0875e+007	491	905	13
4.089e+007	524	905	14
4.0905e+007	533	905	14
4.092e+007	484	905	13
4.0935e+007	441	905	12
4.095e+007	554	905	15
4.0965e+007	509	905	13
4.098e+007	456	905	12
4.0995e+007	619	905	16
4.101e+007	490	905	13
4.1025e+007	481	905	13
4.104e+007	488	905	13
4.1055e+007	490	905	13
4.107e+007	508	905	14
4.1085e+007	578	905	15
4.11e+007	414	905	11
4.1115e+007	534	905	14
4.113e+007	487	905	13
4.1145e+007	408	905	11
4.116e+007	573	905	15
4.1175e+007	487	905	13
4.119e+007	443	905	12
4.1205e+007	485	905	13
4.122e+007	500	905	13
4.1235e+007	496	905	13
4.125e+007	496	905	13
4.1265e+007	456	905	12
4.128e+007	496	905	13
4.1295e+007	530	905	14
4.131e+007	461	905	12
4.1325e+007	533	905	14
4.134e+007	497	905	13
4.1355e+007	496	905	13
4.137e+007	464	905	12
4.1385e+007	542	905	14
4.14e+007	500	905	13
4.1415e+007	535	905	14
4.143e+007	450	905	11
4.1445e+007	521	905	14
4.146e+007	536	905	14
4.1475e+007	459	905	12
4.149e+007	542	905	14
4.1505e+007	512	905	13
4.152e+007	511	905	13
4.1535e+007	512	905	13
4.155e+007	514	905	13
4.1565e+007	454	905	12
4.158e+007	582	905	15
4.1595e+007	461	905	12
4.161e+007	506	905	13
4.1625e+007	505	905	13
4.164e+007	458	905	12
4.1655e+007	550	905	14
4.167e+007	524	905	13
4.1685e+007	464	905	12
4.17e+007	496	905	13
4.1715e+007	529	905	14
4.173e+007	452	905	12
4.1745e+007	564	905	15
4.176e+007	427	905	11
4.1775e+007	492	905	13
4.179e+007	527	905	14
4.1805e+007	416	905	11
4.182e+007	569	905	15
4.1835e+007	486	905	13
4.185e+007	480	905	13
4.1865e+007	421	905	11
4.188e+007	454	905	12
4.1895e+007	565	905	15
4.191e+007	453	905	12
4.1925e+007	366	905	10
4.194e+007	564	905	15
4.1955e+007	513	905	14
4.197e+007	368	905	10
4.1985e+007	429	905	12
4.2e+007	474	905	13
4.2015e+007	485	905	13
4.203e+007	487	905	13
4.2045e+007	445	905	12
4.206e+007	445	905	12
4.2075e+007	562	905	15
4.209e+007	356	905	10
4.2105e+007	480	905	13
4.212e+007	511	905	14
4.2135e+007	402	905	11
4.215e+007	434	905	12
4.2165e+007	510	905	14
4.218e+007	482	905	13
4.2195e+007	443	905	12
4.221e+007	462	905	12
4.2225e+007	487	905	13
4.224e+007	482	905	13
4.2255e+007	453	905	12
4.227e+007	487	905	13
4.2285e+007	508	905	13
4.23e+007	454	905	12
4.2315e+007	481	905	13
4.233e+007	487	905	13
4.2345e+007	476	905	13
4.236e+007	461	905	12
4.2375e+007	485	905	13
4.239e+007	440	905	12
4.2405e+007	484	905	12
4.242e+007	483	905	13
4.2435e+007	437	905	12
4.245e+007	518	905	14
4.2465e+007	479	905	13
4.248e+007	468	905	13
4.2495e+007	407	905	11
4.251e+007	517	905	14
4.2525e+007	458	905	12
4.254e+007	521	905	14
4.2555e+007	402	905	11
4.257e+007	422	905	12
4.2585e+007	499	905	14
4.26e+007	363	905	10
4.2615e+007	572	905	16
4.263e+007	479	905	13
4.2645e+007	357	905	10
4.266e+007	462	905	13
4.2675e+007	503	905	14
4.269e+007	441	905	12
4.2705e+007	504	905	14
4.272e+007	395	905	11
4.2735e+007	466	905	13
4.275e+007	498	905	14
4.2765e+007	392	905	11
4.278e+007	468	905	13
4.2795e+007	525	905	14
4.281e+007	423	905	12
4.2825e+007	479	905	13
4.284e+007	474	905	13
4.2855e+007	440	905	12
4.287e+007	558	905	15
4.2885e+007	396	905	11
4.29e+007	406	905	11
4.2915e+007	516	905	14
4.293e+007	381	905	10
4.2945e+007	442	905	12
4.296e+007	536	905	13
4.2975e+007	414	905	11
4.299e+007	443	905	12
4.3005e+007	481	905	13
4.302e+007	428	905	11
4.3035e+007	524	905	14
4.305e+007	462	905	12
4.3065e+007	456	905	12
4.308e+007	515	905	14
4.3095e+007	448	905	12
4.311e+007	435	905	12
4.3125e+007	570	905	15
4.314e+007	444	905	12
4.3155e+007	483	905	13
4.317e+007	545	905	14
4.3185e+007	443	905	12
4.32e+007	526	905	14
4.3215e+007	409	905	11
4.323e+007	457	905	12
4.3245e+007	532	905	14
4.326e+007	451	905	12
4.3275e+007	518	905	14
4.329e+007	537	905	14
4.3305e+007	432	905	11
4.332e+007	486	905	13
4.3335e+007	556	905	15
4.335e+007	395	905	11
4.3365e+007	555	905	15
4.338e+007	385	905	11
4.3395e+007	471	905	13
4.341e+007	517	905	14
4.3425e+007	429	905	12
4.344e+007	474	905	13
4.3455e+007	536	905	14
4.347e+007	392	905	11
4.3485e+007	496	905	14
4.35e+007	479	905	13
4.3515e+007	435	905	12
4.353e+007	508	905	14
4.3545e+007	417	905	11
4.356e+007	445	905	12
4.3575e+007	592	905	16
4.359e+007	437	905	12
4.3605e+007	440	905	12
4.362e+007	567	905	15
4.3635e+007	411	905	11
4.365e+007	502	905	13
4.3665e+007	489	905	13
4.368e+007	479	905	13
4.3695e+007	520	905	14
4.371e+007	436	905	12
4.3725e+007	479	905	13
4.374e+007	513	905	14
4.3755e+007	389	905	11
4.377e+007	471	905	13
4.3785e+007	545	905	15
4.38e+007	364	905	10
4.3815e+007	507	905	14
4.383e+007	485	905	13
4.3845e+007	434	905	12
4.386e+007	478	905	13
4.3875e+007	436	905	12
4.389e+007	471	905	13
4.3905e+007	500	905	14
4.392e+007	410	905	11
4.3935e+007	428	905	12
4.395e+007	583	905	16
4.3965e+007	393	905	11
4.398e+007	479	905	13
4.3995e+007	517	905	14
4.401e+007	434	905	12
4.4025e+007	516	905	14
4.404e+007	451	905	12
4.4055e+007	409	905	11
4.407e+007	596	905	16
4.4085e+007	367	905	10
4.41e+007	440	905	12
4.4115e+007	587	905	16
4.413e+007	363	905	10
4.4145e+007	496	905	14
4.416e+007	531	905	14
4.4175e+007	375	905	10
4.419e+007	548	905	15
4.4205e+007	509	905	14
4.422e+007	417	905	11
4.4235e+007	590	905	16
4.425e+007	411	905	11
4.4265e+007	437	905	12
4.428e+007	574	905	15
4.4295e+007	415	905	11
4.431e+007	525	905	14
4.4325e+007	558	905	15
4.434e+007	364	905	10
4.4355e+007	548	905	15
4.437e+007	444	905	12
4.4385e+007	449	905	12
4.44e+007	590	905	16
4.4415e+007	408	905	11
4.443e+007	459	905	12
4.4445e+007	551	905	15
4.446e+007	395	905	11
4.4475e+007	546	905	15
4.449e+007	496	905	13
4.4505e+007	446	905	11
4.452e+007	570	905	15
4.4535e+007	489	905	13
4.455e+007	376	905	10
4.4565e+007	639	905	17
4.458e+007	450	905	12
4.4595e+007	407	905	11
4.461e+007	593	905	16
4.4625e+007	373	905	10
4.464e+007	540	905	14
4.4655e+007	563	905	15
4.467e+007	340	905	9
4.4685e+007	692	905	18
4.47e+007	454	905	12
4.4715e+007	418	905	11
4.473e+007	559	905	15
4.4745e+007	449	905	12
4.476e+007	413	905	11
4.4775e+007	624	905	17
4.479e+007	440	905	12
4.4805e+007	447	905	12
4.482e+007	548	905	15
4.4835e+007	397	905	11
4.485e+007	481	905	13
4.4865e+007	522	905	14
4.488e+007	441	905	12
4.4895e+007	551	905	15
4.491e+007	392	905	11
4.4925e+007	440	905	12
4.494e+007	629	905	17
4.4955e+007	413	905	11
4.497e+007	481	905	13
4.4985e+007	553	905	15
