1386
1402
1367
1368
1376
1426
1368
1363
1360
1380
1378
1376
1377
1364
1369
1387
1365
1392
1380
1395
1373
1383
1380
1378
1390
1371
1393
1364
1395
1363
1355
1360
1369
1389
1375
1371
1363
1361
1365
1383
1400
1391
1367
1299
1396
1398
1383
1394
1383
1387
1371
1391
1368
1380
1389
1395
1366
1367
1367
1380
1379
1378
1369
1383
1386
1389
1399
1393
1380
1368
1402
1385
1368
1396
1375
1385
1363
1377
1391
1373
1397
1386
1387
1386
1382
1378
1394
1374
1366
1367
1365
1365
1358
1378
1383
1392
1365
1363
1369
1393
1396
1368
1365
1370
1372
1367
1387
1368
1386
1369
1362
1397
1400
1390
1373
1366
1379
1384
1388
1375
1379
1360
1381
1359
1373
1367
1379
1390
1391
1380
1382
1375
1375
1381
1362
1384
1365
1371
1376
1384
1387
1368
1364
1395
1384
1385
1387
1393
1374
1383
1381
1386
1363
1370
1377
1390
1406
1374
1382
1381
1369
1382
1362
1385
1388
1370
1357
1376
1366
1373
1394
1390
1380
1390
1357
1391
1393
1376
1367
1389
1370
1354
1365
1369
1362
1390
1386
1388
1377
1388
1376
1398
1386
1402
1385
1388
1384
1381
1392
1367
1367
1394
1384
1341
1363
1314
1396
1375
1387
1393
1401
1377
1371
1378
1392
1391
1384
1385
1372
1373
1388
1374
1359
1381
1400
1391
1379
1367
1387
1378
1368
1377
1386
1372
1397
1394
1361
1387
1365
1393
1360
1391
1382
1368
1377
1368
1374
1355
1363
1381
1372
1381
1383
1363
1389
1368
1380
1362
1360
1371
1374
1408
1393
1384
1363
1358
1374
1374
1393
1378
1366
1381
1382
1386
1390
1369
1381
1364
1360
1365
1387
1370
1387
1395
1369
1396
1381
1389
1396
1372
1385
1360
1362
1373
1392
1380
1397
1369
1371
1364
1377
1355
1380
1369
1372
1385
1357
1390
1378
1396
1378
1382
1395
1372
1393
1389
1372
1372
1367
1366
1379
1378
1377
1369
1369
1394
1392
1389
1378
1381
1391
1378
1343
1315
1297
1280
1300
1367
1181
1385
1361
1392
1369
1381
1398
1399
1384
1388
1391
1396
1372
1404
1382
1346
1362
1378
1378
1364
1368
1366
1391
1379
1362
1358
1405
1359
1391
1384
1367
1362
1347
1377
1376
1384
1388
1372
1392
1388
1366
1389
1371
1385
1362
1375
1399
1356
1386
1365
1379
1369
1361
1396
1393
1371
1394
1377
1371
1358
1383
1393
1361
1386
1365
1366
1382
1382
1380
1381
1379
1368
1389
1358
1395
1367
1373
1386
1387
1397
1381
1373
1387
1372
1367
1368
1375
1386
1386
1380
1359
1364
1385
1390
1391
1364
1369
1381
1388
1394
1373
1370
1367
1382
1389
1387
1365
1380
1380
1386
1374
1382
1389
1376
1369
1398
1389
1371
1375
1374
1371
1390
1364
1398
1367
1370
1392
1363
1380
1392
1384
1391
1374
1372
1392
1370
1384
1380
1395
1377
1381
1394
1394
1392
1368
1374
1367
1360
1369
1361
1385
1387
1376
1375
1372
1383
1371
1386
1363
1389
1376
1379
1375
1376
1386
1398
1400
1384
1371
1388
1397
1383
1398
1378
1375
1393
1390
1386
1360
1392
1365
1388
1385
1390
1376
1372
1385
1369
1388
1360
1382
1366
1395
1377
1382
1370
1372
1390
1383
1380
1361
1392
1363
1373
1393
1386
1391
1360
1394
1385
1391
1390
1391
1379
1386
1376
1363
1393
1395
1379
1392
1384
1397
1368
1399
1395
1370
1387
1368
1365
1379
1361
1377
1392
1381
1364
1397
1399
1378
1392
1375
1387
1358
1377
1394
1392
1357
1390
1389
1376
1383
1383
1367
1388
1392
1377
1368
1390
1396
1393
1391
1378
1376
1399
1387
1365
1368
1401
1370
1364
1380
1383
1373
1401
1374
1389
1382
1386
1382
1366
1391
1368
1384
1365
1405
1375
1382
1364
1386
1384
1384
1387
1387
1394
1364
1382
1365
1362
1377
1385
1397
1387
1364
1386
1367
1359
1381
1382
1390
1370
1377
1369
1362
1382
1357
1378
1367
1393
1395
1362
1366
1380
1381
1395
1401
1380
1393
1369
1367
1363
1384
1383
1339
1377
1358
1372
1367
1381
1386
1378
1351
1391
1391
1322
1371
1387
1377
1367
1373
1359
1375
1383
1378
1380
1393
1384
1378
1371
1384
1349
1361
1381
1366
1360
1366
1366
1374
1351
1370
1385
1364
1283
1382
1396
1392
1385
1394
1386
1376
1363
1393
1395
1386
1373
1385
1375
1364
1382
1365
1367
1391
1380
1373
1385
1280
1362
1397
1353
1353
1359
1312
1371
1325
1397
1367
1365
1298
1362
1382
1372
1398
1345
1371
1386
1360
1389
1369
1372
1369
1383
1374
1374
1386
1382
1371
1392
1398
1380
1393
1380
1388
1385
1384
1393
1374
1379
1368
1369
1380
1360
1397
1391
1397
1365
1403
1393
1392
1395
1383
1364
1396
1371
1395
1380
1390
1384
1391
1397
1377
1382
1380
1376
1388
1368
1384
1361
1396
1372
1371
1386
1308
1389
1362
1397
1364
1401
1391
1367
1367
1382
1373
1359
1384
1360
1360
1396
1389
1393
1396
1366
1373
1370
1363
1384
1394
1392
1391
1390
1377
1365
1396
1360
1387
1375
1378
1372
1370
1366
1371
1393
1375
1367
1368
1380
1381
1372
1370
1390
1376
1350
1358
1360
1400
1359
1366
1399
1361
1383
1358
1375
1385
1378
1368
1406
1372
1384
1369
1388
1384
1369
1383
1388
1378
1369
1391
1394
1362
1367
1373
1359
1362
1377
1372
1395
1358
1388
1397
1368
1393
1377
1371
1385
1365
1366
1378
1362
1384
1381
1383
1389
1393
1391
1365
1383
1395
1372
1366
1377
1386
1360
1368
1392
1394
1396
1381
1387
1389
1394
1385
1374
1388
1368
1378
1386
1391
1372
1387
1382
1390
1372
1388
1379
1376
1355
1397
1379
1396
1394
1386
1399
1378
1374
1366
1371
1370
1391
1385
1386
1399
1389
1389
1387
1385
1402
1373
1384
1384
1386
1363
1368
1366
1369
1399
1371
1390
1382
1370
1376
1388
1385
1395
1371
1366
1400
1389
1381
1364
1375
1385
1373
1377
1375
1388
1356
1375
1370
1382
1382
1391
1361
1381
1378
1375
1382
1369
1395
1360
1376
1367
1399
1366
1389
1357
1336
1378
1364
1322
1369
1393
1380
1393
1377
1383
1366
1360
1389
1369
1307
1360
1385
1334
1384
1368
1323
1385
1359
1364
1361
1379
1370
1388
1370
1391
1368
1357
1380
1375
1373
1370
1373
1384
1362
1375
1379
1385
1360
1388
1350
1383
1363
1385
1361
1397
1373
1382
1390
1388
1369
1372
1374
1383
1366
1394
1374
1375
1381
1385
1373
1359
1381
1388
1373
