35671
40000
33678
40000
36587
34684
40000
40000
40000
34202
40000
40000
40000
39334
38627
40000
40000
40000
39638
34649
40000
36997
40000
39765
40000
40000
38341
40000
37490
40000
39700
40000
37734
40000
40000
38394
40000
34050
38021
40000
37277
40000
37020
40000
40000
40000
40000
38236
40000
40000
39260
40000
37284
40000
37165
40000
37855
40000
36442
40000
37856
40000
40000
40000
40000
38308
40000
37068
40000
37152
40000
36186
40000
35970
36536
40000
39036
40000
40000
39987
39341
40000
37144
40000
37147
40000
37842
40000
37261
40000
40000
40000
40000
40000
40000
40000
39233
40000
40000
40000
40000
40000
40000
38133
39533
40000
38618
40000
36406
40000
37238
40000
39619
40000
39415
40000
40000
40000
39360
40000
40000
39102
40000
40000
40000
40000
40000
40000
40000
40000
40000
40000
39727
40000
39006
40000
40000
40000
38869
40000
38127
40000
40000
40000
38487
36955
38378
40000
40000
40000
40000
38924
40000
38128
40000
36842
40000
37029
40000
37284
40000
37447
40000
36847
40000
37147
40000
38093
40000
37149
40000
36490
40000
37165
40000
36823
40000
38013
40000
37998
40000
38552
40000
40000
39917
40000
40000
37663
40000
40000
40000
38865
40000
40000
37401
40000
37308
40000
35353
40000
40000
40000
37633
40000
40000
39225
40000
39730
40000
40000
40000
40000
40000
40000
40000
40000
40000
40000
37736
40000
40000
40000
40000
39623
40000
40000
40000
40000
40000
40000
40000
39822
40000
39074
40000
38865
40000
40000
39582
40000
37166
40000
37138
40000
38187
40000
37195
40000
36081
40000
38254
40000
40000
39267
40000
36981
40000
38013
40000
39963
40000
40000
40000
38984
39246
40000
40000
40000
40000
40000
40000
40000
40000
40000
40000
40000
39903
37810
38879
40000
40000
40000
39222
39005
40000
40000
39785
39596
40000
37285
40000
40000
40000
39023
40000
40000
40000
39173
38948
40000
39001
40000
37049
40000
37212
40000
37260
40000
38929
40000
38333
40000
40000
40000
40000
40000
38219
40000
39942
40000
40000
40000
39962
40000
38014
40000
38939
40000
38599
40000
40000
37982
40000
40000
40000
40000
39906
40000
38595
40000
39434
40000
40000
39917
38620
40000
40000
40000
40000
40000
40000
40000
40000
40000
40000
40000
40000
40000
40000
40000
40000
40000
40000
40000
40000
40000
40000
40000
40000
40000
40000
40000
40000
40000
40000
40000
40000
40000
40000
40000
39520
40000
40000
40000
40000
40000
40000
40000
40000
40000
40000
40000
40000
40000
40000
40000
40000
40000
40000
40000
40000
40000
40000
40000
40000
40000
40000
40000
40000
40000
40000
40000
40000
39352
40000
40000
40000
40000
40000
40000
40000
40000
40000
40000
40000
39936
40000
40000
40000
40000
40000
40000
39836
40000
40000
37530
40000
38878
40000
38012
40000
40000
40000
40000
38235
40000
40000
39654
40000
40000
40000
40000
37922
40000
38924
40000
40000
39680
40000
37116
40000
40000
40000
40000
40000
40000
40000
37572
40000
38776
40000
40000
39932
40000
38475
40000
37125
40000
37620
40000
36874
40000
37771
40000
38271
40000
37960
40000
39675
40000
40000
40000
39607
40000
36972
39404
40000
38675
40000
38420
39957
38836
40000
36102
40000
39048
39598
40000
37012
40000
36966
40000
38954
40000
37143
40000
40000
38656
40000
40000
40000
36738
40000
36645
40000
38797
40000
39348
39625
40000
37145
40000
39029
40000
40000
40000
40000
39657
40000
40000
38007
40000
37409
40000
40000
39647
40000
39578
40000
39048
39625
39254
40000
40000
40000
39468
40000
37155
40000
37147
40000
40000
39123
40000
38659
40000
40000
40000
40000
38263
40000
40000
39583
40000
38659
40000
40000
39571
40000
37371
40000
39115
40000
40000
38803
40000
39157
40000
40000
40000
40000
40000
40000
40000
38246
40000
40000
40000
40000
39898
40000
40000
39442
40000
40000
40000
40000
38243
40000
40000
38356
40000
38621
40000
37434
40000
38807
40000
40000
39441
40000
37597
40000
38514
40000
40000
39262
40000
37869
40000
40000
40000
40000
37598
40000
39038
40000
40000
40000
40000
40000
40000
40000
38495
40000
37982
40000
36687
40000
38741
40000
40000
37730
40000
38747
40000
40000
40000
40000
40000
40000
39480
39635
40000
40000
40000
40000
40000
40000
40000
40000
40000
39309
40000
40000
40000
40000
40000
40000
40000
40000
39699
40000
37623
40000
35698
40000
37900
40000
39135
40000
40000
39122
40000
38146
40000
36649
40000
37145
40000
36212
40000
38145
40000
39386
40000
40000
40000
40000
40000
40000
40000
40000
40000
40000
40000
40000
40000
40000
40000
39872
40000
40000
40000
40000
40000
40000
40000
40000
40000
40000
40000
40000
40000
40000
40000
40000
40000
40000
40000
40000
40000
40000
40000
40000
40000
40000
40000
40000
40000
40000
40000
40000
40000
40000
40000
40000
30652
40000
40000
40000
40000
40000
40000
39682
40000
40000
40000
40000
40000
40000
40000
40000
40000
40000
40000
40000
40000
40000
40000
40000
39201
40000
40000
39128
40000
38791
40000
40000
40000
40000
40000
40000
40000
37537
40000
38724
40000
39635
40000
40000
37834
40000
39420
40000
40000
39928
40000
39695
40000
40000
39475
40000
40000
40000
40000
40000
40000
40000
40000
40000
40000
37846
40000
39062
40000
40000
39203
40000
37277
40000
36992
40000
38364
40000
40000
38888
40000
39753
40000
40000
40000
40000
40000
40000
40000
40000
40000
40000
40000
40000
40000
40000
39355
40000
40000
40000
40000
40000
40000
40000
40000
40000
40000
40000
40000
40000
40000
40000
40000
36933
40000
37130
40000
40000
39433
40000
37851
40000
35637
40000
37378
40000
40000
40000
40000
38646
40000
40000
40000
40000
39388
40000
37153
40000
38023
40000
38113
40000
40000
40000
40000
40000
40000
40000
40000
40000
40000
37486
40000
40000
40000
40000
40000
40000
40000
40000
40000
38586
40000
40000
38306
40000
36724
40000
40000
40000
38615
40000
37554
39306
40000
37206
40000
36458
40000
40000
40000
40000
40000
40000
40000
39315
40000
37340
40000
37167
40000
37806
40000
37296
40000
37702
40000
37734
40000
38214
39768
40000
37798
39860
37297
40000
40000
40000
40000
39442
40000
38807
40000
40000
40000
40000
37991
40000
40000
38780
40000
39193
40000
37746
40000
40000
40000
40000
39167
40000
40000
36619
39542
37572
40000
37117
40000
39114
40000
39794
38946
38295
40000
38168
39853
40000
40000
38521
39572
40000
40000
38613
39135
40000
38252
38432
39706
38694
40000
40000
38330
39997
39926
39877
40000
40000
37535
40000
39916
40000
40000
39844
39300
38878
40000
37294
40000
37010
40000
40000
39222
38440
40000
39881
40000
40000
39076
40000
40000
40000
40000
38247
40000
40000
37523
40000
38918
40000
39342
40000
40000
38571
40000
40000
40000
40000
40000
40000
40000
40000
40000
40000
40000
40000
40000
40000
40000
40000
40000
40000
40000
40000
40000
40000
40000
40000
40000
40000
40000
40000
40000
40000
40000
40000
40000
40000
40000
40000
40000
40000
40000
40000
40000
40000
40000
40000
40000
40000
40000
40000
40000
40000
40000
40000
40000
40000
40000
40000
40000
40000
38825
40000
40000
40000
40000
40000
40000
40000
37605
40000
38644
40000
38122
40000
40000
39132
40000
37150
40000
40000
40000
0
