25000	1259	905	25
50000	973	905	23
75000	990	905	21
1e+005	779	905	22
1.25e+005	1095	905	24
1.5e+005	820	905	22
1.75e+005	764	905	21
2e+005	843	905	23
2.25e+005	1153	905	25
2.5e+005	794	905	21
2.75e+005	844	905	23
3e+005	804	905	22
3.25e+005	882	905	24
3.5e+005	760	905	21
3.75e+005	805	905	22
4e+005	1002	905	24
4.25e+005	966	905	23
4.5e+005	823	905	21
4.75e+005	852	905	23
5e+005	812	905	22
5.25e+005	838	905	22
5.5e+005	870	905	23
5.75e+005	831	905	22
6e+005	904	905	24
6.25e+005	779	905	21
6.5e+005	908	905	24
6.75e+005	793	905	21
7e+005	872	905	23
7.25e+005	821	905	22
7.5e+005	919	905	25
7.75e+005	1024	905	22
8e+005	789	905	21
8.25e+005	874	905	23
8.5e+005	863	905	23
8.75e+005	825	905	22
9e+005	671	905	18
9.25e+005	856	905	23
9.5e+005	803	905	22
9.75e+005	813	905	22
1e+006	747	905	20
1.025e+006	989	905	27
1.05e+006	784	905	21
1.075e+006	795	905	21
1.1e+006	838	905	22
1.125e+006	935	905	25
1.15e+006	794	905	21
1.175e+006	742	905	20
1.2e+006	841	905	23
1.225e+006	878	905	24
1.25e+006	795	905	22
1.275e+006	735	905	20
1.3e+006	978	905	26
1.325e+006	841	905	23
1.35e+006	754	905	20
1.375e+006	792	905	21
1.4e+006	984	905	27
1.425e+006	816	905	22
1.45e+006	746	905	20
1.475e+006	840	905	22
1.5e+006	1086	905	24
1.525e+006	826	905	23
1.55e+006	748	905	20
1.575e+006	905	905	25
1.6e+006	831	905	23
1.625e+006	782	905	21
1.65e+006	858	905	22
1.675e+006	862	905	23
1.7e+006	883	905	24
1.725e+006	662	905	18
1.75e+006	734	905	20
1.775e+006	783	905	21
1.8e+006	762	905	21
1.825e+006	729	905	20
1.85e+006	861	905	23
1.875e+006	927	905	25
1.9e+006	746	905	20
1.925e+006	826	905	22
1.95e+006	903	905	24
1.975e+006	857	905	23
2e+006	766	905	20
2.025e+006	805	905	21
2.05e+006	987	905	26
2.075e+006	833	905	22
2.1e+006	742	905	20
2.125e+006	827	905	22
2.15e+006	959	905	26
2.175e+006	776	905	21
2.2e+006	786	905	21
2.225e+006	833	905	23
2.25e+006	923	905	25
2.275e+006	731	905	20
2.3e+006	764	905	21
2.325e+006	919	905	25
2.35e+006	858	905	23
2.375e+006	770	905	21
2.4e+006	785	905	21
2.425e+006	953	905	26
2.45e+006	781	905	21
2.475e+006	795	905	22
2.5e+006	830	905	23
2.525e+006	867	905	24
2.55e+006	724	905	20
2.575e+006	773	905	21
2.6e+006	923	905	25
2.625e+006	851	905	23
2.65e+006	720	905	20
2.675e+006	765	905	21
2.7e+006	978	905	27
2.725e+006	783	905	21
2.75e+006	807	905	22
2.775e+006	879	905	24
2.8e+006	876	905	24
2.825e+006	734	905	20
2.85e+006	732	905	20
2.875e+006	853	905	23
2.9e+006	1067	905	25
2.925e+006	828	905	21
2.95e+006	748	905	20
2.975e+006	942	905	25
3e+006	847	905	22
3.025e+006	854	905	22
3.05e+006	817	905	22
3.075e+006	885	905	24
3.1e+006	790	905	21
3.125e+006	813	905	22
3.15e+006	824	905	22
3.175e+006	838	905	23
3.2e+006	789	905	21
3.225e+006	827	905	22
3.25e+006	991	905	26
3.275e+006	749	905	20
3.3e+006	832	905	22
3.325e+006	860	905	23
3.35e+006	895	905	24
3.375e+006	752	905	20
3.4e+006	793	905	21
3.425e+006	934	905	25
3.45e+006	814	905	22
3.475e+006	710	905	19
3.5e+006	787	905	21
3.525e+006	953	905	26
3.55e+006	808	905	22
3.575e+006	799	905	22
3.6e+006	763	905	21
3.625e+006	851	905	24
3.65e+006	757	905	21
3.675e+006	826	905	23
3.7e+006	847	905	23
3.725e+006	801	905	22
3.75e+006	827	905	22
3.775e+006	804	905	21
3.8e+006	911	905	24
3.825e+006	815	905	22
3.85e+006	816	905	22
3.875e+006	785	905	21
3.9e+006	899	905	24
3.925e+006	753	905	20
3.95e+006	779	905	21
3.975e+006	808	905	22
4e+006	866	905	23
4.025e+006	806	905	21
4.05e+006	801	905	21
4.075e+006	951	905	25
4.1e+006	811	905	21
4.125e+006	887	905	23
4.15e+006	810	905	21
4.175e+006	912	905	24
4.2e+006	791	905	21
4.225e+006	836	905	22
4.25e+006	831	905	22
4.275e+006	948	905	25
4.3e+006	766	905	20
4.325e+006	877	905	23
4.35e+006	908	905	24
4.375e+006	824	905	22
4.4e+006	850	905	23
4.425e+006	768	905	21
4.45e+006	893	905	24
4.475e+006	823	905	22
4.5e+006	819	905	22
4.525e+006	868	905	23
4.55e+006	829	905	22
4.575e+006	825	905	22
4.6e+006	834	905	22
4.625e+006	869	905	23
4.65e+006	829	905	22
4.675e+006	896	905	24
4.7e+006	780	905	21
4.725e+006	884	905	24
4.75e+006	816	905	22
4.775e+006	833	905	22
4.8e+006	832	905	22
4.825e+006	862	905	23
4.85e+006	863	905	23
4.875e+006	820	905	22
4.9e+006	855	905	23
4.925e+006	780	905	21
4.95e+006	932	905	25
4.975e+006	754	905	21
5e+006	786	905	22
5.025e+006	795	905	22
5.05e+006	878	905	24
5.075e+006	806	905	22
5.1e+006	817	905	22
5.125e+006	815	905	22
5.15e+006	847	905	23
5.175e+006	849	905	23
5.2e+006	784	905	21
5.225e+006	901	905	24
5.25e+006	788	905	21
5.275e+006	931	905	25
5.3e+006	804	905	21
5.325e+006	848	905	22
5.35e+006	862	905	23
5.375e+006	849	905	23
5.4e+006	813	905	22
5.425e+006	782	905	21
5.45e+006	889	905	24
5.475e+006	830	905	22
5.5e+006	852	905	23
5.525e+006	798	905	21
5.55e+006	861	905	23
5.575e+006	783	905	21
5.6e+006	843	905	22
5.625e+006	828	905	22
5.65e+006	912	905	24
5.675e+006	799	905	21
5.7e+006	882	905	23
5.725e+006	960	905	23
5.75e+006	884	905	22
5.775e+006	839	905	21
5.8e+006	855	905	23
5.825e+006	811	905	22
5.85e+006	768	905	21
5.875e+006	936	905	24
5.9e+006	827	905	22
5.925e+006	863	905	23
5.95e+006	804	905	21
5.975e+006	798	905	21
6e+006	914	905	24
6.025e+006	916	905	23
6.05e+006	832	905	21
6.075e+006	863	905	22
6.1e+006	945	905	24
6.125e+006	878	905	22
6.15e+006	831	905	21
6.175e+006	891	905	23
6.2e+006	1000	905	25
6.225e+006	758	905	20
6.25e+006	827	905	22
6.275e+006	985	905	26
6.3e+006	829	905	22
6.325e+006	786	905	21
6.35e+006	833	905	22
6.375e+006	922	905	25
6.4e+006	823	905	22
6.425e+006	777	905	20
6.45e+006	913	905	24
6.475e+006	989	905	26
6.5e+006	768	905	20
6.525e+006	813	905	21
6.55e+006	932	905	24
6.575e+006	888	905	23
6.6e+006	771	905	20
6.625e+006	842	905	22
6.65e+006	868	905	23
6.675e+006	841	905	22
6.7e+006	772	905	20
6.725e+006	847	905	22
6.75e+006	920	905	24
6.775e+006	832	905	22
6.8e+006	756	905	20
6.825e+006	942	905	25
6.85e+006	833	905	22
6.875e+006	813	905	21
6.9e+006	822	905	21
6.925e+006	942	905	24
6.95e+006	867	905	22
6.975e+006	770	905	20
7e+006	809	905	21
7.025e+006	996	905	26
7.05e+006	845	905	22
7.075e+006	766	905	20
7.1e+006	926	905	24
7.125e+006	791	905	21
7.15e+006	874	905	23
7.175e+006	744	905	20
7.2e+006	944	905	25
7.225e+006	820	905	22
7.25e+006	744	905	20
7.275e+006	814	905	22
7.3e+006	886	905	24
7.325e+006	813	905	22
7.35e+006	755	905	20
7.375e+006	907	905	24
7.4e+006	842	905	22
7.425e+006	826	905	22
7.45e+006	789	905	21
7.475e+006	907	905	24
7.5e+006	841	905	22
7.525e+006	796	905	21
7.55e+006	834	905	22
7.575e+006	889	905	24
7.6e+006	824	905	22
7.625e+006	752	905	20
7.65e+006	901	905	24
7.675e+006	821	905	22
7.7e+006	833	905	22
7.725e+006	817	905	21
7.75e+006	959	905	25
7.775e+006	904	905	23
7.8e+006	742	905	19
7.825e+006	857	905	22
7.85e+006	961	905	25
7.875e+006	807	905	21
7.9e+006	727	905	19
7.925e+006	976	905	25
7.95e+006	794	905	20
7.975e+006	837	905	21
8e+006	798	905	20
8.025e+006	890	905	23
8.05e+006	872	905	22
8.075e+006	722	905	19
8.1e+006	827	905	21
8.125e+006	953	905	25
8.15e+006	794	905	21
8.175e+006	724	905	19
8.2e+006	888	905	23
8.225e+006	827	905	21
8.25e+006	730	905	19
8.275e+006	779	905	20
8.3e+006	797	905	21
8.325e+006	804	905	21
8.35e+006	653	905	17
8.375e+006	752	905	20
8.4e+006	791	905	21
8.425e+006	781	905	21
8.45e+006	741	905	19
8.475e+006	847	905	22
8.5e+006	795	905	21
8.525e+006	803	905	21
8.55e+006	847	905	22
8.575e+006	919	905	22
8.6e+006	939	905	23
8.625e+006	759	905	20
8.65e+006	789	905	21
8.675e+006	777	905	21
8.7e+006	853	905	23
8.725e+006	775	905	20
8.75e+006	816	905	22
8.775e+006	817	905	22
8.8e+006	806	905	22
8.825e+006	766	905	21
8.85e+006	836	905	22
8.875e+006	785	905	21
8.9e+006	858	905	23
8.925e+006	749	905	20
8.95e+006	823	905	22
8.975e+006	921	905	24
9e+006	752	905	20
9.025e+006	804	905	21
9.05e+006	861	905	23
9.075e+006	822	905	22
9.1e+006	809	905	21
9.125e+006	848	905	22
9.15e+006	851	905	22
9.175e+006	846	905	22
9.2e+006	791	905	21
9.225e+006	761	905	20
9.25e+006	862	905	22
9.275e+006	837	905	22
9.3e+006	824	905	22
9.325e+006	768	905	21
9.35e+006	871	905	23
9.375e+006	854	905	22
9.4e+006	806	905	21
9.425e+006	800	905	21
9.45e+006	917	905	24
9.475e+006	799	905	21
9.5e+006	801	905	21
9.525e+006	833	905	22
9.55e+006	926	905	24
9.575e+006	880	905	23
9.6e+006	760	905	20
9.625e+006	931	905	24
9.65e+006	855	905	22
9.675e+006	815	905	21
9.7e+006	817	905	21
9.725e+006	928	905	24
9.75e+006	850	905	22
9.775e+006	788	905	21
9.8e+006	793	905	21
9.825e+006	920	905	24
9.85e+006	895	905	24
9.875e+006	746	905	20
9.9e+006	917	905	24
9.925e+006	858	905	22
9.95e+006	846	905	22
9.975e+006	795	905	21
1e+007	914	905	24
1.0025e+007	831	905	22
1.005e+007	842	905	22
1.0075e+007	780	905	21
1.01e+007	923	905	25
1.0125e+007	786	905	21
1.015e+007	804	905	22
1.0175e+007	884	905	24
1.02e+007	840	905	23
1.0225e+007	804	905	22
1.025e+007	725	905	20
1.0275e+007	881	905	24
1.03e+007	810	905	22
1.0325e+007	876	905	24
1.035e+007	768	905	21
1.0375e+007	898	905	24
1.04e+007	793	905	21
1.0425e+007	898	905	24
1.045e+007	882	905	24
1.0475e+007	790	905	21
1.05e+007	901	905	24
1.0525e+007	772	905	21
1.055e+007	758	905	20
1.0575e+007	713	905	19
1.06e+007	833	905	22
1.0625e+007	716	905	19
1.065e+007	827	905	22
1.0675e+007	689	905	18
1.07e+007	877	905	23
1.0725e+007	760	905	20
1.075e+007	755	905	20
1.0775e+007	770	905	20
1.08e+007	853	905	22
1.0825e+007	841	905	22
1.085e+007	889	905	23
1.0875e+007	953	905	25
1.09e+007	780	905	21
1.0925e+007	908	905	24
1.095e+007	769	905	20
1.0975e+007	927	905	24
1.1e+007	784	905	21
1.1025e+007	944	905	25
1.105e+007	753	905	20
1.1075e+007	902	905	24
1.11e+007	822	905	22
1.1125e+007	898	905	24
1.115e+007	825	905	22
1.1175e+007	854	905	23
1.12e+007	862	905	23
1.1225e+007	783	905	21
1.125e+007	933	905	25
1.1275e+007	769	905	21
1.13e+007	875	905	24
1.1325e+007	785	905	21
1.135e+007	863	905	23
1.1375e+007	805	905	22
1.14e+007	946	905	24
1.1425e+007	879	905	22
1.145e+007	832	905	22
1.1475e+007	903	905	24
1.15e+007	785	905	21
1.1525e+007	868	905	23
1.155e+007	770	905	20
1.1575e+007	935	905	25
1.16e+007	820	905	22
1.1625e+007	820	905	22
1.165e+007	863	905	23
1.1675e+007	852	905	22
1.17e+007	939	905	25
1.1725e+007	753	905	20
1.175e+007	880	905	23
1.1775e+007	829	905	22
1.18e+007	901	905	23
1.1825e+007	786	905	21
1.185e+007	948	905	25
1.1875e+007	823	905	22
1.19e+007	814	905	22
1.1925e+007	884	905	23
1.195e+007	924	905	24
1.1975e+007	822	905	22
1.2e+007	774	905	21
1.2025e+007	845	905	23
1.205e+007	879	905	24
1.2075e+007	890	905	23
1.21e+007	771	905	20
1.2125e+007	875	905	24
1.215e+007	857	905	24
1.2175e+007	780	905	21
1.22e+007	810	905	22
1.2225e+007	887	905	24
1.225e+007	835	905	23
1.2275e+007	778	905	22
1.23e+007	794	905	22
1.2325e+007	827	905	23
1.235e+007	838	905	23
1.2375e+007	777	905	21
1.24e+007	872	905	24
1.2425e+007	783	905	21
1.245e+007	848	905	23
1.2475e+007	818	905	22
1.25e+007	850	905	23
1.2525e+007	843	905	23
1.255e+007	804	905	22
1.2575e+007	841	905	23
1.26e+007	806	905	22
1.2625e+007	837	905	23
1.265e+007	764	905	21
1.2675e+007	893	905	24
1.27e+007	874	905	23
1.2725e+007	792	905	21
1.275e+007	835	905	22
1.2775e+007	886	905	23
1.28e+007	841	905	22
1.2825e+007	852	905	22
1.285e+007	851	905	22
1.2875e+007	872	905	23
1.29e+007	826	905	22
1.2925e+007	830	905	22
1.295e+007	909	905	24
1.2975e+007	781	905	21
1.3e+007	851	905	23
1.3025e+007	781	905	21
1.305e+007	885	905	24
1.3075e+007	852	905	23
1.31e+007	806	905	22
1.3125e+007	815	905	22
1.315e+007	850	905	23
1.3175e+007	783	905	21
1.32e+007	814	905	22
1.3225e+007	917	905	24
1.325e+007	911	905	24
1.3275e+007	757	905	20
1.33e+007	864	905	23
1.3325e+007	883	905	23
1.335e+007	835	905	22
1.3375e+007	822	905	22
1.34e+007	788	905	21
1.3425e+007	861	905	23
1.345e+007	822	905	22
1.3475e+007	824	905	22
1.35e+007	819	905	22
1.3525e+007	884	905	23
1.355e+007	888	905	23
1.3575e+007	867	905	23
1.36e+007	820	905	21
1.3625e+007	762	905	20
1.365e+007	765	905	20
1.3675e+007	684	905	18
1.37e+007	737	905	19
1.3725e+007	732	905	19
1.375e+007	760	905	20
1.3775e+007	724	905	19
1.38e+007	714	905	19
1.3825e+007	745	905	20
1.385e+007	660	905	18
1.3875e+007	739	905	20
1.39e+007	699	905	19
1.3925e+007	669	905	18
1.395e+007	739	905	20
1.3975e+007	769	905	20
1.4e+007	828	905	22
1.4025e+007	697	905	19
1.405e+007	814	905	22
1.4075e+007	835	905	23
1.41e+007	778	905	21
1.4125e+007	813	905	22
1.415e+007	821	905	22
1.4175e+007	817	905	22
1.42e+007	801	905	22
1.4225e+007	792	905	20
1.425e+007	798	905	21
1.4275e+007	850	905	22
1.43e+007	789	905	21
1.4325e+007	820	905	22
1.435e+007	757	905	20
1.4375e+007	856	905	22
1.44e+007	836	905	22
1.4425e+007	772	905	21
1.445e+007	819	905	22
1.4475e+007	824	905	22
1.45e+007	805	905	21
1.4525e+007	824	905	22
1.455e+007	809	905	22
1.4575e+007	732	905	20
1.46e+007	809	905	22
1.4625e+007	785	905	21
1.465e+007	786	905	21
1.4675e+007	824	905	22
1.47e+007	780	905	21
1.4725e+007	785	905	21
1.475e+007	851	905	23
1.4775e+007	769	905	21
1.48e+007	807	905	22
1.4825e+007	855	905	23
1.485e+007	785	905	21
1.4875e+007	778	905	21
1.49e+007	845	905	22
1.4925e+007	864	905	23
1.495e+007	796	905	21
1.4975e+007	760	905	21
1.5e+007	778	905	21
1.5025e+007	799	905	21
1.505e+007	868	905	23
1.5075e+007	823	905	22
1.51e+007	768	905	21
1.5125e+007	842	905	23
1.515e+007	798	905	22
1.5175e+007	775	905	21
1.52e+007	772	905	22
1.5225e+007	838	905	23
1.525e+007	729	905	20
1.5275e+007	811	905	23
1.53e+007	813	905	23
1.5325e+007	709	905	20
1.535e+007	803	905	23
1.5375e+007	831	905	23
1.54e+007	716	905	20
1.5425e+007	808	905	22
1.545e+007	770	905	21
1.5475e+007	828	905	23
1.55e+007	804	905	22
1.5525e+007	740	905	20
1.555e+007	817	905	22
1.5575e+007	879	905	24
1.56e+007	728	905	20
1.5625e+007	796	905	22
1.565e+007	762	905	21
1.5675e+007	788	905	22
1.57e+007	803	905	22
1.5725e+007	759	905	21
1.575e+007	795	905	22
1.5775e+007	828	905	23
1.58e+007	769	905	21
1.5825e+007	778	905	21
1.585e+007	798	905	22
1.5875e+007	789	905	22
1.59e+007	819	905	23
1.5925e+007	763	905	21
1.595e+007	810	905	22
1.5975e+007	843	905	23
1.6e+007	795	905	22
1.6025e+007	805	905	22
1.605e+007	848	905	23
1.6075e+007	816	905	22
1.61e+007	782	905	21
1.6125e+007	845	905	23
1.615e+007	865	905	23
1.6175e+007	795	905	21
1.62e+007	864	905	23
1.6225e+007	786	905	21
1.625e+007	848	905	23
1.6275e+007	800	905	22
1.63e+007	812	905	22
1.6325e+007	915	905	24
1.635e+007	787	905	21
1.6375e+007	776	905	21
1.64e+007	776	905	21
1.6425e+007	926	905	25
1.645e+007	803	905	22
1.6475e+007	772	905	21
1.65e+007	790	905	22
1.6525e+007	880	905	24
1.655e+007	775	905	21
1.6575e+007	767	905	21
1.66e+007	768	905	21
1.6625e+007	843	905	23
1.665e+007	805	905	22
1.6675e+007	764	905	21
1.67e+007	814	905	22
1.6725e+007	927	905	25
1.675e+007	805	905	22
1.6775e+007	716	905	19
1.68e+007	866	905	23
1.6825e+007	784	905	21
1.685e+007	892	905	24
1.6875e+007	856	905	23
1.69e+007	743	905	20
1.6925e+007	785	905	21
1.695e+007	879	905	24
1.6975e+007	785	905	22
1.7e+007	807	905	22
1.7025e+007	830	905	23
1.705e+007	819	905	21
1.7075e+007	818	905	22
1.71e+007	822	905	22
1.7125e+007	893	905	24
1.715e+007	845	905	22
1.7175e+007	741	905	20
1.72e+007	906	905	24
1.7225e+007	881	905	23
1.725e+007	792	905	21
1.7275e+007	751	905	20
1.73e+007	943	905	25
1.7325e+007	869	905	23
1.735e+007	805	905	21
1.7375e+007	749	905	20
1.74e+007	883	905	24
1.7425e+007	835	905	22
1.745e+007	754	905	20
1.7475e+007	836	905	22
1.75e+007	834	905	23
1.7525e+007	784	905	21
1.755e+007	749	905	20
1.7575e+007	842	905	23
1.76e+007	823	905	22
1.7625e+007	781	905	21
1.765e+007	712	905	19
1.7675e+007	910	905	25
1.77e+007	800	905	22
1.7725e+007	730	905	20
1.775e+007	799	905	22
1.7775e+007	914	905	25
1.78e+007	812	905	21
1.7825e+007	783	905	21
1.785e+007	774	905	21
1.7875e+007	934	905	25
1.79e+007	717	905	19
1.7925e+007	771	905	21
1.795e+007	868	905	24
1.7975e+007	820	905	22
1.8e+007	777	905	21
1.8025e+007	882	905	23
1.805e+007	940	905	25
1.8075e+007	748	905	20
1.81e+007	803	905	21
1.8125e+007	915	905	24
1.815e+007	949	905	24
1.8175e+007	760	905	20
1.82e+007	871	905	23
1.8225e+007	837	905	22
1.825e+007	822	905	22
1.8275e+007	731	905	20
1.83e+007	894	905	24
1.8325e+007	831	905	22
1.835e+007	854	905	22
1.8375e+007	762	905	20
1.84e+007	912	905	24
1.8425e+007	862	905	23
1.845e+007	784	905	21
1.8475e+007	883	905	23
1.85e+007	812	905	22
1.8525e+007	860	905	23
1.855e+007	824	905	22
1.8575e+007	861	905	23
1.86e+007	857	905	23
1.8625e+007	859	905	23
1.865e+007	782	905	21
1.8675e+007	896	905	24
1.87e+007	893	905	24
1.8725e+007	784	905	21
1.875e+007	836	905	22
1.8775e+007	846	905	22
1.88e+007	935	905	24
1.8825e+007	827	905	21
1.885e+007	825	905	21
1.8875e+007	861	905	22
1.89e+007	978	905	25
1.8925e+007	780	905	20
1.895e+007	799	905	21
1.8975e+007	801	905	21
1.9e+007	1032	905	27
1.9025e+007	757	905	20
1.905e+007	791	905	21
1.9075e+007	907	905	24
1.91e+007	864	905	23
1.9125e+007	791	905	21
1.915e+007	810	905	21
1.9175e+007	937	905	24
1.92e+007	873	905	23
1.9225e+007	831	905	22
1.925e+007	828	905	22
1.9275e+007	903	905	24
1.93e+007	822	905	22
1.9325e+007	825	905	22
1.935e+007	861	905	23
1.9375e+007	817	905	22
1.94e+007	903	905	24
1.9425e+007	824	905	22
1.945e+007	866	905	23
1.9475e+007	803	905	21
1.95e+007	886	905	23
1.9525e+007	859	905	22
1.955e+007	934	905	24
1.9575e+007	816	905	21
1.96e+007	882	905	23
1.9625e+007	932	905	24
1.965e+007	849	905	22
1.9675e+007	877	905	23
1.97e+007	792	905	21
1.9725e+007	908	905	24
1.975e+007	763	905	20
1.9775e+007	924	905	24
1.98e+007	876	905	23
1.9825e+007	876	905	23
1.985e+007	784	905	20
1.9875e+007	976	905	24
1.99e+007	933	905	23
1.9925e+007	835	905	21
1.995e+007	914	905	23
1.9975e+007	868	905	22
2e+007	843	905	22
2.0025e+007	815	905	21
2.005e+007	889	905	23
2.0075e+007	951	905	25
2.01e+007	821	905	21
2.0125e+007	767	905	20
2.015e+007	947	905	25
2.0175e+007	836	905	22
2.02e+007	888	905	23
2.0225e+007	815	905	22
2.025e+007	784	905	21
2.0275e+007	722	905	19
2.03e+007	967	905	26
2.0325e+007	880	905	23
2.035e+007	906	905	24
2.0375e+007	868	905	23
2.04e+007	818	905	22
2.0425e+007	839	905	22
2.045e+007	885	905	23
2.0475e+007	817	905	22
2.05e+007	819	905	22
2.0525e+007	831	905	22
2.055e+007	867	905	23
2.0575e+007	828	905	22
2.06e+007	800	905	21
2.0625e+007	930	905	24
2.065e+007	865	905	23
2.0675e+007	803	905	21
2.07e+007	857	905	22
2.0725e+007	938	905	24
2.075e+007	810	905	21
2.0775e+007	842	905	22
2.08e+007	813	905	21
2.0825e+007	923	905	24
2.085e+007	787	905	21
2.0875e+007	811	905	21
2.09e+007	845	905	22
2.0925e+007	889	905	23
2.095e+007	828	905	21
2.0975e+007	884	905	22
2.1e+007	897	905	23
2.1025e+007	926	905	23
2.105e+007	799	905	20
2.1075e+007	852	905	22
2.11e+007	882	905	23
2.1125e+007	847	905	22
2.115e+007	808	905	21
2.1175e+007	762	905	20
2.12e+007	875	905	23
2.1225e+007	858	905	22
2.125e+007	813	905	21
2.1275e+007	857	905	22
2.13e+007	812	905	21
2.1325e+007	881	905	22
2.135e+007	861	905	22
2.1375e+007	907	905	23
2.14e+007	780	905	20
2.1425e+007	897	905	23
2.145e+007	833	905	21
2.1475e+007	903	905	23
2.15e+007	804	905	21
2.1525e+007	878	905	23
2.155e+007	807	905	21
2.1575e+007	890	905	23
2.16e+007	826	905	22
2.1625e+007	843	905	22
2.165e+007	915	905	24
2.1675e+007	810	905	21
2.17e+007	859	905	22
2.1725e+007	839	905	21
2.175e+007	907	905	23
2.1775e+007	821	905	21
2.18e+007	878	905	23
2.1825e+007	883	905	23
2.185e+007	765	905	20
2.1875e+007	783	905	21
2.19e+007	910	905	24
2.1925e+007	833	905	22
2.195e+007	766	905	20
2.1975e+007	803	905	21
2.2e+007	913	905	24
2.2025e+007	842	905	22
2.205e+007	839	905	22
2.2075e+007	795	905	21
2.21e+007	870	905	23
2.2125e+007	818	905	22
2.215e+007	822	905	22
2.2175e+007	893	905	24
2.22e+007	895	905	24
2.2225e+007	757	905	20
2.225e+007	794	905	21
2.2275e+007	897	905	24
2.23e+007	873	905	23
2.2325e+007	792	905	21
2.235e+007	772	905	21
2.2375e+007	881	905	24
2.24e+007	808	905	22
2.2425e+007	756	905	21
2.245e+007	824	905	22
2.2475e+007	927	905	25
2.25e+007	784	905	21
2.2525e+007	805	905	21
2.255e+007	889	905	24
2.2575e+007	876	905	23
2.26e+007	812	905	21
2.2625e+007	790	905	21
2.265e+007	870	905	24
2.2675e+007	822	905	22
2.27e+007	829	905	22
2.2725e+007	872	905	22
2.275e+007	924	905	25
2.2775e+007	739	905	20
2.28e+007	828	905	22
2.2825e+007	858	905	23
2.285e+007	885	905	24
2.2875e+007	750	905	20
2.29e+007	873	905	23
2.2925e+007	910	905	24
2.295e+007	733	905	20
2.2975e+007	732	905	20
2.3e+007	907	905	24
2.3025e+007	846	905	22
2.305e+007	778	905	21
2.3075e+007	760	905	21
2.31e+007	858	905	24
2.3125e+007	838	905	23
2.315e+007	778	905	21
2.3175e+007	851	905	23
2.32e+007	817	905	22
2.3225e+007	835	905	22
2.325e+007	714	905	19
2.3275e+007	864	905	23
2.33e+007	805	905	21
2.3325e+007	832	905	22
2.335e+007	733	905	19
2.3375e+007	905	905	24
2.34e+007	737	905	20
2.3425e+007	755	905	20
2.345e+007	834	905	22
2.3475e+007	821	905	22
2.35e+007	811	905	22
2.3525e+007	739	905	20
2.355e+007	851	905	23
2.3575e+007	763	905	20
2.36e+007	821	905	21
2.3625e+007	730	905	19
2.365e+007	902	905	24
2.3675e+007	817	905	21
2.37e+007	764	905	20
2.3725e+007	791	905	21
2.375e+007	895	905	23
2.3775e+007	805	905	21
2.38e+007	716	905	19
2.3825e+007	869	905	23
2.385e+007	853	905	22
2.3875e+007	807	905	21
2.39e+007	761	905	20
2.3925e+007	874	905	23
2.395e+007	820	905	22
2.3975e+007	832	905	22
2.4e+007	719	905	19
2.4025e+007	915	905	24
2.405e+007	756	905	20
2.4075e+007	780	905	21
2.41e+007	913	905	23
2.4125e+007	829	905	22
2.415e+007	794	905	21
2.4175e+007	717	905	19
2.42e+007	927	905	24
2.4225e+007	862	905	23
2.425e+007	716	905	19
2.4275e+007	792	905	21
2.43e+007	845	905	23
2.4325e+007	820	905	22
2.435e+007	705	905	19
2.4375e+007	865	905	23
2.44e+007	911	905	24
2.4425e+007	792	905	21
2.445e+007	766	905	20
2.4475e+007	890	905	23
2.45e+007	885	905	23
2.4525e+007	810	905	21
2.455e+007	796	905	20
2.4575e+007	931	905	24
2.46e+007	874	905	22
2.4625e+007	825	905	21
2.465e+007	749	905	19
2.4675e+007	920	905	24
2.47e+007	852	905	22
2.4725e+007	847	905	22
2.475e+007	897	905	24
2.4775e+007	797	905	21
2.48e+007	796	905	21
2.4825e+007	732	905	20
2.485e+007	902	905	24
2.4875e+007	801	905	22
2.49e+007	751	905	20
2.4925e+007	784	905	21
2.495e+007	908	905	24
2.4975e+007	840	905	22
2.5e+007	754	905	20
2.5025e+007	804	905	21
2.505e+007	938	905	24
2.5075e+007	797	905	21
2.51e+007	792	905	21
2.5125e+007	913	905	24
2.515e+007	849	905	22
2.5175e+007	757	905	20
2.52e+007	748	905	20
2.5225e+007	862	905	23
2.525e+007	839	905	22
2.5275e+007	783	905	21
2.53e+007	835	905	22
2.5325e+007	808	905	21
2.535e+007	920	905	24
2.5375e+007	730	905	19
2.54e+007	880	905	23
2.5425e+007	848	905	22
2.545e+007	890	905	23
2.5475e+007	794	905	21
2.55e+007	822	905	21
2.5525e+007	907	905	24
2.555e+007	866	905	21
2.5575e+007	808	905	21
2.56e+007	819	905	21
2.5625e+007	973	905	25
2.565e+007	811	905	21
2.5675e+007	802	905	21
2.57e+007	873	905	23
2.5725e+007	822	905	22
2.575e+007	843	905	21
2.5775e+007	855	905	22
2.58e+007	817	905	22
2.5825e+007	897	905	24
2.585e+007	740	905	20
2.5875e+007	845	905	22
2.59e+007	803	905	21
2.5925e+007	846	905	22
2.595e+007	889	905	23
2.5975e+007	822	905	21
2.6e+007	788	905	21
2.6025e+007	818	905	22
2.605e+007	830	905	22
2.6075e+007	842	905	22
2.61e+007	869	905	22
2.6125e+007	839	905	22
2.615e+007	757	905	20
2.6175e+007	913	905	24
2.62e+007	855	905	22
2.6225e+007	826	905	22
2.625e+007	751	905	20
2.6275e+007	873	905	23
2.63e+007	761	905	20
2.6325e+007	877	905	23
2.635e+007	890	905	23
2.6375e+007	811	905	21
2.64e+007	858	905	23
2.6425e+007	783	905	21
2.645e+007	890	905	24
2.6475e+007	759	905	20
2.65e+007	804	905	21
2.6525e+007	805	905	21
2.655e+007	919	905	24
2.6575e+007	800	905	21
2.66e+007	830	905	21
2.6625e+007	818	905	22
2.665e+007	780	905	21
2.6675e+007	837	905	22
2.67e+007	737	905	20
2.6725e+007	873	905	24
2.675e+007	733	905	20
2.6775e+007	745	905	20
2.68e+007	818	905	22
2.6825e+007	886	905	24
2.685e+007	742	905	20
2.6875e+007	810	905	22
2.69e+007	848	905	23
2.6925e+007	808	905	22
2.695e+007	775	905	21
2.6975e+007	760	905	20
2.7e+007	984	905	26
2.7025e+007	786	905	21
2.705e+007	819	905	21
2.7075e+007	810	905	21
2.71e+007	878	905	24
2.7125e+007	756	905	20
2.715e+007	790	905	21
2.7175e+007	831	905	22
2.72e+007	904	905	24
2.7225e+007	773	905	21
2.725e+007	779	905	21
2.7275e+007	946	905	25
2.73e+007	702	905	19
2.7325e+007	774	905	21
2.735e+007	823	905	22
2.7375e+007	910	905	25
2.74e+007	742	905	20
2.7425e+007	762	905	20
2.745e+007	942	905	25
2.7475e+007	816	905	22
2.75e+007	752	905	20
2.7525e+007	754	905	20
2.755e+007	991	905	26
2.7575e+007	780	905	21
2.76e+007	763	905	20
2.7625e+007	845	905	22
2.765e+007	938	905	25
2.7675e+007	746	905	20
2.77e+007	745	905	20
2.7725e+007	817	905	22
2.775e+007	925	905	25
2.7775e+007	716	905	19
2.78e+007	746	905	20
2.7825e+007	828	905	22
2.785e+007	788	905	21
2.7875e+007	812	905	22
2.79e+007	751	905	20
2.7925e+007	800	905	22
2.795e+007	769	905	21
2.7975e+007	828	905	22
2.8e+007	804	905	21
2.8025e+007	806	905	21
2.805e+007	795	905	21
2.8075e+007	761	905	20
2.81e+007	865	905	23
2.8125e+007	797	905	21
2.815e+007	747	905	20
2.8175e+007	757	905	20
2.82e+007	777	905	21
2.8225e+007	678	905	19
2.825e+007	855	905	23
2.8275e+007	707	905	19
2.83e+007	790	905	21
2.8325e+007	779	905	21
2.835e+007	801	905	21
2.8375e+007	846	905	22
2.84e+007	805	905	22
2.8425e+007	802	905	22
2.845e+007	732	905	20
2.8475e+007	842	905	22
2.85e+007	868	905	23
2.8525e+007	813	905	22
2.855e+007	753	905	19
2.8575e+007	878	905	23
2.86e+007	806	905	21
2.8625e+007	853	905	22
2.865e+007	735	905	20
2.8675e+007	852	905	23
2.87e+007	731	905	20
2.8725e+007	863	905	22
2.875e+007	770	905	21
2.8775e+007	781	905	21
2.88e+007	844	905	22
2.8825e+007	786	905	21
2.885e+007	848	905	23
2.8875e+007	716	905	19
2.89e+007	753	905	20
2.8925e+007	821	905	22
2.895e+007	787	905	21
2.8975e+007	797	905	21
2.9e+007	765	905	20
2.9025e+007	787	905	21
2.905e+007	858	905	23
2.9075e+007	784	905	21
2.91e+007	718	905	19
2.9125e+007	810	905	22
2.915e+007	858	905	23
2.9175e+007	757	905	20
2.92e+007	758	905	20
2.9225e+007	880	905	23
2.925e+007	673	905	18
2.9275e+007	819	905	22
2.93e+007	777	905	21
2.9325e+007	818	905	22
2.935e+007	751	905	20
2.9375e+007	734	905	20
2.94e+007	811	905	22
2.9425e+007	741	905	20
2.945e+007	767	905	21
2.9475e+007	786	905	21
2.95e+007	749	905	20
2.9525e+007	830	905	22
2.955e+007	742	905	20
2.9575e+007	798	905	21
2.96e+007	786	905	21
2.9625e+007	813	905	22
2.965e+007	788	905	21
2.9675e+007	787	905	21
2.97e+007	832	905	22
2.9725e+007	765	905	20
2.975e+007	837	905	22
2.9775e+007	834	905	22
2.98e+007	749	905	20
2.9825e+007	748	905	20
2.985e+007	828	905	22
2.9875e+007	859	905	22
2.99e+007	309	905	8
2.9925e+007	1234	905	33
2.995e+007	817	905	22
2.9975e+007	771	905	21
3e+007	762	905	20
3.0025e+007	776	905	21
3.005e+007	712	905	19
3.0075e+007	898	905	24
3.01e+007	674	905	18
3.0125e+007	838	905	22
3.015e+007	829	905	21
3.0175e+007	800	905	21
3.02e+007	780	905	20
3.0225e+007	742	905	19
3.025e+007	845	905	22
3.0275e+007	777	905	20
3.03e+007	786	905	20
3.0325e+007	866	905	22
3.035e+007	790	905	20
3.0375e+007	741	905	19
3.04e+007	791	905	21
3.0425e+007	810	905	21
3.045e+007	736	905	19
3.0475e+007	696	905	18
3.05e+007	823	905	21
3.0525e+007	740	905	19
3.055e+007	728	905	19
3.0575e+007	743	905	19
3.06e+007	897	905	23
3.0625e+007	718	905	19
3.065e+007	753	905	20
3.0675e+007	790	905	21
3.07e+007	708	905	19
3.0725e+007	716	905	19
3.075e+007	719	905	19
3.0775e+007	817	905	21
3.08e+007	736	905	19
3.0825e+007	766	905	20
3.085e+007	816	905	21
3.0875e+007	833	905	22
3.09e+007	723	905	19
3.0925e+007	724	905	19
3.095e+007	831	905	22
3.0975e+007	807	905	21
3.1e+007	784	905	20
3.1025e+007	808	905	21
3.105e+007	810	905	21
3.1075e+007	834	905	22
3.11e+007	792	905	21
3.1125e+007	769	905	20
3.115e+007	822	905	22
3.1175e+007	776	905	21
3.12e+007	740	905	19
3.1225e+007	816	905	21
3.125e+007	844	905	22
3.1275e+007	806	905	21
3.13e+007	861	905	22
3.1325e+007	799	905	21
3.135e+007	825	905	22
3.1375e+007	743	905	19
3.14e+007	810	905	21
3.1425e+007	837	905	22
3.145e+007	871	905	23
3.1475e+007	755	905	19
3.15e+007	858	905	22
3.1525e+007	871	905	22
3.155e+007	857	905	22
3.1575e+007	819	905	21
3.16e+007	836	905	22
3.1625e+007	792	905	21
3.165e+007	824	905	21
3.1675e+007	848	905	22
3.17e+007	843	905	22
3.1725e+007	865	905	23
3.175e+007	773	905	20
3.1775e+007	852	905	22
3.18e+007	865	905	22
3.1825e+007	862	905	23
3.185e+007	781	905	20
3.1875e+007	829	905	22
3.19e+007	826	905	22
3.1925e+007	883	905	23
3.195e+007	725	905	19
3.1975e+007	929	905	24
3.2e+007	797	905	21
3.2025e+007	887	905	23
3.205e+007	848	905	22
3.2075e+007	847	905	22
3.21e+007	769	905	20
3.2125e+007	801	905	21
3.215e+007	881	905	23
3.2175e+007	803	905	21
3.22e+007	786	905	21
3.2225e+007	778	905	21
3.225e+007	858	905	23
3.2275e+007	734	905	20
3.23e+007	774	905	21
3.2325e+007	759	905	20
3.235e+007	865	905	23
3.2375e+007	783	905	21
3.24e+007	715	905	19
3.2425e+007	859	905	22
3.245e+007	873	905	23
3.2475e+007	789	905	21
3.25e+007	767	905	20
3.2525e+007	861	905	22
3.255e+007	856	905	22
3.2575e+007	853	905	22
3.26e+007	737	905	19
3.2625e+007	931	905	24
3.265e+007	921	905	24
3.2675e+007	739	905	19
3.27e+007	843	905	22
3.2725e+007	961	905	25
3.275e+007	852	905	22
3.2775e+007	734	905	19
3.28e+007	926	905	23
3.2825e+007	862	905	22
3.285e+007	903	905	23
3.2875e+007	737	905	19
3.29e+007	927	905	24
3.2925e+007	849	905	22
3.295e+007	837	905	22
3.2975e+007	776	905	20
3.3e+007	933	905	24
3.3025e+007	788	905	21
3.305e+007	782	905	20
3.3075e+007	805	905	21
3.31e+007	863	905	22
3.3125e+007	874	905	23
3.315e+007	719	905	19
3.3175e+007	841	905	22
3.32e+007	890	905	23
3.3225e+007	764	905	20
3.325e+007	847	905	22
3.3275e+007	795	905	21
3.33e+007	820	905	21
3.3325e+007	759	905	20
3.335e+007	750	905	19
3.3375e+007	840	905	22
3.34e+007	807	905	21
3.3425e+007	821	905	21
3.345e+007	768	905	20
3.3475e+007	852	905	22
3.35e+007	766	905	20
3.3525e+007	773	905	20
3.355e+007	806	905	21
3.3575e+007	784	905	20
3.36e+007	826	905	21
3.3625e+007	711	905	18
3.365e+007	809	905	21
3.3675e+007	824	905	21
3.37e+007	787	905	20
3.3725e+007	807	905	21
3.375e+007	749	905	20
3.3775e+007	799	905	21
3.38e+007	785	905	21
3.3825e+007	754	905	20
3.385e+007	793	905	21
3.3875e+007	763	905	20
3.39e+007	836	905	22
3.3925e+007	853	905	22
3.395e+007	807	905	21
3.3975e+007	819	905	21
3.4e+007	759	905	20
3.4025e+007	973	905	25
3.405e+007	752	905	20
3.4075e+007	801	905	21
3.41e+007	792	905	21
3.4125e+007	831	905	22
3.415e+007	800	905	21
3.4175e+007	776	905	20
3.42e+007	823	905	21
3.4225e+007	835	905	22
3.425e+007	792	905	21
3.4275e+007	843	905	22
3.43e+007	772	905	20
3.4325e+007	849	905	22
3.435e+007	844	905	22
3.4375e+007	849	905	22
3.44e+007	797	905	21
3.4425e+007	796	905	20
3.445e+007	807	905	21
3.4475e+007	901	905	23
3.45e+007	806	905	21
3.4525e+007	804	905	21
3.455e+007	824	905	22
3.4575e+007	942	905	25
3.46e+007	756	905	20
3.4625e+007	763	905	19
3.465e+007	901	905	23
3.4675e+007	890	905	23
3.47e+007	787	905	20
3.4725e+007	854	905	21
3.475e+007	948	905	24
3.4775e+007	841	905	22
3.48e+007	773	905	20
3.4825e+007	816	905	21
3.485e+007	1023	905	26
3.4875e+007	819	905	21
3.49e+007	739	905	19
3.4925e+007	856	905	22
3.495e+007	924	905	24
3.4975e+007	763	905	20
3.5e+007	736	905	19
3.5025e+007	945	905	24
3.505e+007	783	905	20
3.5075e+007	766	905	20
3.51e+007	680	905	18
3.5125e+007	907	905	24
3.515e+007	846	905	22
3.5175e+007	687	905	19
3.52e+007	876	905	24
3.5225e+007	825	905	22
3.525e+007	735	905	20
3.5275e+007	740	905	20
3.53e+007	870	905	23
3.5325e+007	909	905	24
3.535e+007	761	905	20
3.5375e+007	760	905	20
3.54e+007	951	905	25
3.5425e+007	761	905	20
3.545e+007	754	905	20
3.5475e+007	854	905	22
3.55e+007	946	905	24
3.5525e+007	779	905	20
3.555e+007	745	905	19
3.5575e+007	909	905	24
3.56e+007	773	905	20
3.5625e+007	801	905	21
3.565e+007	770	905	20
3.5675e+007	885	905	23
3.57e+007	828	905	22
3.5725e+007	712	905	19
3.575e+007	833	905	22
3.5775e+007	851	905	23
3.58e+007	772	905	21
3.5825e+007	740	905	19
3.585e+007	876	905	23
3.5875e+007	834	905	22
3.59e+007	826	905	22
3.5925e+007	791	905	21
3.595e+007	951	905	25
3.5975e+007	750	905	20
3.6e+007	814	905	22
3.6025e+007	770	905	21
3.605e+007	874	905	24
3.6075e+007	726	905	20
3.61e+007	767	905	21
3.6125e+007	894	905	24
3.615e+007	864	905	23
3.6175e+007	776	905	21
3.62e+007	744	905	20
3.6225e+007	933	905	25
3.625e+007	745	905	20
3.6275e+007	824	905	22
3.63e+007	931	905	24
3.6325e+007	825	905	22
3.635e+007	811	905	22
3.6375e+007	818	905	22
3.64e+007	872	905	23
3.6425e+007	827	905	22
3.645e+007	830	905	22
3.6475e+007	788	905	21
3.65e+007	938	905	25
3.6525e+007	834	905	22
3.655e+007	821	905	22
3.6575e+007	850	905	23
3.66e+007	797	905	22
3.6625e+007	821	905	22
3.665e+007	803	905	21
3.6675e+007	871	905	23
3.67e+007	879	905	23
3.6725e+007	877	905	22
3.675e+007	809	905	21
3.6775e+007	931	905	24
3.68e+007	846	905	22
3.6825e+007	799	905	21
3.685e+007	905	905	24
3.6875e+007	900	905	23
3.69e+007	798	905	21
3.6925e+007	841	905	22
3.695e+007	917	905	24
3.6975e+007	862	905	23
3.7e+007	792	905	21
3.7025e+007	788	905	21
3.705e+007	890	905	23
3.7075e+007	835	905	22
3.71e+007	763	905	20
3.7125e+007	862	905	23
3.715e+007	906	905	24
3.7175e+007	756	905	20
3.72e+007	820	905	22
3.7225e+007	770	905	21
3.725e+007	918	905	25
3.7275e+007	772	905	21
3.73e+007	851	905	22
3.7325e+007	830	905	22
3.735e+007	938	905	24
3.7375e+007	786	905	21
3.74e+007	835	905	22
3.7425e+007	915	905	24
3.745e+007	847	905	23
3.7475e+007	785	905	21
3.75e+007	769	905	21
3.7525e+007	1031	905	27
3.755e+007	786	905	21
3.7575e+007	774	905	21
3.76e+007	840	905	22
3.7625e+007	1008	905	27
3.765e+007	782	905	21
3.7675e+007	776	905	21
3.77e+007	904	905	24
3.7725e+007	892	905	24
3.775e+007	791	905	21
3.7775e+007	778	905	21
3.78e+007	941	905	25
3.7825e+007	867	905	23
3.785e+007	784	905	21
3.7875e+007	868	905	23
3.79e+007	910	905	24
3.7925e+007	839	905	22
3.795e+007	861	905	22
3.7975e+007	929	905	24
3.8e+007	882	905	23
3.8025e+007	820	905	22
3.805e+007	778	905	21
3.8075e+007	953	905	26
3.81e+007	828	905	22
3.8125e+007	787	905	21
3.815e+007	778	905	21
3.8175e+007	952	905	26
3.82e+007	776	905	21
3.8225e+007	804	905	22
3.825e+007	852	905	23
3.8275e+007	840	905	23
3.83e+007	768	905	21
3.8325e+007	804	905	22
3.835e+007	885	905	24
3.8375e+007	865	905	23
3.84e+007	773	905	21
3.8425e+007	785	905	21
3.845e+007	915	905	24
3.8475e+007	815	905	21
3.85e+007	868	905	22
3.8525e+007	816	905	22
3.855e+007	859	905	23
3.8575e+007	803	905	21
3.86e+007	827	905	22
3.8625e+007	820	905	22
3.865e+007	878	905	23
3.8675e+007	804	905	21
3.87e+007	847	905	23
3.8725e+007	902	905	24
3.875e+007	825	905	22
3.8775e+007	819	905	22
3.88e+007	751	905	20
3.8825e+007	901	905	24
3.885e+007	808	905	21
3.8875e+007	821	905	22
3.89e+007	856	905	23
3.8925e+007	790	905	21
3.895e+007	792	905	21
3.8975e+007	817	905	22
3.9e+007	950	905	25
3.9025e+007	810	905	21
3.905e+007	847	905	22
3.9075e+007	821	905	21
3.91e+007	942	905	24
3.9125e+007	827	905	21
3.915e+007	888	905	23
3.9175e+007	820	905	21
3.92e+007	931	905	24
3.9225e+007	878	905	23
3.925e+007	845	905	22
3.9275e+007	930	905	24
3.93e+007	818	905	21
3.9325e+007	930	905	24
3.935e+007	762	905	20
3.9375e+007	1003	905	26
3.94e+007	793	905	20
3.9425e+007	908	905	24
3.945e+007	838	905	22
3.9475e+007	880	905	23
3.95e+007	834	905	22
3.9525e+007	866	905	23
3.955e+007	881	905	23
3.9575e+007	839	905	22
3.96e+007	865	905	23
3.9625e+007	756	905	20
3.965e+007	904	905	24
3.9675e+007	796	905	21
3.97e+007	895	905	23
3.9725e+007	839	905	22
3.975e+007	911	905	24
3.9775e+007	792	905	21
3.98e+007	832	905	22
3.9825e+007	895	905	23
3.985e+007	838	905	22
3.9875e+007	911	905	23
3.99e+007	803	905	21
3.9925e+007	915	905	24
3.995e+007	858	905	22
3.9975e+007	862	905	22
4e+007	835	905	21
4.0025e+007	971	905	25
4.005e+007	826	905	21
4.0075e+007	909	905	23
4.01e+007	892	905	23
4.0125e+007	872	905	23
4.015e+007	877	905	23
4.0175e+007	735	905	20
4.02e+007	880	905	23
4.0225e+007	833	905	22
4.025e+007	906	905	24
4.0275e+007	791	905	21
4.03e+007	876	905	23
4.0325e+007	818	905	21
4.035e+007	920	905	24
4.0375e+007	801	905	21
4.04e+007	889	905	23
4.0425e+007	858	905	21
4.045e+007	841	905	22
4.0475e+007	903	905	24
4.05e+007	835	905	22
4.0525e+007	884	905	23
4.055e+007	848	905	22
4.0575e+007	844	905	22
4.06e+007	809	905	21
4.0625e+007	867	905	23
4.065e+007	830	905	22
4.0675e+007	917	905	24
4.07e+007	847	905	22
4.0725e+007	780	905	21
4.075e+007	864	905	23
4.0775e+007	870	905	23
4.08e+007	877	905	23
4.0825e+007	779	905	21
4.085e+007	956	905	25
4.0875e+007	766	905	20
4.09e+007	863	905	23
4.0925e+007	788	905	21
4.095e+007	891	905	24
4.0975e+007	858	905	22
4.1e+007	839	905	22
4.1025e+007	864	905	23
4.105e+007	870	905	23
4.1075e+007	819	905	22
4.11e+007	795	905	21
4.1125e+007	870	905	23
4.115e+007	790	905	21
4.1175e+007	835	905	22
4.12e+007	742	905	20
4.1225e+007	841	905	22
4.125e+007	843	905	22
4.1275e+007	841	905	22
4.13e+007	753	905	20
4.1325e+007	888	905	23
4.135e+007	806	905	21
4.1375e+007	801	905	21
4.14e+007	898	905	23
4.1425e+007	805	905	21
4.145e+007	900	905	23
4.1475e+007	802	905	21
4.15e+007	890	905	23
4.1525e+007	840	905	21
4.155e+007	867	905	22
4.1575e+007	807	905	21
4.16e+007	883	905	23
4.1625e+007	824	905	21
4.165e+007	812	905	21
4.1675e+007	881	905	22
4.17e+007	805	905	21
4.1725e+007	871	905	23
4.175e+007	752	905	20
4.1775e+007	847	905	22
4.18e+007	832	905	22
4.1825e+007	802	905	21
4.185e+007	850	905	23
4.1875e+007	726	905	19
4.19e+007	876	905	23
4.1925e+007	663	905	18
4.195e+007	818	905	22
4.1975e+007	771	905	21
4.2e+007	765	905	21
4.2025e+007	791	905	21
4.205e+007	784	905	21
4.2075e+007	855	905	23
4.21e+007	734	905	20
4.2125e+007	760	905	21
4.215e+007	695	905	19
4.2175e+007	844	905	23
4.22e+007	675	905	18
4.2225e+007	871	905	23
4.225e+007	823	905	22
4.2275e+007	754	905	20
4.23e+007	813	905	21
4.2325e+007	785	905	21
4.235e+007	811	905	22
4.2375e+007	800	905	21
4.24e+007	815	905	21
4.2425e+007	783	905	21
4.245e+007	770	905	21
4.2475e+007	811	905	22
4.25e+007	732	905	20
4.2525e+007	792	905	21
4.255e+007	781	905	21
4.2575e+007	823	905	23
4.26e+007	609	905	17
4.2625e+007	867	905	24
4.265e+007	797	905	22
4.2675e+007	715	905	20
4.27e+007	801	905	22
4.2725e+007	716	905	20
4.275e+007	793	905	22
4.2775e+007	762	905	21
4.28e+007	762	905	21
4.2825e+007	769	905	21
4.285e+007	849	905	23
4.2875e+007	665	905	18
4.29e+007	766	905	21
4.2925e+007	818	905	22
4.295e+007	723	905	19
4.2975e+007	754	905	19
4.3e+007	741	905	20
4.3025e+007	769	905	20
4.305e+007	834	905	22
4.3075e+007	756	905	20
4.31e+007	810	905	22
4.3125e+007	864	905	23
4.315e+007	711	905	19
4.3175e+007	873	905	23
4.32e+007	863	905	23
4.3225e+007	795	905	21
4.325e+007	755	905	20
4.3275e+007	823	905	22
4.33e+007	855	905	22
4.3325e+007	795	905	21
4.335e+007	762	905	21
4.3375e+007	799	905	22
4.34e+007	802	905	22
4.3425e+007	762	905	21
4.345e+007	826	905	22
4.3475e+007	725	905	20
4.35e+007	832	905	23
4.3525e+007	727	905	20
4.355e+007	783	905	21
4.3575e+007	893	905	24
4.36e+007	706	905	19
4.3625e+007	816	905	22
4.365e+007	841	905	22
4.3675e+007	857	905	23
4.37e+007	704	905	19
4.3725e+007	848	905	23
4.375e+007	766	905	21
4.3775e+007	793	905	22
4.38e+007	729	905	20
4.3825e+007	813	905	22
4.385e+007	800	905	22
4.3875e+007	733	905	20
4.39e+007	763	905	21
4.3925e+007	803	905	22
4.395e+007	832	905	23
4.3975e+007	689	905	19
4.4e+007	779	905	21
4.4025e+007	877	905	24
4.405e+007	756	905	20
4.4075e+007	736	905	20
4.41e+007	777	905	21
4.4125e+007	912	905	25
4.415e+007	767	905	21
4.4175e+007	679	905	18
4.42e+007	876	905	24
4.4225e+007	861	905	23
4.425e+007	744	905	20
4.4275e+007	782	905	21
4.43e+007	872	905	23
4.4325e+007	861	905	23
4.435e+007	662	905	18
4.4375e+007	852	905	23
4.44e+007	887	905	24
4.4425e+007	753	905	20
4.445e+007	743	905	20
4.4475e+007	869	905	24
4.45e+007	874	905	22
4.4525e+007	798	905	21
4.455e+007	711	905	19
4.4575e+007	942	905	25
4.46e+007	778	905	21
4.4625e+007	748	905	20
4.465e+007	831	905	22
4.4675e+007	955	905	25
4.47e+007	809	905	21
4.4725e+007	750	905	20
4.475e+007	832	905	22
4.4775e+007	887	905	24
4.48e+007	736	905	20
4.4825e+007	774	905	21
4.485e+007	809	905	22
4.4875e+007	897	905	24
4.49e+007	693	905	19
4.4925e+007	762	905	21
4.495e+007	892	905	24
4.4975e+007	889	905	24
