26394	1386	905	27
56394	998	905	24
86394	1189	905	28
1.1639e+005	1210	905	28
1.4639e+005	1022	905	27
1.7639e+005	943	905	26
2.0639e+005	1010	905	27
2.3639e+005	1353	905	30
2.6639e+005	915	905	25
2.9639e+005	956	905	26
3.2639e+005	1024	905	28
3.5639e+005	970	905	27
3.8639e+005	967	905	26
4.1639e+005	1259	905	28
4.4639e+005	1084	905	28
4.7639e+005	972	905	26
5.0639e+005	955	905	26
5.3639e+005	1030	905	27
5.6639e+005	1103	905	29
5.9639e+005	979	905	26
6.2639e+005	929	905	25
6.5639e+005	1101	905	29
6.8639e+005	1028	905	27
7.1639e+005	1037	905	28
7.4639e+005	975	905	26
7.7639e+005	1240	905	28
8.0639e+005	1008	905	27
8.3639e+005	1023	905	27
8.6639e+005	938	905	25
8.9639e+005	1015	905	27
9.2639e+005	928	905	25
9.5639e+005	846	905	23
9.8639e+005	1066	905	29
1.0164e+006	1010	905	27
1.0464e+006	999	905	27
1.0764e+006	941	905	25
1.1064e+006	1098	905	29
1.1364e+006	1013	905	27
1.1664e+006	930	905	25
1.1964e+006	1000	905	27
1.2264e+006	1065	905	29
1.2564e+006	1015	905	28
1.2864e+006	849	905	23
1.3164e+006	1073	905	29
1.3464e+006	1022	905	27
1.3764e+006	1013	905	27
1.4064e+006	907	905	25
1.4364e+006	1116	905	30
1.4664e+006	1010	905	27
1.4964e+006	1132	905	25
1.5264e+006	987	905	27
1.5564e+006	1066	905	29
1.5864e+006	981	905	27
1.6164e+006	881	905	24
1.6464e+006	1119	905	29
1.6764e+006	1009	905	27
1.7064e+006	891	905	24
1.7364e+006	888	905	24
1.7664e+006	998	905	27
1.7964e+006	802	905	22
1.8264e+006	984	905	27
1.8564e+006	1005	905	27
1.8864e+006	1043	905	28
1.9164e+006	938	905	25
1.9464e+006	982	905	26
1.9764e+006	1081	905	29
2.0064e+006	1072	905	28
2.0364e+006	918	905	24
2.0664e+006	1020	905	27
2.0964e+006	1126	905	30
2.1264e+006	902	905	24
2.1564e+006	992	905	27
2.1864e+006	1046	905	28
2.2164e+006	1059	905	29
2.2464e+006	883	905	24
2.2764e+006	997	905	27
2.3064e+006	1054	905	29
2.3364e+006	995	905	27
2.3664e+006	930	905	25
2.3964e+006	999	905	27
2.4264e+006	1070	905	29
2.4564e+006	930	905	25
2.4864e+006	968	905	27
2.5164e+006	981	905	27
2.5464e+006	1043	905	29
2.5764e+006	929	905	25
2.6064e+006	995	905	27
2.6364e+006	1022	905	28
2.6664e+006	1011	905	28
2.6964e+006	848	905	23
2.7264e+006	1064	905	29
2.7564e+006	1068	905	29
2.7864e+006	992	905	27
2.8164e+006	875	905	24
2.8464e+006	1064	905	29
2.8764e+006	1040	905	28
2.9064e+006	1025	905	24
2.9364e+006	1056	905	27
2.9664e+006	1058	905	28
2.9964e+006	1032	905	27
3.0264e+006	931	905	24
3.0564e+006	1042	905	28
3.0864e+006	1031	905	28
3.1164e+006	974	905	26
3.1464e+006	966	905	26
3.1764e+006	957	905	26
3.2064e+006	1117	905	30
3.2364e+006	931	905	24
3.2664e+006	990	905	26
3.2964e+006	1074	905	29
3.3264e+006	1041	905	28
3.3564e+006	875	905	23
3.3864e+006	1051	905	28
3.4164e+006	1086	905	29
3.4464e+006	899	905	24
3.4764e+006	1002	905	27
3.5064e+006	1000	905	27
3.5364e+006	1002	905	27
3.5664e+006	911	905	25
3.5964e+006	938	905	26
3.6264e+006	1031	905	29
3.6564e+006	973	905	27
3.6864e+006	874	905	24
3.7164e+006	1025	905	28
3.7464e+006	1046	905	28
3.7764e+006	993	905	26
3.8064e+006	1019	905	27
3.8364e+006	1006	905	27
3.8664e+006	1010	905	27
3.8964e+006	854	905	23
3.9264e+006	1057	905	28
3.9564e+006	1004	905	27
3.9864e+006	911	905	25
4.0164e+006	1036	905	27
4.0464e+006	1031	905	27
4.0764e+006	1027	905	27
4.1064e+006	925	905	24
4.1364e+006	1093	905	28
4.1664e+006	1064	905	28
4.1964e+006	1019	905	27
4.2264e+006	949	905	25
4.2564e+006	1026	905	27
4.2864e+006	1067	905	28
4.3164e+006	1031	905	27
4.3464e+006	986	905	26
4.3764e+006	1045	905	28
4.4064e+006	1001	905	27
4.4364e+006	968	905	26
4.4664e+006	1038	905	28
4.4964e+006	1039	905	28
4.5264e+006	1016	905	27
4.5564e+006	920	905	24
4.5864e+006	1048	905	28
4.6164e+006	1020	905	27
4.6464e+006	1009	905	27
4.6764e+006	1015	905	27
4.7064e+006	1040	905	28
4.7364e+006	989	905	27
4.7664e+006	983	905	26
4.7964e+006	1058	905	28
4.8264e+006	1010	905	27
4.8564e+006	984	905	26
4.8864e+006	1015	905	27
4.9164e+006	951	905	26
4.9464e+006	1039	905	28
4.9764e+006	948	905	26
5.0064e+006	1045	905	29
5.0364e+006	939	905	26
5.0664e+006	1025	905	28
5.0964e+006	965	905	26
5.1264e+006	1075	905	29
5.1564e+006	912	905	25
5.1864e+006	1010	905	27
5.2164e+006	1007	905	27
5.2464e+006	978	905	26
5.2764e+006	1047	905	28
5.3064e+006	1001	905	26
5.3364e+006	1018	905	27
5.3664e+006	1048	905	28
5.3964e+006	1037	905	28
5.4264e+006	929	905	25
5.4564e+006	1038	905	28
5.4864e+006	1015	905	27
5.5164e+006	974	905	26
5.5464e+006	983	905	26
5.5764e+006	974	905	26
5.6064e+006	1104	905	29
5.6364e+006	902	905	24
5.6664e+006	1060	905	28
5.6964e+006	1041	905	27
5.7264e+006	1118	905	27
5.7564e+006	1057	905	26
5.7864e+006	1034	905	27
5.8164e+006	964	905	26
5.8464e+006	991	905	27
5.8764e+006	1045	905	27
5.9064e+006	989	905	26
5.9364e+006	1006	905	27
5.9664e+006	1040	905	27
5.9964e+006	949	905	25
6.0264e+006	1108	905	28
6.0564e+006	1141	905	29
6.0864e+006	942	905	24
6.1164e+006	1074	905	27
6.1464e+006	1113	905	28
6.1764e+006	1097	905	28
6.2064e+006	989	905	25
6.2364e+006	1062	905	28
6.2664e+006	1098	905	29
6.2964e+006	938	905	25
6.3264e+006	977	905	26
6.3564e+006	1094	905	29
6.3864e+006	1107	905	30
6.4164e+006	897	905	23
6.4464e+006	1027	905	27
6.4764e+006	1135	905	30
6.5064e+006	1003	905	26
6.5364e+006	960	905	25
6.5664e+006	1100	905	28
6.5964e+006	1076	905	28
6.6264e+006	956	905	25
6.6564e+006	942	905	25
6.6864e+006	1074	905	28
6.7164e+006	1079	905	28
6.7464e+006	928	905	24
6.7764e+006	982	905	26
6.8064e+006	1096	905	29
6.8364e+006	977	905	26
6.8664e+006	881	905	23
6.8964e+006	1142	905	29
6.9264e+006	1058	905	27
6.9564e+006	971	905	25
6.9864e+006	1010	905	26
7.0164e+006	1115	905	29
7.0464e+006	999	905	26
7.0764e+006	953	905	25
7.1064e+006	1087	905	28
7.1364e+006	1010	905	27
7.1664e+006	974	905	26
7.1964e+006	985	905	26
7.2264e+006	1011	905	27
7.2564e+006	1001	905	27
7.2864e+006	998	905	27
7.3164e+006	929	905	25
7.3464e+006	1049	905	28
7.3764e+006	1016	905	27
7.4064e+006	921	905	24
7.4364e+006	1016	905	27
7.4664e+006	1098	905	29
7.4964e+006	979	905	26
7.5264e+006	956	905	25
7.5564e+006	1069	905	28
7.5864e+006	997	905	27
7.6164e+006	968	905	26
7.6464e+006	942	905	25
7.6764e+006	1126	905	30
7.7064e+006	987	905	26
7.7364e+006	938	905	24
7.7664e+006	1086	905	28
7.7964e+006	1052	905	27
7.8264e+006	1045	905	27
7.8564e+006	933	905	24
7.8864e+006	1071	905	28
7.9164e+006	1011	905	26
7.9464e+006	992	905	25
7.9764e+006	1031	905	26
8.0064e+006	1024	905	26
8.0364e+006	1028	905	26
8.0664e+006	930	905	24
8.0964e+006	1048	905	27
8.1264e+006	994	905	26
8.1564e+006	978	905	26
8.1864e+006	885	905	23
8.2164e+006	1092	905	28
8.2464e+006	970	905	25
8.2764e+006	820	905	21
8.3064e+006	952	905	25
8.3364e+006	964	905	25
8.3664e+006	893	905	24
8.3964e+006	882	905	23
8.4264e+006	890	905	24
8.4564e+006	972	905	25
8.4864e+006	958	905	25
8.5164e+006	997	905	26
8.5464e+006	990	905	26
8.5764e+006	1038	905	25
8.6064e+006	1052	905	26
8.6364e+006	944	905	25
8.6664e+006	1093	905	29
8.6964e+006	885	905	24
8.7264e+006	957	905	25
8.7564e+006	997	905	27
8.7864e+006	965	905	26
8.8164e+006	954	905	26
8.8464e+006	944	905	25
8.8764e+006	1043	905	28
8.9064e+006	905	905	24
8.9364e+006	970	905	26
8.9664e+006	1016	905	27
8.9964e+006	949	905	25
9.0264e+006	996	905	26
9.0564e+006	968	905	26
9.0864e+006	1061	905	28
9.1164e+006	961	905	25
9.1464e+006	1018	905	26
9.1764e+006	996	905	26
9.2064e+006	1015	905	27
9.2364e+006	883	905	23
9.2664e+006	1050	905	27
9.2964e+006	1016	905	27
9.3264e+006	915	905	25
9.3564e+006	997	905	26
9.3864e+006	1075	905	28
9.4164e+006	1001	905	26
9.4464e+006	953	905	25
9.4764e+006	1027	905	27
9.5064e+006	1069	905	28
9.5364e+006	916	905	24
9.5664e+006	1043	905	27
9.5964e+006	1068	905	28
9.6264e+006	1002	905	26
9.6564e+006	998	905	26
9.6864e+006	1055	905	27
9.7164e+006	1089	905	28
9.7464e+006	967	905	25
9.7764e+006	947	905	25
9.8064e+006	1141	905	30
9.8364e+006	936	905	25
9.8664e+006	982	905	26
9.8964e+006	1030	905	27
9.9264e+006	1079	905	28
9.9564e+006	997	905	26
9.9864e+006	981	905	26
1.0016e+007	1068	905	28
1.0046e+007	1037	905	27
1.0076e+007	1041	905	28
1.0106e+007	893	905	24
1.0136e+007	1070	905	29
1.0166e+007	983	905	27
1.0196e+007	884	905	24
1.0226e+007	1065	905	29
1.0256e+007	940	905	26
1.0286e+007	1038	905	28
1.0316e+007	985	905	27
1.0346e+007	1068	905	29
1.0376e+007	930	905	25
1.0406e+007	1092	905	29
1.0436e+007	966	905	26
1.0466e+007	962	905	26
1.0496e+007	1096	905	29
1.0526e+007	1006	905	27
1.0556e+007	855	905	23
1.0586e+007	881	905	23
1.0616e+007	977	905	26
1.0646e+007	904	905	24
1.0676e+007	998	905	26
1.0706e+007	868	905	23
1.0736e+007	947	905	25
1.0766e+007	959	905	25
1.0796e+007	894	905	23
1.0826e+007	1151	905	30
1.0856e+007	995	905	26
1.0886e+007	1029	905	27
1.0916e+007	1012	905	27
1.0946e+007	1022	905	27
1.0976e+007	1052	905	27
1.1006e+007	1013	905	27
1.1036e+007	1090	905	29
1.1066e+007	939	905	25
1.1096e+007	1097	905	29
1.1126e+007	1008	905	27
1.1156e+007	1038	905	28
1.1186e+007	980	905	26
1.1216e+007	1043	905	28
1.1246e+007	969	905	26
1.1276e+007	1066	905	29
1.1306e+007	924	905	25
1.1336e+007	1001	905	27
1.1366e+007	1030	905	28
1.1396e+007	1036	905	26
1.1426e+007	1136	905	29
1.1456e+007	976	905	26
1.1486e+007	1052	905	28
1.1516e+007	943	905	25
1.1546e+007	1074	905	28
1.1576e+007	1005	905	27
1.1606e+007	1011	905	27
1.1636e+007	979	905	26
1.1666e+007	1053	905	28
1.1696e+007	991	905	26
1.1726e+007	983	905	26
1.1756e+007	1057	905	28
1.1786e+007	1033	905	27
1.1816e+007	1090	905	28
1.1846e+007	975	905	26
1.1876e+007	1087	905	29
1.1906e+007	1012	905	27
1.1936e+007	1036	905	27
1.1966e+007	995	905	26
1.1996e+007	1032	905	28
1.2026e+007	1060	905	29
1.2056e+007	856	905	23
1.2086e+007	1164	905	30
1.2116e+007	999	905	27
1.2146e+007	939	905	26
1.2176e+007	992	905	27
1.2206e+007	1076	905	29
1.2236e+007	951	905	26
1.2266e+007	971	905	27
1.2296e+007	931	905	26
1.2326e+007	1005	905	28
1.2356e+007	1021	905	28
1.2386e+007	924	905	25
1.2416e+007	998	905	27
1.2446e+007	1030	905	28
1.2476e+007	970	905	26
1.2506e+007	991	905	27
1.2536e+007	993	905	27
1.2566e+007	1023	905	28
1.2596e+007	992	905	27
1.2626e+007	982	905	27
1.2656e+007	989	905	27
1.2686e+007	1011	905	27
1.2716e+007	949	905	25
1.2746e+007	1062	905	28
1.2776e+007	1081	905	28
1.2806e+007	1035	905	27
1.2836e+007	973	905	25
1.2866e+007	1067	905	28
1.2896e+007	983	905	26
1.2926e+007	971	905	26
1.2956e+007	1096	905	29
1.2986e+007	962	905	26
1.3016e+007	1042	905	28
1.3046e+007	927	905	25
1.3076e+007	999	905	27
1.3106e+007	998	905	27
1.3136e+007	1027	905	28
1.3166e+007	971	905	26
1.3196e+007	1000	905	27
1.3226e+007	1065	905	28
1.3256e+007	948	905	25
1.3286e+007	1104	905	29
1.3316e+007	994	905	26
1.3346e+007	1016	905	27
1.3376e+007	975	905	26
1.3406e+007	947	905	25
1.3436e+007	1087	905	29
1.3466e+007	1000	905	27
1.3496e+007	970	905	26
1.3526e+007	1042	905	27
1.3556e+007	1032	905	27
1.3586e+007	1001	905	26
1.3616e+007	911	905	24
1.3646e+007	936	905	24
1.3676e+007	908	905	24
1.3706e+007	895	905	23
1.3736e+007	840	905	22
1.3766e+007	880	905	23
1.3796e+007	859	905	23
1.3826e+007	862	905	23
1.3856e+007	849	905	23
1.3886e+007	887	905	24
1.3916e+007	805	905	22
1.3946e+007	783	905	21
1.3976e+007	995	905	26
1.4006e+007	974	905	26
1.4036e+007	961	905	26
1.4066e+007	946	905	26
1.4096e+007	958	905	26
1.4126e+007	963	905	26
1.4156e+007	936	905	25
1.4186e+007	1024	905	28
1.4216e+007	895	905	23
1.4246e+007	980	905	26
1.4276e+007	972	905	25
1.4306e+007	981	905	26
1.4336e+007	966	905	26
1.4366e+007	1042	905	27
1.4396e+007	996	905	26
1.4426e+007	894	905	24
1.4456e+007	959	905	26
1.4486e+007	1012	905	27
1.4516e+007	1000	905	26
1.4546e+007	886	905	24
1.4576e+007	948	905	26
1.4606e+007	965	905	26
1.4636e+007	938	905	25
1.4666e+007	932	905	25
1.4696e+007	1004	905	27
1.4726e+007	1049	905	28
1.4756e+007	880	905	24
1.4786e+007	998	905	27
1.4816e+007	950	905	26
1.4846e+007	928	905	25
1.4876e+007	1013	905	27
1.4906e+007	966	905	25
1.4936e+007	1023	905	27
1.4966e+007	912	905	25
1.4996e+007	957	905	26
1.5026e+007	1037	905	27
1.5056e+007	973	905	26
1.5086e+007	928	905	25
1.5116e+007	949	905	26
1.5146e+007	1023	905	28
1.5176e+007	914	905	25
1.5206e+007	971	905	27
1.5236e+007	931	905	26
1.5266e+007	960	905	27
1.5296e+007	890	905	25
1.5326e+007	959	905	27
1.5356e+007	875	905	25
1.5386e+007	1020	905	28
1.5416e+007	865	905	24
1.5446e+007	1022	905	28
1.5476e+007	945	905	26
1.5506e+007	926	905	25
1.5536e+007	989	905	27
1.5566e+007	956	905	26
1.5596e+007	953	905	26
1.5626e+007	907	905	25
1.5656e+007	1005	905	28
1.5686e+007	908	905	25
1.5716e+007	946	905	26
1.5746e+007	900	905	25
1.5776e+007	979	905	27
1.5806e+007	990	905	27
1.5836e+007	884	905	24
1.5866e+007	1017	905	28
1.5896e+007	962	905	27
1.5926e+007	899	905	25
1.5956e+007	996	905	27
1.5986e+007	984	905	27
1.6016e+007	955	905	26
1.6046e+007	952	905	26
1.6076e+007	1000	905	27
1.6106e+007	1037	905	28
1.6136e+007	966	905	26
1.6166e+007	989	905	26
1.6196e+007	1055	905	28
1.6226e+007	1006	905	27
1.6256e+007	913	905	25
1.6286e+007	997	905	27
1.6316e+007	1011	905	27
1.6346e+007	988	905	26
1.6376e+007	952	905	26
1.6406e+007	1042	905	28
1.6436e+007	992	905	27
1.6466e+007	883	905	24
1.6496e+007	1055	905	29
1.6526e+007	945	905	26
1.6556e+007	919	905	25
1.6586e+007	991	905	27
1.6616e+007	992	905	27
1.6646e+007	990	905	27
1.6676e+007	833	905	23
1.6706e+007	1109	905	30
1.6736e+007	1048	905	28
1.6766e+007	855	905	23
1.6796e+007	1006	905	27
1.6826e+007	934	905	25
1.6856e+007	1005	905	27
1.6886e+007	1079	905	29
1.6916e+007	932	905	25
1.6946e+007	959	905	26
1.6976e+007	969	905	27
1.7006e+007	983	905	27
1.7036e+007	948	905	26
1.7066e+007	1035	905	27
1.7096e+007	981	905	26
1.7126e+007	1048	905	28
1.7156e+007	945	905	25
1.7186e+007	936	905	25
1.7216e+007	1161	905	30
1.7246e+007	1006	905	27
1.7276e+007	983	905	26
1.7306e+007	978	905	26
1.7336e+007	1073	905	28
1.7366e+007	977	905	26
1.7396e+007	893	905	24
1.7426e+007	1049	905	28
1.7456e+007	971	905	26
1.7486e+007	954	905	25
1.7516e+007	918	905	25
1.7546e+007	1081	905	29
1.7576e+007	877	905	24
1.7606e+007	898	905	24
1.7636e+007	1006	905	27
1.7666e+007	1076	905	29
1.7696e+007	867	905	24
1.7726e+007	914	905	25
1.7756e+007	981	905	27
1.7786e+007	1054	905	28
1.7816e+007	971	905	26
1.7846e+007	898	905	24
1.7876e+007	1122	905	30
1.7906e+007	921	905	25
1.7936e+007	926	905	25
1.7966e+007	1027	905	28
1.7996e+007	999	905	27
1.8026e+007	1036	905	27
1.8056e+007	904	905	24
1.8086e+007	1060	905	28
1.8116e+007	1027	905	27
1.8146e+007	1013	905	26
1.8176e+007	1039	905	27
1.8206e+007	1031	905	27
1.8236e+007	978	905	26
1.8266e+007	1000	905	27
1.8296e+007	920	905	25
1.8326e+007	1150	905	30
1.8356e+007	950	905	25
1.8386e+007	962	905	25
1.8416e+007	1061	905	28
1.8446e+007	999	905	27
1.8476e+007	1033	905	27
1.8506e+007	927	905	25
1.8536e+007	1051	905	28
1.8566e+007	1038	905	28
1.8596e+007	938	905	25
1.8626e+007	1090	905	29
1.8656e+007	1048	905	28
1.8686e+007	920	905	25
1.8716e+007	1006	905	27
1.8746e+007	1092	905	29
1.8776e+007	970	905	25
1.8806e+007	1048	905	27
1.8836e+007	1067	905	27
1.8866e+007	1064	905	27
1.8896e+007	977	905	25
1.8926e+007	1014	905	26
1.8956e+007	1155	905	30
1.8986e+007	909	905	24
1.9016e+007	991	905	26
1.9046e+007	1084	905	29
1.9076e+007	1018	905	27
1.9106e+007	876	905	23
1.9136e+007	1138	905	30
1.9166e+007	1060	905	27
1.9196e+007	1021	905	27
1.9226e+007	947	905	25
1.9256e+007	1050	905	28
1.9286e+007	1057	905	28
1.9316e+007	968	905	26
1.9346e+007	1060	905	28
1.9376e+007	1003	905	27
1.9406e+007	1012	905	27
1.9436e+007	1011	905	27
1.9466e+007	1062	905	28
1.9496e+007	960	905	25
1.9526e+007	1133	905	29
1.9556e+007	1016	905	26
1.9586e+007	1010	905	26
1.9616e+007	1079	905	28
1.9646e+007	1080	905	28
1.9676e+007	995	905	26
1.9706e+007	1020	905	27
1.9736e+007	1057	905	28
1.9766e+007	1041	905	27
1.9796e+007	990	905	26
1.9826e+007	1034	905	27
1.9856e+007	1097	905	28
1.9886e+007	1123	905	27
1.9916e+007	954	905	24
1.9946e+007	1147	905	29
1.9976e+007	1065	905	27
2.0006e+007	1005	905	26
2.0036e+007	971	905	25
2.0066e+007	1145	905	30
2.0096e+007	1013	905	26
2.0126e+007	991	905	26
2.0156e+007	1025	905	27
2.0186e+007	1086	905	28
2.0216e+007	967	905	26
2.0246e+007	943	905	25
2.0276e+007	865	905	23
2.0306e+007	1275	905	34
2.0336e+007	938	905	25
2.0366e+007	1079	905	28
2.0396e+007	1039	905	28
2.0426e+007	993	905	26
2.0456e+007	1020	905	27
2.0486e+007	1012	905	27
2.0516e+007	1022	905	27
2.0546e+007	971	905	26
2.0576e+007	982	905	26
2.0606e+007	1067	905	28
2.0636e+007	1036	905	27
2.0666e+007	946	905	25
2.0696e+007	1090	905	28
2.0726e+007	1092	905	28
2.0756e+007	930	905	24
2.0786e+007	1073	905	28
2.0816e+007	1008	905	26
2.0846e+007	1015	905	27
2.0876e+007	964	905	25
2.0906e+007	1039	905	27
2.0936e+007	1023	905	26
2.0966e+007	1027	905	26
2.0996e+007	1111	905	28
2.1026e+007	1073	905	27
2.1056e+007	996	905	25
2.1086e+007	998	905	26
2.1116e+007	970	905	25
2.1146e+007	1038	905	27
2.1176e+007	987	905	26
2.1206e+007	995	905	26
2.1236e+007	1045	905	27
2.1266e+007	978	905	25
2.1296e+007	1048	905	27
2.1326e+007	1041	905	26
2.1356e+007	1013	905	26
2.1386e+007	1064	905	27
2.1416e+007	943	905	24
2.1446e+007	1057	905	27
2.1476e+007	1026	905	26
2.1506e+007	1041	905	27
2.1536e+007	1038	905	27
2.1566e+007	1028	905	27
2.1596e+007	1028	905	27
2.1626e+007	1029	905	27
2.1656e+007	948	905	25
2.1686e+007	1063	905	27
2.1716e+007	1021	905	26
2.1746e+007	994	905	25
2.1776e+007	1122	905	29
2.1806e+007	966	905	25
2.1836e+007	1037	905	27
2.1866e+007	980	905	26
2.1896e+007	941	905	25
2.1926e+007	1064	905	28
2.1956e+007	995	905	26
2.1986e+007	916	905	24
2.2016e+007	1028	905	27
2.2046e+007	1063	905	28
2.2076e+007	991	905	26
2.2106e+007	984	905	26
2.2136e+007	1009	905	27
2.2166e+007	1111	905	30
2.2196e+007	865	905	23
2.2226e+007	1055	905	28
2.2256e+007	1010	905	27
2.2286e+007	1061	905	28
2.2316e+007	874	905	23
2.2346e+007	1077	905	29
2.2376e+007	1028	905	28
2.2406e+007	877	905	24
2.2436e+007	985	905	27
2.2466e+007	1089	905	29
2.2496e+007	1031	905	28
2.2526e+007	929	905	24
2.2556e+007	1007	905	27
2.2586e+007	1023	905	27
2.2616e+007	1035	905	27
2.2646e+007	953	905	26
2.2676e+007	964	905	26
2.2706e+007	1128	905	29
2.2736e+007	984	905	26
2.2766e+007	927	905	25
2.2796e+007	1082	905	29
2.2826e+007	1043	905	28
2.2856e+007	934	905	25
2.2886e+007	964	905	26
2.2916e+007	1020	905	27
2.2946e+007	984	905	26
2.2976e+007	948	905	26
2.3006e+007	986	905	26
2.3036e+007	1064	905	28
2.3066e+007	987	905	27
2.3096e+007	863	905	24
2.3126e+007	1048	905	29
2.3156e+007	1004	905	27
2.3186e+007	965	905	26
2.3216e+007	943	905	25
2.3246e+007	1053	905	28
2.3276e+007	973	905	26
2.3306e+007	885	905	23
2.3336e+007	995	905	26
2.3366e+007	995	905	26
2.3396e+007	953	905	26
2.3426e+007	906	905	24
2.3456e+007	986	905	26
2.3486e+007	969	905	26
2.3516e+007	884	905	24
2.3546e+007	926	905	25
2.3576e+007	1025	905	27
2.3606e+007	1009	905	26
2.3636e+007	909	905	24
2.3666e+007	1004	905	26
2.3696e+007	954	905	25
2.3726e+007	981	905	26
2.3756e+007	976	905	25
2.3786e+007	1026	905	27
2.3816e+007	989	905	26
2.3846e+007	929	905	24
2.3876e+007	958	905	25
2.3906e+007	987	905	26
2.3936e+007	1063	905	28
2.3966e+007	863	905	23
2.3996e+007	1019	905	27
2.4026e+007	1030	905	27
2.4056e+007	976	905	26
2.4086e+007	903	905	24
2.4116e+007	1052	905	27
2.4146e+007	1066	905	28
2.4176e+007	757	905	20
2.4206e+007	1115	905	29
2.4236e+007	1010	905	27
2.4266e+007	871	905	23
2.4296e+007	922	905	25
2.4326e+007	1079	905	29
2.4356e+007	974	905	26
2.4386e+007	973	905	26
2.4416e+007	952	905	25
2.4446e+007	1111	905	29
2.4476e+007	929	905	24
2.4506e+007	957	905	25
2.4536e+007	1083	905	28
2.4566e+007	1078	905	27
2.4596e+007	970	905	25
2.4626e+007	1034	905	26
2.4656e+007	1092	905	28
2.4686e+007	1001	905	26
2.4716e+007	895	905	23
2.4746e+007	987	905	26
2.4776e+007	1089	905	29
2.4806e+007	944	905	25
2.4836e+007	928	905	25
2.4866e+007	987	905	27
2.4896e+007	1052	905	28
2.4926e+007	895	905	24
2.4956e+007	990	905	26
2.4986e+007	1062	905	28
2.5016e+007	990	905	26
2.5046e+007	962	905	25
2.5076e+007	1036	905	27
2.5106e+007	988	905	26
2.5136e+007	998	905	26
2.5166e+007	916	905	24
2.5196e+007	1091	905	29
2.5226e+007	941	905	25
2.5256e+007	951	905	25
2.5286e+007	1017	905	27
2.5316e+007	1028	905	27
2.5346e+007	955	905	25
2.5376e+007	964	905	25
2.5406e+007	1038	905	27
2.5436e+007	1085	905	28
2.5466e+007	878	905	23
2.5496e+007	1036	905	27
2.5526e+007	1109	905	29
2.5556e+007	984	905	24
2.5586e+007	1042	905	27
2.5616e+007	1017	905	26
2.5646e+007	1046	905	27
2.5676e+007	959	905	25
2.5706e+007	979	905	26
2.5736e+007	1102	905	29
2.5766e+007	984	905	25
2.5796e+007	1030	905	27
2.5826e+007	971	905	26
2.5856e+007	1036	905	27
2.5886e+007	892	905	24
2.5916e+007	1043	905	27
2.5946e+007	1005	905	26
2.5976e+007	1009	905	26
2.6006e+007	942	905	25
2.6036e+007	1019	905	27
2.6066e+007	1026	905	27
2.6096e+007	961	905	25
2.6126e+007	1004	905	26
2.6156e+007	1027	905	27
2.6186e+007	1074	905	28
2.6216e+007	908	905	24
2.6246e+007	991	905	26
2.6276e+007	1021	905	27
2.6306e+007	1028	905	27
2.6336e+007	915	905	24
2.6366e+007	1038	905	27
2.6396e+007	1026	905	27
2.6426e+007	933	905	25
2.6456e+007	1013	905	27
2.6486e+007	1021	905	27
2.6516e+007	1029	905	27
2.6546e+007	936	905	24
2.6576e+007	1017	905	27
2.6606e+007	973	905	25
2.6636e+007	1013	905	27
2.6666e+007	898	905	24
2.6696e+007	1010	905	27
2.6726e+007	948	905	26
2.6756e+007	920	905	25
2.6786e+007	977	905	26
2.6816e+007	1000	905	27
2.6846e+007	989	905	27
2.6876e+007	894	905	24
2.6906e+007	1001	905	27
2.6936e+007	980	905	27
2.6966e+007	978	905	26
2.6996e+007	913	905	24
2.7026e+007	1091	905	29
2.7056e+007	1061	905	27
2.7086e+007	888	905	24
2.7116e+007	981	905	26
2.7146e+007	1046	905	28
2.7176e+007	1060	905	28
2.7206e+007	857	905	23
2.7236e+007	1001	905	27
2.7266e+007	1015	905	27
2.7296e+007	966	905	26
2.7326e+007	892	905	24
2.7356e+007	1037	905	28
2.7386e+007	1019	905	28
2.7416e+007	875	905	23
2.7446e+007	1013	905	27
2.7476e+007	1013	905	27
2.7506e+007	1062	905	28
2.7536e+007	863	905	23
2.7566e+007	1019	905	27
2.7596e+007	1063	905	28
2.7626e+007	996	905	26
2.7656e+007	903	905	24
2.7686e+007	1076	905	29
2.7716e+007	1006	905	27
2.7746e+007	815	905	22
2.7776e+007	975	905	26
2.7806e+007	1052	905	28
2.7836e+007	866	905	23
2.7866e+007	887	905	24
2.7896e+007	1078	905	29
2.7926e+007	878	905	24
2.7956e+007	1003	905	27
2.7986e+007	948	905	25
2.8016e+007	959	905	25
2.8046e+007	950	905	25
2.8076e+007	915	905	24
2.8106e+007	938	905	25
2.8136e+007	983	905	26
2.8166e+007	937	905	25
2.8196e+007	934	905	25
2.8226e+007	868	905	24
2.8256e+007	885	905	24
2.8286e+007	977	905	26
2.8316e+007	935	905	25
2.8346e+007	942	905	25
2.8376e+007	997	905	26
2.8406e+007	928	905	25
2.8436e+007	972	905	27
2.8466e+007	984	905	26
2.8496e+007	984	905	26
2.8526e+007	964	905	26
2.8556e+007	1013	905	26
2.8586e+007	1013	905	26
2.8616e+007	959	905	25
2.8646e+007	973	905	26
2.8676e+007	922	905	25
2.8706e+007	986	905	27
2.8736e+007	974	905	25
2.8766e+007	927	905	25
2.8796e+007	931	905	25
2.8826e+007	993	905	26
2.8856e+007	892	905	24
2.8886e+007	1023	905	27
2.8916e+007	964	905	26
2.8946e+007	903	905	24
2.8976e+007	948	905	25
2.9006e+007	963	905	25
2.9036e+007	1008	905	27
2.9066e+007	851	905	23
2.9096e+007	980	905	26
2.9126e+007	1000	905	27
2.9156e+007	889	905	24
2.9186e+007	948	905	25
2.9216e+007	962	905	25
2.9246e+007	978	905	26
2.9276e+007	892	905	24
2.9306e+007	969	905	26
2.9336e+007	964	905	26
2.9366e+007	898	905	24
2.9396e+007	883	905	24
2.9426e+007	921	905	25
2.9456e+007	912	905	25
2.9486e+007	976	905	26
2.9516e+007	948	905	25
2.9546e+007	932	905	25
2.9576e+007	906	905	24
2.9606e+007	971	905	26
2.9636e+007	931	905	25
2.9666e+007	989	905	26
2.9696e+007	927	905	25
2.9726e+007	958	905	25
2.9756e+007	952	905	25
2.9786e+007	1020	905	27
2.9816e+007	867	905	23
2.9846e+007	974	905	26
2.9876e+007	1084	905	28
2.9906e+007	269	905	7
2.9929e+007	1387	905	37
2.9959e+007	847	905	23
2.9989e+007	943	905	25
3.0019e+007	968	905	26
3.0049e+007	894	905	24
3.0079e+007	1011	905	27
3.0109e+007	942	905	25
3.0139e+007	869	905	23
3.0169e+007	945	905	24
3.0199e+007	978	905	25
3.0229e+007	974	905	25
3.0259e+007	965	905	25
3.0289e+007	939	905	24
3.0319e+007	984	905	25
3.0349e+007	983	905	25
3.0379e+007	938	905	24
3.0409e+007	834	905	22
3.0439e+007	1008	905	26
3.0469e+007	961	905	25
3.0499e+007	865	905	22
3.0529e+007	892	905	23
3.0559e+007	911	905	24
3.0589e+007	975	905	24
3.0619e+007	856	905	23
3.0649e+007	915	905	24
3.0679e+007	930	905	25
3.0709e+007	908	905	24
3.0739e+007	872	905	23
3.0769e+007	948	905	25
3.0799e+007	861	905	22
3.0829e+007	962	905	25
3.0859e+007	847	905	22
3.0889e+007	1072	905	28
3.0919e+007	875	905	23
3.0949e+007	939	905	25
3.0979e+007	919	905	24
3.1009e+007	1053	905	27
3.1039e+007	969	905	25
3.1069e+007	916	905	24
3.1099e+007	1020	905	27
3.1129e+007	884	905	23
3.1159e+007	1004	905	27
3.1189e+007	895	905	24
3.1219e+007	1062	905	27
3.1249e+007	886	905	23
3.1279e+007	962	905	25
3.1309e+007	973	905	25
3.1339e+007	1016	905	27
3.1369e+007	1008	905	26
3.1399e+007	927	905	24
3.1429e+007	1028	905	27
3.1459e+007	912	905	24
3.1489e+007	993	905	25
3.1519e+007	1024	905	26
3.1549e+007	1056	905	27
3.1579e+007	1013	905	26
3.1609e+007	949	905	25
3.1639e+007	962	905	25
3.1669e+007	1083	905	28
3.1699e+007	997	905	26
3.1729e+007	908	905	24
3.1759e+007	1114	905	29
3.1789e+007	993	905	25
3.1819e+007	977	905	26
3.1849e+007	1009	905	26
3.1879e+007	1013	905	27
3.1909e+007	945	905	25
3.1939e+007	959	905	25
3.1969e+007	1083	905	28
3.1999e+007	992	905	26
3.2029e+007	1045	905	27
3.2059e+007	954	905	25
3.2089e+007	1017	905	26
3.2119e+007	1025	905	27
3.2149e+007	922	905	24
3.2179e+007	994	905	26
3.2209e+007	973	905	26
3.2239e+007	925	905	25
3.2269e+007	886	905	24
3.2299e+007	996	905	27
3.2329e+007	1023	905	27
3.2359e+007	855	905	23
3.2389e+007	940	905	25
3.2419e+007	1091	905	28
3.2449e+007	947	905	25
3.2479e+007	857	905	23
3.2509e+007	1033	905	27
3.2539e+007	1067	905	27
3.2569e+007	1007	905	26
3.2599e+007	938	905	24
3.2629e+007	1122	905	29
3.2659e+007	1006	905	26
3.2689e+007	924	905	24
3.2719e+007	1040	905	27
3.2749e+007	1080	905	28
3.2779e+007	1009	905	26
3.2809e+007	964	905	24
3.2839e+007	1132	905	29
3.2869e+007	1023	905	26
3.2899e+007	924	905	24
3.2929e+007	1040	905	27
3.2959e+007	1078	905	28
3.2989e+007	1004	905	26
3.3019e+007	945	905	25
3.3049e+007	1019	905	26
3.3079e+007	1080	905	28
3.3109e+007	849	905	22
3.3139e+007	993	905	26
3.3169e+007	1074	905	28
3.3199e+007	918	905	24
3.3229e+007	996	905	26
3.3259e+007	920	905	24
3.3289e+007	1031	905	27
3.3319e+007	928	905	24
3.3349e+007	907	905	23
3.3379e+007	1003	905	26
3.3409e+007	1026	905	27
3.3439e+007	864	905	22
3.3469e+007	961	905	25
3.3499e+007	999	905	26
3.3529e+007	966	905	25
3.3559e+007	886	905	23
3.3589e+007	994	905	25
3.3619e+007	1017	905	26
3.3649e+007	890	905	23
3.3679e+007	943	905	24
3.3709e+007	1017	905	26
3.3739e+007	877	905	23
3.3769e+007	901	905	24
3.3799e+007	1016	905	27
3.3829e+007	910	905	24
3.3859e+007	944	905	25
3.3889e+007	993	905	26
3.3919e+007	951	905	25
3.3949e+007	1011	905	26
3.3979e+007	938	905	24
3.4009e+007	1024	905	27
3.4039e+007	964	905	25
3.4069e+007	1033	905	27
3.4099e+007	901	905	24
3.4129e+007	986	905	26
3.4159e+007	996	905	26
3.4189e+007	879	905	23
3.4219e+007	1017	905	26
3.4249e+007	980	905	26
3.4279e+007	1005	905	26
3.4309e+007	1001	905	26
3.4339e+007	963	905	25
3.4369e+007	965	905	25
3.4399e+007	1064	905	28
3.4429e+007	952	905	24
3.4459e+007	965	905	25
3.4489e+007	1053	905	27
3.4519e+007	995	905	26
3.4549e+007	904	905	24
3.4579e+007	1014	905	27
3.4609e+007	1093	905	28
3.4639e+007	862	905	22
3.4669e+007	1087	905	28
3.4699e+007	1058	905	27
3.4729e+007	1128	905	28
3.4759e+007	901	905	23
3.4789e+007	1052	905	27
3.4819e+007	1110	905	29
3.4849e+007	983	905	25
3.4879e+007	945	905	24
3.4909e+007	1088	905	28
3.4939e+007	1006	905	26
3.4969e+007	892	905	23
3.4999e+007	993	905	26
3.5029e+007	1018	905	26
3.5059e+007	1060	905	27
3.5089e+007	797	905	21
3.5119e+007	1058	905	28
3.5149e+007	956	905	25
3.5179e+007	911	905	25
3.5209e+007	884	905	24
3.5239e+007	1076	905	29
3.5269e+007	965	905	26
3.5299e+007	861	905	23
3.5329e+007	989	905	26
3.5359e+007	1105	905	29
3.5389e+007	952	905	25
3.5419e+007	909	905	24
3.5449e+007	1024	905	27
3.5479e+007	1054	905	27
3.5509e+007	1022	905	26
3.5539e+007	902	905	23
3.5569e+007	1068	905	28
3.5599e+007	963	905	25
3.5629e+007	1003	905	26
3.5659e+007	879	905	23
3.5689e+007	1032	905	27
3.5719e+007	970	905	26
3.5749e+007	868	905	23
3.5779e+007	1033	905	28
3.5809e+007	969	905	25
3.5839e+007	940	905	25
3.5869e+007	948	905	25
3.5899e+007	1051	905	28
3.5929e+007	1029	905	27
3.5959e+007	907	905	24
3.5989e+007	1037	905	28
3.6019e+007	962	905	26
3.6049e+007	984	905	27
3.6079e+007	903	905	25
3.6109e+007	996	905	27
3.6139e+007	1053	905	28
3.6169e+007	966	905	26
3.6199e+007	931	905	25
3.6229e+007	1035	905	28
3.6259e+007	1020	905	27
3.6289e+007	1000	905	26
3.6319e+007	972	905	26
3.6349e+007	1012	905	27
3.6379e+007	1044	905	28
3.6409e+007	900	905	24
3.6439e+007	1062	905	28
3.6469e+007	1050	905	28
3.6499e+007	984	905	26
3.6529e+007	977	905	26
3.6559e+007	1012	905	27
3.6589e+007	1023	905	28
3.6619e+007	923	905	25
3.6649e+007	1063	905	28
3.6679e+007	984	905	26
3.6709e+007	1050	905	27
3.6739e+007	1009	905	26
3.6769e+007	1134	905	29
3.6799e+007	1039	905	27
3.6829e+007	990	905	26
3.6859e+007	1003	905	26
3.6889e+007	1038	905	27
3.6919e+007	1068	905	28
3.6949e+007	984	905	26
3.6979e+007	982	905	26
3.7009e+007	1061	905	28
3.7039e+007	1032	905	27
3.7069e+007	871	905	23
3.7099e+007	1026	905	27
3.7129e+007	1063	905	28
3.7159e+007	939	905	25
3.7189e+007	1013	905	27
3.7219e+007	999	905	27
3.7249e+007	987	905	27
3.7279e+007	960	905	26
3.7309e+007	1038	905	27
3.7339e+007	1064	905	28
3.7369e+007	961	905	25
3.7399e+007	1031	905	27
3.7429e+007	1050	905	28
3.7459e+007	1011	905	27
3.7489e+007	922	905	25
3.7519e+007	1102	905	29
3.7549e+007	1087	905	29
3.7579e+007	1002	905	27
3.7609e+007	954	905	25
3.7639e+007	1036	905	28
3.7669e+007	1074	905	29
3.7699e+007	868	905	23
3.7729e+007	1086	905	29
3.7759e+007	1085	905	29
3.7789e+007	1042	905	28
3.7819e+007	906	905	24
3.7849e+007	1090	905	29
3.7879e+007	1054	905	28
3.7909e+007	987	905	26
3.7939e+007	1048	905	27
3.7969e+007	1088	905	28
3.7999e+007	1074	905	28
3.8029e+007	899	905	24
3.8059e+007	1069	905	29
3.8089e+007	1074	905	29
3.8119e+007	1014	905	27
3.8149e+007	932	905	25
3.8179e+007	1031	905	28
3.8209e+007	1030	905	28
3.8239e+007	990	905	27
3.8269e+007	947	905	26
3.8299e+007	997	905	27
3.8329e+007	998	905	27
3.8359e+007	916	905	25
3.8389e+007	1035	905	28
3.8419e+007	1011	905	27
3.8449e+007	990	905	26
3.8479e+007	1009	905	26
3.8509e+007	1054	905	27
3.8539e+007	1011	905	27
3.8569e+007	964	905	26
3.8599e+007	1033	905	27
3.8629e+007	1025	905	27
3.8659e+007	974	905	26
3.8689e+007	939	905	25
3.8719e+007	1015	905	27
3.8749e+007	1054	905	28
3.8779e+007	964	905	26
3.8809e+007	972	905	26
3.8839e+007	1041	905	27
3.8869e+007	1014	905	27
3.8899e+007	961	905	26
3.8929e+007	1016	905	27
3.8959e+007	982	905	26
3.8989e+007	1050	905	28
3.9019e+007	925	905	24
3.9049e+007	1042	905	27
3.9079e+007	1050	905	27
3.9109e+007	1056	905	27
3.9139e+007	1063	905	27
3.9169e+007	1053	905	27
3.9199e+007	1083	905	28
3.9229e+007	958	905	25
3.9259e+007	1149	905	30
3.9289e+007	1012	905	26
3.9319e+007	1099	905	28
3.9349e+007	948	905	25
3.9379e+007	1073	905	28
3.9409e+007	1056	905	27
3.9439e+007	986	905	26
3.9469e+007	1116	905	29
3.9499e+007	995	905	26
3.9529e+007	1018	905	27
3.9559e+007	988	905	26
3.9589e+007	1102	905	29
3.9619e+007	986	905	26
3.9649e+007	1012	905	27
3.9679e+007	941	905	25
3.9709e+007	1104	905	28
3.9739e+007	1065	905	28
3.9769e+007	941	905	25
3.9799e+007	1058	905	28
3.9829e+007	1045	905	27
3.9859e+007	1019	905	26
3.9889e+007	1010	905	26
3.9919e+007	1026	905	27
3.9949e+007	1085	905	28
3.9979e+007	1066	905	27
4.0009e+007	1017	905	26
4.0039e+007	1094	905	28
4.0069e+007	1070	905	27
4.0099e+007	1014	905	26
4.0129e+007	1083	905	28
4.0159e+007	996	905	27
4.0189e+007	991	905	26
4.0219e+007	1014	905	27
4.0249e+007	1061	905	28
4.0279e+007	979	905	26
4.0309e+007	998	905	26
4.0339e+007	1086	905	28
4.0369e+007	957	905	25
4.0399e+007	1114	905	29
4.0429e+007	1049	905	26
4.0459e+007	991	905	26
4.0489e+007	1025	905	27
4.0519e+007	995	905	26
4.0549e+007	1032	905	27
4.0579e+007	1043	905	27
4.0609e+007	1077	905	28
4.0639e+007	896	905	24
4.0669e+007	1090	905	29
4.0699e+007	1006	905	26
4.0729e+007	1130	905	30
4.0759e+007	901	905	24
4.0789e+007	1065	905	28
4.0819e+007	1014	905	27
4.0849e+007	946	905	25
4.0879e+007	1072	905	28
4.0909e+007	1065	905	28
4.0939e+007	953	905	26
4.0969e+007	995	905	26
4.0999e+007	1081	905	28
4.1029e+007	990	905	26
4.1059e+007	1031	905	28
4.1089e+007	945	905	25
4.1119e+007	1030	905	27
4.1149e+007	982	905	26
4.1179e+007	938	905	25
4.1209e+007	1020	905	27
4.1239e+007	958	905	25
4.1269e+007	985	905	26
4.1299e+007	990	905	26
4.1329e+007	1005	905	26
4.1359e+007	1000	905	26
4.1389e+007	999	905	26
4.1419e+007	967	905	25
4.1449e+007	1090	905	28
4.1479e+007	994	905	26
4.1509e+007	985	905	25
4.1539e+007	1068	905	27
4.1569e+007	1010	905	26
4.1599e+007	991	905	26
4.1629e+007	1065	905	27
4.1659e+007	1049	905	27
4.1689e+007	909	905	23
4.1719e+007	987	905	26
4.1749e+007	985	905	26
4.1779e+007	1040	905	27
4.1809e+007	973	905	26
4.1839e+007	948	905	25
4.1869e+007	986	905	26
4.1899e+007	943	905	25
4.1929e+007	981	905	26
4.1959e+007	883	905	24
4.1989e+007	942	905	26
4.2019e+007	934	905	25
4.2049e+007	938	905	25
4.2079e+007	855	905	23
4.2109e+007	986	905	27
4.2139e+007	875	905	24
4.2169e+007	956	905	26
4.2199e+007	894	905	24
4.2229e+007	983	905	26
4.2259e+007	940	905	25
4.2289e+007	961	905	25
4.2319e+007	1013	905	27
4.2349e+007	888	905	24
4.2379e+007	988	905	26
4.2409e+007	928	905	24
4.2439e+007	960	905	26
4.2469e+007	921	905	25
4.2499e+007	992	905	27
4.2529e+007	987	905	26
4.2559e+007	797	905	22
4.2589e+007	972	905	27
4.2619e+007	936	905	26
4.2649e+007	868	905	24
4.2679e+007	928	905	26
4.2709e+007	919	905	25
4.2739e+007	936	905	26
4.2769e+007	894	905	25
4.2799e+007	922	905	25
4.2829e+007	952	905	26
4.2859e+007	988	905	27
4.2889e+007	879	905	24
4.2919e+007	854	905	23
4.2949e+007	985	905	26
4.2979e+007	858	905	22
4.3009e+007	890	905	24
4.3039e+007	968	905	25
4.3069e+007	1032	905	27
4.3099e+007	882	905	24
4.3129e+007	975	905	26
4.3159e+007	981	905	26
4.3189e+007	1023	905	27
4.3219e+007	933	905	25
4.3249e+007	955	905	25
4.3279e+007	1016	905	27
4.3309e+007	961	905	25
4.3339e+007	966	905	26
4.3369e+007	920	905	25
4.3399e+007	974	905	27
4.3429e+007	907	905	25
4.3459e+007	978	905	26
4.3489e+007	932	905	26
4.3519e+007	910	905	25
4.3549e+007	967	905	26
4.3579e+007	968	905	26
4.3609e+007	999	905	27
4.3639e+007	912	905	24
4.3669e+007	983	905	26
4.3699e+007	958	905	26
4.3729e+007	993	905	27
4.3759e+007	872	905	24
4.3789e+007	946	905	26
4.3819e+007	988	905	27
4.3849e+007	920	905	25
4.3879e+007	908	905	25
4.3909e+007	904	905	25
4.3939e+007	993	905	27
4.3969e+007	870	905	24
4.3999e+007	960	905	26
4.4029e+007	956	905	26
4.4059e+007	998	905	27
4.4089e+007	861	905	23
4.4119e+007	953	905	26
4.4149e+007	1027	905	28
4.4179e+007	934	905	25
4.4209e+007	911	905	25
4.4239e+007	979	905	26
4.4269e+007	1002	905	27
4.4299e+007	951	905	25
4.4329e+007	934	905	25
4.4359e+007	1033	905	28
4.4389e+007	962	905	26
4.4419e+007	937	905	25
4.4449e+007	968	905	26
4.4479e+007	987	905	27
4.4509e+007	1058	905	27
4.4539e+007	943	905	25
4.4569e+007	987	905	26
4.4599e+007	1000	905	27
4.4629e+007	940	905	25
4.4659e+007	951	905	25
4.4689e+007	1080	905	28
4.4719e+007	974	905	26
4.4749e+007	944	905	25
4.4779e+007	1003	905	27
4.4809e+007	995	905	27
4.4839e+007	915	905	25
4.4869e+007	934	905	25
4.4899e+007	991	905	27
4.4929e+007	1058	905	29
4.4959e+007	859	905	23
4.4989e+007	1004	905	27
