910
491
567
227
750
372
705
293
450
381
345
602
608
292
427
420
266
318
347
461
227
381
769
402
454
261
415
348
402
301
333
300
255
338
416
335
340
407
186
356
263
527
532
601
367
252
321
357
446
221
369
340
286
309
362
298
307
338
306
290
347
373
303
294
382
338
215
463
340
234
447
266
380
266
289
375
340
180
426
424
764
374
395
346
195
481
229
385
230
495
248
270
485
229
364
309
291
346
330
298
342
282
347
318
280
459
224
367
273
373
300
307
360
271
405
316
320
262
443
222
312
363
263
360
350
324
228
443
302
258
332
266
399
264
450
260
294
302
423
220
337
336
305
370
219
500
185
299
451
224
329
438
414
518
465
377
263
371
327
340
366
335
276
344
292
327
386
301
334
344
255
429
256
344
218
424
263
423
308
266
503
220
421
142
423
342
270
408
302
338
333
293
335
289
290
299
327
307
296
413
294
343
327
335
333
229
328
306
448
233
343
375
282
411
275
376
195
412
317
407
264
349
365
226
446
228
373
267
310
373
355
328
316
375
313
334
261
464
142
411
305
301
372
314
407
232
408
234
421
223
422
341
384
292
235
515
160
460
264
287
342
262
403
268
372
349
333
229
454
269
303
338
307
416
271
324
312
395
197
374
307
348
262
428
298
380
295
298
369
301
377
222
386
250
458
349
597
413
427
292
309
397
228
381
253
391
285
270
369
337
293
187
379
296
308
329
392
296
301
309
226
416
233
470
255
310
305
386
263
388
262
383
351
224
415
258
266
330
377
248
304
284
347
325
220
421
259
412
173
500
257
369
287
222
448
176
443
254
416
245
410
263
337
325
336
343
225
448
236
337
306
462
172
354
380
308
444
113
428
301
350
274
490
182
421
311
193
463
179
461
262
344
288
379
228
460
252
309
418
188
448
271
339
286
424
190
386
376
221
482
112
421
342
364
184
538
192
385
341
220
467
181
445
228
420
268
421
266
344
255
335
355
146
568
146
428
258
385
298
304
382
292
389
110
541
180
422
264
469
212
359
302
232
492
140
545
179
455
222
425
255
337
401
153
487
269
479
102
455
287
379
257
222
500
234
409
188
542
152
457
304
337
297
315
367
240
450
226
496
185
394
327
339
260
341
411
231
442
236
522
104
354
368
314
326
264
448
230
416
268
448
180
415
296
302
339
232
482
198
512
153
417
340
338
291
381
261
306
416
265
403
307
409
180
370
373
292
373
190
481
227
401
263
468
144
339
411
264
370
235
415
302
371
217
422
296
309
333
337
377
267
413
264
364
265
408
241
335
340
314
404
225
366
307
326
266
444
189
339
424
390
495
235
537
239
458
190
406
263
379
303
343
422
185
409
274
315
259
406
224
330
367
262
403
224
324
295
330
420
297
331
250
394
342
374
252
417
259
326
301
340
369
346
332
306
414
302
304
303
349
415
305
374
310
335
384
298
431
298
344
269
336
366
300
376
335
338
345
309
323
357
333
221
413
338
305
371
352
336
313
341
307
345
333
385
343
263
343
345
374
304
372
261
385
263
406
260
373
341
391
332
299
381
233
455
222
346
420
353
337
332
376
236
447
191
412
268
406
292
310
460
263
376
341
334
226
331
416
267
399
297
379
339
345
302
296
299
369
265
449
305
378
304
425
326
303
340
268
341
341
392
340
382
350
279
412
274
325
274
376
344
417
304
313
442
257
416
237
340
297
384
297
376
303
391
332
344
300
306
409
219
390
368
383
260
423
287
346
335
295
328
260
422
219
498
262
425
333
317
338
256
385
303
345
307
415
294
376
379
256
334
296
459
108
410
337
415
259
325
374
324
269
292
374
184
428
307
377
330
334
356
338
340
296
385
185
419
270
372
371
295
362
337
297
303
449
107
487
262
366
334
301
374
333
340
219
450
186
449
253
378
299
339
376
308
335
272
453
196
414
331
273
365
342
410
271
343
263
451
222
339
330
389
352
296
390
304
339
221
421
266
346
372
373
331
263
423
257
343
295
376
305
339
407
268
376
333
402
215
399
293
340
289
336
406
299
415
263
369
334
220
363
350
251
374
370
365
256
402
288
323
309
271
378
264
415
295
370
322
297
362
289
309
350
338
287
339
399
300
365
332
272
432
267
328
330
264
416
306
405
270
421
253
415
259
384
292
257
461
249
410
282
412
298
327
335
285
333
303
404
294
401
303
361
229
480
220
337
409
220
444
304
406
254
368
255
372
303
333
339
302
422
287
376
371
374
254
373
275
363
303
326
417
263
407
288
458
179
446
225
331
419
253
453
285
380
292
416
228
486
219
370
269
336
417
251
418
302
366
262
420
279
362
371
260
466
221
389
303
422
237
417
197
374
309
296
390
235
489
228
464
146
461
232
335
312
296
389
269
427
266
424
276
327
230
378
302
310
387
268
427
255
454
153
414
275
382
315
292
375
262
452
228
436
225
415
192
361
260
310
411
221
449
270
402
266
347
270
344
346
225
406
273
411
311
405
187
378
304
348
335
318
424
319
445
275
379
306
417
292
305
275
398
372
306
463
255
376
348
329
305
337
308
299
415
303
378
378
330
252
422
302
310
367
218
453
292
463
297
369
289
424
296
310
290
288
586
380
423
364
387
465
340
305
369
316
262
450
335
379
337
419
297
335
303
310
379
216
465
263
386
299
373
230
440
225
337
266
300
445
303
409
298
441
259
408
228
267
402
260
452
185
491
272
381
330
347
262
384
379
227
457
269
407
341
343
303
365
301
299
374
296
454
259
344
346
422
272
370
266
384
392
260
402
277
420
269
400
297
360
226
384
379
249
405
338
408
254
388
243
381
291
287
361
321
414
254
370
297
396
265
366
181
409
301
410
339
296
412
290
384
298
375
218
404
265
307
447
297
423
296
402
290
338
334
269
299
377
363
344
385
310
371
339
339
223
378
297
381
330
341
386
258
450
253
406
190
451
251
383
374
300
366
293
336
309
402
260
294
380
337
332
327
374
224
439
266
431
181
332
335
328
397
193
430
231
403
340
323
246
455
295
329
397
228
419
179
436
294
403
269
296
402
179
473
220
414
262
372
296
423
271
368
336
304
368
301
369
255
355
289
372
306
376
326
190
530
149
455
242
422
291
305
405
276
367
250
467
183
465
248
353
324
379
251
336
381
213
495
180
501
109
463
288
337
344
298
450
140
576
100
456
216
455
284
263
449
182
448
188
486
187
465
295
341
292
383
333
232
501
149
568
113
498
277
390
335
277
414
190
449
203
441
268
409
259
423
249
348
367
306
398
227
411
214
412
247
411
247
384
357
226
428
231
544
145
440
259
425
290
339
337
274
433
199
486
152
515
225
338
326
337
353
271
474
156
470
176
380
331
295
367
343
360
273
473
116
553
106
491
177
492
256
337
404
220
493
105
528
112
533
218
403
305
292
415
299
413
222
446
101
533
216
337
381
349
346
219
535
139
531
140
452
256
414
302
298
383
253
508
144
501
177
492
199
412
334
260
467
261
452
146
570
106
487
244
347
393
265
469
186
547
108
604
112
415
308
382
308
337
427
153
570
110
571
105
534
181
385
329
265
492
156
616
77
580
115
505
225
313
400
339
432
146
576
152
534
148
458
216
298
410
306
460
149
596
72
581
115
504
229
303
428
226
500
223
471
149
585
108
495
229
297
437
300
468
108
578
151
542
144
424
312
299
417
256
510
118
568
108
535
179
465
264
259
410
260
505
224
468
107
613
110
453
280
307
419
270
503
69
610
153
506
184
394
337
269
412
271
496
108
579
110
568
150
387
329
262
438
217
526
153
447
178
485
215
268
448
218
415
296
402
227
411
305
383
307
309
332
310
379
348
367
183
544
143
479
220
412
281
339
394
216
508
232
510
117
527
191
409
356
231
542
258
545
230
547
156
466
256
391
385
232
537
198
460
200
531
148
464
341
377
303
251
448
264
496
219
445
137
487
254
257
449
182
517
146
523
216
454
179
367
350
252
418
252
438
212
485
182
408
218
371
376
207
452
211
482
181
499
258
448
180
383
348
267
437
180
448
303
453
182
264
113
288
223
257
174
996
432
225
428
189
400
292
326
260
329
376
327
374
290
374
372
336
224
405
226
418
335
257
468
256
404
235
531
196
405
254
233
487
199
486
228
435
230
500
183
342
371
240
466
266
449
233
465
328
315
341
305
302
325
376
259
494
218
498
254
336
335
296
295
283
431
221
490
254
382
305
343
399
181
393
255
436
223
484
262
363
370
292
306
297
367
295
369
223
498
267
365
333
314
384
293
372
218
462
227
518
228
399
306
336
372
183
419
227
485
231
444
356
307
337
343
273
377
348
349
362
280
407
275
410
359
330
308
335
348
235
464
272
445
285
295
380
334
387
228
335
313
453
230
409
359
287
404
294
380
260
296
348
399
197
402
337
326
413
294
287
286
293
266
455
298
361
339
331
381
294
411
143
345
371
330
310
437
261
332
356
362
254
304
339
351
408
279
409
258
361
339
365
302
323
295
305
400
332
401
260
298
326
407
268
330
297
403
331
305
405
258
338
325
405
269
334
296
400
351
374
300
337
339
301
459
185
481
222
293
416
327
406
220
409
290
451
147
404
291
401
331
190
549
110
519
231
474
186
365
329
229
530
156
548
199
410
261
444
253
337
360
225
439
221
406
300
374
372
300
363
238
451
255
485
200
505
227
341
367
348
332
303
401
181
498
222
475
260
346
308
294
407
224
469
178
531
153
514
228
297
443
222
444
189
439
248
475
193
427
288
255
472
214
401
214
441
214
478
228
434
263
293
419
258
438
220
446
228
470
196
429
314
368
325
257
439
178
400
298
437
227
429
256
292
441
216
411
260
431
186
517
150
501
213
225
446
250
444
217
481
223
439
225
328
365
364
378
218
389
268
438
220
492
183
452
292
304
363
297
404
220
441
187
514
222
369
366
223
430
267
360
297
398
214
482
226
379
321
384
324
305
322
254
443
255
436
254
440
262
337
317
411
317
212
382
229
473
246
405
297
254
440
301
322
227
440
226
476
225
437
299
356
371
236
329
299
435
214
479
190
514
212
291
394
294
368
219
407
229
516
219
439
249
299
437
292
325
225
444
218
440
288
329
409
289
372
260
337
291
444
261
412
294
329
404
251
410
295
295
298
371
329
410
291
403
256
337
362
337
366
296
409
248
523
217
438
333
384
409
228
382
325
371
250
438
255
410
321
301
373
326
300
294
451
333
404
291
406
299
254
420
290
338
273
414
268
411
265
410
301
384
375
115
530
223
421
338
378
270
404
302
330
380
222
376
302
337
330
415
252
486
259
267
410
293
296
333
329
301
439
188
472
265
343
322
179
485
249
405
262
413
253
336
381
373
253
281
379
254
371
305
436
232
450
257
268
386
287
375
253
372
302
406
190
449
300
215
460
253
336
334
379
265
373
261
303
416
356
346
293
339
342
300
266
401
307
381
371
219
406
212
488
222
362
267
320
376
261
414
222
404
262
419
290
326
295
342
258
385
328
237
502
182
414
356
297
378
297
340
346
332
259
378
307
412
290
265
341
373
292
384
351
223
458
263
375
377
375
222
422
290
276
405
309
316
365
303
373
334
259
421
340
273
341
388
301
337
336
378
299
340
340
262
343
349
256
306
376
264
338
389
298
329
348
240
330
350
292
358
343
333
301
344
339
310
353
308
267
385
183
425
337
387
230
463
298
256
430
182
421
299
344
336
424
257
345
377
185
501
232
336
274
410
251
460
261
384
338
341
368
277
417
188
379
340
389
343
303
331
355
383
185
376
296
378
304
392
296
344
417
192
494
229
338
287
350
335
414
304
382
294
298
298
327
293
364
308
375
330
379
304
343
368
254
269
385
259
407
259
331
335
364
303
218
422
337
305
343
325
263
493
230
366
380
224
391
221
409
288
385
342
325
326
264
373
336
331
185
412
216
445
253
287
413
265
325
259
419
221
372
288
324
314
365
327
302
313
250
440
112
447
252
362
388
270
337
258
445
175
479
187
360
330
243
458
216
414
219
483
102
569
187
365
301
303
378
290
373
185
564
144
304
411
308
444
183
437
265
292
304
420
226
410
223
421
292
328
228
467
223
336
367
220
409
271
406
264
369
246
426
256
292
373
223
376
225
481
215
341
334
297
364
230
475
188
439
251
336
412
260
302
409
194
308
458
156
528
187
402
229
380
310
324
297
300
415
159
478
275
384
307
300
368
352
265
338
332
273
408
277
417
299
307
330
383
264
378
369
231
458
190
471
222
391
258
337
376
263
379
343
286
277
452
186
380
325
355
364
278
379
295
409
256
383
264
325
296
387
353
261
371
295
390
339
302
253
387
259
344
369
388
332
307
336
295
334
245
435
323
309
358
301
338
375
334
209
389
293
417
252
295
427
314
303
331
271
317
384
217
479
220
334
344
339
383
328
289
302
384
216
447
296
353
328
259
406
378
339
340
349
273
415
256
402
349
320
412
243
346
315
270
395
340
262
405
265
399
300
401
228
391
309
302
403
310
360
392
354
356
331
310
289
351
333
339
349
252
385
333
388
249
433
330
301
308
342
386
259
395
326
342
371
319
252
333
305
293
468
252
368
381
389
384
308
332
335
272
384
392
257
412
302
389
305
367
227
382
340
373
335
267
449
272
374
353
289
382
266
381
300
367
276
418
311
377
262
266
412
304
291
265
455
265
412
273
406
273
346
268
405
301
350
379
235
489
193
465
219
346
343
261
340
359
420
272
410
276
393
346
392
351
277
382
344
381
235
496
193
390
310
350
299
357
388
383
349
231
415
310
349
312
350
378
221
424
259
413
218
459
258
312
418
214
426
255
381
292
396
224
390
257
504
272
378
296
287
427
246
414
182
376
337
335
300
344
303
292
423
296
421
143
421
343
346
301
349
385
254
343
336
399
275
336
260
464
189
381
396
297
349
332
409
187
383
348
390
277
293
350
340
352
294
397
300
315
298
424
268
305
382
297
388
258
376
304
356
263
372
349
353
308
249
470
266
392
303
353
277
339
305
345
309
329
421
299
355
257
386
255
402
347
254
354
335
353
379
281
330
351
212
459
227
414
269
334
386
332
341
218
422
221
420
301
382
229
366
313
407
315
253
427
307
375
230
444
196
451
258
376
368
187
449
232
452
235
332
344
339
356
336
431
227
383
313
416
185
468
224
332
390
341
352
223
444
308
383
255
332
311
300
348
298
466
190
419
335
262
391
225
390
299
392
221
489
279
304
346
337
347
260
354
347
340
270
394
299
346
266
457
237
461
193
341
438
196
488
189
368
299
407
260
339
298
295
371
262
407
220
332
333
263
443
251
341
261
378
263
267
452
223
467
222
345
391
228
340
380
265
384
266
341
337
337
299
299
264
406
305
302
420
189
418
300
348
335
263
424
271
374
264
384
308
302
406
185
453
293
298
316
389
266
365
347
304
384
298
355
344
233
335
307
355
379
272
345
422
310
393
233
309
345
336
397
316
309
377
298
297
426
230
300
313
415
307
378
308
349
373
226
344
308
309
380
304
347
347
382
224
427
264
378
218
344
332
311
429
260
223
349
429
179
512
219
312
346
344
303
271
378
296
428
297
299
300
303
341
259
447
229
337
297
380
311
425
221
304
379
310
302
374
309
265
380
293
345
303
358
264
373
311
367
223
412
307
252
462
190
378
306
300
314
348
339
231
455
229
430
276
252
315
352
390
273
396
239
345
273
393
300
257
464
222
260
421
302
301
433
238
453
273
377
262
348
374
224
415
189
403
318
289
188
381
293
387
417
292
282
341
245
382
294
228
448
268
313
298
259
377
342
369
266
330
271
320
351
261
376
221
418
269
398
355
444
238
265
342
304
368
272
369
279
445
199
457
191
256
393
278
375
276
406
281
365
320
299
324
215
374
266
348
315
327
344
334
310
218
433
186
344
302
383
344
226
471
177
331
312
334
269
311
310
350
268
384
302
341
347
340
275
237
408
273
383
341
217
405
366
314
264
422
192
341
299
335
376
229
445
223
461
183
299
297
405
308
213
358
375
267
447
264
298
344
214
375
266
372
225
369
378
304
309
340
382
184
297
431
289
300
330
353
264
414
220
394
226
460
222
303
418
221
392
378
265
303
347
271
338
334
274
377
262
388
337
315
330
308
257
355
299
310
454
187
306
447
271
267
351
325
387
303
224
457
240
346
380
307
305
346
227
420
269
307
392
346
353
355
388
237
416
196
343
386
317
313
379
302
314
389
267
316
288
384
293
302
348
304
337
234
514
182
462
185
345
374
276
325
346
342
379
340
307
428
119
476
263
344
302
267
389
297
345
332
158
295
432
179
425
228
353
386
152
493
198
344
228
393
304
227
344
306
343
307
378
197
444
76
418
301
309
326
236
372
264
413
148
268
304
392
217
342
335
306
335
271
415
149
417
226
332
288
190
373
307
290
374
330
148
452
195
301
276
387
292
265
343
341
339
154
447
144
343
341
261
338
346
300
222
457
81
490
149
419
229
260
434
236
499
156
379
263
457
116
472
263
300
310
353
392
231
386
316
387
157
512
235
347
358
233
417
265
454
159
505
149
395
265
359
344
275
411
238
548
114
344
298
338
349
388
261
373
345
238
451
162
378
273
480
260
369
341
192
469
145
505
224
385
229
434
300
296
379
265
379
189
482
232
385
263
341
301
420
272
262
332
265
457
238
308
346
373
310
430
230
291
372
233
456
225
367
222
379
342
274
445
232
295
306
418
256
421
144
454
266
335
337
273
403
189
447
184
454
231
418
295
255
353
304
389
256
389
261
350
268
377
303
232
463
232
451
194
417
227
444
190
293
476
150
422
303
396
213
473
190
373
316
264
386
301
376
257
382
183
421
303
267
326
379
355
214
456
214
339
267
334
303
454
226
229
461
212
420
252
392
211
385
329
305
278
281
417
222
423
261
382
154
442
270
338
331
266
335
302
339
333
371
189
379
259
381
300
228
372
258
431
256
311
292
380
335
218
393
292
316
360
348
298
378
254
227
503
141
309
440
323
291
463
218
389
297
385
252
260
352
300
410
206
371
296
294
332
373
225
408
253
291
441
212
370
310
371
140
331
418
179
428
257
424
286
340
308
257
300
340
383
228
465
213
458
396
298
293
312
291
340
337
256
346
282
344
335
394
251
377
180
372
340
295
303
244
495
220
327
294
407
220
343
324
213
426
257
416
178
414
189
451
266
295
433
245
312
378
340
253
421
217
297
352
327
229
335
348
268
381
300
344
226
502
152
375
383
347
351
249
421
101
521
179
381
310
259
386
186
472
213
343
267
465
182
345
310
260
420
189
351
337
417
137
383
346
175
350
334
348
179
497
185
375
217
377
263
334
256
259
480
259
369
221
426
187
374
340
228
391
261
353
228
422
229
377
304
369
266
261
255
291
431
141
511
186
349
380
262
307
339
260
267
432
176
405
218
337
341
336
262
337
294
265
325
296
323
224
369
305
339
262
303
404
194
296
266
405
194
521
185
293
380
257
343
292
335
270
294
261
392
262
393
216
313
331
330
251
302
379
175
453
252
312
284
332
291
308
330
228
403
184
487
228
255
449
215
222
400
293
261
335
262
360
344
329
263
337
295
298
338
219
345
291
331
294
387
285
218
373
224
366
236
373
286
338
340
297
328
299
306
271
368
265
338
251
335
382
228
346
346
300
243
415
273
336
307
385
297
304
339
355
262
157
483
271
254
357
425
213
341
419
234
249
297
419
269
306
375
384
295
263
380
313
296
218
371
322
304
292
377
339
229
398
230
283
307
327
269
448
181
424
261
255
367
146
336
316
361
218
354
255
373
289
191
407
188
455
158
406
313
317
290
270
410
274
295
235
338
262
404
275
304
335
310
360
229
454
191
260
258
416
261
243
395
277
368
238
301
264
375
261
379
266
377
286
230
413
306
249
271
332
262
411
257
369
222
396
329
268
337
258
388
256
343
289
348
368
373
287
308
257
185
528
184
433
223
416
214
377
289
268
418
188
449
220
460
224
415
218
306
360
391
256
220
418
258
333
380
191
402
352
241
308
304
298
374
260
327
352
305
326
304
290
384
260
291
336
336
322
253
385
205
293
400
258
296
294
383
263
366
300
300
408
139
440
297
217
302
372
310
318
263
312
363
222
375
300
250
312
292
336
328
325
276
325
403
255
377
288
254
318
288
288
369
304
319
212
407
230
329
298
282
295
334
329
341
320
193
409
252
259
316
430
226
289
348
258
328
282
368
265
220
337
258
330
336
258
304
412
150
378
259
318
241
379
325
250
340
270
318
225
289
310
218
292
374
341
367
298
306
297
252
339
313
259
292
253
313
329
301
268
338
301
229
372
259
294
216
306
334
259
257
421
220
186
455
219
305
296
335
266
299
256
373
247
223
376
301
292
303
416
375
222
264
412
309
216
300
404
313
329
343
318
298
211
403
218
330
255
445
296
289
338
244
336
291
370
185
403
196
403
314
322
214
413
263
237
409
262
339
301
300
257
288
381
287
247
357
294
183
365
185
397
174
322
256
450
173
306
213
380
218
293
330
301
330
174
515
135
306
222
408
207
284
299
245
406
174
301
370
302
214
218
380
212
413
145
536
105
416
231
368
298
106
462
181
457
179
493
144
446
190
292
383
141
413
301
425
111
400
313
322
308
313
311
213
345
215
493
183
332
270
412
185
320
349
103
483
112
478
232
398
235
444
266
207
422
188
410
193
401
275
409
262
300
462
249
307
181
460
189
375
300
339
350
252
430
220
382
143
453
233
359
314
424
279
287
416
190
442
230
363
277
382
225
410
315
305
398
157
527
119
499
259
388
236
366
386
191
420
298
311
191
449
271
252
356
340
309
342
375
195
412
269
375
266
307
380
307
342
299
382
186
428
218
332
319
362
312
218
457
226
393
224
373
305
266
379
293
365
326
309
312
271
305
370
282
376
268
369
223
370
342
263
302
431
262
278
337
317
301
346
303
281
345
346
300
312
359
336
276
339
278
411
230
379
310
236
464
230
381
265
332
272
373
295
296
381
187
455
221
338
306
380
227
336
337
296
337
272
449
147
330
350
342
220
455
268
223
502
113
433
236
377
226
375
331
305
428
223
461
190
419
227
295
267
411
309
252
449
187
455
258
280
314
290
301
379
306
289
454
150
446
197
441
191
409
307
335
336
267
414
273
376
253
415
106
422
305
296
380
220
463
191
439
259
403
75
450
300
285
389
247
441
223
502
112
419
243
339
354
290
398
267
342
336
423
146
498
191
296
430
260
456
221
388
252
389
297
299
290
377
344
223
346
305
378
336
346
232
417
291
295
420
222
333
346
297
304
342
341
346
292
344
300
301
308
297
384
298
346
374
275
368
343
374
178
415
257
347
292
455
193
413
335
227
443
193
417
290
339
269
501
298
414
256
271
491
146
426
256
387
303
339
418
191
423
349
252
315
342
268
469
263
381
330
306
456
193
380
297
302
307
388
299
347
421
296
343
282
453
196
358
254
432
337
393
266
339
336
351
390
252
308
334
392
217
392
346
345
376
260
394
259
344
307
384
305
420
337
314
353
308
423
268
342
302
359
345
303
336
345
375
434
412
187
374
220
463
225
379
375
307
340
391
306
342
310
345
349
342
423
313
422
334
307
388
262
335
307
346
336
376
384
303
330
424
320
230
304
380
354
360
387
350
380
266
379
432
271
390
339
306
350
422
291
383
352
300
378
310
309
376
315
383
359
306
349
316
465
294
360
350
394
306
295
394
263
399
297
381
390
271
416
262
308
386
387
305
394
301
395
340
311
310
342
425
318
386
254
348
304
342
418
261
368
348
312
303
420
307
264
388
335
319
415
309
335
397
326
312
372
270
264
445
272
363
270
334
257
404
309
328
427
225
410
264
377
223
443
306
291
336
304
306
348
369
338
305
370
321
225
449
254
328
303
378
419
264
413
266
332
223
497
230
467
294
359
370
237
483
155
374
340
343
343
338
336
346
368
311
335
189
503
219
419
340
308
382
226
490
193
453
185
502
152
491
261
336
375
221
454
221
408
229
407
300
387
307
417
289
265
488
109
455
182
487
248
455
340
262
395
184
490
199
485
212
422
254
424
294
308
398
194
466
217
456
177
505
353
307
379
303
374
313
423
223
424
229
519
222
428
310
268
428
228
501
192
516
217
343
299
352
386
307
374
220
389
295
413
275
406
345
335
255
388
344
260
381
251
418
223
486
219
307
345
380
264
305
447
264
379
254
370
296
373
371
270
342
295
382
219
467
221
382
377
265
338
350
379
297
382
225
428
253
454
215
305
415
234
369
301
376
225
467
252
379
336
261
457
263
376
190
435
339
301
386
335
351
339
267
375
302
352
336
254
423
222
455
311
304
379
260
389
301
348
287
429
288
347
350
311
386
342
368
186
419
247
386
305
418
268
405
234
419
263
412
313
222
457
229
405
349
255
424
257
380
270
364
346
350
216
418
308
409
342
325
229
306
458
251
417
268
423
216
477
191
411
277
291
447
265
431
217
450
313
359
262
426
264
342
367
234
456
270
375
348
340
394
334
230
263
457
274
459
214
458
273
381
292
301
338
217
508
262
377
260
373
379
184
452
228
375
394
292
407
256
373
257
293
425
295
295
353
315
335
364
270
385
314
288
375
393
257
309
305
272
465
262
221
349
414
190
426
303
268
377
339
254
317
391
191
456
266
311
426
191
335
306
413
224
384
235
379
300
305
457
115
336
382
334
265
428
181
347
385
155
493
273
416
182
464
189
335
375
295
319
341
337
191
458
268
354
309
381
226
304
268
470
303
231
309
324
344
390
150
546
226
326
353
225
466
223
232
401
343
278
392
348
348
219
350
339
180
347
376
272
297
381
376
271
364
315
222
370
348
255
377
233
408
304
266
347
280
373
339
270
379
267
259
462
183
267
420
272
335
386
334
193
510
228
320
428
149
444
276
255
473
229
353
393
350
283
377
237
414
288
349
393
234
472
231
453
275
261
353
297
376
271
386
371
222
396
347
260
383
280
396
391
296
354
266
385
260
476
260
262
307
263
505
179
461
188
387
308
345
340
310
323
345
342
261
440
311
262
336
351
280
312
337
300
395
301
309
330
262
386
342
268
304
386
309
394
296
282
368
268
464
187
378
303
317
366
275
339
358
383
147
493
180
479
257
347
330
271
400
268
417
158
527
185
356
380
202
512
162
393
264
422
297
384
304
355
327
278
365
265
428
268
456
260
233
474
316
332
384
340
354
371
178
435
304
308
374
217
377
390
372
341
333
232
442
261
335
355
230
495
235
517
141
419
313
417
216
311
382
278
458
268
426
259
397
262
409
226
348
428
255
420
143
345
198
311
218
229
303
826
476
231
484
191
418
276
333
373
354
364
221
491
245
412
273
340
434
302
337
371
307
316
454
280
425
269
324
392
264
342
393
331
362
299
185
189
121
270
107
1178
377
378
261
318
390
311
391
343
405
315
353
349
355
364
313
455
266
394
271
382
391
257
313
471
268
269
463
262
419
233
376
303
310
302
380
348
308
426
359
235
376
345
257
388
320
343
305
402
336
327
377
271
388
305
273
340
354
346
389
273
441
303
230
434
234
276
469
269
396
347
341
334
226
429
232
347
418
277
429
258
430
265
304
394
269
316
395
304
281
417
270
381
274
456
262
266
419
269
340
274
379
392
233
392
382
262
341
316
388
300
231
459
280
354
298
385
339
319
310
267
335
371
390
270
347
383
279
312
299
430
181
408
267
358
286
426
259
435
273
338
300
303
416
146
468
294
378
257
341
319
266
463
265
311
342
420
225
382
399
344
302
227
433
263
346
337
350
308
383
310
412
220
334
358
217
470
229
500
191
468
270
426
266
360
424
185
423
265
468
259
350
421
310
256
299
427
187
463
291
340
339
420
229
365
348
213
481
149
526
187
470
312
375
314
380
232
347
425
225
454
184
458
254
414
292
291
338
225
406
248
373
295
401
295
323
302
444
262
189
531
136
496
220
406
384
292
306
345
343
337
338
227
491
186
503
268
270
446
190
461
191
461
221
470
304
302
319
330
314
375
402
187
499
80
636
150
443
315
309
427
150
495
235
427
193
494
199
371
266
391
344
230
493
149
560
222
341
344
383
204
416
317
378
311
266
518
72
561
187
424
275
344
417
156
534
240
378
219
342
344
378
314
297
375
235
414
224
465
292
296
261
440
181
343
375
382
256
337
370
258
368
197
445
227
413
296
339
351
332
408
218
406
196
484
215
362
298
383
305
290
408
228
416
238
368
286
271
447
265
362
223
474
196
450
258
334
321
381
336
259
445
222
419
296
339
262
420
336
227
445
190
422
296
291
379
289
417
269
330
315
392
230
421
224
349
334
453
222
373
348
344
379
217
502
179
371
370
255
384
378
225
369
346
260
428
143
532
183
491
230
378
350
229
502
176
549
108
404
307
403
300
344
336
325
335
221
487
140
479
217
424
259
335
372
255
490
142
571
100
484
246
347
322
341
319
225
518
197
441
140
511
244
378
327
238
371
265
483
143
562
108
533
216
386
342
264
438
157
565
153
472
220
292
349
334
259
503
261
303
431
186
468
142
362
295
408
327
292
399
147
472
191
468
177
332
400
229
458
258
366
215
434
173
438
214
406
278
289
325
417
245
291
394
252
412
165
374
278
455
213
367
325
246
450
135
476
146
485
250
300
431
263
401
134
522
136
427
281
341
332
335
373
254
409
222
439
140
411
303
408
306
332
384
212
408
265
454
152
519
264
377
259
401
298
254
374
211
485
183
468
182
412
292
254
359
305
369
188
539
113
523
145
436
283
255
474
119
525
177
513
155
486
178
334
403
300
411
214
467
178
521
98
547
183
324
404
302
373
284
414
107
615
102
446
256
269
434
223
443
185
474
191
460
216
418
335
186
530
227
404
273
377
258
512
172
486
222
301
378
265
464
155
538
140
580
137
467
260
223
489
180
515
142
543
213
429
289
384
294
182
528
187
476
252
475
212
462
212
382
293
288
416
344
383
210
501
134
498
221
343
372
345
384
242
470
212
504
189
555
139
403
325
265
505
180
471
152
497
265
367
310
342
319
299
470
307
311
260
465
223
375
389
339
298
379
327
345
381
224
496
221
459
303
335
257
336
301
404
308
304
470
225
418
359
313
345
267
383
306
431
220
418
312
373
269
377
228
445
302
255
385
225
494
218
421
267
375
304
260
381
329
348
179
456
261
408
258
385
304
282
393
218
422
257
453
188
413
294
375
241
400
302
255
421
226
482
219
422
251
295
342
295
348
331
348
183
542
223
333
309
374
309
259
417
304
426
178
497
217
383
268
411
230
374
352
255
435
226
457
221
505
149
449
262
301
464
190
465
235
455
233
382
265
453
268
224
535
148
539
118
622
232
364
319
336
302
279
451
227
435
186
483
224
430
193
420
246
340
360
237
435
199
520
196
425
257
376
329
150
525
238
490
156
512
274
331
341
321
328
230
525
146
515
228
428
206
500
191
258
485
176
435
242
438
235
563
183
408
298
329
431
108
440
264
479
192
437
223
294
333
370
340
257
408
184
557
191
451
183
292
425
227
463
256
380
273
441
162
462
269
417
305
299
465
118
522
151
455
314
370
255
334
350
349
383
145
584
110
499
266
377
345
259
392
224
496
136
533
193
526
192
408
342
263
362
246
468
194
547
154
489
274
338
383
275
467
184
415
274
476
236
458
145
432
354
187
552
154
553
147
474
198
542
232
302
359
314
436
218
465
152
578
155
335
385
246
377
261
459
256
385
183
535
111
572
116
377
389
180
510
170
460
232
424
195
538
185
267
443
231
379
222
461
176
453
195
381
267
413
352
221
497
152
467
238
384
304
468
199
254
462
141
540
220
396
346
302
153
529
231
412
308
348
266
237
457
190
451
158
538
229
383
355
270
374
307
282
399
267
229
441
160
495
283
223
425
255
383
305
390
233
437
238
415
274
257
350
305
425
197
495
155
458
261
306
420
182
411
263
380
312
254
456
262
349
298
423
255
306
297
421
184
514
183
307
453
255
386
294
277
303
379
346
381
191
499
222
303
348
264
426
297
309
310
353
266
456
240
354
385
354
238
340
444
258
424
200
420
313
271
389
338
243
352
439
308
350
237
470
229
310
394
227
474
267
362
351
335
269
414
260
255
468
192
446
257
343
351
291
273
419
227
424
273
266
427
315
342
311
390
224
506
147
403
368
265
305
381
295
266
429
137
547
183
474
255
301
380
280
344
303
347
314
383
218
421
262
352
376
245
307
337
380
270
349
297
394
316
336
303
306
396
303
347
228
434
307
374
347
226
357
286
437
302
312
294
396
307
288
359
219
568
173
312
374
357
267
410
237
365
416
212
515
185
337
394
334
237
488
191
496
230
248
429
219
479
228
376
309
409
231
214
499
186
458
309
436
226
459
258
305
384
217
348
328
356
221
577
186
372
315
301
303
375
312
252
424
293
386
338
188
461
268
264
450
273
340
433
260
419
273
304
379
301
234
459
328
261
471
231
461
269
345
279
422
271
460
315
303
391
306
381
268
381
234
458
244
406
312
304
462
263
367
228
411
276
372
276
370
338
290
422
186
502
224
311
306
430
251
332
423
232
448
222
386
296
339
342
351
300
221
474
218
499
254
398
268
356
352
271
438
188
397
346
442
272
432
405
235
321
343
323
374
395
278
515
263
347
329
221
361
383
321
373
391
187
591
182
434
311
296
317
353
349
231
501
212
465
236
501
268
227
392
261
463
225
429
302
434
315
361
340
223
435
230
364
380
364
352
403
298
440
311
318
272
348
367
341
393
341
363
261
474
235
308
411
263
320
395
394
265
476
225
383
271
291
361
307
388
227
461
261
376
234
384
341
221
499
150
388
295
391
235
341
385
313
338
270
375
306
305
382
349
308
419
270
305
472
222
340
300
308
387
306
302
344
391
258
357
303
385
241
412
320
220
430
308
389
333
338
222
459
226
337
353
291
344
375
309
343
292
350
258
324
334
420
292
341
330
294
344
348
301
233
374
367
314
387
288
333
379
261
383
229
424
228
412
276
416
310
310
298
228
534
142
456
222
301
412
253
411
194
489
197
362
263
265
428
264
494
234
346
360
308
292
353
271
363
380
267
435
305
326
377
315
277
378
227
389
311
343
358
303
440
216
506
146
313
431
256
354
344
326
312
416
197
504
194
371
274
346
416
185
461
208
372
360
270
394
298
423
192
496
230
304
346
298
343
381
269
380
383
231
349
385
220
426
311
310
415
191
469
263
342
438
266
349
306
316
411
333
317
437
314
270
386
279
308
390
343
307
356
386
268
241
451
271
416
316
330
390
184
326
370
332
344
316
332
335
307
338
345
262
342
312
381
334
267
473
295
265
355
377
258
387
294
321
340
321
287
385
313
177
468
205
581
230
394
357
308
393
310
272
313
359
347
356
306
395
303
304
344
338
276
427
309
295
385
302
381
312
314
423
271
349
345
230
438
349
312
349
313
387
197
416
266
352
406
198
507
231
427
320
229
435
259
316
441
313
272
429
247
435
267
306
400
311
275
349
400
308
338
353
341
267
375
303
291
421
226
385
310
345
299
323
342
307
335
346
276
382
268
445
196
377
353
227
427
260
407
223
308
427
269
397
277
352
312
341
324
357
349
301
319
356
344
313
384
272
398
311
301
427
230
369
345
308
276
459
239
266
386
308
297
353
353
235
458
226
466
198
435
351
299
364
384
260
320
385
266
385
322
294
291
393
358
237
465
189
545
191
305
365
260
487
221
427
358
259
387
299
275
374
268
336
331
253
418
268
337
297
261
317
370
341
289
340
302
382
151
449
267
222
436
337
309
341
261
343
343
257
377
265
336
316
376
308
259
375
350
261
257
333
310
378
269
332
356
283
358
310
223
464
261
353
293
313
373
319
297
355
266
363
273
306
395
291
342
346
224
393
394
295
357
269
350
235
402
287
429
229
340
268
434
311
236
303
375
359
322
407
269
343
312
317
269
357
337
387
238
439
331
231
440
266
417
231
350
345
265
421
310
379
240
370
271
457
146
429
295
191
265
231
266
151
262
1005
271
339
360
369
276
349
387
337
262
350
310
484
191
339
309
312
431
304
466
200
422
235
385
298
311
341
321
432
269
410
239
469
241
339
298
344
387
282
366
347
344
316
338
330
349
254
347
302
303
367
349
386
232
416
266
377
277
386
292
385
337
359
338
312
339
280
421
235
389
300
395
297
400
415
237
442
200
378
304
306
377
260
466
201
418
330
458
200
425
230
390
349
314
356
389
385
200
431
280
303
298
390
309
430
189
439
411
159
499
197
434
235
299
378
237
456
237
454
193
419
264
389
344
262
337
319
400
271
412
315
337
233
354
337
323
334
279
419
231
499
227
378
312
231
496
186
340
346
376
276
410
270
378
269
355
228
385
306
322
471
155
457
316
316
355
356
264
280
419
314
416
237
434
275
345
313
343
301
320
344
355
301
258
470
228
383
306
340
314
303
335
393
306
309
435
232
339
327
346
309
266
390
347
345
301
383
265
371
378
276
310
252
380
387
196
424
305
371
181
462
226
305
343
310
459
183
422
343
296
304
391
267
301
385
270
346
305
406
276
264
355
339
348
191
461
220
303
414
299
389
264
230
444
325
225
385
260
273
390
259
440
303
288
422
233
304
438
226
341
288
385
342
307
316
335
372
221
363
304
331
251
449
280
341
302
302
344
313
350
314
286
393
294
392
330
270
329
260
379
264
294
410
238
415
355
257
374
227
397
263
386
300
342
343
274
396
333
315
266
434
236
336
361
221
472
218
465
264
307
356
310
350
343
309
309
424
230
375
193
427
344
263
388
320
305
314
440
259
346
302
371
339
309
301
313
442
221
341
315
446
196
305
432
256
338
229
465
268
337
277
425
271
358
265
442
338
241
472
232
350
310
412
231
448
347
325
273
283
463
192
448
226
393
309
314
440
282
396
270
319
395
326
231
443
304
358
279
433
265
312
400
336
280
303
394
270
278
463
325
346
398
190
397
443
221
407
256
386
282
449
315
271
315
313
398
280
474
270
367
304
390
245
340
313
362
398
308
396
270
367
349
283
310
465
231
258
388
302
349
295
315
386
398
145
435
326
190
495
222
429
350
279
259
448
262
274
402
344
274
337
396
263
344
379
309
275
350
386
267
424
220
396
293
319
421
229
345
400
347
226
425
277
415
341
234
385
263
434
300
432
344
259
422
268
380
271
336
313
391
299
355
381
279
349
397
224
479
327
308
443
232
481
226
412
318
438
267
355
290
380
354
267
404
378
358
226
602
231
367
315
312
396
266
397
312
427
308
404
315
386
274
428
282
297
427
267
391
300
510
191
403
263
386
360
282
463
302
352
278
436
344
312
310
298
429
303
392
339
394
267
383
298
339
301
388
235
426
345
304
481
220
444
301
427
154
509
224
379
394
339
400
256
461
192
521
238
302
348
290
436
312
425
220
480
256
429
305
311
353
340
447
152
512
263
441
304
346
304
373
326
277
468
274
389
362
347
421
352
275
383
245
393
350
341
321
379
390
309
476
189
415
317
379
317
316
373
273
453
282
441
190
415
257
347
380
266
456
245
416
314
417
281
292
424
229
388
299
407
261
416
308
410
306
298
347
188
454
322
409
309
421
350
294
347
262
448
227
431
292
340
326
424
317
404
239
298
397
325
349
307
425
297
375
303
384
318
308
307
276
381
317
434
285
418
310
386
231
384
307
260
464
234
455
235
371
320
381
307
265
336
358
380
272
446
232
416
345
300
392
252
430
227
472
231
411
304
390
349
256
390
300
258
380
377
315
405
230
464
277
377
339
203
435
305
416
271
389
314
338
438
228
429
253
389
362
340
280
492
249
349
370
274
429
305
346
311
420
282
381
316
313
421
311
309
350
438
204
473
237
432
317
405
340
276
399
228
489
222
386
352
434
229
432
344
225
433
268
475
267
429
344
398
303
192
521
192
381
347
344
372
296
386
343
298
339
294
392
395
336
297
299
425
227
531
182
307
466
149
462
223
443
305
345
346
331
347
220
456
191
407
343
383
335
346
376
338
301
298
382
239
414
272
379
383
337
346
338
338
310
337
270
419
264
424
344
424
256
401
292
299
412
108
585
155
530
195
472
347
270
461
233
412
230
497
190
502
225
431
317
263
448
161
578
158
464
220
407
349
354
411
240
411
232
509
186
473
193
469
313
310
470
185
492
274
340
235
450
234
426
348
261
415
307
369
307
374
226
413
265
388
335
391
330
346
326
229
490
119
538
222
494
266
306
450
234
447
271
487
76
523
183
420
336
262
489
199
528
223
419
191
427
256
347
464
304
420
263
432
315
469
187
433
316
337
385
272
505
265
391
311
422
189
381
396
294
402
306
441
295
392
378
320
272
387
350
275
431
341
385
309
432
269
414
233
327
424
342
379
292
389
306
346
342
386
266
379
377
316
389
274
426
310
317
416
270
357
438
317
335
427
276
348
344
342
381
361
339
386
390
300
358
280
426
278
400
351
350
345
382
381
306
392
274
388
345
344
391
314
340
345
352
279
462
310
349
350
312
424
275
338
433
313
