14895
12179
18317
11274
20000
18843
13271
17834
20000
20000
20000
16635
16174
19868
19635
20000
20000
20000
20000
19754
20000
15097
15665
20000
20000
20000
19664
19980
20000
20000
20000
20000
19761
20000
20000
20000
20000
18585
20000
19254
15018
18718
20000
20000
19090
20000
20000
20000
17136
20000
19221
20000
20000
19174
20000
20000
20000
18827
19885
20000
20000
20000
18135
20000
19789
20000
17969
20000
20000
20000
20000
19763
20000
18377
20000
20000
18610
16065
18309
20000
20000
20000
20000
20000
19920
20000
20000
20000
20000
19986
19977
20000
20000
20000
18649
20000
20000
20000
18289
19993
20000
20000
20000
19877
20000
20000
19940
20000
17522
20000
20000
20000
16723
20000
20000
20000
19055
19287
20000
20000
19278
19535
19977
20000
20000
18657
18471
20000
20000
18999
19800
20000
20000
20000
18097
18863
20000
20000
18314
20000
20000
20000
19175
20000
19655
20000
20000
20000
19358
18886
17817
20000
19480
20000
20000
20000
20000
19338
20000
20000
19383
19772
19733
20000
18223
20000
18953
20000
19179
19938
19742
19741
20000
20000
20000
19818
18714
19971
20000
20000
18893
20000
19700
20000
20000
18152
19901
19184
20000
18212
20000
20000
20000
18617
19751
19601
20000
20000
19100
19448
19667
20000
18039
20000
20000
20000
20000
17065
20000
20000
20000
19269
19536
20000
20000
20000
19195
19778
20000
19588
20000
19181
20000
20000
20000
18424
20000
19002
19953
20000
19076
20000
19603
20000
20000
19376
20000
19794
19800
20000
19352
19629
18732
20000
18346
20000
18801
20000
18793
19981
20000
19113
20000
19628
19891
18373
20000
19495
18657
19028
20000
19501
17120
20000
20000
19992
20000
18453
20000
20000
20000
20000
17946
20000
20000
20000
20000
19240
20000
20000
20000
20000
18147
20000
18668
20000
18253
20000
18433
18909
19903
20000
17266
19960
18538
16404
17480
20000
18526
19636
20000
20000
20000
18194
18658
20000
18236
20000
18064
20000
19253
19853
18774
20000
18522
20000
18427
20000
18728
20000
20000
19891
20000
19485
20000
17538
20000
18857
20000
17765
20000
19387
20000
18618
20000
20000
19754
20000
18888
20000
20000
19566
18359
20000
20000
20000
18641
20000
19427
20000
20000
18879
20000
20000
20000
20000
18344
20000
20000
18897
18545
20000
20000
16312
20000
19845
20000
18269
20000
20000
20000
20000
18490
19824
20000
20000
18585
19010
20000
20000
19924
17559
20000
20000
20000
17147
20000
20000
20000
17394
20000
19695
20000
16852
20000
20000
20000
16379
20000
20000
16064
20000
20000
20000
16829
20000
20000
18567
18059
20000
20000
18957
18200
20000
20000
16338
19833
20000
19246
17025
20000
20000
20000
16357
20000
19841
16689
20000
20000
20000
16524
20000
19699
19987
20000
17899
20000
20000
16529
20000
20000
14355
20000
19173
19248
18199
20000
19247
17983
20000
20000
17805
19832
20000
20000
20000
18385
18881
20000
20000
18511
16801
20000
19825
20000
18306
20000
20000
16828
20000
20000
18190
18960
19754
20000
18294
18938
19914
20000
17715
20000
19836
20000
20000
19359
18801
20000
20000
18345
19755
19684
20000
19950
19695
19308
20000
20000
18126
20000
20000
20000
20000
18607
20000
19675
20000
17511
20000
20000
20000
19071
20000
18955
20000
20000
20000
20000
18616
19487
20000
19834
20000
18291
20000
20000
16308
20000
20000
18376
18900
20000
20000
17274
19785
20000
20000
18269
18849
20000
20000
18305
20000
20000
20000
17495
20000
19601
20000
20000
18688
19164
20000
20000
18362
20000
20000
20000
20000
17293
20000
20000
20000
19202
20000
19208
20000
19710
19953
20000
19980
20000
20000
19393
20000
19199
20000
20000
18656
20000
20000
20000
18425
20000
19736
19998
20000
18777
17695
19725
20000
18603
19159
20000
20000
17994
20000
19960
20000
17193
20000
20000
20000
19835
19768
19787
20000
20000
19766
20000
19963
19278
20000
20000
19529
20000
19921
20000
19719
20000
18961
20000
20000
19897
20000
20000
20000
20000
19196
20000
20000
19189
20000
19271
20000
18968
20000
18670
19971
20000
20000
20000
20000
19371
20000
19851
20000
19714
18494
20000
20000
20000
19243
19288
19820
20000
20000
18390
20000
19850
20000
18834
20000
20000
18703
20000
18464
20000
19866
20000
19678
19660
20000
19695
20000
19826
20000
20000
20000
20000
19608
18630
20000
20000
20000
19442
19583
20000
20000
20000
19484
19709
20000
20000
20000
19476
19463
20000
20000
20000
19181
20000
20000
20000
20000
20000
18601
20000
19980
20000
19663
19688
20000
20000
19005
20000
19609
20000
19740
20000
18967
19543
20000
19135
20000
19007
20000
20000
19998
20000
17981
20000
18560
20000
19329
20000
20000
20000
20000
18545
20000
18549
20000
18976
20000
20000
20000
19222
19251
20000
18545
20000
18765
20000
20000
19064
18868
20000
20000
19501
20000
18933
20000
19664
19742
17960
20000
19458
20000
17904
20000
20000
19961
19233
20000
19841
19826
19678
20000
20000
20000
20000
18630
20000
19482
20000
20000
18496
19904
20000
20000
19681
20000
19737
20000
19301
19776
20000
19528
20000
19336
20000
20000
20000
19551
20000
20000
20000
17725
20000
20000
19294
17859
20000
20000
19280
20000
19395
20000
18729
20000
20000
20000
20000
20000
17384
20000
20000
20000
19893
20000
20000
18834
20000
20000
19595
20000
20000
20000
19576
20000
20000
18858
20000
20000
18663
19937
20000
20000
20000
19360
20000
19505
20000
20000
19793
20000
20000
20000
20000
20000
20000
20000
19704
20000
20000
19662
20000
20000
18142
20000
20000
19948
20000
19710
20000
20000
19883
20000
20000
20000
20000
20000
20000
19928
20000
20000
20000
20000
20000
18954
20000
20000
19951
20000
19647
20000
18972
20000
20000
19758
20000
18874
20000
20000
20000
20000
19616
20000
20000
20000
20000
20000
19599
20000
19888
20000
18070
20000
20000
20000
20000
19041
20000
20000
19466
19640
20000
20000
20000
20000
20000
19366
20000
20000
20000
20000
20000
18484
20000
19285
20000
18836
20000
20000
20000
20000
20000
20000
20000
20000
20000
20000
20000
20000
20000
20000
20000
20000
20000
20000
20000
20000
19792
20000
20000
20000
18697
20000
20000
20000
20000
20000
18375
20000
20000
19718
19696
20000
20000
20000
20000
18886
20000
19779
20000
20000
20000
19307
20000
20000
20000
20000
19462
19902
20000
20000
18238
19773
20000
19669
20000
20000
20000
20000
20000
20000
20000
20000
20000
20000
19521
20000
20000
20000
20000
19621
20000
20000
19586
20000
19245
20000
19191
20000
20000
20000
20000
20000
20000
19717
20000
20000
20000
19518
20000
20000
19679
20000
19812
20000
20000
20000
20000
19965
20000
19912
20000
20000
20000
20000
20000
20000
20000
20000
20000
20000
20000
18777
20000
20000
20000
20000
19016
20000
20000
20000
20000
20000
20000
20000
20000
20000
20000
20000
20000
19900
20000
20000
20000
20000
20000
20000
20000
20000
20000
19934
20000
20000
20000
19690
20000
20000
20000
20000
19030
20000
20000
20000
20000
19121
20000
20000
20000
20000
19543
20000
20000
20000
19336
20000
20000
20000
20000
20000
20000
20000
20000
20000
20000
20000
20000
20000
20000
20000
20000
20000
20000
19711
20000
20000
18316
20000
20000
20000
20000
19968
20000
20000
20000
20000
20000
20000
20000
20000
20000
19265
20000
20000
20000
20000
20000
20000
20000
20000
20000
20000
19268
20000
20000
20000
20000
20000
20000
20000
20000
20000
20000
20000
20000
20000
20000
20000
19793
20000
20000
20000
20000
20000
20000
20000
20000
20000
20000
20000
20000
20000
20000
20000
20000
20000
20000
20000
20000
20000
20000
20000
20000
20000
20000
20000
20000
20000
20000
20000
20000
18924
20000
20000
20000
20000
19035
20000
20000
20000
18100
20000
20000
20000
20000
20000
20000
20000
20000
20000
20000
20000
20000
20000
19825
20000
20000
19842
20000
19948
20000
19253
20000
20000
20000
20000
20000
19237
20000
20000
20000
20000
18278
20000
20000
20000
19209
20000
20000
20000
20000
17511
20000
20000
20000
17856
20000
20000
20000
20000
18462
20000
20000
19656
19195
20000
20000
20000
20000
20000
20000
20000
20000
19188
19902
20000
20000
20000
19711
18794
19830
20000
18285
20000
19321
20000
20000
17428
20000
19614
20000
18528
20000
19780
20000
20000
17500
20000
19998
20000
16822
20000
19597
20000
17791
18843
20000
20000
18469
20000
18957
18124
19909
19733
20000
19152
20000
17011
20000
20000
17309
19849
19423
20000
19030
19565
20000
19168
19792
19797
20000
19382
20000
19828
20000
20000
20000
18874
20000
19448
20000
17701
20000
20000
20000
18957
20000
20000
19847
20000
18422
20000
20000
20000
17133
20000
20000
19644
18277
19697
20000
20000
18421
18731
20000
19735
18997
20000
19828
19894
20000
19154
20000
20000
20000
19704
19675
20000
20000
20000
20000
20000
19569
20000
19638
19207
20000
20000
20000
19281
20000
18855
19836
20000
20000
20000
18292
20000
20000
20000
18072
20000
19006
20000
18033
20000
19425
20000
17772
20000
19294
20000
17958
19707
20000
17474
20000
20000
20000
19491
20000
20000
20000
20000
20000
18760
20000
20000
16964
20000
20000
20000
20000
20000
20000
20000
20000
20000
18812
20000
19979
20000
20000
20000
20000
20000
20000
20000
20000
19660
20000
19554
20000
20000
20000
18662
20000
20000
19701
20000
19327
20000
20000
19630
19293
20000
19528
20000
19188
20000
20000
19550
20000
20000
20000
20000
19264
20000
19902
20000
20000
18877
20000
19973
20000
18389
19649
20000
20000
20000
17867
20000
20000
19143
19410
18992
20000
17888
20000
16662
17842
20000
19946
20000
18385
18507
20000
19311
20000
20000
8672
19465
19852
18113
18955
20000
18814
19375
19995
20000
18664
20000
18549
20000
20000
19054
20000
19479
20000
18985
20000
18737
20000
19277
20000
20000
19313
20000
19009
20000
18143
20000
19132
20000
20000
19495
20000
20000
20000
19021
20000
19345
19478
20000
19630
19452
18627
20000
17728
19363
20000
20000
19301
19053
20000
20000
19368
19832
20000
20000
20000
20000
18386
20000
20000
20000
17381
19238
20000
19299
20000
18066
20000
20000
19226
18040
20000
20000
20000
17028
20000
20000
20000
20000
19232
20000
20000
20000
20000
19035
20000
20000
20000
19309
19300
20000
20000
20000
18137
20000
20000
19152
20000
20000
19055
20000
19096
20000
20000
19526
20000
16203
20000
20000
20000
20000
18007
20000
20000
19000
19438
20000
20000
20000
16776
20000
20000
20000
17398
20000
20000
20000
19068
20000
20000
20000
20000
20000
19526
20000
20000
20000
17939
20000
20000
20000
16863
20000
20000
20000
20000
19511
20000
20000
20000
17149
20000
20000
20000
19713
17890
20000
20000
20000
18555
20000
20000
20000
19460
18002
20000
18998
18064
20000
20000
18542
18279
20000
20000
20000
17154
19761
20000
20000
17158
20000
19985
20000
18710
18605
20000
20000
19193
20000
18622
20000
20000
19986
19117
20000
20000
20000
19524
20000
20000
20000
20000
19604
20000
18734
20000
20000
19910
19428
20000
20000
20000
18108
19971
20000
18060
17331
20000
20000
19812
20000
18486
20000
18692
19071
19802
20000
19557
18975
20000
19614
20000
19641
20000
18835
20000
19827
20000
18493
20000
20000
18661
18172
20000
19784
18516
19878
20000
20000
17030
19119
20000
20000
18017
20000
20000
20000
19568
19888
20000
19845
20000
19002
19930
19109
20000
20000
19508
20000
19261
20000
19376
20000
20000
18860
20000
19575
20000
18691
20000
20000
19599
20000
19018
20000
20000
18128
20000
20000
18725
20000
19915
19005
20000
20000
20000
18079
20000
20000
19687
18754
20000
20000
20000
19348
20000
19806
20000
20000
20000
20000
17978
20000
19456
20000
20000
19781
20000
20000
20000
19670
19990
20000
20000
20000
18112
20000
18838
20000
18538
20000
20000
18348
19887
20000
20000
19411
20000
20000
19348
20000
19290
20000
17743
19578
20000
20000
17249
20000
20000
19854
17768
20000
20000
19384
20000
19221
20000
18943
19988
17700
19857
19976
19914
18178
20000
19038
19314
18630
20000
18230
19685
20000
20000
18023
19868
18203
20000
18537
20000
18439
20000
19331
20000
20000
20000
20000
19555
19611
20000
19885
20000
19563
20000
19820
20000
19479
20000
19232
20000
19247
20000
18504
20000
19541
20000
17607
20000
19433
20000
19901
20000
20000
18943
20000
18473
20000
17681
20000
18630
20000
20000
17516
20000
20000
20000
19466
20000
18881
20000
19389
19001
20000
20000
19266
20000
18343
20000
20000
20000
18122
19740
20000
20000
20000
18213
19394
19881
20000
20000
18155
20000
19601
19673
20000
17957
20000
19212
20000
19369
20000
19608
19713
20000
20000
20000
19660
20000
20000
17827
20000
20000
20000
19152
19750
20000
20000
20000
19976
18548
20000
20000
20000
18006
20000
16922
20000
19243
20000
20000
20000
20000
20000
19591
20000
18548
20000
19245
20000
20000
20000
20000
19621
20000
20000
20000
20000
19994
20000
19524
20000
20000
18599
20000
20000
18734
20000
20000
20000
11430
20000
19199
20000
18769
20000
20000
17966
19187
20000
18407
20000
18789
20000
19000
20000
18108
20000
19497
20000
18185
20000
20000
19344
20000
18845
20000
20000
20000
18602
20000
20000
19697
20000
19670
19611
20000
17473
20000
20000
20000
20000
18638
18914
20000
19757
20000
19990
20000
20000
20000
18612
20000
19415
20000
18776
20000
20000
18529
20000
19085
20000
20000
20000
20000
20000
20000
20000
19802
20000
19364
20000
20000
20000
20000
17899
20000
20000
20000
20000
20000
20000
18137
20000
18648
20000
19645
20000
20000
18972
20000
20000
20000
20000
20000
19630
20000
18886
20000
20000
18227
20000
19158
20000
19054
20000
20000
19229
20000
20000
18133
20000
18681
20000
18182
20000
20000
19642
20000
20000
20000
20000
20000
19339
19624
20000
18604
20000
19425
20000
17879
20000
20000
18837
20000
16710
19995
20000
18457
19286
18916
20000
18434
17624
20000
20000
19201
18971
19921
20000
18798
18661
20000
20000
18111
20000
17913
20000
18107
18924
19747
20000
16581
20000
19307
18144
20000
18788
20000
19472
19450
18216
20000
18835
20000
18915
19704
20000
17205
19463
20000
16657
20000
19321
20000
18700
19629
19218
20000
18773
20000
19922
19908
20000
18508
18776
20000
20000
18376
20000
19242
20000
18400
20000
19070
19472
20000
17519
20000
19145
18508
20000
19494
20000
17543
19775
19845
20000
19141
20000
19051
20000
20000
17967
20000
19629
20000
18657
20000
18822
20000
18813
19595
19088
20000
16077
19690
20000
18709
18280
20000
19902
17924
19798
20000
19405
20000
17911
20000
19287
20000
17854
19414
20000
20000
17090
20000
19930
18266
18860
20000
19264
18477
19353
20000
19067
18548
19796
19343
19694
18859
19783
19892
18621
19466
20000
18328
19113
19362
19561
18876
19127
19587
19506
19698
19569
18718
0
