773
938
650
835
601
796
849
528
680
585
760
832
607
632
586
716
591
640
642
670
858
584
615
633
637
674
622
545
671
666
643
649
573
734
573
656
731
482
863
690
681
671
526
649
643
676
624
543
629
674
647
686
533
664
647
673
654
537
694
627
652
654
548
698
619
714
636
541
673
593
723
620
660
677
703
838
570
626
667
599
698
564
654
664
647
634
643
562
691
682
659
629
589
716
593
648
631
641
646
637
618
634
665
638
620
645
651
587
622
584
701
664
600
615
586
619
667
609
656
605
653
682
633
606
553
697
650
673
605
547
690
634
690
573
591
731
597
602
599
614
705
611
695
541
570
735
869
741
573
584
664
614
704
588
639
571
713
695
608
629
586
684
646
656
621
610
661
661
640
612
660
623
617
662
652
615
584
678
674
631
597
637
724
658
581
641
551
674
713
628
673
593
676
751
590
693
508
680
702
598
626
538
659
673
602
658
614
622
713
550
678
544
727
692
548
652
597
705
672
619
590
648
697
655
585
604
590
690
667
590
588
632
648
651
615
584
667
688
633
716
566
657
661
666
614
601
675
635
728
538
578
676
701
642
580
606
724
743
764
655
534
664
630
673
571
597
649
725
618
530
617
685
673
669
554
616
615
659
715
549
624
616
658
670
575
575
650
693
687
624
590
681
628
693
586
600
626
668
639
643
570
675
635
657
647
607
632
650
645
648
620
647
643
630
664
556
637
662
630
677
542
727
667
637
619
523
689
667
632
619
632
644
594
675
619
571
620
646
648
594
584
682
608
723
623
547
686
671
655
623
606
640
682
693
535
612
619
697
587
604
655
643
709
683
644
603
676
612
703
730
653
633
668
629
606
635
600
699
664
664
631
644
651
669
573
562
662
674
659
532
650
675
645
678
602
562
710
687
689
606
580
672
641
681
550
607
684
608
689
565
668
637
618
705
633
602
671
689
601
598
611
699
637
640
614
614
628
646
679
648
638
633
620
666
553
680
645
670
634
593
633
637
737
637
614
569
692
711
635
626
610
618
708
609
625
512
706
667
635
617
541
712
681
680
637
568
686
699
705
617
596
649
643
664
617
625
616
661
657
590
691
783
640
716
567
566
649
656
677
575
619
648
655
677
566
637
721
619
683
554
636
710
565
606
612
617
694
609
612
687
560
745
600
596
672
651
656
620
618
664
611
672
642
607
623
650
595
641
650
570
662
595
676
672
583
631
704
610
623
605
632
627
594
702
618
623
616
619
647
680
640
626
652
695
649
609
617
607
669
626
585
675
590
610
590
633
716
598
631
609
594
719
585
642
584
684
603
648
603
635
646
614
690
664
666
657
624
623
644
572
696
712
788
679
605
674
621
626
677
536
698
633
609
711
548
640
713
669
663
549
722
677
599
688
530
680
686
591
696
529
679
693
616
656
679
601
634
674
683
616
621
669
689
617
554
661
620
695
651
539
669
629
716
623
552
631
624
701
677
509
690
628
684
566
564
654
663
609
691
519
669
741
638
663
575
674
679
626
603
511
688
704
680
556
569
658
711
709
569
574
605
723
668
586
573
629
708
660
576
595
641
725
619
574
540
724
652
636
607
527
692
743
665
637
644
720
723
618
588
609
709
655
648
571
594
689
652
680
574
592
693
675
633
584
622
676
707
628
649
614
609
712
621
676
551
707
587
667
625
580
662
643
734
609
588
575
650
706
600
576
585
674
705
641
576
645
661
655
715
613
592
669
638
685
572
689
646
645
625
640
583
589
711
707
591
613
611
715
731
600
604
607
712
658
643
608
625
651
664
651
654
643
665
718
551
662
626
713
653
554
676
637
726
670
509
605
686
679
682
535
680
598
664
676
576
770
646
703
660
524
615
652
670
682
590
607
643
666
566
677
510
692
672
619
649
539
672
633
631
660
493
702
668
592
718
531
634
661
608
697
499
703
649
614
715
550
690
643
649
633
633
642
671
619
646
571
686
647
589
678
577
657
636
587
726
617
679
590
673
627
614
645
695
598
613
668
637
603
578
723
676
652
576
634
688
635
653
598
627
643
581
618
582
633
700
692
612
611
607
682
689
571
626
602
707
630
627
604
648
645
622
700
557
616
710
639
789
738
594
660
629
679
609
637
647
644
658
553
636
679
633
674
554
648
690
613
614
616
627
699
591
599
597
691
720
676
545
657
637
735
619
562
638
718
727
624
589
612
689
695
577
570
622
699
682
595
612
599
731
653
640
594
661
737
659
542
679
617
713
610
537
644
637
688
668
619
605
628
682
681
622
574
681
703
648
610
555
665
675
617
593
600
657
655
686
540
596
696
680
660
538
625
696
664
674
537
660
620
704
659
545
592
721
648
640
522
651
813
767
623
547
648
722
658
637
573
600
702
651
610
670
501
719
673
646
701
488
681
715
700
675
456
641
677
708
628
514
697
688
649
653
516
631
733
660
611
579
673
734
675
617
617
565
723
649
579
653
589
711
670
584
604
613
730
678
552
634
610
695
649
576
635
589
689
682
545
675
629
605
648
505
675
695
628
682
520
681
661
653
636
591
665
656
660
578
680
646
600
698
575
617
674
632
696
596
581
690
614
668
627
561
718
605
619
659
543
722
599
658
727
669
702
645
622
606
609
703
660
617
647
656
664
607
619
621
608
687
603
651
634
580
711
555
672
647
646
660
599
679
646
583
698
559
702
676
585
706
623
631
669
583
714
664
644
617
529
704
581
612
605
599
691
666
702
586
597
682
630
592
656
639
677
623
633
641
633
677
555
702
604
660
600
618
710
573
713
650
648
626
596
724
620
670
605
583
642
585
688
587
581
683
641
666
560
633
648
667
687
505
624
692
643
705
560
632
690
648
668
548
669
752
744
637
580
623
607
734
613
609
644
669
676
603
557
723
687
724
651
531
657
728
615
606
538
690
677
681
618
591
673
676
624
618
527
690
645
652
629
571
662
682
687
613
534
658
676
673
640
564
692
637
673
569
576
711
682
698
545
521
720
699
659
551
569
733
669
618
674
542
699
699
630
556
653
621
664
588
596
648
659
647
577
653
600
652
633
593
657
604
681
612
620
628
674
674
588
645
571
626
654
639
609
593
611
730
689
537
651
668
618
708
646
815
721
528
661
594
649
701
631
583
639
629
685
582
649
613
626
693
581
634
610
663
680
597
648
647
628
677
582
602
633
635
706
614
560
638
669
641
647
597
612
625
689
676
585
668
620
643
717
580
595
634
707
576
698
584
588
695
644
612
651
641
646
620
600
597
613
679
583
576
678
630
692
646
643
604
629
716
627
675
569
678
683
567
652
574
658
724
601
659
519
664
680
616
606
574
669
657
620
621
605
587
618
700
650
552
714
581
668
634
514
729
807
671
606
616
648
618
588
568
595
680
620
663
610
618
750
626
603
609
589
696
631
654
624
613
701
659
593
599
649
667
667
589
594
596
690
649
628
598
638
725
676
637
565
654
645
615
602
609
597
646
674
673
613
668
651
632
556
613
617
697
625
641
609
620
659
662
638
635
601
663
610
651
674
584
720
631
600
705
548
659
665
584
675
543
700
654
681
628
565
680
710
606
663
550
655
601
708
620
622
671
661
609
578
644
709
590
607
600
629
670
693
673
771
586
653
690
608
558
674
664
618
604
608
616
698
530
677
552
689
653
568
723
617
605
645
662
688
572
650
635
656
670
615
669
645
647
652
625
603
639
656
638
627
596
621
653
650
612
615
682
620
605
602
587
695
615
655
637
623
646
662
586
642
517
742
637
704
581
638
647
659
695
627
609
628
672
659
645
544
672
639
676
623
593
660
692
663
532
647
650
635
675
531
671
701
592
640
561
646
641
641
615
547
676
643
688
600
591
617
633
650
629
645
700
792
566
653
654
542
675
650
647
623
578
722
641
598
631
584
702
694
604
640
565
649
676
649
608
623
697
655
676
565
674
671
657
669
617
619
671
671
644
560
591
727
655
700
588
562
713
671
619
644
566
684
648
622
641
584
667
708
619
659
545
647
621
670
667
538
650
697
654
682
590
608
730
630
675
549
598
671
691
677
519
636
723
630
659
622
682
672
629
665
573
617
714
668
552
675
674
663
677
587
636
666
646
692
549
669
584
663
703
617
631
742
768
644
606
556
661
663
650
634
561
690
739
681
550
607
692
635
666
661
518
667
658
696
641
556
651
633
705
638
552
689
637
663
633
588
657
664
733
678
512
645
671
705
642
569
664
629
705
604
613
639
632
714
604
609
632
697
712
649
519
678
672
690
576
559
676
691
673
636
485
645
669
659
652
583
593
670
680
629
566
655
682
716
634
511
674
685
633
720
514
569
695
634
697
519
586
685
649
712
603
610
667
644
668
562
618
626
659
663
531
735
747
785
656
577
675
635
664
647
550
721
602
686
600
520
708
580
686
679
638
549
653
676
663
640
574
654
659
674
585
591
620
655
750
607
606
631
624
703
557
635
643
632
669
633
635
619
679
649
588
654
657
638
679
614
662
673
664
638
558
644
629
713
606
546
610
655
678
619
588
626
570
697
645
656
648
605
677
641
653
598
615
678
629
631
612
659
652
623
676
616
582
641
653
669
622
647
668
632
655
634
634
571
672
657
613
563
638
672
662
598
650
685
744
776
567
697
559
611
683
598
704
554
664
675
646
653
544
632
612
686
644
562
612
633
643
623
640
656
599
677
575
677
658
571
677
581
664
554
595
706
614
601
625
629
638
646
687
598
683
627
680
538
621
634
679
649
599
639
742
556
717
521
603
688
610
611
585
674
725
606
628
614
617
718
602
678
589
641
682
575
681
684
553
715
595
638
592
603
724
641
641
583
616
741
609
588
558
666
670
616
582
609
626
713
623
619
555
714
660
569
687
626
687
722
744
638
625
619
655
710
595
580
663
718
635
552
606
615
705
602
650
589
619
624
631
594
662
626
642
663
636
644
602
621
681
613
647
569
660
683
649
637
658
627
694
604
635
675
609
579
630
596
679
642
586
626
632
644
685
663
615
682
637
578
672
627
666
595
619
584
652
632
663
572
662
581
637
657
594
685
627
633
638
633
668
639
640
584
676
685
639
645
590
565
705
648
620
542
648
680
646
639
572
623
710
632
703
553
648
704
623
693
552
572
761
716
718
512
674
680
617
706
533
660
726
609
662
600
604
718
647
634
610
610
735
621
631
576
642
640
673
635
634
573
713
687
691
570
590
685
683
659
552
575
692
628
649
609
626
677
683
581
672
630
625
652
641
566
609
714
668
647
549
655
700
586
653
594
624
658
638
649
621
633
661
623
667
628
543
651
618
687
573
626
616
659
672
563
625
610
659
655
582
740
558
708
584
603
639
610
756
577
651
615
615
650
582
672
578
626
659
637
681
578
654
751
758
747
595
611
682
585
684
587
631
681
690
676
605
589
678
650
685
560
641
666
675
630
573
657
657
606
682
591
619
625
678
706
553
626
635
611
661
544
609
674
626
675
604
612
651
674
645
531
638
619
693
668
652
590
673
628
652
597
675
627
620
691
588
654
633
649
677
567
655
613
674
614
576
694
608
684
626
599
665
597
639
639
623
658
583
635
643
615
588
670
643
633
649
616
609
691
644
654
636
583
650
612
629
622
628
688
567
622
597
656
758
642
811
644
660
662
588
630
642
673
601
708
624
593
685
578
655
647
581
686
611
704
586
617
667
582
681
620
573
743
558
758
639
642
625
570
716
604
629
682
609
668
571
734
582
629
679
561
652
702
647
607
611
666
605
680
549
653
669
651
670
576
620
653
640
627
559
665
648
641
648
635
595
694
623
643
660
625
627
647
682
650
653
570
613
696
645
683
580
584
697
690
656
538
653
664
656
642
637
655
613
689
583
575
631
611
711
625
555
648
650
692
688
709
718
606
693
597
577
663
598
688
617
586
657
638
725
655
534
627
652
670
653
496
685
671
710
584
518
669
692
664
627
527
646
714
680
588
603
694
657
701
573
629
656
649
686
597
501
732
644
666
591
550
692
676
637
667
552
653
665
637
611
507
713
672
639
632
476
703
683
599
623
521
723
677
631
618
603
685
686
673
528
655
648
690
669
615
545
663
664
618
628
547
709
651
637
604
534
678
661
641
610
522
702
692
669
573
555
682
678
684
560
608
781
809
666
555
605
685
714
693
541
614
680
699
696
439
655
673
673
686
514
646
681
718
722
519
687
609
677
659
504
684
648
696
647
534
686
620
678
639
541
662
646
642
643
548
684
578
725
565
615
662
606
723
565
617
681
649
667
585
654
703
679
647
554
637
696
670
623
672
498
470
247
