0	58
100	127
200	139
300	137
400	137
500	160
600	141
700	170
800	152
900	149
1000	152
1100	141
1200	135
1300	141
1400	140
1500	146
1600	134
1700	141
1800	143
1900	147
2000	131
2100	150
2200	131
2300	144
2400	143
2500	152
2600	150
2700	130
2800	132
2900	156
3000	142
3100	150
3200	125
3300	147
3400	138
3500	171
3600	148
3700	114
3800	173
3900	150
4000	144
4100	130
4200	141
4300	123
4400	120
4500	138
4600	132
4700	155
4800	144
4900	144
5000	154
5100	148
5200	129
5300	139
5400	145
5500	134
5600	114
5700	131
5800	136
5900	148
6000	163
6100	128
6200	145
6300	129
6400	150
6500	148
6600	149
6700	158
6800	154
6900	140
7000	139
7100	154
7200	139
7300	140
7400	149
7500	155
7600	150
7700	146
7800	156
7900	156
8000	131
8100	145
8200	169
8300	146
8400	133
8500	140
8600	128
8700	150
8800	125
8900	137
9000	151
9100	125
9200	134
9300	117
9400	139
9500	145
9600	151
9700	144
9800	139
9900	110
10000	153
10100	118
10200	152
10300	160
10400	138
10500	146
10600	155
10700	148
10800	158
10900	138
11000	167
11100	125
11200	146
11300	122
11400	143
11500	146
11600	150
11700	143
11800	168
11900	137
12000	152
12100	158
12200	159
12300	143
12400	144
12500	147
12600	161
12700	143
12800	149
12900	141
13000	152
13100	128
13200	137
13300	149
13400	144
13500	144
13600	163
13700	123
13800	145
13900	167
14000	140
14100	139
14200	141
14300	153
14400	126
14500	125
14600	146
14700	113
14800	149
14900	129
15000	154
15100	160
15200	136
15300	127
15400	143
15500	148
15600	158
15700	122
15800	149
15900	140
16000	146
16100	145
16200	150
16300	129
16400	139
16500	146
16600	141
16700	127
16800	154
16900	149
17000	133
17100	157
17200	168
17300	130
17400	112
17500	131
17600	143
17700	144
17800	123
17900	138
18000	142
18100	153
18200	148
18300	120
18400	141
18500	162
18600	146
18700	135
18800	144
18900	146
19000	147
19100	153
19200	143
19300	128
19400	157
19500	141
19600	150
19700	147
19800	128
19900	117
20000	152
20100	154
20200	137
20300	148
20400	136
20500	155
20600	145
20700	146
20800	135
20900	135
21000	143
21100	147
21200	144
21300	136
21400	160
21500	134
21600	138
21700	151
21800	148
21900	127
22000	140
22100	136
22200	157
22300	155
22400	170
22500	125
22600	134
22700	156
22800	132
22900	139
23000	133
23100	134
23200	146
23300	150
23400	148
23500	123
23600	133
23700	145
23800	149
23900	130
24000	131
24100	144
24200	148
24300	131
24400	149
24500	157
24600	136
24700	125
24800	159
24900	120
25000	135
25100	156
25200	136
25300	142
25400	138
25500	144
25600	141
25700	129
25800	134
25900	144
26000	132
26100	134
26200	158
26300	151
26400	123
26500	138
26600	144
26700	131
26800	144
26900	134
27000	150
27100	142
27200	149
27300	136
27400	148
27500	162
27600	156
27700	156
27800	136
27900	142
28000	132
28100	138
28200	154
28300	155
28400	142
28500	164
28600	155
28700	146
28800	129
28900	158
29000	145
29100	140
29200	154
29300	146
29400	143
29500	141
29600	129
29700	171
29800	173
29900	158
30000	145
30100	158
30200	148
30300	143
30400	139
30500	134
30600	136
30700	150
30800	141
30900	167
31000	149
31100	132
31200	133
31300	137
31400	121
31500	145
31600	163
31700	143
31800	144
31900	143
32000	148
32100	122
32200	115
32300	132
32400	159
32500	136
32600	150
32700	162
32800	165
32900	163
33000	153
33100	148
33200	143
33300	159
33400	123
33500	130
33600	135
33700	144
33800	144
33900	179
34000	141
34100	155
34200	149
34300	145
34400	132
34500	137
34600	144
34700	142
34800	124
34900	144
35000	141
35100	137
35200	142
35300	143
35400	126
35500	138
35600	157
35700	150
35800	148
35900	159
36000	153
36100	156
36200	146
36300	155
36400	120
36500	160
36600	147
36700	149
36800	144
36900	150
37000	130
37100	126
37200	137
37300	159
37400	159
37500	133
37600	136
37700	142
37800	151
37900	162
38000	136
38100	134
38200	146
38300	139
38400	132
38500	154
38600	144
38700	152
38800	138
38900	171
39000	147
39100	140
39200	132
39300	142
39400	140
39500	130
39600	133
39700	141
39800	137
39900	149
40000	125
40100	139
40200	140
40300	139
40400	135
40500	122
40600	130
40700	137
40800	160
40900	151
41000	138
41100	150
41200	127
41300	148
41400	139
41500	125
41600	142
41700	140
41800	151
41900	135
42000	129
42100	147
42200	139
42300	122
42400	141
42500	136
42600	146
42700	118
42800	150
42900	147
43000	149
43100	134
43200	133
43300	161
43400	135
43500	165
43600	140
43700	153
43800	131
43900	150
44000	148
44100	144
44200	141
44300	152
44400	150
44500	141
44600	147
44700	143
44800	135
44900	146
45000	154
45100	137
45200	141
45300	133
45400	139
45500	150
45600	171
45700	149
45800	121
45900	140
46000	141
46100	150
46200	133
46300	143
46400	142
46500	139
46600	159
46700	153
46800	144
46900	135
47000	145
47100	135
47200	149
47300	121
47400	137
47500	146
47600	129
47700	163
47800	125
47900	162
48000	121
48100	149
48200	167
48300	132
48400	162
48500	128
48600	146
48700	132
48800	144
48900	138
49000	137
49100	138
49200	149
49300	118
49400	156
49500	124
49600	149
49700	125
49800	141
49900	139
50000	155
50100	135
50200	143
50300	148
50400	135
50500	159
50600	120
50700	155
50800	152
50900	163
51000	153
51100	137
51200	126
51300	138
51400	166
51500	152
51600	129
51700	143
51800	141
51900	146
52000	129
52100	142
52200	146
52300	144
52400	142
52500	159
52600	144
52700	158
52800	137
52900	122
53000	145
53100	146
53200	142
53300	160
53400	133
53500	148
53600	146
53700	149
53800	147
53900	119
54000	133
54100	147
54200	142
54300	143
54400	143
54500	142
54600	128
54700	153
54800	153
54900	144
55000	127
55100	137
55200	146
55300	138
55400	135
55500	137
55600	146
55700	150
55800	137
55900	150
56000	144
56100	157
56200	171
56300	145
56400	140
56500	155
56600	119
56700	153
56800	125
56900	152
57000	149
57100	150
57200	145
57300	151
57400	149
57500	149
57600	135
57700	142
57800	154
57900	154
58000	147
58100	144
58200	138
58300	127
58400	136
58500	137
58600	141
58700	133
58800	144
58900	154
59000	153
59100	135
59200	116
59300	167
59400	144
59500	140
59600	143
59700	132
59800	156
59900	141
60000	138
60100	119
60200	119
60300	137
60400	151
60500	131
60600	131
60700	127
60800	144
60900	151
61000	128
61100	163
61200	116
61300	136
61400	128
61500	127
61600	148
61700	152
61800	135
61900	155
62000	145
62100	151
62200	127
62300	156
62400	127
62500	150
62600	128
62700	176
62800	146
62900	139
63000	141
63100	156
63200	148
63300	127
63400	142
63500	149
63600	138
63700	158
63800	150
63900	123
64000	162
64100	147
64200	137
64300	152
64400	122
64500	132
64600	132
64700	133
64800	150
64900	146
65000	159
65100	128
65200	147
65300	173
65400	149
65500	134
65600	127
65700	140
65800	156
65900	142
66000	144
66100	142
66200	150
66300	165
66400	145
66500	145
66600	131
66700	148
66800	148
66900	146
67000	154
67100	141
67200	157
67300	145
67400	157
67500	125
67600	129
67700	154
67800	128
67900	134
68000	147
68100	151
68200	156
68300	180
68400	156
68500	135
68600	154
68700	147
68800	118
68900	156
69000	136
69100	157
69200	121
69300	142
69400	132
69500	147
69600	128
69700	141
69800	149
69900	151
70000	80
70100	0
70200	0
70300	0
70400	0
70500	0
70600	0
70700	0
70800	0
70900	0
71000	0
71100	0
71200	0
71300	0
71400	0
71500	0
71600	0
71700	0
71800	0
71900	0
72000	0
72100	0
72200	0
72300	0
72400	0
72500	0
72600	0
72700	0
72800	0
72900	0
73000	0
73100	0
73200	0
73300	0
73400	0
73500	0
73600	0
73700	0
73800	0
73900	0
74000	0
74100	0
74200	0
74300	0
74400	0
74500	0
74600	0
74700	0
74800	0
74900	0
75000	0
75100	0
75200	0
75300	0
75400	0
75500	0
75600	0
75700	0
75800	0
75900	0
76000	0
76100	0
76200	0
76300	0
76400	0
76500	0
76600	0
76700	0
76800	0
76900	0
77000	0
77100	0
77200	0
77300	0
77400	0
77500	0
77600	0
77700	0
77800	0
77900	0
78000	0
78100	0
78200	0
78300	0
78400	0
78500	0
78600	0
78700	0
78800	0
78900	0
79000	0
79100	0
79200	0
79300	0
79400	0
79500	0
79600	0
79700	0
79800	0
79900	0
80000	0
80100	0
80200	0
80300	0
80400	0
80500	0
80600	0
80700	0
80800	0
80900	0
81000	0
81100	0
81200	0
81300	0
81400	0
81500	0
81600	0
81700	0
81800	0
81900	0
82000	0
82100	0
82200	0
82300	0
82400	0
82500	0
82600	0
82700	0
82800	0
82900	0
83000	0
83100	0
83200	0
83300	0
83400	0
83500	0
83600	0
83700	0
83800	0
83900	0
84000	0
84100	0
84200	0
84300	0
84400	0
84500	0
84600	0
84700	0
84800	0
84900	0
85000	0
85100	0
85200	0
85300	0
85400	0
85500	0
85600	0
85700	0
85800	0
85900	0
86000	0
86100	0
86200	0
86300	0
86400	0
86500	0
86600	0
86700	0
86800	0
86900	0
87000	0
87100	0
87200	0
87300	0
87400	0
87500	0
87600	0
87700	0
87800	0
87900	0
88000	0
88100	0
88200	0
88300	0
88400	0
88500	0
88600	0
88700	0
88800	0
88900	0
89000	0
89100	0
89200	0
89300	0
89400	0
89500	0
89600	0
89700	0
89800	0
89900	0
90000	0
90100	0
90200	0
90300	0
90400	0
90500	0
90600	0
90700	0
90800	0
90900	0
91000	0
91100	0
91200	0
91300	0
91400	0
91500	0
91600	0
91700	0
91800	0
91900	0
92000	0
92100	0
92200	0
92300	0
92400	0
92500	0
92600	0
92700	0
92800	0
92900	0
93000	0
93100	0
93200	0
93300	0
93400	0
93500	0
93600	0
93700	0
93800	0
93900	0
94000	0
94100	0
94200	0
94300	0
94400	0
94500	0
94600	0
94700	0
94800	0
94900	0
95000	0
95100	0
95200	0
95300	0
95400	0
95500	0
95600	0
95700	0
95800	0
95900	0
96000	0
96100	0
96200	0
96300	0
96400	0
96500	0
96600	0
96700	0
96800	0
96900	0
97000	0
97100	0
97200	0
97300	0
97400	0
97500	0
97600	0
97700	0
97800	0
97900	0
98000	0
98100	0
98200	0
98300	0
98400	0
98500	0
98600	0
98700	0
98800	0
98900	0
99000	0
99100	0
99200	0
99300	0
99400	0
99500	0
99600	0
99700	0
99800	0
99900	0
100000	0
100100	0
100200	0
100300	0
100400	0
100500	0
100600	0
100700	0
100800	0
100900	0
101000	0
101100	0
101200	0
101300	0
101400	0
101500	0
101600	0
101700	0
101800	0
101900	0
102000	0
102100	0
102200	0
102300	0
102400	0
102500	0
102600	0
102700	0
102800	0
102900	0
103000	0
103100	0
103200	0
103300	0
103400	0
103500	0
103600	0
103700	0
103800	0
103900	0
104000	0
104100	0
104200	0
104300	0
104400	0
104500	0
104600	0
104700	0
104800	0
104900	0
105000	0
105100	0
105200	0
105300	0
105400	0
105500	0
105600	0
105700	0
105800	0
105900	0
106000	0
106100	0
106200	0
106300	0
106400	0
106500	0
106600	0
106700	0
106800	0
106900	0
107000	0
107100	0
107200	0
107300	0
107400	0
107500	0
107600	0
107700	0
107800	0
107900	0
108000	0
108100	0
108200	0
108300	0
108400	0
108500	0
108600	0
108700	0
108800	0
108900	0
109000	0
109100	0
109200	0
109300	0
109400	0
109500	0
109600	0
109700	0
109800	0
109900	0
110000	0
110100	0
110200	0
110300	0
110400	0
110500	0
110600	0
110700	0
110800	0
110900	0
111000	0
111100	0
111200	0
111300	0
111400	0
111500	0
111600	0
111700	0
111800	0
111900	0
112000	0
112100	0
112200	0
112300	0
112400	0
112500	0
112600	0
112700	0
112800	0
112900	0
113000	0
113100	0
113200	0
113300	0
113400	0
113500	0
113600	0
113700	0
113800	0
113900	0
114000	0
114100	0
114200	0
114300	0
114400	0
114500	0
114600	0
114700	0
114800	0
114900	0
115000	0
115100	0
115200	0
115300	0
115400	0
115500	0
115600	0
115700	0
115800	0
115900	0
116000	0
116100	0
116200	0
116300	0
116400	0
116500	0
116600	0
116700	0
116800	0
116900	0
117000	0
117100	0
117200	0
117300	0
117400	0
117500	0
117600	0
117700	0
117800	0
117900	0
118000	0
118100	0
118200	0
118300	0
118400	0
118500	0
118600	0
118700	0
118800	0
118900	0
119000	0
119100	0
119200	0
119300	0
119400	0
119500	0
119600	0
119700	0
119800	0
119900	0
120000	0
120100	0
120200	0
120300	0
120400	0
120500	0
120600	0
120700	0
120800	0
120900	0
121000	0
121100	0
121200	0
121300	0
121400	0
121500	0
121600	0
121700	0
121800	0
121900	0
122000	0
122100	0
122200	0
122300	0
122400	0
122500	0
122600	0
122700	0
122800	0
122900	0
123000	0
123100	0
123200	0
123300	0
123400	0
123500	0
123600	0
123700	0
123800	0
123900	0
124000	0
124100	0
124200	0
124300	0
124400	0
124500	0
124600	0
124700	0
124800	0
124900	0
125000	0
125100	0
125200	0
125300	0
125400	0
125500	0
125600	0
125700	0
125800	0
125900	0
126000	0
126100	0
126200	0
126300	0
126400	0
126500	0
126600	0
126700	0
126800	0
126900	0
127000	0
127100	0
127200	0
127300	0
127400	0
127500	0
127600	0
127700	0
127800	0
127900	0
128000	0
128100	0
128200	0
128300	0
128400	0
128500	0
128600	0
128700	0
128800	0
128900	0
129000	0
129100	0
129200	0
129300	0
129400	0
129500	0
129600	0
129700	0
129800	0
129900	0
130000	0
130100	0
130200	0
130300	0
130400	0
130500	0
130600	0
130700	0
130800	0
130900	0
131000	0
131100	0
131200	0
131300	0
131400	0
131500	0
131600	0
131700	0
131800	0
131900	0
132000	0
132100	0
132200	0
132300	0
132400	0
132500	0
132600	0
132700	0
132800	0
132900	0
133000	0
133100	0
133200	0
133300	0
133400	0
133500	0
133600	0
133700	0
133800	0
133900	0
134000	0
134100	0
134200	0
134300	0
134400	0
134500	0
134600	0
134700	0
134800	0
134900	0
135000	0
135100	0
135200	0
135300	0
135400	0
135500	0
135600	0
135700	0
135800	0
135900	0
136000	0
136100	0
136200	0
136300	0
136400	0
136500	0
136600	0
136700	0
136800	0
136900	0
137000	0
137100	0
137200	0
137300	0
137400	0
137500	0
137600	0
137700	0
137800	0
137900	0
138000	0
138100	0
138200	0
138300	0
138400	0
138500	0
138600	0
138700	0
138800	0
138900	0
139000	0
139100	0
139200	0
139300	0
139400	0
139500	0
139600	0
139700	0
139800	0
139900	0
140000	0
