913
443
494
363
406
228
305
258
232
252
215
313
242
234
332
276
298
449
268
498
199
509
356
398
275
373
332
272
340
315
419
263
538
198
348
431
316
491
362
399
402
575
394
254
396
365
251
460
336
391
316
323
227
691
313
226
385
351
404
423
208
233
276
388
426
383
428
149
424
290
231
377
325
364
355
370
302
264
276
358
421
210
260
515
269
424
307
321
345
326
364
441
210
270
487
302
368
418
458
383
246
374
320
307
341
256
370
356
334
227
458
201
198
419
285
376
416
390
357
344
388
542
515
336
435
533
252
437
134
460
202
371
491
392
345
187
498
308
416
401
386
452
408
356
474
314
330
370
153
511
412
221
339
216
320
309
236
339
378
254
246
403
294
401
229
240
330
407
604
394
470
652
348
365
352
392
162
449
393
269
365
624
406
404
375
209
355
286
350
239
208
332
287
290
286
435
191
449
264
442
359
462
163
548
333
453
226
529
246
313
367
246
371
333
260
298
353
241
440
380
453
573
377
399
278
429
229
488
306
301
261
415
583
169
298
249
329
423
339
271
484
426
572
537
316
295
345
322
224
257
268
215
233
356
300
391
349
425
357
324
569
451
535
276
353
378
469
221
508
401
281
207
468
241
406
254
336
310
205
318
492
174
387
520
529
427
209
533
324
271
283
388
170
281
363
419
382
382
539
326
352
396
379
632
161
538
385
343
543
315
344
466
274
340
548
283
346
421
418
300
553
340
411
274
230
341
514
258
504
309
229
327
475
349
472
220
386
434
604
306
406
460
478
461
245
334
494
234
165
476
523
179
545
266
256
711
158
307
337
298
519
335
357
312
262
291
385
533
177
312
497
270
352
363
427
301
277
338
484
339
274
354
328
519
375
329
307
416
187
399
264
440
336
259
409
415
234
439
360
611
447
363
403
582
382
485
278
375
415
361
212
341
294
481
239
287
253
378
318
317
309
542
323
272
223
413
632
415
379
409
417
492
545
440
215
495
540
571
312
332
435
403
386
273
474
527
315
499
590
423
307
447
348
377
279
426
352
179
551
470
388
321
375
227
163
409
336
436
452
281
538
354
428
259
429
455
406
581
599
286
498
481
371
314
333
343
421
186
563
351
200
371
406
102
364
354
616
364
390
284
524
351
214
319
377
457
221
308
293
408
252
233
300
550
258
380
295
443
383
345
250
390
300
257
524
418
201
211
291
257
382
286
378
315
340
377
308
196
244
282
412
50
341
224
205
239
278
269
199
359
312
603
249
348
374
275
522
196
460
288
147
307
273
293
459
382
349
450
406
376
610
393
227
360
204
488
351
286
212
462
343
382
181
158
322
253
327
225
360
296
250
175
477
320
430
295
358
424
346
390
495
516
412
365
363
263
421
290
436
270
403
348
219
304
268
416
357
578
276
598
208
430
217
281
291
308
301
242
560
374
425
375
184
338
381
497
377
326
212
443
328
452
281
252
392
321
344
301
268
299
290
347
400
323
461
362
317
311
395
429
228
515
356
404
296
310
455
309
344
414
654
258
399
364
508
398
359
169
374
549
345
185
436
398
266
369
423
471
549
342
347
244
307
238
297
489
526
310
452
270
435
221
325
199
392
264
427
253
374
324
466
263
443
380
204
373
238
271
448
360
231
468
226
194
227
546
375
526
531
415
494
300
254
424
488
289
364
358
208
248
277
405
256
671
283
359
313
369
283
385
356
393
327
187
242
420
259
404
145
354
284
228
231
259
198
242
336
458
332
227
207
296
182
311
138
218
426
180
364
360
356
323
386
420
289
264
337
339
199
448
250
315
326
452
399
495
369
312
496
269
270
533
390
304
578
245
392
316
432
306
425
317
409
343
246
342
200
178
476
235
372
277
369
307
244
323
440
363
196
324
229
262
316
323
396
392
533
152
381
364
484
256
441
282
298
332
385
449
328
395
478
313
382
341
419
347
261
276
379
354
479
439
259
446
420
237
568
351
178
194
222
211
309
365
356
324
369
309
353
389
326
428
402
328
393
636
323
381
392
536
352
342
402
311
357
535
337
504
542
408
386
276
328
228
402
332
297
189
328
507
411
260
461
397
451
235
275
278
259
409
227
355
232
633
330
286
487
431
398
251
395
419
283
400
189
342
227
588
485
258
326
407
530
530
308
487
223
347
347
353
435
412
283
479
480
355
491
345
565
446
305
303
427
364
295
353
172
673
362
371
390
260
439
407
319
373
331
440
522
322
394
527
392
321
254
155
218
141
204
249
244
309
355
421
339
439
337
252
176
293
412
352
197
385
288
215
458
338
476
308
243
318
254
515
328
253
337
184
265
355
233
380
352
349
371
344
257
355
163
292
289
369
612
313
575
366
495
718
262
392
372
393
341
527
514
140
710
264
523
366
383
385
326
481
169
463
312
254
242
269
317
402
372
379
214
542
341
452
396
344
121
289
340
314
294
180
271
443
482
326
491
237
379
232
534
547
505
352
295
384
353
409
323
506
345
638
456
364
299
533
217
396
259
489
228
286
357
275
465
181
350
324
595
434
383
594
388
401
498
343
304
372
332
493
383
375
307
359
263
371
234
570
389
440
324
568
587
278
417
177
457
458
414
269
441
334
337
248
322
300
264
403
348
347
318
458
468
323
339
641
378
339
442
236
299
228
372
404
298
189
223
318
241
211
476
147
405
440
461
269
326
484
341
283
280
424
349
413
225
340
226
381
379
380
397
272
363
485
157
194
210
217
95
227
374
143
443
303
509
459
281
377
351
286
411
271
468
440
311
456
384
218
418
172
342
290
290
250
501
271
442
492
252
377
246
284
257
316
295
130
336
231
204
272
232
228
258
304
363
418
374
386
163
515
316
314
280
546
229
339
368
438
511
358
312
602
389
419
388
582
386
349
415
291
247
237
282
328
200
459
305
476
427
297
286
237
401
333
417
296
582
294
490
352
522
483
270
359
342
208
433
308
478
412
303
363
190
483
314
322
365
231
538
277
472
262
443
457
348
382
337
187
381
117
401
239
260
321
360
280
415
471
330
349
213
367
232
400
348
374
342
381
164
327
364
357
380
525
415
452
329
518
430
475
426
449
499
593
127
331
285
287
464
373
227
441
217
238
298
333
379
334
217
401
413
211
344
196
381
474
357
329
368
381
300
287
251
302
347
230
219
241
258
385
274
367
349
475
373
636
185
404
243
294
368
488
482
238
426
239
289
232
370
362
388
310
387
424
235
346
275
428
332
320
494
265
407
352
539
363
462
271
384
255
298
476
208
409
470
358
396
498
351
262
412
403
374
386
279
316
345
438
260
413
360
496
214
331
361
266
385
257
534
302
374
256
361
205
353
248
416
366
296
424
311
352
326
476
387
521
340
232
419
257
298
364
317
460
228
386
424
168
405
305
309
355
404
380
262
304
462
353
215
424
369
155
377
199
579
462
268
327
247
320
279
401
316
488
358
301
388
271
510
317
246
396
323
306
369
424
248
345
274
361
456
339
408
221
302
488
365
386
373
317
303
419
363
291
369
246
465
209
191
381
265
391
419
198
341
582
361
465
413
484
331
322
299
445
174
463
250
373
255
335
286
389
378
195
455
286
507
291
253
429
574
246
173
354
224
515
191
304
295
266
328
439
245
349
355
343
249
167
296
322
323
422
334
395
337
233
218
547
279
468
191
255
435
387
501
406
465
371
423
493
268
209
379
313
345
362
273
384
258
345
431
342
295
197
314
295
376
253
333
325
438
266
485
421
315
367
249
490
127
203
484
238
444
283
288
252
333
346
580
310
552
665
386
304
511
458
359
474
239
376
374
350
492
431
335
391
248
478
396
442
122
363
336
222
401
213
250
247
435
403
382
465
218
224
361
291
268
350
211
441
362
220
351
414
436
509
525
221
471
350
398
315
299
310
220
413
584
275
247
541
248
299
309
334
230
238
398
544
265
219
303
356
488
492
516
306
518
385
400
248
470
305
358
458
434
474
257
448
474
387
427
387
455
183
302
364
260
382
297
410
417
565
428
518
470
449
214
412
357
393
320
282
556
195
425
347
436
449
335
443
163
327
307
244
359
216
376
246
260
320
542
506
163
588
501
244
240
404
227
314
309
388
358
352
387
350
428
331
293
176
284
330
299
282
280
352
294
387
355
408
291
362
484
524
463
365
439
514
526
401
510
385
544
254
428
507
428
432
359
377
287
301
386
513
372
333
479
268
573
341
560
214
254
288
157
265
363
286
398
249
308
261
264
456
337
207
485
291
453
375
338
418
358
413
231
222
207
268
354
274
364
292
259
355
606
573
338
335
314
293
313
357
278
321
338
377
159
131
313
247
207
306
374
216
355
301
465
146
259
199
385
172
411
381
167
383
342
479
395
450
302
380
526
402
356
569
383
267
592
440
660
409
184
371
462
252
283
401
529
149
256
343
379
265
389
458
203
474
319
275
246
216
228
185
132
475
404
262
244
555
540
390
449
349
335
282
285
450
239
300
315
337
327
276
450
559
384
447
296
463
257
394
263
459
465
374
489
220
421
359
507
369
222
582
353
376
226
265
238
301
190
464
311
240
357
305
209
297
199
405
414
229
610
322
572
471
413
283
273
350
369
366
264
200
314
516
398
384
356
479
318
202
541
352
340
647
417
455
361
438
259
318
336
406
455
342
370
262
312
596
191
471
269
371
411
459
400
350
210
326
280
395
264
354
284
286
356
279
444
255
280
487
453
413
360
400
223
377
239
295
234
321
274
322
300
248
420
235
406
232
270
358
192
345
472
227
366
204
319
478
408
296
346
304
392
408
307
555
392
499
516
541
190
393
352
396
463
341
506
187
443
415
432
354
247
499
453
367
269
316
442
362
310
293
508
383
353
271
186
505
339
245
571
498
289
329
423
329
287
373
335
364
432
550
363
416
277
274
343
343
275
258
305
281
530
325
490
308
497
269
305
346
384
502
174
356
441
312
689
169
597
205
349
436
341
214
286
337
463
406
264
338
365
238
487
416
291
449
349
521
366
308
448
439
377
347
502
188
182
510
246
272
237
452
253
479
343
486
369
619
490
132
474
298
285
462
282
554
344
541
240
285
183
492
278
297
272
309
314
258
372
213
387
343
272
400
316
279
305
373
273
365
282
342
445
219
539
627
343
322
412
511
407
462
263
291
311
469
263
300
299
317
322
374
354
408
319
265
435
463
418
436
384
308
512
378
537
186
279
470
252
332
326
600
349
351
328
300
450
310
321
490
390
337
288
295
303
415
341
291
369
403
374
512
276
418
428
348
497
544
253
288
274
392
454
456
167
372
409
275
372
323
220
375
286
283
477
202
238
263
501
250
316
258
541
281
397
462
193
322
227
515
381
468
286
439
484
463
492
338
607
181
334
311
405
300
371
186
285
455
172
286
393
340
179
200
359
392
195
205
423
298
331
248
407
396
425
389
343
643
332
396
523
361
426
377
365
352
427
349
294
368
366
448
497
278
561
330
541
643
302
435
352
367
455
301
319
299
462
137
384
344
449
247
424
351
349
246
351
302
536
209
482
439
467
458
573
284
360
436
277
524
509
369
329
557
327
489
409
505
274
404
344
323
351
314
182
428
266
325
247
253
362
447
352
309
224
355
438
435
434
276
469
144
468
278
274
406
425
359
392
308
309
450
317
269
477
160
199
268
303
272
271
246
309
204
342
271
375
476
387
561
419
153
544
470
477
386
483
336
338
251
431
311
465
205
355
392
318
461
284
417
321
427
382
559
287
487
145
363
362
254
259
389
261
616
378
307
258
204
231
427
316
217
263
225
329
293
517
289
366
231
490
156
405
228
469
178
549
424
309
242
346
346
584
150
483
288
438
249
249
482
210
452
370
87
266
372
348
344
367
204
363
176
393
429
331
346
294
265
238
324
299
387
322
386
268
478
283
364
195
460
318
320
202
443
360
383
389
356
248
347
402
311
464
282
248
504
383
265
378
436
333
181
618
338
346
382
372
181
344
459
261
509
405
561
272
490
333
404
373
387
472
424
459
360
438
205
462
389
377
350
477
315
216
477
290
373
233
270
370
385
457
479
568
384
718
439
435
502
416
345
429
344
272
207
179
333
333
316
197
267
217
435
347
201
353
171
293
182
377
450
510
254
403
307
315
427
251
557
337
281
423
486
311
279
332
186
243
411
468
248
250
314
436
358
408
433
244
292
296
315
323
440
342
357
453
402
445
451
385
317
585
433
417
271
492
307
290
170
423
302
402
432
271
452
439
184
337
351
374
393
467
346
166
280
307
517
337
288
474
348
308
322
383
245
548
220
273
415
322
228
259
329
165
496
260
391
339
434
560
248
626
346
538
193
706
389
358
609
382
270
393
215
307
203
232
242
280
253
406
456
340
360
379
509
264
432
623
466
434
397
408
271
334
337
403
279
388
347
338
318
402
330
351
358
294
524
364
163
474
258
372
278
225
180
407
294
220
366
247
265
480
328
455
528
339
379
336
345
446
425
318
299
320
331
358
265
336
311
396
307
476
354
494
242
561
423
210
459
237
373
230
203
352
462
391
362
380
409
266
430
363
503
470
301
367
359
266
551
350
257
465
295
417
439
277
371
401
371
286
430
409
277
242
378
295
420
233
313
283
425
418
443
411
417
572
370
261
277
355
331
400
415
267
362
605
310
543
308
306
325
263
468
230
392
490
342
393
335
356
240
329
277
374
526
249
260
327
376
162
344
254
369
319
222
323
325
343
501
361
526
320
461
307
281
354
376
483
228
268
272
348
166
336
444
421
66
281
226
301
271
481
476
274
362
290
327
364
255
533
237
429
342
175
590
294
386
151
294
121
435
545
131
352
189
501
294
269
261
389
266
353
236
408
365
202
342
451
293
258
228
256
215
189
400
436
322
341
242
226
391
365
251
442
326
542
245
294
396
391
468
386
501
311
301
275
253
512
436
371
324
376
325
278
374
310
252
282
397
189
499
225
445
321
401
349
422
193
404
511
479
595
352
346
357
295
143
278
469
241
299
481
365
265
451
328
250
166
374
386
349
246
397
360
449
316
618
300
309
350
355
261
326
206
313
471
233
245
393
200
246
254
328
330
424
270
366
537
503
321
284
375
441
323
251
550
477
358
435
338
464
215
243
460
383
445
269
222
555
221
408
542
227
469
500
360
274
499
159
375
216
363
342
355
421
465
221
301
236
342
260
414
381
481
392
424
183
338
437
445
320
355
276
339
283
134
448
189
406
170
299
156
396
355
189
273
264
478
322
251
425
286
250
409
337
403
292
353
440
187
193
200
601
231
347
257
370
402
306
414
430
343
288
429
366
254
214
239
300
391
238
387
286
541
646
496
464
319
382
250
363
215
340
275
279
451
399
374
487
381
507
401
555
337
274
571
211
347
228
398
494
256
329
206
467
191
425
443
225
281
294
394
493
288
685
627
321
393
297
251
261
454
396
338
455
288
342
321
380
348
401
239
417
406
292
335
170
344
256
401
508
372
211
548
194
247
309
325
429
369
431
335
336
298
441
435
322
392
509
294
526
275
376
404
367
425
458
273
458
141
202
257
198
602
156
598
432
220
467
363
355
482
330
396
411
496
301
309
119
411
340
291
337
157
369
402
323
220
333
373
277
378
376
202
366
279
237
284
459
436
380
403
473
222
479
505
255
256
331
351
340
331
364
428
353
315
213
447
580
289
411
355
352
547
307
595
340
329
136
339
347
365
237
360
304
209
249
389
203
572
389
225
380
267
378
275
200
372
197
320
243
143
241
207
375
344
352
378
340
362
268
454
262
324
239
301
185
500
366
295
305
331
334
326
367
363
371
323
262
381
593
258
254
365
281
278
278
270
433
384
265
449
228
372
385
300
359
208
369
135
665
208
496
323
393
165
376
446
281
233
401
435
310
324
423
318
390
514
396
269
459
359
372
348
112
259
457
255
298
305
399
277
351
243
324
477
373
384
432
446
331
231
362
270
350
176
199
140
240
300
527
289
418
342
303
476
225
342
294
500
487
347
337
384
360
243
417
497
396
442
256
526
379
345
336
170
311
305
305
285
368
417
174
393
287
434
331
271
305
241
323
306
436
379
258
314
192
163
354
328
365
217
661
380
398
399
410
423
218
454
208
492
188
338
326
477
405
258
317
365
233
246
211
398
288
382
359
383
286
467
183
339
375
382
213
431
325
506
215
437
333
428
473
592
275
388
335
345
376
262
551
301
330
335
336
411
545
342
361
421
496
279
276
426
278
220
265
260
228
455
342
378
427
346
293
599
349
367
153
231
298
381
376
287
401
262
229
207
283
406
321
279
450
276
516
432
398
326
189
470
474
166
328
277
241
433
327
206
301
374
168
414
343
433
212
312
459
333
225
341
471
479
330
334
329
376
442
354
244
370
268
306
404
311
274
402
214
338
517
384
420
618
335
577
351
490
254
425
381
274
415
335
540
320
455
271
204
368
352
321
273
347
528
542
233
375
387
309
357
456
376
426
425
264
334
271
347
335
562
320
290
340
270
315
224
269
427
358
522
341
232
296
173
330
77
348
152
206
372
296
282
268
366
201
493
264
419
421
359
417
277
204
402
396
272
538
367
442
363
406
348
583
271
403
279
293
388
236
204
374
260
414
392
384
293
284
357
336
320
438
134
276
450
277
317
343
539
247
381
320
346
423
386
277
399
357
341
228
433
421
397
585
382
410
231
405
394
503
477
304
335
262
250
493
485
305
480
209
373
534
296
396
501
376
475
528
415
274
519
562
474
518
317
306
322
182
329
421
439
313
277
335
297
362
280
481
343
381
359
384
490
529
325
496
346
387
423
405
279
456
382
322
488
495
534
529
403
376
515
339
426
272
319
281
346
329
340
413
166
359
342
265
383
284
409
247
293
267
310
246
245
200
378
91
480
155
248
345
289
378
421
354
237
492
440
274
365
430
379
435
299
278
335
293
423
225
258
319
399
170
293
290
414
327
259
382
282
380
262
282
337
420
327
387
345
426
264
502
368
430
438
503
277
600
398
439
374
281
386
274
380
330
565
556
275
305
302
308
242
409
314
370
360
485
119
411
415
254
498
434
440
312
239
276
494
425
142
320
243
366
353
296
324
321
274
329
595
212
481
451
314
262
367
216
363
326
333
318
343
361
281
436
164
160
225
356
406
361
331
295
370
297
297
350
299
446
291
335
371
209
362
216
442
348
400
386
270
506
404
350
463
387
323
348
422
335
432
359
277
416
341
403
364
394
319
293
198
276
274
306
466
339
492
227
506
238
331
410
261
402
163
277
181
565
395
423
478
431
356
264
499
276
393
421
260
517
542
526
311
530
279
530
316
293
309
638
380
277
277
325
405
422
420
322
470
164
405
448
422
341
190
418
497
316
275
398
550
277
619
242
304
425
213
266
305
345
247
318
174
275
482
327
196
314
406
166
490
307
330
424
352
329
322
236
388
414
359
409
404
332
221
194
142
309
256
414
234
444
111
342
272
263
206
287
376
286
432
413
409
405
340
346
351
264
586
396
254
432
486
429
439
344
313
272
499
196
390
327
301
270
330
312
335
333
460
311
274
541
339
328
503
434
300
389
384
407
278
237
364
168
393
275
529
713
235
486
158
491
368
481
518
460
323
323
375
404
344
319
280
231
277
322
296
338
531
315
253
459
392
414
357
401
299
248
568
324
199
402
191
471
268
268
377
215
322
337
285
525
243
323
283
474
327
261
286
317
290
411
214
396
627
216
443
309
543
368
528
397
361
445
248
510
391
569
363
330
312
259
226
319
211
379
451
246
180
164
244
274
448
392
314
480
196
217
252
174
234
246
220
318
186
307
301
387
224
236
283
215
390
512
382
621
295
425
224
586
530
375
306
444
477
471
384
370
462
229
450
362
361
160
323
268
310
412
343
397
321
489
303
353
369
445
361
344
341
266
200
184
441
445
372
321
340
313
528
234
490
395
255
456
628
408
515
280
389
394
321
306
476
361
281
178
410
336
397
396
376
425
231
577
357
495
326
321
400
251
279
262
372
365
453
383
262
486
236
318
422
435
426
276
345
180
207
397
321
391
180
355
376
316
303
274
338
229
425
159
372
362
277
182
380
261
268
389
448
260
270
204
374
252
388
343
268
444
333
437
325
359
673
301
320
318
278
458
421
299
555
247
382
316
302
136
502
350
269
301
220
196
298
230
449
301
228
394
425
321
363
320
434
371
423
397
304
406
268
298
441
131
425
416
362
257
425
443
477
251
401
353
282
485
254
228
200
401
316
399
325
366
421
374
394
350
453
319
401
656
282
396
273
519
464
448
321
519
454
235
506
422
300
532
290
432
446
156
455
386
281
307
366
332
277
459
217
222
198
406
551
271
463
336
576
450
515
542
344
597
610
346
515
416
296
459
247
302
393
429
234
412
547
240
499
530
205
321
340
273
264
431
368
277
245
277
333
243
351
231
389
320
550
412
367
434
240
342
253
283
284
297
323
244
201
384
208
451
393
516
511
465
286
473
414
222
206
305
252
373
408
437
402
436
286
361
268
504
315
373
271
356
339
305
253
402
438
368
329
337
299
346
445
432
372
397
410
408
205
461
311
326
394
163
358
340
348
163
218
254
329
188
346
314
336
439
341
337
379
379
350
510
346
363
355
160
239
235
195
347
147
284
113
310
378
293
299
175
360
288
416
198
332
445
361
466
264
423
335
333
357
157
311
196
448
313
296
643
200
270
393
301
338
259
291
437
335
347
341
327
342
476
410
353
226
281
386
430
370
298
356
286
308
253
357
205
295
431
139
423
346
377
590
287
503
358
353
387
396
352
534
593
271
417
351
322
199
339
305
210
389
362
405
242
597
284
322
612
320
458
284
272
333
347
207
380
332
334
373
504
322
250
471
249
279
329
368
470
398
258
331
449
357
353
433
577
338
563
281
419
325
400
353
391
319
439
263
321
228
283
273
245
423
249
296
359
404
282
388
334
458
464
444
433
593
332
292
653
230
273
385
192
422
339
481
285
531
404
304
311
380
295
448
378
474
264
428
315
385
427
149
206
146
390
313
532
378
340
198
426
443
344
392
179
205
232
438
262
139
267
423
333
537
211
175
196
305
312
310
410
265
263
434
229
341
460
432
286
364
374
267
183
515
326
230
264
297
141
221
257
359
321
367
366
422
318
315
408
347
321
356
374
353
270
201
412
405
263
293
541
333
464
352
417
223
311
373
273
408
567
297
378
325
324
317
267
101
241
262
307
220
405
385
197
343
418
122
524
222
220
299
322
378
149
169
289
271
166
329
280
355
192
434
349
306
362
136
422
170
363
314
305
303
278
214
333
122
287
194
202
174
392
303
234
476
162
492
241
338
290
322
253
322
266
327
280
248
186
156
202
353
272
340
171
180
229
460
297
388
366
321
137
325
188
158
433
125
219
318
311
101
322
226
160
72
337
226
186
203
341
259
173
193
169
206
325
205
250
191
94
154
278
152
422
248
165
296
157
318
141
187
178
126
285
4
169
73
126
34
136
135
117
228
180
229
260
184
65
147
146
106
93
153
111
219
312
142
120
97
179
67
172
183
38
238
69
97
57
81
120
20
156
87
201
68
-2
71
17
43
32
75
80
156
58
152
20
101
55
119
79
45
113
10
0
-3
107
-6
45
28
103
74
116
71
-6
14
18
67
32
20
2
63
56
88
81
12
51
162
35
100
14
-2
50
44
35
6
-1
88
61
129
56
-1
6
16
36
-7
42
-6
13
13
76
21
49
25
7
44
59
-7
12
50
-7
-6
-1
11
36
