853
42
48
191
182
135
215
178
152
133
145
76
224
60
84
49
169
111
118
88
82
52
74
91
156
77
108
65
121
140
55
150
46
65
111
155
113
85
143
88
139
119
9
201
224
59
97
87
171
276
97
48
176
262
108
193
82
180
77
197
76
92
112
111
220
20
152
198
95
95
145
100
129
27
225
252
103
102
109
64
334
148
84
64
78
176
127
143
168
133
131
113
261
152
123
75
209
151
160
158
116
193
189
198
188
125
132
119
21
161
118
158
137
134
194
131
44
206
154
94
124
155
86
165
129
74
144
197
176
48
80
98
143
286
277
45
150
139
35
134
188
102
92
131
150
174
175
155
132
152
27
20
206
111
16
115
69
101
177
171
167
149
100
91
266
272
120
14
60
66
150
67
206
62
181
113
92
35
122
213
83
173
89
77
210
45
167
182
162
96
79
103
169
65
103
183
60
156
111
80
218
90
97
61
121
125
109
88
202
244
78
106
104
278
98
45
234
129
96
81
72
118
191
120
123
137
120
231
103
186
60
82
71
118
105
176
76
248
156
72
137
168
101
315
45
146
122
300
42
163
46
121
110
129
111
155
104
127
59
133
91
150
63
83
152
114
101
274
66
152
107
203
98
91
33
78
225
175
19
132
55
62
116
214
98
148
90
27
200
162
249
134
69
59
282
129
115
132
66
214
101
122
243
333
69
255
146
136
28
220
54
147
348
260
129
150
68
40
321
90
32
71
174
177
132
77
86
64
273
55
84
352
51
155
182
70
161
103
82
52
200
174
149
136
106
259
67
128
183
130
202
136
42
245
165
117
143
191
178
123
58
182
236
151
134
140
118
58
88
265
34
56
90
168
271
131
156
113
99
92
123
89
119
130
34
129
117
117
140
97
78
60
165
87
123
47
250
144
78
67
80
124
100
111
158
153
125
1
86
268
106
30
154
42
84
144
157
21
173
177
222
230
176
105
234
112
296
226
139
294
83
172
141
144
144
184
131
64
188
124
69
55
124
230
113
93
198
128
82
122
117
122
208
215
261
196
130
161
160
114
237
52
132
80
47
185
130
75
127
117
136
124
140
39
85
62
83
142
38
139
59
184
45
117
158
122
100
82
177
224
112
23
170
70
241
113
125
72
175
193
81
128
151
143
240
100
0
269
74
238
124
91
256
87
150
133
47
133
261
144
134
69
110
160
42
207
98
133
90
13
113
217
207
106
61
91
133
113
37
138
74
186
64
80
108
123
96
274
86
189
154
222
152
196
243
102
94
237
37
250
204
21
108
156
197
130
67
120
158
199
123
102
70
54
182
127
83
20
152
233
220
75
230
111
54
54
99
188
40
139
105
158
106
156
183
231
68
54
181
33
100
234
149
287
71
367
132
253
93
197
161
59
86
105
143
170
54
206
0
201
39
123
86
93
92
87
136
97
23
134
36
43
235
101
159
120
62
117
156
205
98
157
194
60
207
93
207
67
129
147
245
268
184
227
49
81
234
231
54
129
191
138
68
98
212
196
224
44
80
85
256
141
196
44
218
105
153
55
58
87
219
176
160
77
48
138
210
76
223
-7
85
133
119
191
84
87
71
54
216
74
197
120
149
80
78
176
142
84
343
113
60
373
129
117
218
54
44
350
180
77
67
100
158
77
127
95
58
145
189
133
44
35
181
76
78
129
169
220
130
99
264
57
69
154
130
259
171
175
111
87
126
94
156
194
142
214
126
88
294
255
5
130
100
49
351
279
48
55
220
52
136
237
168
75
179
184
73
169
87
230
137
74
36
164
161
262
234
96
113
66
78
177
55
223
153
74
232
117
225
56
311
182
109
130
118
129
151
181
43
126
156
33
173
153
40
211
211
109
108
70
11
403
124
91
142
179
38
112
106
94
175
173
189
168
63
204
75
178
97
113
208
160
119
149
166
221
241
140
105
108
195
138
177
99
222
66
276
226
191
106
154
97
5
216
107
234
147
123
122
79
99
38
171
250
49
90
240
264
32
56
219
171
138
97
116
60
140
159
255
288
14
84
69
170
77
147
78
184
81
128
96
340
113
129
118
193
34
168
194
14
198
60
93
105
95
132
220
121
83
313
27
96
68
177
119
265
66
174
140
67
130
79
123
173
104
220
115
59
194
70
212
33
67
179
66
174
120
279
61
107
47
89
136
170
89
108
62
287
246
87
131
190
92
173
72
68
176
156
151
147
79
70
123
221
67
144
37
186
182
153
109
199
49
117
104
183
131
174
94
171
29
166
145
227
72
182
173
37
266
276
220
76
141
198
127
158
215
150
341
75
174
149
85
118
264
115
100
103
142
142
248
113
69
78
214
49
57
85
65
230
113
103
111
120
271
94
86
94
120
121
87
65
102
117
216
57
180
177
107
84
166
97
148
353
94
131
108
63
121
132
131
68
105
163
179
335
148
245
115
210
136
214
71
256
66
153
167
263
250
28
225
184
137
223
164
58
123
138
202
134
162
209
230
183
315
150
121
50
173
142
213
46
248
178
114
139
180
130
103
62
163
276
76
239
177
93
186
185
56
243
159
258
209
191
165
167
84
76
51
322
180
124
91
181
135
141
104
76
137
204
73
114
130
129
51
348
172
12
212
222
209
130
81
83
139
138
87
172
82
94
35
80
157
156
114
8
175
239
219
70
157
133
145
217
41
256
171
139
178
102
140
194
132
64
126
134
209
200
164
175
152
99
182
161
326
257
178
233
129
36
196
128
162
173
220
191
84
191
149
26
83
121
170
28
242
197
123
135
98
28
275
174
72
159
187
79
66
95
20
254
150
178
48
10
80
215
34
209
97
103
111
381
106
175
139
36
220
170
66
153
146
236
144
61
225
64
97
26
181
138
174
153
163
215
139
103
66
85
93
135
94
154
66
299
56
141
65
63
46
126
172
18
360
133
149
31
100
147
160
151
133
114
49
232
180
254
40
112
177
78
64
127
86
46
289
212
30
57
155
56
308
114
149
242
72
27
125
39
144
27
167
22
122
104
104
85
196
116
93
107
75
246
83
147
80
144
50
158
161
158
64
176
100
62
40
116
75
74
148
95
140
226
20
-8
49
70
142
117
50
148
111
66
56
88
50
157
20
153
59
92
36
96
120
157
103
66
108
234
261
176
105
121
89
172
82
231
60
161
62
100
158
256
149
72
50
229
155
180
107
68
51
27
108
40
189
84
102
38
103
160
114
199
315
119
64
139
166
127
198
164
228
64
118
133
186
223
288
72
125
255
113
94
149
165
46
120
65
133
121
185
124
75
158
214
19
63
122
12
252
182
142
57
135
96
233
31
61
114
65
11
245
53
131
59
34
210
43
44
127
72
116
154
120
55
154
117
78
86
32
71
174
260
77
262
18
47
106
278
114
101
47
133
229
184
218
55
131
176
100
182
260
174
81
177
244
116
174
221
19
200
141
177
153
115
22
46
306
87
37
154
205
120
136
112
64
255
135
95
105
121
99
74
54
122
163
96
108
136
170
125
229
55
166
190
252
15
162
237
91
295
139
48
120
156
116
108
50
115
138
55
66
177
116
94
117
48
137
94
91
114
267
163
199
38
228
160
205
127
164
89
11
134
41
196
91
142
69
194
169
266
70
112
226
172
116
66
123
49
292
127
185
73
185
104
164
151
135
0
139
90
189
95
136
133
123
130
156
155
101
107
169
50
122
100
92
102
146
47
107
206
81
215
158
198
93
222
108
289
92
80
43
204
135
160
55
130
182
56
184
187
96
74
122
192
236
145
122
192
160
84
169
80
53
114
168
137
175
167
95
121
131
121
122
140
210
270
270
147
49
164
193
177
51
94
195
205
187
200
199
107
93
174
132
73
31
193
108
197
203
218
91
183
43
81
63
273
77
102
142
243
120
96
87
143
145
191
173
164
84
202
157
195
231
161
127
168
183
84
19
124
178
97
135
46
77
102
144
112
270
82
170
259
109
94
146
118
187
95
123
121
253
113
128
128
22
75
75
248
59
31
206
149
119
110
53
199
134
147
61
114
145
179
43
123
145
241
102
130
113
88
74
207
176
187
114
20
29
204
68
205
102
75
82
149
66
152
147
200
108
165
56
118
122
175
188
112
59
65
70
92
90
97
44
236
207
50
231
95
225
255
235
176
179
115
192
127
143
225
185
66
96
89
106
257
77
191
232
152
20
159
80
127
133
173
147
73
25
171
68
53
39
167
120
173
164
150
15
221
281
192
18
184
191
134
85
80
58
211
136
145
52
98
184
126
201
72
87
281
111
168
189
70
65
70
48
14
95
262
163
102
56
138
74
131
174
52
57
170
146
64
179
59
36
94
78
70
86
142
119
54
87
84
84
111
88
179
107
201
105
188
48
256
-8
105
95
142
45
37
133
135
131
35
3
165
135
56
48
78
24
130
248
59
86
39
80
179
150
57
181
132
124
78
208
191
30
101
164
299
131
94
90
130
54
201
24
85
155
195
90
116
101
22
108
45
331
173
55
90
80
146
111
140
134
113
241
146
75
159
293
162
144
141
149
44
192
202
157
190
32
144
180
22
91
353
126
126
88
225
150
37
213
141
265
51
98
54
233
169
105
110
139
129
326
58
16
106
204
176
143
51
190
105
208
26
200
20
188
97
51
188
122
17
58
44
43
252
195
48
87
102
52
255
135
132
25
70
195
137
169
50
132
66
130
101
64
89
257
155
118
131
114
32
84
84
168
132
58
75
50
131
186
109
143
3
164
136
262
114
51
179
322
61
130
20
108
57
277
91
146
113
184
77
225
82
124
116
140
230
110
66
136
86
175
48
138
155
183
103
200
180
80
150
196
137
187
113
310
71
92
152
106
70
190
235
60
177
180
49
87
220
59
154
78
64
158
123
81
215
59
193
247
82
183
131
206
43
153
87
200
182
179
110
75
87
124
280
86
240
74
168
43
123
59
64
79
96
70
44
47
153
72
172
42
146
178
173
127
101
111
148
66
195
126
69
169
191
81
183
204
47
145
121
107
191
130
134
177
94
168
121
140
152
248
241
198
183
107
-6
205
151
174
83
173
244
216
190
54
92
201
101
89
188
130
117
112
106
146
230
223
129
78
110
196
175
219
143
167
259
122
190
129
170
136
86
108
79
171
50
107
85
130
175
186
129
46
80
154
64
56
68
118
71
99
182
297
100
141
193
98
82
232
221
69
138
165
187
169
106
112
79
14
194
75
58
175
55
53
195
193
132
99
53
102
170
116
26
124
207
253
181
93
102
172
160
61
75
311
111
225
108
44
276
97
104
65
102
153
317
24
145
36
137
256
154
81
65
66
96
136
140
26
132
191
217
194
136
133
287
110
57
53
189
103
111
207
186
225
233
249
178
106
139
232
93
134
57
164
80
191
67
24
161
193
154
104
193
129
181
166
125
146
101
152
255
59
159
181
166
170
84
208
157
105
140
225
292
196
196
109
234
134
147
60
163
121
189
91
111
177
136
35
176
197
77
95
90
14
89
417
186
185
115
156
22
230
114
221
56
58
133
241
46
170
182
181
176
98
114
154
113
108
136
127
142
208
241
133
116
139
155
174
136
174
77
310
161
108
130
158
91
91
110
34
76
23
130
33
37
36
76
20
127
78
110
83
57
114
118
94
171
114
105
275
117
130
102
178
62
169
195
67
223
36
108
106
66
65
133
33
150
175
92
177
137
106
1
143
193
74
141
79
65
152
67
119
182
193
69
149
148
38
360
101
149
65
113
68
140
96
77
126
56
155
165
220
63
165
164
66
86
155
49
103
59
87
114
73
124
59
226
54
73
130
130
140
76
193
130
97
178
142
160
174
149
65
111
71
40
212
91
76
58
97
57
128
149
106
45
211
107
396
126
100
156
115
283
181
131
116
151
245
94
301
316
162
122
51
129
244
54
321
46
57
253
80
66
189
240
159
189
131
285
107
27
98
256
270
198
39
146
182
294
91
111
158
138
191
146
95
161
112
160
119
221
189
66
67
202
219
65
78
142
116
83
108
38
163
98
31
145
57
137
185
76
226
139
103
208
100
138
104
63
80
158
320
57
208
98
200
192
176
112
146
122
130
69
18
77
85
134
103
148
94
137
149
25
141
131
66
92
47
163
104
274
70
182
177
113
103
201
78
265
182
82
101
174
169
116
80
53
188
273
171
133
272
218
187
120
95
160
145
38
106
202
149
191
82
152
55
246
103
90
222
250
162
160
124
193
248
233
117
167
171
136
175
183
52
189
258
128
76
110
116
160
131
87
52
204
240
140
113
91
37
175
67
245
28
156
124
63
212
222
125
32
80
89
104
146
99
173
319
170
149
224
117
106
97
305
106
341
48
231
155
181
86
153
68
211
193
121
74
71
277
105
89
109
119
81
309
187
64
257
85
230
73
94
125
117
159
131
121
68
241
83
89
84
57
101
350
119
109
173
159
168
146
113
83
274
281
114
233
221
158
113
79
103
201
92
93
66
203
117
127
161
270
206
190
66
47
146
153
191
168
142
58
147
31
158
140
37
100
160
130
84
103
76
133
204
170
43
107
195
43
165
155
82
160
51
144
272
241
183
212
71
34
50
277
236
217
163
153
163
165
23
182
221
60
142
209
37
87
120
60
143
56
106
190
99
135
160
16
120
175
29
82
76
85
126
106
95
118
40
109
57
76
100
235
125
53
83
197
54
212
135
180
133
216
109
116
106
94
195
206
113
189
202
81
67
122
124
120
90
83
31
312
118
115
153
143
192
94
38
253
49
69
77
110
35
244
86
237
61
236
109
79
120
209
98
177
34
100
190
95
199
244
21
68
105
30
66
25
143
95
59
81
29
24
33
137
52
46
245
95
34
28
184
175
94
80
143
210
146
317
34
241
129
81
198
112
95
135
183
136
130
53
264
104
118
137
12
122
219
242
187
62
159
95
22
254
199
151
147
159
71
59
137
197
127
59
26
120
120
159
102
91
63
170
87
44
113
216
178
165
168
25
102
113
265
260
122
54
143
161
88
118
161
26
92
13
201
122
86
134
69
129
114
98
74
58
62
192
83
85
67
111
69
88
75
160
47
81
34
66
42
155
121
89
46
128
148
225
98
187
107
155
56
200
154
177
140
54
77
116
101
292
135
107
163
56
92
99
100
74
167
321
70
120
70
73
172
122
160
115
178
205
108
182
271
125
130
113
124
151
214
226
182
126
64
213
204
198
165
176
211
166
83
115
229
34
204
210
120
108
105
106
56
90
142
67
101
166
40
100
154
144
91
60
46
185
255
46
121
259
129
174
196
72
197
173
46
97
127
86
93
74
114
117
175
78
239
94
215
94
158
128
210
142
235
127
120
172
223
92
174
137
226
221
93
253
179
114
50
131
135
155
98
189
39
142
36
161
177
93
191
28
189
95
230
165
119
151
108
67
191
99
44
109
52
135
279
111
111
105
144
135
151
151
39
128
68
213
187
198
82
90
64
214
272
131
7
159
154
189
310
42
83
176
158
116
135
119
113
157
68
5
175
122
77
38
33
210
123
191
45
54
75
147
100
72
174
91
199
46
112
136
163
216
93
103
238
201
73
62
58
283
119
65
34
234
101
59
123
151
170
110
127
123
87
199
117
61
180
197
164
70
77
52
52
175
108
47
275
64
73
221
87
199
213
108
238
209
116
112
264
91
153
87
184
131
252
123
214
185
236
108
229
171
127
217
108
360
81
169
272
209
-3
107
94
51
180
104
134
43
175
71
110
294
138
160
83
53
83
138
248
104
89
95
56
67
79
152
46
78
107
170
194
119
44
211
112
21
124
89
210
110
167
138
133
106
26
255
64
28
81
92
114
162
136
211
161
35
234
80
176
70
144
126
135
140
147
123
57
132
130
118
51
127
159
172
42
174
110
73
90
78
87
69
109
129
24
193
58
54
41
255
102
103
136
144
85
81
194
214
260
35
81
194
157
200
327
62
75
165
117
121
126
75
49
126
124
94
259
96
187
170
126
135
232
77
102
130
149
178
110
44
97
133
45
74
122
206
102
127
57
196
8
221
179
70
197
75
250
222
133
124
55
129
218
69
69
116
71
229
211
44
106
81
138
91
159
182
184
133
125
69
136
157
161
158
114
334
132
191
75
104
141
139
182
73
116
158
133
78
172
27
144
43
206
185
162
87
97
6
147
230
201
158
151
144
142
147
120
285
155
153
130
134
62
184
59
95
218
75
230
156
38
217
145
184
104
129
134
27
138
146
118
102
150
126
266
140
83
29
248
127
152
152
111
220
198
116
80
35
64
226
110
164
67
83
131
193
119
91
120
82
231
205
199
60
108
155
152
86
138
35
126
114
203
86
47
46
209
165
106
56
85
192
153
227
87
107
70
191
225
77
97
154
144
116
124
128
183
253
135
86
180
124
105
242
182
177
146
28
93
97
154
127
176
134
24
23
202
170
133
121
188
63
77
300
116
149
66
85
75
234
210
76
106
70
118
183
126
139
70
176
73
57
257
133
100
113
213
116
166
148
129
93
20
156
115
89
257
164
63
218
145
13
149
111
212
182
144
40
48
65
94
181
189
29
61
173
289
275
161
141
178
38
154
46
145
66
26
218
170
46
154
116
101
218
86
163
25
148
188
211
16
256
89
83
164
91
127
283
61
55
176
172
124
112
121
82
101
103
187
138
166
88
96
56
212
142
102
144
169
193
101
97
63
104
128
83
144
93
139
118
186
159
138
120
132
162
139
66
82
87
132
83
167
199
175
182
76
237
128
34
138
119
65
228
92
149
68
117
215
123
128
98
261
98
63
198
158
28
42
159
176
115
211
45
87
87
48
43
207
130
115
36
138
137
182
113
175
169
61
65
55
252
115
129
335
182
76
188
206
123
189
176
66
143
248
102
187
113
100
82
123
109
148
201
148
30
116
180
226
42
23
112
123
244
24
99
103
108
136
107
122
72
109
76
203
216
70
94
147
15
124
156
174
103
114
322
122
8
169
112
23
149
107
148
233
203
198
153
153
42
55
43
103
145
139
24
164
85
184
224
72
49
71
78
187
61
172
60
85
127
126
108
95
193
216
99
79
61
129
173
222
87
115
71
124
106
120
0
85
70
33
225
15
66
201
199
19
145
31
278
178
82
80
222
148
163
117
91
76
96
78
99
115
185
223
124
77
49
131
278
114
29
55
95
98
181
151
226
161
109
246
146
65
217
130
261
146
116
121
187
91
277
33
196
271
120
104
139
15
74
144
94
117
175
92
100
189
109
153
118
139
67
153
82
166
110
104
141
146
54
142
187
123
171
96
96
120
44
56
125
144
72
90
96
183
145
156
97
86
102
102
143
84
157
108
107
133
221
89
84
215
110
268
52
142
29
229
100
193
84
42
127
178
173
182
49
7
67
93
49
318
47
123
82
105
155
194
178
70
120
113
132
58
82
105
48
161
255
52
119
279
193
101
160
84
119
328
233
89
406
100
192
161
133
81
368
58
223
110
127
144
92
215
170
175
2
210
112
166
70
62
237
97
235
44
215
149
173
138
204
116
119
154
186
99
131
74
131
130
188
89
291
51
168
214
65
11
120
145
100
184
82
118
119
25
179
132
81
101
100
55
41
246
71
61
127
255
146
186
102
101
196
184
88
228
153
26
86
125
-8
95
204
34
122
115
62
154
86
113
165
90
63
167
118
168
107
193
93
65
70
146
193
108
169
156
118
191
286
126
201
111
271
117
116
88
260
167
128
157
69
132
230
21
166
125
139
81
112
89
138
119
50
194
120
120
245
225
185
39
148
127
29
215
143
202
119
88
41
118
136
165
110
47
104
198
127
28
64
122
64
182
116
148
273
155
65
150
128
65
35
154
98
45
196
117
264
182
39
240
187
243
118
161
145
108
157
282
158
184
70
95
214
108
30
167
80
171
285
81
94
121
159
174
258
65
165
195
110
274
123
129
73
111
284
67
129
256
71
192
175
89
143
348
188
24
35
196
216
80
29
192
90
114
91
135
57
189
116
210
37
23
209
100
192
117
144
191
212
31
376
170
157
141
266
174
300
67
154
232
157
46
142
15
293
74
221
108
90
170
144
137
144
100
80
83
254
210
107
83
51
233
139
118
165
42
38
223
251
283
36
84
194
93
317
67
31
84
138
31
137
36
155
150
68
91
217
67
123
128
-3
142
172
76
98
80
179
58
87
110
142
34
315
213
213
206
29
34
333
130
189
296
111
98
126
66
92
100
68
179
186
56
141
35
116
137
101
79
112
196
159
140
152
153
132
77
123
112
141
205
56
91
271
170
53
139
109
67
71
82
71
152
96
166
153
35
151
90
75
51
184
52
65
170
80
238
213
38
157
154
134
186
113
92
137
205
72
149
114
184
109
304
115
80
224
238
197
159
75
85
261
194
229
44
235
215
146
266
217
172
85
205
145
169
194
123
239
270
28
140
94
143
198
133
160
214
87
164
228
250
106
144
105
189
70
212
127
108
71
159
107
193
140
86
206
262
133
23
193
90
168
204
240
160
65
45
196
292
102
192
97
306
44
272
62
44
58
122
94
32
186
13
25
115
126
98
90
236
51
103
95
164
203
68
136
19
160
99
82
140
41
90
54
226
47
273
193
111
33
66
108
238
72
196
9
190
202
135
117
222
97
72
191
157
80
232
267
19
142
215
107
110
67
69
56
132
112
47
5
175
108
103
192
83
142
57
97
229
59
64
187
102
72
179
45
198
108
348
243
234
238
197
108
89
124
111
106
130
65
159
105
54
161
174
128
124
132
114
46
101
141
76
81
279
89
163
64
66
36
20
54
25
227
8
133
95
34
76
122
112
106
87
105
212
56
57
201
124
78
86
138
156
179
90
67
65
81
69
206
54
14
214
84
95
48
83
251
128
91
113
133
73
86
19
141
209
112
150
179
68
281
99
96
291
211
109
85
167
66
218
104
213
280
134
125
129
178
79
252
58
262
88
132
141
52
160
236
347
132
162
157
194
197
297
114
188
116
54
73
112
159
234
89
120
96
129
123
76
108
151
175
155
301
35
42
90
98
76
110
167
91
187
109
167
68
83
48
240
136
147
196
80
75
83
150
225
56
144
109
92
150
47
113
86
73
77
45
80
47
127
50
94
34
130
177
159
219
110
81
107
103
151
58
139
121
291
188
300
66
147
204
149
188
154
89
174
55
217
130
96
63
56
140
154
128
227
84
108
27
19
221
148
154
26
100
175
74
183
92
152
38
224
158
194
130
232
228
83
158
157
151
157
90
63
111
325
144
27
115
152
170
141
66
106
111
253
197
140
193
161
128
153
105
200
101
93
141
145
220
185
18
144
270
141
162
97
82
95
210
126
238
152
142
154
61
165
89
116
91
109
62
103
106
47
109
99
53
146
228
82
113
107
141
55
109
100
147
98
79
119
171
36
124
143
105
63
33
132
128
74
227
151
84
184
74
99
213
284
147
168
98
171
307
137
187
204
170
152
169
50
92
190
57
95
117
140
142
150
170
119
126
155
89
75
55
61
175
86
113
183
232
200
58
174
186
146
196
60
114
210
203
39
141
180
78
17
131
275
236
138
51
85
192
179
148
314
156
135
141
198
146
135
80
196
115
200
114
120
125
166
65
179
123
127
139
108
140
232
63
134
162
182
142
78
50
167
161
57
90
282
241
118
37
49
332
58
99
68
105
290
46
227
60
197
183
143
197
170
81
133
149
108
36
189
-1
134
115
114
79
109
207
142
80
75
243
43
163
77
110
125
65
141
32
188
116
86
200
138
128
94
137
74
95
193
181
143
139
240
54
228
156
199
47
153
67
181
87
76
81
163
158
64
54
133
98
132
142
56
62
161
101
180
58
19
124
160
95
165
105
63
57
107
229
162
66
27
96
123
230
103
39
90
91
265
84
65
70
106
86
175
100
177
59
243
137
65
124
162
63
91
94
67
109
197
173
179
214
122
178
113
78
133
70
223
126
33
145
142
124
130
205
46
218
140
204
201
150
147
189
243
132
200
172
190
87
348
57
95
108
88
191
232
78
117
196
97
27
318
190
186
43
218
173
103
98
67
192
239
99
101
173
91
189
188
58
226
105
79
156
114
224
155
246
64
147
133
94
72
108
209
70
174
168
83
109
200
180
114
48
118
104
215
139
202
58
219
82
259
67
94
74
145
-8
121
111
273
81
155
70
13
217
153
235
201
112
293
135
112
101
58
173
262
110
171
84
100
83
140
105
267
40
164
174
29
170
170
173
243
157
81
318
227
73
111
196
146
117
76
83
110
106
110
82
149
58
196
77
75
96
162
52
172
113
63
49
195
83
325
96
89
205
338
52
61
230
49
197
167
155
175
52
23
139
256
55
126
202
142
68
208
227
-1
101
49
99
228
151
163
115
204
51
230
273
183
41
102
109
314
271
39
42
134
146
107
192
145
120
196
49
50
91
81
119
150
33
212
109
157
293
93
149
48
110
91
159
99
65
191
100
41
146
121
193
278
107
154
67
115
93
132
248
104
173
172
131
233
53
228
88
212
38
129
140
313
116
159
175
141
148
162
26
125
216
235
1
85
19
92
179
189
181
30
128
83
120
93
109
100
119
154
200
110
92
62
275
123
210
15
161
175
206
79
171
237
210
208
117
211
127
53
23
236
148
170
72
109
61
70
190
134
193
177
90
76
114
358
67
155
175
220
224
107
56
68
138
114
31
109
167
159
137
36
111
163
23
181
34
109
151
117
107
151
95
84
74
137
173
124
111
51
114
238
12
132
157
176
185
48
66
213
125
118
131
17
124
109
77
154
131
31
227
73
100
127
182
69
103
71
97
76
220
114
251
75
64
87
276
234
243
71
262
52
236
116
113
118
250
124
147
186
204
160
74
295
163
112
132
71
79
70
168
188
86
33
111
312
142
87
112
147
50
153
115
-7
177
117
108
135
99
289
29
130
212
55
232
119
46
194
88
104
99
197
209
69
255
152
157
126
167
90
252
69
238
175
46
117
145
247
83
173
161
178
245
75
53
103
90
114
132
257
123
40
141
121
133
141
172
50
273
137
249
79
185
85
44
255
224
44
108
47
144
140
206
123
146
86
139
83
173
156
185
226
73
165
74
171
18
167
124
108
111
112
145
79
233
139
102
141
183
59
92
141
56
188
227
155
86
242
96
223
207
133
118
36
155
230
232
108
221
96
80
160
194
240
116
318
15
65
184
92
117
103
135
117
202
74
103
148
173
93
317
14
54
77
109
254
193
127
58
103
125
192
22
184
74
173
82
104
125
121
126
97
148
58
59
144
161
207
153
86
37
59
57
166
55
105
79
302
115
139
82
82
172
153
41
94
303
192
102
97
82
121
89
229
122
246
44
73
119
172
15
122
73
188
127
188
155
125
124
219
152
115
120
145
153
124
169
231
162
229
141
148
184
248
123
99
158
296
142
65
114
114
92
211
20
168
143
98
233
126
50
127
149
118
121
29
112
101
73
104
309
-2
70
87
127
117
149
40
302
128
77
39
59
176
51
23
185
117
70
103
224
85
24
143
42
51
182
74
136
153
116
138
175
53
73
82
109
189
176
91
187
29
219
220
90
204
140
99
233
278
202
86
167
176
135
94
152
251
120
122
183
181
136
129
118
239
90
153
79
230
73
138
169
77
165
181
130
125
210
134
38
118
111
149
130
238
96
319
49
178
89
227
186
180
251
8
78
383
212
59
426
98
74
179
152
233
133
194
74
164
114
85
158
194
157
136
134
169
57
138
97
100
242
97
48
46
49
207
129
134
165
109
86
294
58
92
174
143
133
147
156
132
69
118
65
170
132
101
148
156
92
220
137
215
43
76
145
210
265
134
138
275
93
157
77
286
294
193
146
130
64
124
125
177
142
193
122
126
161
310
79
181
171
155
101
190
222
63
106
202
277
144
108
150
268
111
195
130
117
295
95
65
123
136
242
71
177
137
43
154
109
134
15
239
142
87
91
61
99
260
107
64
132
175
125
63
43
77
187
35
88
118
111
126
178
204
72
146
129
110
160
29
157
82
194
105
139
56
218
167
248
350
72
1
32
184
282
145
11
52
92
170
207
117
163
38
83
166
124
116
170
151
207
110
211
76
138
142
105
170
123
128
82
264
139
101
60
144
204
89
67
172
210
79
79
76
50
47
95
96
93
75
60
218
115
78
213
-7
148
62
99
76
120
138
20
118
148
113
129
44
119
173
53
319
103
161
1
263
186
167
295
156
189
67
31
57
264
172
280
97
129
358
14
133
130
155
135
194
207
60
144
161
95
181
85
42
144
137
140
47
187
117
279
92
55
100
134
90
235
126
139
150
69
111
406
2
72
166
130
134
161
77
49
300
86
149
222
118
50
316
165
150
61
151
191
215
15
52
113
163
98
161
85
120
149
79
87
85
162
117
153
112
132
95
230
297
97
140
124
188
70
149
74
21
102
62
54
110
92
207
194
103
126
78
115
57
140
52
209
43
36
124
143
65
226
32
204
284
73
162
31
37
243
21
46
165
242
84
198
64
39
150
180
58
62
133
188
139
144
-7
136
160
348
117
108
192
90
132
147
45
72
108
201
42
136
156
167
267
146
84
9
96
323
78
156
61
106
170
247
95
18
135
66
161
188
132
84
81
51
217
184
111
91
169
14
29
153
49
100
159
115
40
234
125
128
149
148
169
98
43
54
174
98
87
77
22
73
184
243
183
105
72
146
111
227
24
140
75
80
100
98
77
90
63
203
66
64
60
194
105
233
88
161
50
89
252
51
156
79
222
215
116
107
76
125
185
97
44
112
206
166
154
86
28
189
115
104
67
90
220
156
125
167
183
133
69
162
101
146
198
107
110
53
156
140
97
227
149
22
229
52
96
207
185
58
146
29
102
187
217
181
112
149
191
84
59
66
223
87
244
127
139
125
46
47
123
336
185
116
188
72
267
77
127
125
124
106
193
80
72
73
78
181
227
127
125
62
84
140
313
129
144
95
172
253
223
127
55
96
200
170
165
52
162
179
159
100
137
220
134
161
95
296
96
180
159
123
116
251
171
85
86
201
168
95
31
53
259
208
210
72
148
82
182
177
129
151
250
95
124
134
97
81
131
231
94
118
57
153
122
124
86
44
137
73
99
69
233
173
160
52
133
169
164
256
84
174
179
247
197
122
142
425
203
139
163
238
106
83
296
158
193
150
90
145
116
199
113
137
82
203
54
145
90
145
15
48
108
33
157
125
13
215
120
138
131
154
22
99
20
123
83
97
210
67
160
138
136
58
112
35
177
85
98
13
101
184
74
72
34
49
164
99
127
161
206
183
282
107
75
97
159
242
66
77
126
173
90
70
185
150
111
82
106
225
244
172
116
10
124
139
234
122
97
241
176
93
64
209
26
177
137
86
107
79
94
119
41
158
117
159
171
203
147
42
87
39
177
123
53
151
219
67
132
54
251
217
179
151
177
79
63
162
36
197
62
47
135
143
104
137
79
176
133
60
276
99
126
87
159
159
167
167
176
174
166
262
87
206
148
157
214
84
104
157
112
374
137
105
103
252
168
177
40
169
83
167
162
185
153
120
63
112
120
62
44
192
170
79
249
23
35
314
260
32
199
107
125
154
65
250
147
195
168
63
20
137
107
132
43
254
229
97
66
133
221
231
140
139
136
130
68
42
124
86
72
55
229
51
237
213
94
85
130
133
100
136
180
158
231
49
156
114
100
99
135
89
255
-6
110
122
141
270
122
142
50
164
82
79
241
89
23
178
125
102
116
91
101
93
81
164
50
67
39
228
221
46
104
189
184
103
57
185
175
152
154
271
191
72
165
30
333
230
21
62
249
103
337
100
36
162
336
195
232
208
101
63
135
209
211
308
117
139
133
98
112
207
46
105
40
162
114
100
154
32
89
108
61
123
34
107
21
177
110
106
84
77
190
234
275
60
130
118
127
99
159
133
105
200
163
283
110
78
91
202
131
206
179
349
191
125
234
143
90
148
185
169
143
110
79
144
154
43
171
116
112
148
155
87
117
139
218
82
67
158
137
103
179
41
180
114
160
180
63
121
146
165
65
116
141
155
123
156
87
286
134
91
156
121
80
27
262
172
67
127
87
202
88
67
82
139
81
58
75
89
29
185
128
69
150
93
101
45
150
127
115
139
54
105
62
121
203
226
120
117
110
64
270
205
135
271
166
121
104
126
185
201
98
112
111
89
115
162
200
180
147
106
143
130
54
93
172
98
31
216
116
97
181
82
57
141
68
183
171
147
31
229
98
102
73
143
340
49
100
218
139
173
203
131
176
13
200
218
173
167
168
49
141
112
192
157
98
67
147
89
187
50
88
93
49
76
36
96
205
101
306
182
133
137
161
157
261
64
83
32
262
102
62
177
149
174
165
140
52
291
162
108
180
160
79
162
209
103
87
178
132
55
110
149
214
247
139
145
169
87
58
152
179
84
189
48
18
198
308
169
151
75
107
98
205
121
178
159
139
99
143
123
32
307
103
67
134
204
81
124
113
65
108
68
203
149
109
63
79
134
224
138
28
113
113
76
140
82
193
28
165
45
271
202
126
155
184
179
88
181
141
278
134
246
111
106
35
216
51
77
121
228
46
90
49
201
112
160
218
118
161
84
132
174
98
96
122
336
185
95
128
177
219
207
133
46
99
136
85
78
189
63
129
66
168
262
105
100
142
132
89
289
81
118
150
184
82
154
186
82
163
172
22
125
121
106
107
114
107
136
95
138
193
135
151
189
39
145
30
155
70
107
157
39
169
164
52
92
38
160
136
139
81
61
144
145
-3
196
119
169
19
97
155
73
172
130
107
163
167
105
263
251
47
85
214
211
80
169
174
133
165
238
28
149
57
77
154
44
189
62
280
207
201
117
116
41
147
53
144
149
39
196
79
115
63
33
154
151
56
204
182
184
175
36
27
5
79
96
180
2
116
90
129
103
110
76
231
220
6
243
207
-7
211
133
104
147
167
88
114
74
125
172
142
97
106
90
204
204
172
51
108
155
200
90
111
179
34
29
294
206
154
53
162
104
206
111
47
53
63
90
176
65
31
121
119
219
155
210
161
63
43
118
201
60
53
82
124
271
149
159
59
113
67
153
137
28
275
70
31
84
141
59
229
125
27
123
274
87
209
81
37
93
3
173
139
60
140
271
67
112
108
104
68
187
51
28
131
44
37
129
75
123
43
17
253
110
187
159
298
59
52
169
65
145
64
88
103
112
74
153
138
177
95
137
37
143
43
198
236
144
125
236
222
102
80
109
47
195
99
98
218
204
114
118
116
280
122
262
194
115
228
164
118
103
148
32
156
63
43
124
86
168
193
187
51
271
147
145
96
195
86
146
116
150
115
156
60
124
145
171
104
176
69
129
99
82
82
120
182
137
111
38
117
98
124
303
92
75
110
161
196
241
32
106
167
141
89
167
159
205
86
55
78
146
109
155
145
267
101
290
150
315
185
212
101
106
121
83
219
69
178
108
98
67
80
23
91
183
134
146
188
132
98
3
119
179
252
173
108
44
221
93
113
138
86
210
86
129
159
60
92
118
35
97
197
77
105
182
183
75
171
101
131
98
220
66
99
176
100
88
267
146
112
214
177
214
95
66
118
95
180
200
125
124
56
181
127
101
39
41
241
139
27
83
92
139
140
227
99
136
61
135
45
74
209
71
65
42
78
43
157
79
75
237
95
33
180
113
100
162
166
100
88
146
181
87
207
265
176
245
88
123
119
140
169
46
102
168
203
152
204
160
86
42
92
126
322
141
75
224
173
33
200
151
134
234
84
105
147
342
62
129
48
38
71
90
128
320
147
158
69
213
102
166
91
121
131
80
71
312
172
101
49
83
64
290
259
257
53
94
72
147
228
260
246
58
128
158
51
91
122
225
198
106
52
39
109
167
152
-3
136
115
113
232
101
97
124
187
70
216
137
154
138
161
36
110
31
168
192
66
38
143
117
139
70
90
100
209
206
198
56
179
152
135
141
200
189
154
127
44
80
105
141
140
135
141
256
120
263
111
-6
116
200
110
74
102
160
144
85
142
42
32
21
128
87
253
54
39
167
82
221
89
37
42
146
138
49
41
85
147
155
67
190
81
76
119
122
94
34
129
124
49
261
142
142
147
86
105
65
100
290
150
97
63
105
92
222
177
82
156
96
88
171
104
95
167
162
111
151
176
147
49
55
70
14
149
91
53
63
206
335
69
88
60
91
210
173
24
133
108
150
77
200
186
79
135
182
151
89
108
239
172
89
78
78
184
139
174
111
155
176
63
147
44
85
105
127
68
45
44
204
171
172
40
122
56
242
128
21
88
175
233
146
256
280
250
131
290
83
92
300
82
160
71
126
213
60
49
339
48
70
80
98
57
65
234
115
148
9
128
101
237
185
77
96
211
138
146
99
307
126
168
129
167
208
165
83
224
133
176
287
210
69
75
117
50
232
240
107
89
73
168
107
71
113
44
196
53
309
130
222
88
52
116
71
205
80
34
216
101
216
21
58
192
221
73
257
118
96
85
118
75
133
132
114
84
170
127
72
254
247
135
109
76
439
147
144
195
268
160
114
161
167
57
131
120
59
84
85
27
207
221
108
300
75
81
11
153
250
326
22
88
91
182
170
54
91
141
91
113
225
116
72
134
133
243
116
49
204
179
59
64
225
117
72
154
178
114
104
22
20
245
67
83
65
96
90
187
268
180
157
108
209
66
47
79
215
116
267
87
14
154
67
71
81
168
46
251
134
174
121
158
134
104
214
165
110
199
82
190
76
154
105
136
58
215
75
92
266
139
152
218
138
38
309
167
67
165
94
311
114
87
120
57
135
204
239
51
182
181
115
246
152
75
193
180
128
102
86
194
167
55
54
29
33
108
107
103
102
66
36
224
239
220
13
26
344
143
162
155
178
124
36
102
267
94
191
119
56
191
135
149
131
300
121
84
210
93
105
264
75
112
225
123
32
237
100
160
77
21
44
206
151
159
82
96
53
111
125
69
202
47
32
303
87
16
101
204
92
170
108
74
108
46
150
165
198
105
67
72
169
84
229
97
126
182
41
49
216
62
173
99
129
134
83
52
152
43
146
148
214
199
201
84
-3
316
136
158
150
237
125
55
130
155
252
31
330
141
120
95
53
66
122
152
157
34
220
74
76
37
211
188
102
80
120
174
219
74
202
48
234
100
138
52
59
140
189
140
123
177
319
98
106
84
171
164
55
154
240
103
164
224
132
146
118
164
252
134
328
99
93
163
155
90
20
185
97
138
137
83
107
86
168
101
122
121
88
134
157
112
113
42
68
136
64
121
186
79
75
96
202
124
262
111
197
35
150
2
201
154
100
137
4
151
210
164
61
146
70
0
60
187
107
44
97
142
71
168
92
77
63
22
49
73
121
94
96
71
122
135
87
191
60
52
199
85
98
183
84
210
139
128
57
191
74
135
213
150
15
166
169
46
103
147
33
140
151
27
117
45
130
258
200
86
154
141
27
109
159
109
135
154
140
115
118
207
83
186
52
116
85
193
176
94
130
165
108
49
59
162
191
119
129
144
292
158
65
68
121
31
220
121
98
43
114
86
65
100
140
105
192
52
42
44
337
96
182
114
227
-7
175
201
66
120
54
123
120
199
98
180
121
70
123
135
155
35
99
149
212
62
6
9
137
292
245
70
64
167
178
177
80
168
200
120
138
89
42
64
172
150
50
162
227
88
159
32
122
176
188
94
254
155
117
111
73
158
70
123
149
179
187
49
141
114
143
208
216
163
137
186
80
153
147
138
172
205
113
126
99
161
85
194
35
38
76
80
133
107
120
201
97
79
85
132
142
93
42
241
87
171
170
51
119
110
129
45
88
163
186
26
119
217
112
121
225
184
92
149
92
250
146
209
106
163
116
100
67
92
64
207
155
110
100
184
31
70
61
72
76
62
48
3
105
-8
188
154
66
131
274
143
62
172
202
65
145
162
92
122
91
114
180
164
142
100
72
75
136
158
132
75
211
169
136
320
96
111
79
205
136
106
180
141
141
109
126
58
176
118
235
58
86
368
57
204
137
234
82
144
83
103
239
143
254
135
103
29
171
150
128
129
49
89
153
73
82
78
65
216
200
48
94
120
86
213
100
213
94
59
35
106
208
108
170
33
121
214
191
58
232
46
112
101
75
84
184
47
118
112
118
132
154
13
312
168
41
144
179
97
3
138
186
89
38
78
57
72
34
227
1
169
163
88
110
140
144
53
17
232
244
309
165
135
128
202
115
199
149
83
282
93
184
193
36
79
99
107
159
158
143
48
125
166
189
61
61
58
270
29
173
105
75
205
204
133
172
97
98
41
202
95
159
137
107
55
109
149
63
80
44
85
172
184
64
99
121
97
139
222
67
158
71
127
173
111
144
190
175
88
101
36
122
142
165
92
141
144
124
105
88
69
219
140
92
203
77
276
151
96
53
94
183
248
123
123
107
153
137
143
174
246
321
192
111
101
115
123
186
221
84
89
91
114
180
175
136
78
82
291
233
79
141
103
63
180
118
139
146
109
145
103
76
305
157
89
322
193
97
91
93
175
167
137
268
78
223
42
67
245
61
98
66
196
155
10
220
26
134
71
103
100
106
109
119
54
71
129
196
107
241
47
173
126
124
97
242
168
121
54
138
110
251
286
62
116
154
134
161
60
37
98
104
90
48
198
77
138
109
204
158
109
160
94
118
138
158
54
205
49
50
81
51
53
161
77
76
130
185
139
108
127
128
62
194
205
117
116
68
152
197
188
163
189
94
226
154
81
105
92
66
109
226
154
130
85
310
126
-8
108
114
102
162
86
9
94
102
7
260
166
116
125
122
40
89
65
136
195
116
55
16
83
169
213
59
153
106
57
194
141
106
66
163
93
62
196
201
126
55
155
86
100
189
103
53
215
194
74
212
209
96
131
171
26
181
37
193
108
125
200
256
98
79
177
110
79
114
84
187
191
80
33
42
163
155
158
145
143
47
94
105
137
176
128
202
73
29
169
119
151
303
123
114
113
264
106
169
296
194
265
96
65
181
282
147
51
239
288
135
30
41
203
298
69
282
38
38
94
99
118
104
205
53
203
236
284
66
86
161
121
296
79
47
148
101
130
25
186
109
145
153
106
191
64
133
72
87
189
98
114
155
278
253
183
172
84
92
106
154
129
96
232
76
191
76
230
75
172
106
240
180
111
129
247
96
198
133
132
52
164
166
20
72
159
238
148
8
127
124
99
227
277
62
221
99
56
140
180
131
87
63
100
56
153
79
113
56
20
123
190
159
142
167
59
238
233
106
129
137
56
112
86
151
113
44
99
16
46
244
27
21
46
118
163
69
12
87
54
115
86
230
101
90
134
86
119
104
104
78
102
114
188
96
81
138
124
170
56
161
168
105
148
140
210
85
148
181
228
135
69
43
149
49
133
64
267
38
170
129
123
93
92
286
151
68
284
78
166
109
248
81
155
161
171
139
100
139
154
197
196
61
178
122
224
47
222
23
117
107
110
149
133
42
115
70
153
34
317
51
62
36
177
179
104
123
144
231
151
160
72
160
104
146
110
52
113
181
57
201
151
99
86
98
125
166
76
32
105
123
129
166
170
120
101
136
144
69
43
225
199
275
134
63
127
171
56
182
92
174
130
104
169
157
251
89
132
139
115
118
79
167
152
77
211
100
199
101
95
90
28
86
330
132
127
163
135
177
135
183
321
88
180
85
195
139
69
69
177
185
103
192
95
106
243
158
163
274
133
93
105
141
131
62
84
82
53
153
161
235
133
321
101
74
203
155
112
229
98
68
53
185
172
272
46
209
153
114
211
118
68
178
240
84
204
244
169
107
193
267
83
207
106
150
82
144
205
181
262
241
119
231
127
233
144
180
153
91
259
8
78
49
240
20
101
142
51
160
202
46
173
184
183
140
64
204
62
65
70
173
88
138
106
194
145
74
98
102
80
268
110
121
192
78
111
341
16
159
202
94
142
257
115
325
111
134
136
119
224
146
128
153
113
107
175
167
128
206
102
211
75
144
114
142
203
205
163
78
162
69
281
135
109
104
227
286
255
81
214
230
214
107
131
127
157
129
146
259
89
167
119
211
122
96
57
175
109
123
39
48
187
249
47
133
178
61
191
49
166
147
197
6
26
152
143
107
180
68
48
120
84
183
166
63
104
96
257
98
46
99
235
37
108
50
88
144
127
123
72
117
41
115
116
65
83
167
120
89
10
53
106
118
193
58
83
27
140
68
197
65
44
134
116
137
195
166
219
109
191
85
101
92
87
196
168
237
182
110
29
170
109
167
111
225
148
116
237
40
242
88
89
143
120
87
114
182
98
107
60
86
230
161
163
83
103
79
94
92
155
25
148
197
157
59
95
90
67
114
165
76
68
89
232
100
112
153
151
73
139
196
109
29
160
100
264
127
58
56
147
71
100
164
110
115
263
69
117
119
195
134
148
7
225
165
138
126
62
142
159
136
274
178
107
95
167
208
206
152
214
215
146
29
167
338
90
193
95
223
100
297
32
113
230
106
90
133
72
219
61
174
91
126
157
138
24
287
275
156
141
236
174
137
73
97
100
116
163
85
137
97
64
91
90
149
146
131
69
169
72
217
213
143
53
240
79
183
30
52
172
102
280
128
122
82
36
174
367
58
185
243
111
149
119
112
79
131
105
103
149
69
127
252
149
130
190
117
-1
100
187
64
132
113
20
92
65
235
201
82
132
71
128
89
147
79
109
146
169
82
82
192
134
176
254
90
52
116
172
209
187
140
167
107
104
53
126
130
84
172
10
153
87
187
93
157
136
8
197
125
92
106
158
81
224
100
82
150
74
178
229
44
176
71
55
55
76
58
78
54
176
128
149
155
95
76
178
154
65
168
158
19
229
123
91
85
161
67
125
103
77
115
290
75
69
167
166
151
102
135
168
74
190
74
148
88
88
106
151
104
103
104
147
141
119
209
68
156
68
191
291
84
39
157
64
170
243
155
150
138
225
52
169
137
162
145
166
170
141
91
63
204
93
71
280
120
196
84
162
185
125
178
35
97
127
193
162
123
232
13
154
165
148
148
83
202
105
199
102
75
52
177
57
71
79
104
128
79
135
36
110
55
214
136
190
101
184
138
201
149
128
84
59
203
185
69
70
177
86
101
173
166
105
85
136
25
298
81
87
48
143
63
40
144
45
154
211
262
78
161
91
159
254
277
53
149
207
56
176
130
141
105
149
117
251
129
53
68
147
197
190
166
78
58
189
250
195
217
109
262
274
187
69
123
164
239
196
105
148
56
255
225
114
103
83
131
134
37
198
40
178
223
213
155
184
107
99
116
69
83
117
88
116
223
124
140
179
131
165
215
32
238
130
135
184
88
39
21
220
165
53
294
103
191
161
146
83
123
51
119
293
104
168
113
175
118
113
95
80
126
82
117
243
349
95
12
214
29
244
309
78
92
102
102
153
112
157
129
72
127
29
201
63
156
93
126
124
141
44
132
88
143
164
22
66
73
111
81
189
274
44
187
84
52
84
96
156
60
178
182
81
69
67
218
199
69
121
164
162
71
290
82
109
73
185
184
118
99
111
119
86
114
68
210
113
108
194
124
160
110
102
145
263
78
183
213
82
28
88
67
74
69
67
23
46
244
53
7
85
126
286
33
64
104
93
179
133
141
98
-1
111
110
132
183
68
14
73
148
61
122
156
85
64
134
221
57
201
179
191
86
165
206
81
183
205
220
92
83
201
97
136
167
157
119
126
115
119
122
289
182
159
86
191
107
63
112
212
100
265
175
88
207
223
82
172
155
85
95
143
128
102
62
172
179
206
80
98
62
178
162
96
150
141
91
92
75
113
154
113
147
109
119
82
221
63
59
221
181
144
126
57
160
193
97
64
198
169
248
116
102
133
168
63
340
104
219
184
17
155
98
235
82
96
118
187
104
150
199
72
102
55
164
8
107
257
19
110
96
38
311
119
136
92
165
252
214
271
226
31
175
215
236
19
83
70
274
155
72
167
141
234
163
206
55
318
99
229
170
96
146
153
98
105
112
188
106
251
91
160
121
110
160
76
91
141
84
114
33
130
96
16
94
193
101
147
180
120
156
130
242
157
38
143
79
83
215
154
171
130
187
196
142
136
114
129
153
207
62
115
118
81
134
175
153
235
107
113
100
131
24
190
189
18
70
96
147
201
203
41
122
101
124
32
96
191
52
114
35
192
111
199
40
102
165
55
122
313
48
125
89
121
112
115
164
71
211
177
145
73
113
79
140
110
112
63
127
120
61
119
137
112
218
129
62
59
221
118
227
218
226
85
105
47
99
281
150
118
126
194
215
157
217
91
142
269
102
107
147
200
130
164
147
188
84
76
104
319
73
88
242
343
143
114
209
72
136
94
163
79
74
28
180
103
85
23
100
123
143
117
15
44
236
188
216
143
85
109
58
87
79
35
65
62
75
99
92
55
215
105
202
134
145
131
165
78
175
98
241
135
10
102
32
126
75
89
69
72
25
91
115
130
51
92
18
145
56
208
76
65
56
141
50
181
70
119
143
220
49
97
80
116
35
95
106
122
54
86
192
113
121
319
142
160
78
125
200
239
162
185
80
48
237
127
66
120
219
198
245
171
223
206
79
132
50
180
112
266
89
226
188
149
267
83
108
187
150
78
216
191
126
115
64
54
181
207
179
140
38
160
128
36
61
51
107
170
72
75
204
99
71
140
200
147
121
146
206
115
231
66
59
127
271
78
116
161
124
143
87
94
202
117
236
157
53
186
165
158
104
37
156
102
135
59
69
61
122
43
27
302
73
161
167
116
131
204
142
129
74
24
235
107
134
104
241
207
40
111
139
250
144
110
149
120
138
75
134
267
97
190
355
155
220
82
251
132
40
219
66
200
146
195
96
62
50
222
103
116
126
203
178
104
131
130
17
205
66
69
111
82
198
183
124
26
192
168
183
188
50
175
126
261
111
21
34
175
200
223
174
163
134
188
127
290
85
80
124
160
98
213
91
116
77
103
18
188
119
28
149
224
34
216
100
74
154
239
85
190
166
94
82
187
136
186
89
60
69
119
187
143
202
206
116
297
99
132
77
127
107
138
136
74
43
84
110
83
143
148
123
110
128
130
241
53
-3
126
153
173
89
183
84
55
65
242
113
144
100
160
112
188
13
117
42
254
90
110
48
49
108
196
62
171
97
60
121
93
32
127
104
78
148
181
56
94
169
-7
138
142
260
123
141
44
187
-1
81
138
95
85
79
136
132
132
84
9
318
51
153
53
149
39
142
83
171
223
128
99
148
172
78
162
105
77
133
291
222
245
142
53
139
48
210
83
156
107
199
14
109
233
115
149
243
87
123
153
338
130
74
158
115
78
182
76
107
241
24
150
70
33
162
279
20
128
177
26
170
58
198
49
92
109
44
101
62
73
82
136
173
25
55
151
240
63
161
131
49
106
222
104
154
74
216
76
162
152
230
30
127
49
243
243
64
139
194
72
145
215
183
164
56
124
177
132
180
142
192
112
17
232
117
190
37
82
128
194
94
143
127
91
164
208
126
93
151
156
106
156
175
73
176
253
166
40
116
163
141
158
71
182
141
52
210
202
137
36
105
76
99
80
107
37
182
110
72
193
61
61
209
207
128
78
133
145
128
221
142
184
102
147
46
206
128
165
101
138
258
61
212
26
99
297
237
286
218
76
61
106
188
133
42
134
175
241
197
221
94
271
129
108
91
104
257
130
157
125
210
94
71
106
208
208
202
201
104
101
89
241
154
123
200
76
83
108
316
90
191
44
28
123
190
163
74
172
165
172
48
148
127
27
160
202
119
147
78
107
145
293
76
134
35
51
77
22
78
148
51
44
266
107
270
195
78
149
149
165
161
68
209
116
281
193
277
83
241
147
163
192
147
293
56
155
237
203
344
238
182
118
221
126
283
74
101
27
269
149
118
128
220
136
64
78
145
95
92
226
106
155
153
167
99
79
147
168
221
113
261
71
91
180
218
186
199
264
123
28
114
118
112
162
149
115
89
92
117
107
50
52
186
249
141
140
89
77
129
133
30
33
132
132
152
103
34
165
177
64
147
27
188
131
182
47
112
201
159
161
208
101
162
120
127
206
262
155
125
27
108
103
154
140
85
55
140
93
76
151
70
102
140
105
156
56
127
59
44
80
44
203
121
73
73
79
226
40
229
112
191
179
168
185
292
191
121
77
277
233
25
175
262
120
226
93
79
65
130
10
98
86
184
59
106
91
164
123
76
253
117
188
141
162
46
224
111
270
39
131
118
148
153
82
73
143
264
182
109
153
68
167
122
128
68
107
128
156
201
74
121
80
124
120
101
58
168
128
153
178
137
146
105
161
180
27
125
174
47
32
195
67
231
114
207
128
98
279
81
159
151
68
228
82
177
208
209
139
82
59
55
151
196
142
162
81
95
217
230
91
31
22
16
168
133
142
65
175
105
140
136
58
64
32
87
78
128
104
75
70
167
66
62
64
147
122
142
140
53
155
109
204
190
196
38
120
99
98
207
154
150
167
148
173
133
61
333
142
149
85
99
87
113
170
115
177
64
43
56
36
146
87
91
84
40
35
170
85
48
73
57
76
120
129
23
35
96
187
189
105
82
59
42
257
160
40
18
37
270
96
85
34
109
234
176
139
83
40
111
180
68
316
42
125
112
159
80
244
153
160
48
148
57
256
182
76
131
106
175
146
98
8
95
84
160
67
28
83
147
66
270
112
139
111
85
105
207
211
269
48
69
115
86
54
127
248
125
86
64
175
122
45
182
57
71
150
160
202
34
181
160
186
99
103
118
112
163
116
41
116
180
175
203
138
230
123
139
130
67
49
130
139
101
76
214
103
218
143
109
106
236
60
155
92
159
111
7
142
239
76
82
145
59
88
114
163
88
49
50
206
101
114
248
81
21
74
170
169
182
119
109
88
212
176
302
141
168
54
160
318
73
19
233
120
52
244
127
160
97
72
255
71
201
328
153
88
195
213
156
115
126
163
184
116
154
110
131
165
4
131
19
127
167
71
60
202
116
74
56
291
55
172
111
96
71
219
117
36
176
174
305
87
109
124
148
56
287
150
213
87
121
100
273
141
168
61
19
135
165
132
121
224
49
153
16
112
215
85
176
128
67
91
140
107
201
168
99
250
202
62
174
150
49
148
184
151
92
24
113
134
88
171
91
35
135
209
87
337
77
231
114
69
133
35
193
107
131
270
45
253
95
135
177
176
51
235
239
95
306
140
112
195
144
267
105
55
102
179
163
134
121
140
137
207
74
120
151
165
61
180
83
125
264
39
87
122
118
87
122
62
93
166
105
39
176
35
106
68
71
124
221
39
120
161
130
56
187
63
186
108
142
80
119
85
115
220
170
98
140
161
157
134
174
247
212
97
110
124
290
136
287
132
69
104
82
184
218
318
142
122
88
123
61
181
157
108
78
110
56
232
115
84
106
138
85
347
71
138
194
166
209
191
165
33
106
177
163
117
60
83
228
53
137
187
91
224
155
138
204
180
121
39
135
116
138
230
105
161
162
93
119
109
152
160
18
103
101
97
19
2
74
168
176
87
112
131
140
234
192
131
154
207
46
121
94
23
161
143
208
135
181
122
54
118
251
110
114
14
62
32
119
152
17
65
305
79
52
49
145
64
65
85
89
185
107
162
164
43
230
218
161
82
106
3
46
110
10
148
45
172
66
128
94
159
110
66
212
115
117
105
78
80
58
157
174
168
51
29
305
10
130
196
196
100
196
184
97
31
209
144
106
183
109
108
49
123
29
58
136
153
231
186
43
161
79
57
79
169
85
144
46
4
58
106
57
106
140
7
186
70
136
38
212
125
52
205
81
149
210
114
196
262
11
90
100
102
188
150
89
199
105
153
82
81
65
238
119
172
109
91
208
126
-1
171
90
75
166
117
159
201
138
164
69
48
24
234
245
201
103
124
171
207
134
146
50
256
181
119
106
95
89
197
15
81
78
262
136
63
164
140
121
209
211
215
118
34
41
237
107
123
134
159
134
41
64
175
43
180
-3
12
92
42
76
151
115
64
140
54
192
41
24
174
53
145
201
164
71
58
124
138
71
227
151
24
99
-7
204
131
162
47
152
44
149
108
169
37
160
59
198
102
128
24
50
101
40
52
50
155
95
95
95
65
59
57
239
44
145
44
116
140
136
64
81
87
254
75
168
79
173
38
116
83
188
93
44
33
179
96
147
80
33
70
168
199
149
18
157
139
14
158
102
79
158
65
0
160
94
113
98
87
16
225
-1
42
69
74
126
35
45
45
63
85
132
204
52
183
148
68
120
172
188
43
15
160
142
275
137
76
82
198
48
78
90
115
17
259
22
186
61
154
99
44
37
182
99
185
-9
75
188
172
37
82
72
69
51
51
103
36
61
219
62
163
51
71
107
163
47
16
51
22
113
34
144
102
123
231
141
78
190
167
35
242
124
0
251
29
72
33
48
134
114
141
1
64
27
90
185
168
116
22
35
119
83
86
55
159
116
151
34
40
19
75
222
7
131
62
65
29
34
20
35
224
89
53
65
77
112
58
25
80
63
100
130
116
98
83
71
9
52
49
110
44
78
49
113
65
147
103
40
125
49
62
95
137
54
43
39
15
-2
40
118
86
154
101
57
11
125
132
229
52
101
1
84
90
107
91
27
68
141
176
28
27
33
112
23
75
85
68
20
18
73
121
98
30
-3
-1
118
30
-6
7
42
20
85
11
10
75
54
74
28
57
26
13
160
50
2
79
69
64
109
106
109
54
106
29
28
2
61
15
65
55
58
1
71
19
19
42
29
118
47
15
42
157
18
57
159
125
30
53
72
21
30
-3
55
58
73
7
59
116
5
52
91
54
13
4
59
123
19
17
24
11
9
65
37
38
56
54
30
4
13
-9
96
5
34
22
59
107
79
19
43
3
25
40
-8
2
6
1
14
5
11
5
57
-1
63
8
59
57
21
37
-1
55
55
-1
-1
10
58
42
1
37
36
3
12
43
-8
-9
36
58
34
12
-5
-6
-3
114
-7
36
-7
13
-7
5
131
37
102
5
19
36
-1
7
12
-6
49
-7
-7
25
3
-2
-1
-7
51
3
57
37
41
62
-1
3
-1
-9
43
88
41
2
35
42
40
-1
14
43
35
-3
10
-2
-8
-1
-6
93
-7
0
50
36
61
50
-3
-7
-3
10
-8
12
-7
-9
35
13
3
5
-4
13
52
0
15
-3
1
25
30
5
-3
42
8
-8
33
-7
0
-9
-7
37
-1
-1
11
-7
35
