0	38
100	78
200	99
300	89
400	95
500	101
600	114
700	95
800	113
900	94
1000	106
1100	90
1200	91
1300	98
1400	98
1500	101
1600	86
1700	105
1800	115
1900	93
2000	114
2100	111
2200	100
2300	106
2400	106
2500	108
2600	97
2700	113
2800	91
2900	119
3000	100
3100	106
3200	107
3300	110
3400	104
3500	97
3600	111
3700	87
3800	119
3900	94
4000	105
4100	103
4200	90
4300	99
4400	101
4500	107
4600	111
4700	86
4800	90
4900	99
5000	97
5100	92
5200	83
5300	82
5400	98
5500	95
5600	103
5700	74
5800	94
5900	113
6000	100
6100	110
6200	103
6300	111
6400	86
6500	112
6600	102
6700	101
6800	116
6900	94
7000	109
7100	123
7200	105
7300	102
7400	91
7500	102
7600	98
7700	96
7800	94
7900	91
8000	97
8100	80
8200	99
8300	91
8400	84
8500	98
8600	99
8700	102
8800	93
8900	114
9000	115
9100	87
9200	86
9300	83
9400	89
9500	77
9600	109
9700	104
9800	96
9900	96
10000	105
10100	101
10200	99
10300	102
10400	96
10500	103
10600	86
10700	98
10800	107
10900	122
11000	87
11100	98
11200	97
11300	94
11400	102
11500	97
11600	111
11700	108
11800	106
11900	89
12000	106
12100	96
12200	107
12300	85
12400	72
12500	96
12600	94
12700	99
12800	110
12900	105
13000	94
13100	97
13200	90
13300	104
13400	91
13500	92
13600	98
13700	87
13800	96
13900	107
14000	109
14100	101
14200	105
14300	91
14400	106
14500	100
14600	102
14700	95
14800	117
14900	81
15000	108
15100	86
15200	90
15300	91
15400	88
15500	100
15600	114
15700	93
15800	97
15900	105
16000	82
16100	117
16200	105
16300	94
16400	95
16500	82
16600	101
16700	93
16800	98
16900	88
17000	87
17100	93
17200	100
17300	103
17400	101
17500	97
17600	92
17700	105
17800	111
17900	110
18000	107
18100	114
18200	111
18300	96
18400	107
18500	101
18600	98
18700	92
18800	92
18900	102
19000	108
19100	102
19200	95
19300	99
19400	102
19500	104
19600	98
19700	104
19800	91
19900	105
20000	117
20100	104
20200	84
20300	98
20400	100
20500	120
20600	104
20700	79
20800	114
20900	98
21000	114
21100	98
21200	82
21300	86
21400	93
21500	81
21600	90
21700	102
21800	93
21900	119
22000	98
22100	87
22200	113
22300	96
22400	113
22500	110
22600	113
22700	119
22800	97
22900	92
23000	113
23100	98
23200	96
23300	102
23400	111
23500	106
23600	93
23700	96
23800	102
23900	99
24000	85
24100	105
24200	109
24300	86
24400	95
24500	90
24600	96
24700	92
24800	96
24900	88
25000	96
25100	96
25200	105
25300	91
25400	107
25500	105
25600	105
25700	99
25800	97
25900	123
26000	100
26100	104
26200	99
26300	112
26400	101
26500	101
26600	91
26700	95
26800	84
26900	107
27000	106
27100	92
27200	102
27300	97
27400	95
27500	105
27600	92
27700	97
27800	96
27900	97
28000	97
28100	104
28200	98
28300	93
28400	100
28500	95
28600	111
28700	103
28800	100
28900	109
29000	111
29100	87
29200	105
29300	102
29400	88
29500	90
29600	95
29700	107
29800	94
29900	96
30000	89
30100	100
30200	103
30300	119
30400	90
30500	94
30600	100
30700	96
30800	98
30900	110
31000	117
31100	98
31200	89
31300	94
31400	94
31500	90
31600	90
31700	90
31800	121
31900	102
32000	102
32100	78
32200	98
32300	98
32400	99
32500	121
32600	112
32700	97
32800	109
32900	83
33000	96
33100	126
33200	99
33300	99
33400	86
33500	99
33600	107
33700	113
33800	106
33900	121
34000	112
34100	91
34200	110
34300	110
34400	88
34500	103
34600	90
34700	97
34800	100
34900	105
35000	95
35100	106
35200	107
35300	101
35400	107
35500	99
35600	123
35700	104
35800	98
35900	103
36000	110
36100	125
36200	93
36300	111
36400	95
36500	99
36600	96
36700	79
36800	102
36900	114
37000	92
37100	110
37200	84
37300	91
37400	113
37500	108
37600	99
37700	110
37800	105
37900	90
38000	99
38100	108
38200	111
38300	102
38400	105
38500	106
38600	99
38700	104
38800	96
38900	101
39000	88
39100	96
39200	113
39300	105
39400	104
39500	103
39600	105
39700	93
39800	134
39900	113
40000	99
40100	94
40200	92
40300	121
40400	106
40500	94
40600	96
40700	112
40800	99
40900	108
41000	115
41100	101
41200	105
41300	94
41400	96
41500	107
41600	96
41700	104
41800	92
41900	86
42000	91
42100	110
42200	81
42300	99
42400	103
42500	99
42600	91
42700	108
42800	102
42900	112
43000	89
43100	111
43200	109
43300	106
43400	123
43500	107
43600	79
43700	98
43800	112
43900	97
44000	85
44100	96
44200	104
44300	109
44400	84
44500	94
44600	80
44700	110
44800	110
44900	91
45000	92
45100	121
45200	100
45300	103
45400	103
45500	102
45600	85
45700	112
45800	102
45900	99
46000	97
46100	100
46200	114
46300	91
46400	109
46500	99
46600	108
46700	99
46800	81
46900	94
47000	104
47100	81
47200	121
47300	90
47400	102
47500	97
47600	107
47700	121
47800	96
47900	83
48000	99
48100	91
48200	104
48300	106
48400	103
48500	119
48600	99
48700	95
48800	87
48900	82
49000	98
49100	99
49200	82
49300	93
49400	103
49500	110
49600	93
49700	107
49800	108
49900	93
50000	108
50100	112
50200	112
50300	108
50400	92
50500	107
50600	85
50700	110
50800	124
50900	101
51000	87
51100	103
51200	96
51300	104
51400	95
51500	108
51600	95
51700	111
51800	110
51900	99
52000	80
52100	105
52200	89
52300	87
52400	106
52500	104
52600	96
52700	106
52800	94
52900	83
53000	104
53100	91
53200	92
53300	114
53400	86
53500	102
53600	103
53700	102
53800	117
53900	90
54000	112
54100	104
54200	89
54300	108
54400	102
54500	102
54600	97
54700	96
54800	84
54900	106
55000	111
55100	97
55200	102
55300	90
55400	87
55500	90
55600	96
55700	108
55800	96
55900	103
56000	100
56100	91
56200	113
56300	109
56400	85
56500	117
56600	108
56700	112
56800	91
56900	112
57000	108
57100	109
57200	103
57300	105
57400	124
57500	84
57600	111
57700	108
57800	89
57900	122
58000	92
58100	97
58200	120
58300	119
58400	96
58500	99
58600	91
58700	83
58800	94
58900	114
59000	96
59100	97
59200	95
59300	113
59400	94
59500	108
59600	102
59700	84
59800	104
59900	104
60000	102
60100	99
60200	95
60300	84
60400	96
60500	94
60600	88
60700	124
60800	109
60900	111
61000	81
61100	102
61200	104
61300	89
61400	116
61500	91
61600	117
61700	98
61800	97
61900	100
62000	87
62100	107
62200	98
62300	116
62400	105
62500	89
62600	104
62700	96
62800	109
62900	108
63000	113
63100	94
63200	107
63300	113
63400	89
63500	99
63600	101
63700	103
63800	89
63900	96
64000	85
64100	116
64200	94
64300	83
64400	94
64500	89
64600	108
64700	97
64800	121
64900	108
65000	102
65100	108
65200	101
65300	116
65400	103
65500	107
65600	99
65700	91
65800	104
65900	90
66000	109
66100	87
66200	108
66300	110
66400	103
66500	99
66600	94
66700	116
66800	110
66900	87
67000	93
67100	99
67200	114
67300	113
67400	108
67500	101
67600	84
67700	110
67800	96
67900	121
68000	89
68100	104
68200	108
68300	86
68400	96
68500	104
68600	101
68700	120
68800	70
68900	122
69000	107
69100	113
69200	91
69300	84
69400	111
69500	96
69600	95
69700	85
69800	89
69900	92
70000	95
70100	91
70200	101
70300	82
70400	95
70500	94
70600	108
70700	115
70800	88
70900	103
71000	106
71100	99
71200	90
71300	102
71400	98
71500	95
71600	114
71700	98
71800	99
71900	88
72000	96
72100	103
72200	96
72300	104
72400	104
72500	89
72600	89
72700	100
72800	93
72900	93
73000	102
73100	86
73200	77
73300	95
73400	100
73500	114
73600	88
73700	119
73800	116
73900	98
74000	98
74100	109
74200	90
74300	92
74400	93
74500	87
74600	98
74700	90
74800	102
74900	94
75000	119
75100	100
75200	100
75300	105
75400	93
75500	91
75600	94
75700	114
75800	98
75900	99
76000	104
76100	104
76200	101
76300	106
76400	96
76500	101
76600	102
76700	103
76800	119
76900	97
77000	114
77100	96
77200	97
77300	90
77400	82
77500	102
77600	95
77700	98
77800	96
77900	102
78000	90
78100	102
78200	112
78300	102
78400	105
78500	108
78600	120
78700	105
78800	106
78900	113
79000	95
79100	92
79200	80
79300	90
79400	120
79500	88
79600	84
79700	107
79800	97
79900	87
80000	109
80100	83
80200	100
80300	106
80400	110
80500	98
80600	93
80700	113
80800	79
80900	99
81000	106
81100	108
81200	89
81300	102
81400	94
81500	98
81600	100
81700	85
81800	97
81900	131
82000	104
82100	116
82200	93
82300	94
82400	120
82500	95
82600	105
82700	109
82800	119
82900	110
83000	105
83100	84
83200	99
83300	113
83400	106
83500	103
83600	107
83700	90
83800	93
83900	100
84000	108
84100	89
84200	114
84300	112
84400	81
84500	101
84600	88
84700	106
84800	108
84900	99
85000	99
85100	106
85200	90
85300	110
85400	87
85500	92
85600	93
85700	85
85800	103
85900	97
86000	104
86100	92
86200	105
86300	90
86400	93
86500	121
86600	101
86700	122
86800	116
86900	97
87000	92
87100	102
87200	104
87300	94
87400	98
87500	103
87600	98
87700	99
87800	99
87900	118
88000	93
88100	99
88200	104
88300	99
88400	104
88500	95
88600	91
88700	102
88800	111
88900	106
89000	88
89100	113
89200	90
89300	92
89400	97
89500	102
89600	108
89700	99
89800	98
89900	88
90000	91
90100	88
90200	93
90300	103
90400	91
90500	102
90600	84
90700	91
90800	111
90900	108
91000	111
91100	98
91200	84
91300	95
91400	111
91500	107
91600	105
91700	112
91800	100
91900	83
92000	96
92100	93
92200	99
92300	111
92400	98
92500	94
92600	112
92700	96
92800	87
92900	102
93000	99
93100	103
93200	98
93300	97
93400	67
93500	111
93600	116
93700	91
93800	89
93900	116
94000	100
94100	92
94200	94
94300	109
94400	98
94500	99
94600	95
94700	95
94800	86
94900	102
95000	105
95100	91
95200	99
95300	106
95400	102
95500	104
95600	102
95700	91
95800	92
95900	91
96000	117
96100	82
96200	112
96300	83
96400	96
96500	100
96600	87
96700	99
96800	96
96900	116
97000	95
97100	100
97200	114
97300	97
97400	97
97500	102
97600	102
97700	103
97800	91
97900	114
98000	93
98100	115
98200	111
98300	105
98400	102
98500	95
98600	105
98700	89
98800	93
98900	97
99000	110
99100	102
99200	112
99300	99
99400	103
99500	90
99600	94
99700	111
99800	112
99900	91
100000	53
100100	0
100200	0
100300	0
100400	0
100500	0
100600	0
100700	0
100800	0
100900	0
101000	0
101100	0
101200	0
101300	0
101400	0
101500	0
101600	0
101700	0
101800	0
101900	0
102000	0
102100	0
102200	0
102300	0
102400	0
102500	0
102600	0
102700	0
102800	0
102900	0
103000	0
103100	0
103200	0
103300	0
103400	0
103500	0
103600	0
103700	0
103800	0
103900	0
104000	0
104100	0
104200	0
104300	0
104400	0
104500	0
104600	0
104700	0
104800	0
104900	0
105000	0
105100	0
105200	0
105300	0
105400	0
105500	0
105600	0
105700	0
105800	0
105900	0
106000	0
106100	0
106200	0
106300	0
106400	0
106500	0
106600	0
106700	0
106800	0
106900	0
107000	0
107100	0
107200	0
107300	0
107400	0
107500	0
107600	0
107700	0
107800	0
107900	0
108000	0
108100	0
108200	0
108300	0
108400	0
108500	0
108600	0
108700	0
108800	0
108900	0
109000	0
109100	0
109200	0
109300	0
109400	0
109500	0
109600	0
109700	0
109800	0
109900	0
110000	0
110100	0
110200	0
110300	0
110400	0
110500	0
110600	0
110700	0
110800	0
110900	0
111000	0
111100	0
111200	0
111300	0
111400	0
111500	0
111600	0
111700	0
111800	0
111900	0
112000	0
112100	0
112200	0
112300	0
112400	0
112500	0
112600	0
112700	0
112800	0
112900	0
113000	0
113100	0
113200	0
113300	0
113400	0
113500	0
113600	0
113700	0
113800	0
113900	0
114000	0
114100	0
114200	0
114300	0
114400	0
114500	0
114600	0
114700	0
114800	0
114900	0
115000	0
115100	0
115200	0
115300	0
115400	0
115500	0
115600	0
115700	0
115800	0
115900	0
116000	0
116100	0
116200	0
116300	0
116400	0
116500	0
116600	0
116700	0
116800	0
116900	0
117000	0
117100	0
117200	0
117300	0
117400	0
117500	0
117600	0
117700	0
117800	0
117900	0
118000	0
118100	0
118200	0
118300	0
118400	0
118500	0
118600	0
118700	0
118800	0
118900	0
119000	0
119100	0
119200	0
119300	0
119400	0
119500	0
119600	0
119700	0
119800	0
119900	0
120000	0
120100	0
120200	0
120300	0
120400	0
120500	0
120600	0
120700	0
120800	0
120900	0
121000	0
121100	0
121200	0
121300	0
121400	0
121500	0
121600	0
121700	0
121800	0
121900	0
122000	0
122100	0
122200	0
122300	0
122400	0
122500	0
122600	0
122700	0
122800	0
122900	0
123000	0
123100	0
123200	0
123300	0
123400	0
123500	0
123600	0
123700	0
123800	0
123900	0
124000	0
124100	0
124200	0
124300	0
124400	0
124500	0
124600	0
124700	0
124800	0
124900	0
125000	0
125100	0
125200	0
125300	0
125400	0
125500	0
125600	0
125700	0
125800	0
125900	0
126000	0
126100	0
126200	0
126300	0
126400	0
126500	0
126600	0
126700	0
126800	0
126900	0
127000	0
127100	0
127200	0
127300	0
127400	0
127500	0
127600	0
127700	0
127800	0
127900	0
128000	0
128100	0
128200	0
128300	0
128400	0
128500	0
128600	0
128700	0
128800	0
128900	0
129000	0
129100	0
129200	0
129300	0
129400	0
129500	0
129600	0
129700	0
129800	0
129900	0
130000	0
130100	0
130200	0
130300	0
130400	0
130500	0
130600	0
130700	0
130800	0
130900	0
131000	0
131100	0
131200	0
131300	0
131400	0
131500	0
131600	0
131700	0
131800	0
131900	0
132000	0
132100	0
132200	0
132300	0
132400	0
132500	0
132600	0
132700	0
132800	0
132900	0
133000	0
133100	0
133200	0
133300	0
133400	0
133500	0
133600	0
133700	0
133800	0
133900	0
134000	0
134100	0
134200	0
134300	0
134400	0
134500	0
134600	0
134700	0
134800	0
134900	0
135000	0
135100	0
135200	0
135300	0
135400	0
135500	0
135600	0
135700	0
135800	0
135900	0
136000	0
136100	0
136200	0
136300	0
136400	0
136500	0
136600	0
136700	0
136800	0
136900	0
137000	0
137100	0
137200	0
137300	0
137400	0
137500	0
137600	0
137700	0
137800	0
137900	0
138000	0
138100	0
138200	0
138300	0
138400	0
138500	0
138600	0
138700	0
138800	0
138900	0
139000	0
139100	0
139200	0
139300	0
139400	0
139500	0
139600	0
139700	0
139800	0
139900	0
140000	0
140100	0
140200	0
140300	0
140400	0
140500	0
140600	0
140700	0
140800	0
140900	0
141000	0
141100	0
141200	0
141300	0
141400	0
141500	0
141600	0
141700	0
141800	0
141900	0
142000	0
142100	0
142200	0
142300	0
142400	0
142500	0
142600	0
142700	0
142800	0
142900	0
143000	0
143100	0
143200	0
143300	0
143400	0
143500	0
143600	0
143700	0
143800	0
143900	0
144000	0
144100	0
144200	0
144300	0
144400	0
144500	0
144600	0
144700	0
144800	0
144900	0
145000	0
145100	0
145200	0
145300	0
145400	0
145500	0
145600	0
145700	0
145800	0
145900	0
146000	0
146100	0
146200	0
146300	0
146400	0
146500	0
146600	0
146700	0
146800	0
146900	0
147000	0
147100	0
147200	0
147300	0
147400	0
147500	0
147600	0
147700	0
147800	0
147900	0
148000	0
148100	0
148200	0
148300	0
148400	0
148500	0
148600	0
148700	0
148800	0
148900	0
149000	0
149100	0
149200	0
149300	0
149400	0
149500	0
149600	0
149700	0
149800	0
149900	0
150000	0
150100	0
150200	0
150300	0
150400	0
150500	0
150600	0
150700	0
150800	0
150900	0
151000	0
151100	0
151200	0
151300	0
151400	0
151500	0
151600	0
151700	0
151800	0
151900	0
152000	0
152100	0
152200	0
152300	0
152400	0
152500	0
152600	0
152700	0
152800	0
152900	0
153000	0
153100	0
153200	0
153300	0
153400	0
153500	0
153600	0
153700	0
153800	0
153900	0
154000	0
154100	0
154200	0
154300	0
154400	0
154500	0
154600	0
154700	0
154800	0
154900	0
155000	0
155100	0
155200	0
155300	0
155400	0
155500	0
155600	0
155700	0
155800	0
155900	0
156000	0
156100	0
156200	0
156300	0
156400	0
156500	0
156600	0
156700	0
156800	0
156900	0
157000	0
157100	0
157200	0
157300	0
157400	0
157500	0
157600	0
157700	0
157800	0
157900	0
158000	0
158100	0
158200	0
158300	0
158400	0
158500	0
158600	0
158700	0
158800	0
158900	0
159000	0
159100	0
159200	0
159300	0
159400	0
159500	0
159600	0
159700	0
159800	0
159900	0
160000	0
160100	0
160200	0
160300	0
160400	0
160500	0
160600	0
160700	0
160800	0
160900	0
161000	0
161100	0
161200	0
161300	0
161400	0
161500	0
161600	0
161700	0
161800	0
161900	0
162000	0
162100	0
162200	0
162300	0
162400	0
162500	0
162600	0
162700	0
162800	0
162900	0
163000	0
163100	0
163200	0
163300	0
163400	0
163500	0
163600	0
163700	0
163800	0
163900	0
164000	0
164100	0
164200	0
164300	0
164400	0
164500	0
164600	0
164700	0
164800	0
164900	0
165000	0
165100	0
165200	0
165300	0
165400	0
165500	0
165600	0
165700	0
165800	0
165900	0
166000	0
166100	0
166200	0
166300	0
166400	0
166500	0
166600	0
166700	0
166800	0
166900	0
167000	0
167100	0
167200	0
167300	0
167400	0
167500	0
167600	0
167700	0
167800	0
167900	0
168000	0
168100	0
168200	0
168300	0
168400	0
168500	0
168600	0
168700	0
168800	0
168900	0
169000	0
169100	0
169200	0
169300	0
169400	0
169500	0
169600	0
169700	0
169800	0
169900	0
170000	0
170100	0
170200	0
170300	0
170400	0
170500	0
170600	0
170700	0
170800	0
170900	0
171000	0
171100	0
171200	0
171300	0
171400	0
171500	0
171600	0
171700	0
171800	0
171900	0
172000	0
172100	0
172200	0
172300	0
172400	0
172500	0
172600	0
172700	0
172800	0
172900	0
173000	0
173100	0
173200	0
173300	0
173400	0
173500	0
173600	0
173700	0
173800	0
173900	0
174000	0
174100	0
174200	0
174300	0
174400	0
174500	0
174600	0
174700	0
174800	0
174900	0
175000	0
175100	0
175200	0
175300	0
175400	0
175500	0
175600	0
175700	0
175800	0
175900	0
176000	0
176100	0
176200	0
176300	0
176400	0
176500	0
176600	0
176700	0
176800	0
176900	0
177000	0
177100	0
177200	0
177300	0
177400	0
177500	0
177600	0
177700	0
177800	0
177900	0
178000	0
178100	0
178200	0
178300	0
178400	0
178500	0
178600	0
178700	0
178800	0
178900	0
179000	0
179100	0
179200	0
179300	0
179400	0
179500	0
179600	0
179700	0
179800	0
179900	0
180000	0
180100	0
180200	0
180300	0
180400	0
180500	0
180600	0
180700	0
180800	0
180900	0
181000	0
181100	0
181200	0
181300	0
181400	0
181500	0
181600	0
181700	0
181800	0
181900	0
182000	0
182100	0
182200	0
182300	0
182400	0
182500	0
182600	0
182700	0
182800	0
182900	0
183000	0
183100	0
183200	0
183300	0
183400	0
183500	0
183600	0
183700	0
183800	0
183900	0
184000	0
184100	0
184200	0
184300	0
184400	0
184500	0
184600	0
184700	0
184800	0
184900	0
185000	0
185100	0
185200	0
185300	0
185400	0
185500	0
185600	0
185700	0
185800	0
185900	0
186000	0
186100	0
186200	0
186300	0
186400	0
186500	0
186600	0
186700	0
186800	0
186900	0
187000	0
187100	0
187200	0
187300	0
187400	0
187500	0
187600	0
187700	0
187800	0
187900	0
188000	0
188100	0
188200	0
188300	0
188400	0
188500	0
188600	0
188700	0
188800	0
188900	0
189000	0
189100	0
189200	0
189300	0
189400	0
189500	0
189600	0
189700	0
189800	0
189900	0
190000	0
190100	0
190200	0
190300	0
190400	0
190500	0
190600	0
190700	0
190800	0
190900	0
191000	0
191100	0
191200	0
191300	0
191400	0
191500	0
191600	0
191700	0
191800	0
191900	0
192000	0
192100	0
192200	0
192300	0
192400	0
192500	0
192600	0
192700	0
192800	0
192900	0
193000	0
193100	0
193200	0
193300	0
193400	0
193500	0
193600	0
193700	0
193800	0
193900	0
194000	0
194100	0
194200	0
194300	0
194400	0
194500	0
194600	0
194700	0
194800	0
194900	0
195000	0
195100	0
195200	0
195300	0
195400	0
195500	0
195600	0
195700	0
195800	0
195900	0
196000	0
196100	0
196200	0
196300	0
196400	0
196500	0
196600	0
196700	0
196800	0
196900	0
197000	0
197100	0
197200	0
197300	0
197400	0
197500	0
197600	0
197700	0
197800	0
197900	0
198000	0
198100	0
198200	0
198300	0
198400	0
198500	0
198600	0
198700	0
198800	0
198900	0
199000	0
199100	0
199200	0
199300	0
199400	0
199500	0
199600	0
199700	0
199800	0
199900	0
200000	0
