1436
995
1051
1269
867
892
833
986
957
958
860
978
1084
838
909
769
955
868
962
796
875
709
881
943
1042
755
792
985
862
1049
883
899
826
943
1028
903
945
910
782
1031
1007
787
1069
889
878
1222
860
1076
1095
916
1066
941
1024
939
901
841
981
788
870
928
880
910
842
1101
760
783
1249
648
840
1036
758
952
1040
957
952
956
994
829
983
841
917
1057
1018
1025
1110
881
1289
953
990
759
1089
995
1162
978
853
1173
952
893
1167
839
957
1262
962
865
1263
822
1015
1293
1031
991
1192
1009
907
952
867
1036
1059
973
728
1261
970
928
1050
1062
967
985
1093
1239
1096
904
793
1269
955
933
1086
1064
844
1074
1066
1101
995
1093
1089
1137
1130
932
927
1097
928
866
746
1001
893
996
906
1245
827
709
1114
921
1127
900
954
818
1142
962
939
960
956
980
975
954
990
1003
1031
878
1043
1069
963
1102
833
1045
1010
1050
1074
834
1084
969
1168
1057
788
1173
1053
777
979
1026
904
1142
791
888
1060
910
1122
1058
922
965
1000
981
998
1198
893
939
1271
1067
908
1173
1044
867
1191
966
1014
955
929
880
1243
1093
868
1153
1058
885
1391
890
1069
1286
952
1044
1306
933
888
936
1005
961
1173
968
878
1006
1077
1048
1150
884
1048
1013
980
1013
1152
1033
942
1103
1066
838
1075
1071
1000
963
1265
866
1277
867
948
1131
1126
809
1178
895
915
1078
1093
674
1352
831
1053
954
929
1153
1172
910
1105
971
1230
1090
1159
1103
921
1049
1052
1156
1297
903
999
925
1153
887
1275
1056
932
1199
1011
1004
949
1025
904
1098
1043
917
1163
1133
689
1053
1010
1222
797
1201
871
948
1123
806
1115
1001
758
943
1270
969
987
726
1300
1029
1269
939
934
854
1196
1111
1119
881
1080
972
876
1085
963
1043
984
945
878
1317
896
970
1024
841
995
1022
1100
817
1214
926
1046
1228
917
1020
990
995
881
1242
963
1059
769
1182
920
1030
1079
889
875
1190
972
1036
1238
857
1108
1128
856
1074
1170
681
1199
1087
1104
1134
1161
943
985
1137
1004
1207
995
927
1290
873
1218
1205
813
1082
1086
1234
1001
1197
1148
881
1106
1160
912
1124
1412
958
1169
976
1111
1297
1004
1072
945
1212
1041
1164
1044
954
1126
955
1158
925
1324
1057
1001
1122
1076
1156
1091
907
1034
1251
1045
965
1084
1021
1008
963
972
1093
901
1077
859
1177
981
1107
973
929
1092
1019
933
1022
930
1057
1101
1002
987
1108
1055
815
1066
1192
1034
1271
951
1243
1065
1237
1083
1058
1238
863
1283
1024
1213
1249
994
860
1114
1182
1279
871
1083
1126
1042
1206
1083
912
1039
1077
1218
859
981
1003
961
1154
1186
1239
574
1152
896
1121
778
1017
1089
1122
1113
1030
1098
1055
913
937
1158
867
1276
900
1004
1038
849
1043
1185
965
1193
803
1252
1002
1194
1020
972
1031
1101
1080
924
1209
882
1195
1040
978
1051
1182
879
1053
1290
980
1210
996
1027
1098
1060
1098
1179
982
975
1017
1063
930
1053
1178
959
962
1134
1006
1199
975
863
1105
1059
992
1286
1127
834
969
1244
1018
1181
1037
1179
1152
1120
1238
1057
1060
965
1157
1135
1223
1010
1054
1080
1031
1145
902
1201
1045
1048
1161
1101
973
1395
993
1063
1100
1142
1219
1070
1105
1175
980
1012
1080
1131
1087
821
1260
1024
990
1106
1069
830
1279
1011
1103
965
1155
974
1191
1057
1018
1119
929
1270
1004
1114
1076
1170
1007
984
1304
1153
952
1121
971
1024
951
978
1094
991
1142
1142
1183
1000
1049
1229
863
1232
1091
1117
1063
1091
980
1294
1037
1035
1162
1102
947
1050
861
1102
1210
835
1079
1232
939
1070
1035
1061
1056
973
1262
1015
1066
924
1171
1200
1070
1024
1016
938
1174
1235
1134
819
1114
1068
1062
1041
926
968
1216
1222
919
944
1206
1079
1124
859
1268
939
1139
1283
803
1224
934
1165
1070
1193
1095
1001
1045
1097
1047
948
1182
1096
1153
1134
927
1284
1076
703
1244
941
1247
868
973
918
1123
1153
1155
856
1085
1036
1026
1053
993
1037
995
1123
1068
1021
762
969
1050
1202
992
1170
961
883
989
1189
864
1068
931
816
1002
1200
915
788
939
1083
985
902
882
932
918
1142
1001
840
1070
1215
838
1092
913
1108
973
1198
934
967
961
1220
1091
877
772
1138
888
1081
926
1123
932
1032
962
1114
895
987
1044
949
996
1038
925
1037
917
958
929
1181
1116
1155
1082
788
977
1179
907
970
949
900
1065
1128
982
822
1051
978
970
1014
980
1208
872
833
1252
1115
1047
1144
834
1037
977
1201
928
819
1245
838
1235
878
1059
1119
983
914
995
1036
879
1013
970
924
1131
1206
1015
1103
994
1093
1084
1042
1065
1105
1070
1002
997
1077
893
1107
1134
899
1029
855
1102
1141
911
1087
1163
952
1014
928
1145
941
1115
1055
975
966
1266
1169
852
1389
1136
1117
1229
1178
1191
1256
956
1268
1162
1116
1044
1162
1285
942
1286
1218
966
1277
1078
1080
1299
900
1164
1216
1011
1085
1187
961
1245
994
996
1156
1131
1233
929
1224
1171
961
1301
835
1210
952
1006
1145
1257
1082
937
1209
1148
1079
1121
988
988
1150
951
1080
1102
1149
1128
976
1014
1280
1016
1172
1164
1088
1018
1161
998
813
1237
1010
982
1066
1060
777
1164
1144
944
1142
995
1223
1163
1134
947
1214
1048
984
1147
938
1088
1290
1156
1150
1027
1285
1002
1136
1068
1083
953
1238
834
1252
990
1004
1195
1333
1014
1151
952
1143
887
1408
1002
1055
1109
1176
1084
1290
1248
1109
1113
1040
1210
1115
1252
1125
1277
1072
1256
1160
1157
1357
1183
1394
1099
1186
1191
1112
1386
971
1192
1338
1137
1159
1345
893
1369
1093
1236
1161
1016
1173
1182
1258
1090
1168
1204
971
1161
1238
1135
1228
1031
1280
1398
1132
1024
1205
1205
1386
1065
1086
1044
1411
1038
1258
1191
1371
1260
1366
1102
1222
1238
1248
1233
901
1309
992
1165
1095
1067
1176
981
1111
963
1034
1130
1194
1081
1395
1115
1104
1118
822
1018
1198
1127
1001
965
933
1010
1205
1121
962
1089
1151
1104
1105
1075
1255
1161
1040
1055
1140
1100
1058
1117
1067
1006
1267
1015
901
1202
1000
1176
1116
933
1201
852
1332
989
1149
1182
927
921
1260
1005
869
1187
1209
1013
1091
904
1135
1074
1042
1061
946
1047
1095
1141
985
1161
971
1034
1336
1113
926
1294
1109
1249
1045
1216
1055
1176
1358
1090
1100
1305
1098
1190
1206
1161
869
1336
1162
1156
1183
931
1158
1246
1067
1150
1027
908
1182
1216
1094
996
1227
989
1170
1133
908
993
1174
1044
1114
1157
795
1220
1222
817
1011
1196
1005
911
1002
1201
1229
1119
993
971
1016
1058
970
1038
1083
1112
768
1259
955
982
1106
946
883
1155
1115
1092
1037
1124
987
807
1252
1048
1061
1228
854
1106
1257
969
1102
987
1191
1249
1043
986
1081
1006
1018
1007
1130
1010
1127
934
1420
818
1338
976
1002
1292
980
1177
1011
1071
1215
986
1103
1123
1135
870
1145
1130
1115
956
1091
1013
1182
853
1345
1120
1155
1156
1269
1193
1290
1212
1153
1159
1109
1125
1314
1065
965
1225
912
1181
990
1090
1158
1204
1344
1044
1258
1074
1063
1243
809
1380
1302
860
1077
1106
939
1167
1072
1115
991
1141
1152
1210
1058
1058
966
960
1371
1349
1165
861
1326
907
1039
1105
1073
880
1038
1153
1140
826
1047
924
1127
1132
1083
929
1192
988
1088
1133
1094
1297
1065
917
1316
1228
1306
904
1140
1155
1173
1213
1091
1213
1146
972
1406
1216
907
1258
1043
1194
1154
998
1146
1163
1141
861
1070
1076
1080
1374
1129
1126
1193
1077
1132
1090
1105
744
1376
990
1024
1044
1153
883
1382
1033
1212
1066
1045
1216
814
1101
1088
1148
946
1256
1028
1011
1190
1142
1086
1233
1133
950
1162
1167
951
1380
1095
1123
1207
1101
1105
1148
1365
837
1354
1125
984
1199
1165
1058
1379
839
1129
1047
1134
1080
1041
1049
1147
1205
899
1188
1132
866
1009
1183
779
1195
1005
1103
972
1139
1135
1155
1045
1109
947
1223
1206
1181
1152
1117
1079
1133
1113
1083
1101
951
1193
1160
1029
1185
1130
808
1187
1193
1220
928
1355
978
924
1204
1181
1108
1186
1116
996
1113
1182
1186
1196
1161
974
1143
1054
1211
1165
1214
1029
1049
1223
1251
1011
1195
1203
1291
1221
1297
857
975
1250
1129
1035
1043
1093
1130
1110
962
1154
1268
986
1215
981
1225
1115
1194
842
1240
1108
1305
954
1148
1163
1155
1121
986
1127
1283
965
1215
1036
1160
1141
1074
1139
1425
830
1362
1229
1040
1133
1205
1124
1027
1245
1161
989
1129
1204
1331
938
1204
1222
1161
1117
1185
1167
906
1160
1164
1136
1183
1149
1038
1233
1066
1230
1114
1154
883
1149
1135
1086
1009
1139
989
990
1165
864
942
1347
1090
1098
982
1193
1182
1420
1107
1026
1102
1326
948
1224
922
1393
1035
1115
1208
1090
1049
1068
1198
1046
1073
1214
973
1000
1181
1093
1200
1052
974
1116
912
1136
1143
904
818
1199
1051
1105
1065
1005
999
1179
1075
1052
1122
1112
988
1089
1047
1342
1034
1142
940
1187
1241
1181
1099
905
1249
1079
1026
1153
1096
1113
1097
1113
1000
1319
1173
