20000	837	902	11
40000	335	902	6
60000	606	902	10
80000	449	902	6
1e+005	420	902	7
1.2e+005	389	902	7
1.4e+005	375	902	7
1.6e+005	280	902	6
1.8e+005	533	902	8
2e+005	509	902	7
2.2e+005	431	902	8
2.4e+005	392	902	6
2.6e+005	420	902	8
2.8e+005	417	902	8
3e+005	174	902	3
3.2e+005	437	902	9
3.4e+005	210	902	3
3.6e+005	379	902	6
3.8e+005	454	902	7
4e+005	347	902	6
4.2e+005	438	902	8
4.4e+005	374	902	7
4.6e+005	387	902	7
4.8e+005	202	902	4
5e+005	404	902	7
5.2e+005	438	902	8
5.4e+005	372	902	7
5.6e+005	417	902	8
5.8e+005	276	902	6
6e+005	451	902	8
6.2e+005	343	902	7
6.4e+005	418	902	7
6.6e+005	399	902	6
6.8e+005	543	902	9
7e+005	253	902	5
7.2e+005	311	902	6
7.4e+005	323	902	6
7.6e+005	320	902	6
7.8e+005	421	902	8
8e+005	126	902	3
8.2e+005	546	902	10
8.4e+005	187	902	4
8.6e+005	314	902	6
8.8e+005	433	902	9
9e+005	385	902	7
9.2e+005	445	902	9
9.4e+005	381	902	7
9.6e+005	228	902	5
9.8e+005	407	902	8
1e+006	405	902	8
1.02e+006	268	902	6
1.04e+006	395	902	8
1.06e+006	312	902	7
1.08e+006	156	902	3
1.1e+006	375	902	8
1.12e+006	304	902	6
1.14e+006	412	902	9
1.16e+006	291	902	6
1.18e+006	459	902	9
1.2e+006	294	902	6
1.22e+006	406	902	7
1.24e+006	282	902	6
1.26e+006	452	902	8
1.28e+006	392	902	8
1.3e+006	300	902	6
1.32e+006	422	902	9
1.34e+006	279	902	6
1.36e+006	272	902	6
1.38e+006	445	902	9
1.4e+006	398	902	8
1.42e+006	297	902	6
1.44e+006	330	902	7
1.46e+006	595	902	11
1.48e+006	310	902	6
1.5e+006	278	902	6
1.52e+006	409	902	9
1.54e+006	257	902	5
1.56e+006	411	902	9
1.58e+006	404	902	8
1.6e+006	292	902	6
1.62e+006	418	902	8
1.64e+006	361	902	7
1.66e+006	258	902	5
1.68e+006	448	902	9
1.7e+006	376	902	8
1.72e+006	280	902	6
1.74e+006	559	902	11
1.76e+006	375	902	8
1.78e+006	230	902	5
1.8e+006	440	902	9
1.82e+006	424	902	9
1.84e+006	326	902	7
1.86e+006	164	902	4
1.88e+006	516	902	10
1.9e+006	353	902	8
1.92e+006	183	902	4
1.94e+006	437	902	9
1.96e+006	407	902	8
1.98e+006	435	902	8
2e+006	345	902	7
2.02e+006	477	902	10
2.04e+006	289	902	6
2.06e+006	466	902	10
2.08e+006	380	902	8
2.1e+006	170	902	4
2.12e+006	487	902	10
2.14e+006	349	902	7
2.16e+006	335	902	7
2.18e+006	337	902	7
2.2e+006	457	902	9
2.22e+006	410	902	8
2.24e+006	307	902	6
2.26e+006	534	902	11
2.28e+006	249	902	5
2.3e+006	572	902	11
2.32e+006	305	902	5
2.34e+006	403	902	6
2.36e+006	554	902	10
2.38e+006	339	902	7
2.4e+006	329	902	7
2.42e+006	389	902	7
2.44e+006	446	902	8
2.46e+006	347	902	7
2.48e+006	402	902	8
2.5e+006	374	902	7
2.52e+006	424	902	8
2.54e+006	468	902	9
2.56e+006	368	902	7
2.58e+006	313	902	6
2.6e+006	513	902	10
2.62e+006	438	902	9
2.64e+006	454	902	9
2.66e+006	268	902	6
2.68e+006	373	902	8
2.7e+006	333	902	6
2.72e+006	402	902	8
2.74e+006	320	902	6
2.76e+006	434	902	9
2.78e+006	362	902	8
2.8e+006	215	902	4
2.82e+006	526	902	11
2.84e+006	452	902	9
2.86e+006	270	902	5
2.88e+006	290	902	6
2.9e+006	377	902	8
2.92e+006	369	902	8
2.94e+006	302	902	6
2.96e+006	478	902	10
2.98e+006	252	902	5
3e+006	328	902	7
3.02e+006	360	902	8
3.04e+006	197	902	4
3.06e+006	511	902	11
3.08e+006	302	902	6
3.1e+006	366	902	8
3.12e+006	470	902	10
3.14e+006	231	902	5
3.16e+006	383	902	8
3.18e+006	423	902	9
3.2e+006	459	902	9
3.22e+006	344	902	7
3.24e+006	331	902	8
3.26e+006	397	902	7
3.28e+006	278	902	6
3.3e+006	234	902	5
3.32e+006	391	902	8
3.34e+006	429	902	8
3.36e+006	373	902	8
3.38e+006	332	902	7
3.4e+006	333	902	7
3.42e+006	276	902	6
3.44e+006	459	902	10
3.46e+006	260	902	5
3.48e+006	412	902	8
3.5e+006	484	902	10
3.52e+006	155	902	3
3.54e+006	406	902	9
3.56e+006	361	902	7
3.58e+006	467	902	9
3.6e+006	286	902	6
3.62e+006	247	902	5
3.64e+006	588	902	12
3.66e+006	350	902	7
3.68e+006	389	902	7
3.7e+006	314	902	7
3.72e+006	445	902	9
3.74e+006	504	902	10
3.76e+006	285	902	6
3.78e+006	310	902	6
3.8e+006	451	902	9
3.82e+006	329	902	7
3.84e+006	348	902	7
3.86e+006	495	902	10
3.88e+006	277	902	5
3.9e+006	357	902	8
3.92e+006	397	902	8
3.94e+006	366	902	8
3.96e+006	339	902	6
3.98e+006	302	902	6
4e+006	526	902	10
4.02e+006	257	902	5
4.04e+006	407	902	9
4.06e+006	261	902	5
4.08e+006	392	902	8
4.1e+006	486	902	10
4.12e+006	479	902	9
4.14e+006	339	902	7
4.16e+006	404	902	8
4.18e+006	429	902	8
4.2e+006	401	902	8
4.22e+006	555	902	11
4.24e+006	303	902	6
4.26e+006	382	902	8
4.28e+006	512	902	10
4.3e+006	309	902	5
4.32e+006	362	902	7
4.34e+006	507	902	10
4.36e+006	431	902	8
4.38e+006	495	902	10
4.4e+006	470	902	10
4.42e+006	226	902	5
4.44e+006	377	902	7
4.46e+006	419	902	8
4.48e+006	220	902	5
4.5e+006	328	902	6
4.52e+006	543	902	9
4.54e+006	284	902	6
4.56e+006	475	902	9
4.58e+006	495	902	9
4.6e+006	443	902	8
4.62e+006	506	902	9
4.64e+006	406	902	8
4.66e+006	266	902	6
4.68e+006	422	902	9
4.7e+006	448	902	10
4.72e+006	298	902	6
4.74e+006	317	902	6
4.76e+006	552	902	11
4.78e+006	226	902	5
4.8e+006	583	902	12
4.82e+006	376	902	7
4.84e+006	440	902	8
4.86e+006	233	902	5
4.88e+006	467	902	9
4.9e+006	367	902	7
4.92e+006	523	902	10
4.94e+006	422	902	8
4.96e+006	288	902	5
4.98e+006	330	902	7
5e+006	456	902	8
5.02e+006	488	902	9
5.04e+006	315	902	6
5.06e+006	595	902	11
5.08e+006	224	902	5
5.1e+006	528	902	10
5.12e+006	385	902	8
5.14e+006	328	902	6
5.16e+006	509	902	10
5.18e+006	346	902	7
5.2e+006	473	902	9
5.22e+006	337	902	6
5.24e+006	444	902	9
5.26e+006	407	902	8
5.28e+006	479	902	9
5.3e+006	136	902	3
5.32e+006	469	902	9
5.34e+006	543	902	10
5.36e+006	394	902	8
5.38e+006	557	902	10
5.4e+006	336	902	6
5.42e+006	534	902	10
5.44e+006	290	902	5
5.46e+006	467	902	9
5.48e+006	371	902	7
5.5e+006	396	902	7
5.52e+006	535	902	9
5.54e+006	609	902	11
5.56e+006	141	902	3
5.58e+006	408	902	8
5.6e+006	536	902	10
5.62e+006	230	902	4
5.64e+006	441	902	9
5.66e+006	454	902	9
5.68e+006	232	902	4
5.7e+006	452	902	9
5.72e+006	469	902	9
5.74e+006	161	902	3
5.76e+006	513	902	10
5.78e+006	496	902	9
5.8e+006	214	902	4
5.82e+006	560	902	11
5.84e+006	303	902	7
5.86e+006	272	902	5
5.88e+006	579	902	11
5.9e+006	350	902	8
5.92e+006	257	902	5
5.94e+006	427	902	8
5.96e+006	409	902	9
5.98e+006	360	902	7
6e+006	486	902	9
6.02e+006	412	902	9
6.04e+006	429	902	8
6.06e+006	348	902	7
6.08e+006	488	902	10
6.1e+006	314	902	6
6.12e+006	377	902	8
6.14e+006	478	902	9
6.16e+006	227	902	5
6.18e+006	575	902	11
6.2e+006	411	902	8
6.22e+006	354	902	7
6.24e+006	366	902	7
6.26e+006	539	902	10
6.28e+006	260	902	5
6.3e+006	439	902	9
6.32e+006	600	902	11
6.34e+006	353	902	7
6.36e+006	338	902	7
6.38e+006	441	902	8
6.4e+006	594	902	11
6.42e+006	374	902	7
6.44e+006	587	902	12
6.46e+006	242	902	5
6.48e+006	372	902	8
6.5e+006	384	902	7
6.52e+006	245	902	5
6.54e+006	421	902	8
6.56e+006	680	902	13
6.58e+006	312	902	6
6.6e+006	383	902	8
6.62e+006	447	902	9
6.64e+006	341	902	6
6.66e+006	466	902	10
6.68e+006	334	902	7
6.7e+006	291	902	6
6.72e+006	398	902	8
6.74e+006	548	902	11
6.76e+006	496	902	10
6.78e+006	333	902	7
6.8e+006	407	902	8
6.82e+006	282	902	6
6.84e+006	412	902	8
6.86e+006	559	902	11
6.88e+006	128	902	3
6.9e+006	490	902	9
6.92e+006	369	902	7
6.94e+006	359	902	7
6.96e+006	707	902	13
6.98e+006	341	902	7
7e+006	428	902	9
7.02e+006	378	902	7
7.04e+006	465	902	9
7.06e+006	434	902	8
7.08e+006	427	902	9
7.1e+006	457	902	8
7.12e+006	381	902	8
7.14e+006	466	902	9
7.16e+006	603	902	11
7.18e+006	272	902	5
7.2e+006	323	902	6
7.22e+006	352	902	7
7.24e+006	340	902	7
7.26e+006	620	902	12
7.28e+006	465	902	9
7.3e+006	402	902	8
7.32e+006	344	902	7
7.34e+006	413	902	8
7.36e+006	296	902	6
7.38e+006	481	902	9
7.4e+006	461	902	9
7.42e+006	345	902	6
7.44e+006	474	902	9
7.46e+006	298	902	6
7.48e+006	295	902	6
7.5e+006	267	902	5
7.52e+006	490	902	9
7.54e+006	85	902	2
7.56e+006	347	902	7
7.58e+006	516	902	10
7.6e+006	382	902	8
7.62e+006	298	902	6
7.64e+006	393	902	8
7.66e+006	387	902	8
7.68e+006	383	902	7
7.7e+006	472	902	10
7.72e+006	264	902	6
7.74e+006	428	902	9
7.76e+006	575	902	12
7.78e+006	230	902	5
7.8e+006	510	902	10
7.82e+006	531	902	11
7.84e+006	252	902	5
7.86e+006	288	902	6
7.88e+006	368	902	7
7.9e+006	285	902	6
7.92e+006	392	902	8
7.94e+006	344	902	7
7.96e+006	235	902	5
7.98e+006	621	902	12
8e+006	290	902	6
8.02e+006	491	902	9
8.04e+006	321	902	6
8.06e+006	509	902	10
8.08e+006	363	902	7
8.1e+006	281	902	6
8.12e+006	525	902	10
8.14e+006	285	902	6
8.16e+006	295	902	6
8.18e+006	343	902	7
8.2e+006	450	902	9
8.22e+006	462	902	9
8.24e+006	360	902	7
8.26e+006	320	902	7
8.28e+006	481	902	10
8.3e+006	394	902	8
8.32e+006	353	902	7
8.34e+006	395	902	8
8.36e+006	535	902	11
8.38e+006	123	902	3
8.4e+006	468	902	10
8.42e+006	246	902	5
8.44e+006	364	902	8
8.46e+006	581	902	12
8.48e+006	456	902	10
8.5e+006	341	902	7
8.52e+006	265	902	6
8.54e+006	504	902	11
8.56e+006	312	902	7
8.58e+006	375	902	8
8.6e+006	362	902	7
8.62e+006	382	902	8
8.64e+006	509	902	11
8.66e+006	408	902	9
8.68e+006	332	902	7
8.7e+006	412	902	8
8.72e+006	410	902	8
8.74e+006	277	902	6
8.76e+006	495	902	10
8.78e+006	501	902	10
8.8e+006	305	902	6
8.82e+006	380	902	8
8.84e+006	367	902	7
8.86e+006	362	902	7
8.88e+006	514	902	11
8.9e+006	484	902	9
8.92e+006	296	902	6
8.94e+006	466	902	10
8.96e+006	575	902	12
8.98e+006	152	902	3
9e+006	416	902	9
9.02e+006	346	902	7
9.04e+006	383	902	8
9.06e+006	441	902	9
9.08e+006	406	902	9
9.1e+006	334	902	7
9.12e+006	502	902	11
9.14e+006	336	902	7
9.16e+006	221	902	4
9.18e+006	565	902	12
9.2e+006	584	902	12
9.22e+006	278	902	5
9.24e+006	483	902	10
9.26e+006	426	902	9
9.28e+006	186	902	4
9.3e+006	434	902	8
9.32e+006	408	902	8
9.34e+006	437	902	9
9.36e+006	379	902	7
9.38e+006	584	902	12
9.4e+006	261	902	6
9.42e+006	475	902	9
9.44e+006	518	902	11
9.46e+006	224	902	5
9.48e+006	449	902	9
9.5e+006	542	902	11
9.52e+006	220	902	4
9.54e+006	379	902	8
9.56e+006	557	902	12
9.58e+006	334	902	7
9.6e+006	396	902	7
9.62e+006	214	902	5
9.64e+006	504	902	10
9.66e+006	378	902	8
9.68e+006	422	902	9
9.7e+006	246	902	5
9.72e+006	395	902	9
9.74e+006	472	902	10
9.76e+006	402	902	7
9.78e+006	405	902	9
9.8e+006	562	902	11
9.82e+006	225	902	5
9.84e+006	386	902	8
9.86e+006	415	902	9
9.88e+006	302	902	6
9.9e+006	516	902	11
9.92e+006	327	902	7
9.94e+006	366	902	7
9.96e+006	392	902	8
9.98e+006	271	902	6
1e+007	308	902	6
1.002e+007	462	902	10
1.004e+007	442	902	9
1.006e+007	264	902	5
1.008e+007	540	902	11
1.01e+007	318	902	7
1.012e+007	421	902	9
1.014e+007	551	902	11
1.016e+007	373	902	8
1.018e+007	349	902	7
1.02e+007	371	902	7
1.022e+007	433	902	9
1.024e+007	297	902	6
1.026e+007	424	902	9
1.028e+007	615	902	13
1.03e+007	191	902	4
1.032e+007	430	902	9
1.034e+007	485	902	10
1.036e+007	211	902	4
1.038e+007	438	902	9
1.04e+007	547	902	11
1.042e+007	291	902	6
1.044e+007	483	902	10
1.046e+007	590	902	12
1.048e+007	205	902	4
1.05e+007	451	902	9
1.052e+007	527	902	10
1.054e+007	145	902	3
1.056e+007	522	902	10
1.058e+007	476	902	10
1.06e+007	181	902	4
1.062e+007	526	902	10
1.064e+007	485	902	10
1.066e+007	172	902	3
1.068e+007	632	902	12
1.07e+007	530	902	10
1.072e+007	194	902	4
1.074e+007	613	902	12
1.076e+007	478	902	9
1.078e+007	179	902	4
1.08e+007	510	902	10
1.082e+007	496	902	10
1.084e+007	396	902	8
1.086e+007	360	902	6
1.088e+007	295	902	6
1.09e+007	355	902	7
1.092e+007	559	902	11
1.094e+007	544	902	11
1.096e+007	174	902	4
1.098e+007	524	902	11
1.1e+007	531	902	11
1.102e+007	176	902	4
1.104e+007	486	902	10
1.106e+007	442	902	9
1.108e+007	229	902	5
1.11e+007	503	902	10
1.112e+007	442	902	9
1.114e+007	247	902	5
1.116e+007	454	902	9
1.118e+007	345	902	7
1.12e+007	252	902	5
1.122e+007	654	902	13
1.124e+007	323	902	7
1.126e+007	342	902	7
1.128e+007	563	902	11
1.13e+007	500	902	10
1.132e+007	289	902	6
1.134e+007	452	902	9
1.136e+007	494	902	9
1.138e+007	326	902	6
1.14e+007	396	902	8
1.142e+007	534	902	10
1.144e+007	322	902	6
1.146e+007	509	902	10
1.148e+007	386	902	8
1.15e+007	304	902	5
1.152e+007	583	902	11
1.154e+007	499	902	10
1.156e+007	370	902	7
1.158e+007	471	902	9
1.16e+007	479	902	10
1.162e+007	282	902	5
1.164e+007	486	902	9
1.166e+007	590	902	11
1.168e+007	302	902	6
1.17e+007	496	902	9
1.172e+007	371	902	8
1.174e+007	423	902	7
1.176e+007	375	902	7
1.178e+007	553	902	11
1.18e+007	204	902	4
1.182e+007	653	902	11
1.184e+007	598	902	11
1.186e+007	303	902	6
1.188e+007	367	902	7
1.19e+007	391	902	8
1.192e+007	407	902	7
1.194e+007	339	902	7
1.196e+007	412	902	8
1.198e+007	198	902	4
1.2e+007	493	902	10
1.202e+007	378	902	8
1.204e+007	337	902	6
1.206e+007	432	902	9
1.208e+007	432	902	9
1.21e+007	366	902	7
1.212e+007	489	902	10
1.214e+007	510	902	11
1.216e+007	248	902	5
1.218e+007	430	902	9
1.22e+007	453	902	9
1.222e+007	236	902	5
1.224e+007	431	902	9
1.226e+007	483	902	10
1.228e+007	300	902	6
1.23e+007	364	902	8
1.232e+007	559	902	10
1.234e+007	254	902	5
1.236e+007	405	902	8
1.238e+007	490	902	10
1.24e+007	367	902	7
1.242e+007	441	902	9
1.244e+007	657	902	13
1.246e+007	296	902	6
1.248e+007	405	902	8
1.25e+007	373	902	8
1.252e+007	392	902	8
1.254e+007	506	902	10
1.256e+007	355	902	7
1.258e+007	348	902	8
1.26e+007	351	902	7
1.262e+007	479	902	9
1.264e+007	225	902	4
1.266e+007	638	902	13
1.268e+007	379	902	8
1.27e+007	324	902	6
1.272e+007	498	902	10
1.274e+007	277	902	6
1.276e+007	448	902	9
1.278e+007	520	902	10
1.28e+007	366	902	8
1.282e+007	413	902	8
1.284e+007	438	902	9
1.286e+007	340	902	7
1.288e+007	260	902	5
1.29e+007	544	902	11
1.292e+007	386	902	8
1.294e+007	271	902	5
1.296e+007	563	902	11
1.298e+007	424	902	9
1.3e+007	292	902	5
1.302e+007	413	902	8
1.304e+007	577	902	11
1.306e+007	208	902	4
1.308e+007	523	902	11
1.31e+007	489	902	10
1.312e+007	320	902	6
1.314e+007	499	902	10
1.316e+007	393	902	8
1.318e+007	152	902	3
1.32e+007	597	902	11
1.322e+007	347	902	7
1.324e+007	482	902	9
1.326e+007	370	902	7
1.328e+007	507	902	10
1.33e+007	450	902	8
1.332e+007	536	902	10
1.334e+007	475	902	9
1.336e+007	365	902	7
1.338e+007	253	902	5
1.34e+007	526	902	10
1.342e+007	227	902	5
1.344e+007	484	902	9
1.346e+007	318	902	6
1.348e+007	419	902	8
1.35e+007	506	902	10
1.352e+007	455	902	9
1.354e+007	515	902	10
1.356e+007	307	902	6
1.358e+007	499	902	10
1.36e+007	183	902	4
1.362e+007	494	902	9
1.364e+007	534	902	11
1.366e+007	340	902	7
1.368e+007	458	902	9
1.37e+007	194	902	4
1.372e+007	451	902	9
1.374e+007	364	902	8
1.376e+007	528	902	11
1.378e+007	261	902	6
1.38e+007	376	902	8
1.382e+007	307	902	6
1.384e+007	321	902	6
1.386e+007	515	902	10
1.388e+007	492	902	10
1.39e+007	286	902	6
1.392e+007	566	902	11
1.394e+007	409	902	8
1.396e+007	298	902	6
1.398e+007	332	902	7
1.4e+007	531	902	10
1.402e+007	226	902	5
1.404e+007	501	902	10
1.406e+007	502	902	10
1.408e+007	302	902	6
1.41e+007	339	902	7
1.412e+007	491	902	10
1.414e+007	353	902	7
1.416e+007	401	902	8
1.418e+007	532	902	10
1.42e+007	296	902	6
1.422e+007	485	902	9
1.424e+007	337	902	6
1.426e+007	470	902	9
1.428e+007	481	902	10
1.43e+007	466	902	9
1.432e+007	364	902	7
1.434e+007	531	902	10
1.436e+007	334	902	6
1.438e+007	421	902	8
1.44e+007	378	902	8
1.442e+007	438	902	8
1.444e+007	348	902	7
1.446e+007	526	902	10
1.448e+007	437	902	9
1.45e+007	394	902	7
1.452e+007	536	902	10
1.454e+007	459	902	9
1.456e+007	323	902	6
1.458e+007	527	902	10
1.46e+007	452	902	9
1.462e+007	294	902	6
1.464e+007	487	902	9
1.466e+007	323	902	6
1.468e+007	399	902	8
1.47e+007	508	902	10
1.472e+007	571	902	11
1.474e+007	343	902	7
1.476e+007	306	902	6
1.478e+007	665	902	11
1.48e+007	435	902	7
1.482e+007	416	902	8
1.484e+007	563	902	11
1.486e+007	335	902	7
1.488e+007	415	902	8
1.49e+007	367	902	7
1.492e+007	361	902	7
1.494e+007	515	902	10
1.496e+007	365	902	7
1.498e+007	145	902	3
1.5e+007	471	902	10
1.502e+007	607	902	11
1.504e+007	226	902	5
1.506e+007	476	902	9
1.508e+007	532	902	10
1.51e+007	345	902	7
1.512e+007	487	902	10
1.514e+007	335	902	6
1.516e+007	432	902	9
1.518e+007	331	902	6
1.52e+007	684	902	13
1.522e+007	97	902	2
1.524e+007	534	902	10
1.526e+007	436	902	9
1.528e+007	524	902	10
1.53e+007	367	902	7
1.532e+007	318	902	6
1.534e+007	431	902	9
1.536e+007	464	902	9
1.538e+007	395	902	8
1.54e+007	463	902	8
1.542e+007	402	902	8
1.544e+007	376	902	7
1.546e+007	412	902	8
1.548e+007	381	902	8
1.55e+007	470	902	10
1.552e+007	437	902	8
1.554e+007	282	902	6
1.556e+007	504	902	10
1.558e+007	319	902	6
1.56e+007	310	902	6
1.562e+007	405	902	8
1.564e+007	367	902	8
1.566e+007	429	902	8
1.568e+007	459	902	9
1.57e+007	291	902	6
1.572e+007	474	902	9
1.574e+007	588	902	11
1.576e+007	400	902	8
1.578e+007	289	902	6
1.58e+007	630	902	12
1.582e+007	209	902	4
1.584e+007	328	902	6
1.586e+007	503	902	9
1.588e+007	254	902	5
1.59e+007	345	902	7
1.592e+007	515	902	10
1.594e+007	355	902	7
1.596e+007	420	902	8
1.598e+007	700	902	13
1.6e+007	315	902	6
1.602e+007	364	902	7
1.604e+007	348	902	7
1.606e+007	322	902	6
1.608e+007	414	902	7
1.61e+007	559	902	11
1.612e+007	321	902	6
1.614e+007	349	902	7
1.616e+007	419	902	8
1.618e+007	422	902	8
1.62e+007	310	902	6
1.622e+007	442	902	9
1.624e+007	357	902	7
1.626e+007	453	902	9
1.628e+007	419	902	9
1.63e+007	179	902	4
1.632e+007	427	902	8
1.634e+007	595	902	12
1.636e+007	477	902	10
1.638e+007	135	902	3
1.64e+007	570	902	11
1.642e+007	202	902	4
1.644e+007	308	902	7
1.646e+007	442	902	9
1.648e+007	330	902	6
1.65e+007	453	902	9
1.652e+007	485	902	10
1.654e+007	420	902	9
1.656e+007	469	902	9
1.658e+007	390	902	8
1.66e+007	285	902	6
1.662e+007	466	902	9
1.664e+007	474	902	9
1.666e+007	268	902	6
1.668e+007	293	902	5
1.67e+007	294	902	6
1.672e+007	520	902	9
1.674e+007	686	902	12
1.676e+007	467	902	9
1.678e+007	357	902	7
1.68e+007	440	902	8
1.682e+007	378	902	8
1.684e+007	381	902	7
1.686e+007	365	902	7
1.688e+007	720	902	13
1.69e+007	262	902	5
1.692e+007	443	902	8
1.694e+007	291	902	6
1.696e+007	332	902	6
1.698e+007	192	902	4
1.7e+007	615	902	11
1.702e+007	473	902	9
1.704e+007	338	902	7
1.706e+007	482	902	10
1.708e+007	452	902	9
1.71e+007	403	902	8
1.712e+007	453	902	9
1.714e+007	379	902	7
1.716e+007	493	902	10
1.718e+007	430	902	9
1.72e+007	261	902	5
1.722e+007	535	902	10
1.724e+007	425	902	9
1.726e+007	383	902	8
1.728e+007	252	902	5
1.73e+007	331	902	7
1.732e+007	278	902	5
1.734e+007	383	902	7
1.736e+007	516	902	10
1.738e+007	456	902	8
1.74e+007	370	902	8
1.742e+007	328	902	7
1.744e+007	347	902	7
1.746e+007	564	902	11
1.748e+007	398	902	9
1.75e+007	350	902	7
1.752e+007	395	902	8
1.754e+007	478	902	10
1.756e+007	341	902	7
1.758e+007	321	902	6
1.76e+007	418	902	8
1.762e+007	380	902	8
1.764e+007	421	902	9
1.766e+007	471	902	10
1.768e+007	408	902	8
1.77e+007	495	902	10
1.772e+007	411	902	9
1.774e+007	240	902	5
1.776e+007	437	902	9
1.778e+007	527	902	11
1.78e+007	390	902	8
1.782e+007	333	902	7
1.784e+007	477	902	9
1.786e+007	184	902	4
1.788e+007	440	902	9
1.79e+007	252	902	5
1.792e+007	325	902	7
1.794e+007	543	902	11
1.796e+007	466	902	10
1.798e+007	349	902	7
1.8e+007	392	902	8
1.802e+007	529	902	11
1.804e+007	374	902	8
1.806e+007	435	902	9
1.808e+007	326	902	7
1.81e+007	277	902	6
1.812e+007	375	902	7
1.814e+007	538	902	11
1.816e+007	294	902	6
1.818e+007	505	902	10
1.82e+007	319	902	6
1.822e+007	410	902	8
1.824e+007	592	902	11
1.826e+007	503	902	10
1.828e+007	307	902	6
1.83e+007	471	902	9
1.832e+007	346	902	7
1.834e+007	346	902	7
1.836e+007	386	902	8
1.838e+007	601	902	12
1.84e+007	350	902	7
1.842e+007	320	902	7
1.844e+007	442	902	9
1.846e+007	317	902	6
1.848e+007	391	902	8
1.85e+007	482	902	10
1.852e+007	318	902	6
1.854e+007	424	902	9
1.856e+007	421	902	9
1.858e+007	469	902	9
1.86e+007	439	902	9
1.862e+007	318	902	7
1.864e+007	357	902	7
1.866e+007	360	902	8
1.868e+007	546	902	11
1.87e+007	421	902	8
1.872e+007	428	902	9
1.874e+007	214	902	4
1.876e+007	439	902	8
1.878e+007	392	902	8
1.88e+007	572	902	11
1.882e+007	229	902	5
1.884e+007	451	902	9
1.886e+007	503	902	9
1.888e+007	299	902	6
1.89e+007	274	902	6
1.892e+007	493	902	10
1.894e+007	335	902	6
1.896e+007	438	902	9
1.898e+007	481	902	10
1.9e+007	312	902	6
1.902e+007	388	902	8
1.904e+007	292	902	6
1.906e+007	437	902	9
1.908e+007	486	902	10
1.91e+007	527	902	11
1.912e+007	237	902	5
1.914e+007	517	902	10
1.916e+007	399	902	8
1.918e+007	234	902	4
1.92e+007	491	902	10
1.922e+007	588	902	11
1.924e+007	140	902	3
1.926e+007	584	902	11
1.928e+007	459	902	9
1.93e+007	418	902	8
1.932e+007	334	902	7
1.934e+007	574	902	11
1.936e+007	384	902	8
1.938e+007	169	902	4
1.94e+007	651	902	13
1.942e+007	262	902	5
1.944e+007	500	902	10
1.946e+007	490	902	10
1.948e+007	198	902	4
1.95e+007	471	902	9
1.952e+007	442	902	9
1.954e+007	403	902	8
1.956e+007	535	902	11
1.958e+007	377	902	8
1.96e+007	251	902	5
1.962e+007	405	902	8
1.964e+007	542	902	10
1.966e+007	273	902	5
1.968e+007	427	902	9
1.97e+007	530	902	10
1.972e+007	439	902	9
1.974e+007	494	902	9
1.976e+007	548	902	11
1.978e+007	322	902	6
1.98e+007	319	902	6
1.982e+007	619	902	11
1.984e+007	327	902	7
1.986e+007	355	902	7
1.988e+007	468	902	9
1.99e+007	412	902	8
1.992e+007	342	902	7
1.994e+007	554	902	11
1.996e+007	357	902	7
1.998e+007	549	902	11
2e+007	360	902	7
2.002e+007	355	902	7
2.004e+007	470	902	9
2.006e+007	366	902	7
2.008e+007	469	902	9
2.01e+007	474	902	9
2.012e+007	389	902	8
2.014e+007	385	902	7
2.016e+007	393	902	8
2.018e+007	535	902	10
2.02e+007	292	902	6
2.022e+007	566	902	10
2.024e+007	453	902	9
2.026e+007	294	902	5
2.028e+007	361	902	7
2.03e+007	373	902	7
2.032e+007	551	902	10
2.034e+007	623	902	11
2.036e+007	381	902	7
2.038e+007	305	902	5
2.04e+007	566	902	10
2.042e+007	393	902	7
2.044e+007	301	902	5
2.046e+007	435	902	8
2.048e+007	380	902	7
2.05e+007	471	902	8
2.052e+007	447	902	8
2.054e+007	444	902	8
2.056e+007	346	902	6
2.058e+007	404	902	7
2.06e+007	635	902	11
2.062e+007	425	902	8
2.064e+007	461	902	8
2.066e+007	370	902	7
2.068e+007	471	902	8
2.07e+007	411	902	8
2.072e+007	451	902	9
2.074e+007	369	902	7
2.076e+007	416	902	8
2.078e+007	450	902	9
2.08e+007	378	902	7
2.082e+007	499	902	10
2.084e+007	371	902	7
2.086e+007	350	902	7
2.088e+007	510	902	9
2.09e+007	529	902	10
2.092e+007	318	902	6
2.094e+007	423	902	8
2.096e+007	644	902	12
2.098e+007	168	902	3
2.1e+007	430	902	8
2.102e+007	659	902	12
2.104e+007	563	902	10
2.106e+007	376	902	7
2.108e+007	561	902	10
2.11e+007	276	902	4
2.112e+007	409	902	8
2.114e+007	510	902	10
2.116e+007	444	902	8
2.118e+007	296	902	6
2.12e+007	522	902	10
2.122e+007	377	902	7
2.124e+007	549	902	10
2.126e+007	588	902	11
2.128e+007	310	902	6
2.13e+007	505	902	9
2.132e+007	418	902	8
2.134e+007	430	902	8
2.136e+007	246	902	5
2.138e+007	572	902	11
2.14e+007	427	902	8
2.142e+007	396	902	7
2.144e+007	367	902	7
2.146e+007	440	902	9
2.148e+007	402	902	8
2.15e+007	521	902	10
2.152e+007	420	902	8
2.154e+007	461	902	9
2.156e+007	413	902	8
2.158e+007	507	902	9
2.16e+007	338	902	7
2.162e+007	482	902	9
2.164e+007	399	902	8
2.166e+007	444	902	9
2.168e+007	457	902	9
2.17e+007	211	902	4
2.172e+007	448	902	9
2.174e+007	546	902	11
2.176e+007	335	902	6
2.178e+007	441	902	9
2.18e+007	461	902	9
2.182e+007	393	902	8
2.184e+007	540	902	10
2.186e+007	405	902	8
2.188e+007	269	902	5
2.19e+007	621	902	12
2.192e+007	486	902	9
2.194e+007	414	902	8
2.196e+007	308	902	6
2.198e+007	448	902	9
2.2e+007	449	902	8
2.202e+007	350	902	7
2.204e+007	487	902	9
2.206e+007	504	902	9
2.208e+007	351	902	7
2.21e+007	419	902	8
2.212e+007	542	902	10
2.214e+007	425	902	8
2.216e+007	530	902	10
2.218e+007	371	902	7
2.22e+007	529	902	10
2.222e+007	397	902	8
2.224e+007	300	902	6
2.226e+007	457	902	9
2.228e+007	406	902	8
2.23e+007	354	902	7
2.232e+007	494	902	10
2.234e+007	283	902	6
2.236e+007	358	902	7
2.238e+007	459	902	9
2.24e+007	587	902	11
2.242e+007	360	902	7
2.244e+007	513	902	10
2.246e+007	528	902	10
2.248e+007	204	902	5
2.25e+007	494	902	10
2.252e+007	442	902	9
2.254e+007	431	902	9
2.256e+007	366	902	7
2.258e+007	404	902	8
2.26e+007	337	902	7
2.262e+007	468	902	9
2.264e+007	400	902	8
2.266e+007	427	902	9
2.268e+007	382	902	8
2.27e+007	355	902	7
2.272e+007	313	902	7
2.274e+007	401	902	8
2.276e+007	513	902	11
2.278e+007	459	902	10
2.28e+007	249	902	6
2.282e+007	399	902	8
2.284e+007	358	902	8
2.286e+007	478	902	10
2.288e+007	516	902	10
2.29e+007	236	902	5
2.292e+007	319	902	6
2.294e+007	478	902	9
2.296e+007	399	902	8
2.298e+007	378	902	8
2.3e+007	476	902	10
2.302e+007	426	902	8
2.304e+007	429	902	9
2.306e+007	392	902	8
2.308e+007	341	902	8
2.31e+007	454	902	9
2.312e+007	398	902	8
2.314e+007	387	902	8
2.316e+007	372	902	8
2.318e+007	428	902	8
2.32e+007	348	902	7
2.322e+007	487	902	10
2.324e+007	435	902	8
2.326e+007	343	902	7
2.328e+007	431	902	9
2.33e+007	517	902	11
2.332e+007	271	902	6
2.334e+007	262	902	6
2.336e+007	497	902	10
2.338e+007	391	902	8
2.34e+007	417	902	9
2.342e+007	442	902	9
2.344e+007	347	902	7
2.346e+007	504	902	10
2.348e+007	492	902	10
2.35e+007	146	902	3
2.352e+007	450	902	8
2.354e+007	566	902	11
2.356e+007	360	902	7
2.358e+007	553	902	11
2.36e+007	293	902	6
2.362e+007	382	902	7
2.364e+007	433	902	9
2.366e+007	439	902	9
2.368e+007	195	902	4
2.37e+007	468	902	9
2.372e+007	623	902	12
2.374e+007	429	902	8
2.376e+007	350	902	7
2.378e+007	247	902	5
2.38e+007	491	902	9
2.382e+007	435	902	8
2.384e+007	349	902	7
2.386e+007	420	902	8
2.388e+007	387	902	7
2.39e+007	538	902	10
2.392e+007	439	902	8
2.394e+007	366	902	7
2.396e+007	487	902	9
2.398e+007	478	902	8
2.4e+007	524	902	10
2.402e+007	311	902	6
2.404e+007	339	902	6
2.406e+007	498	902	9
2.408e+007	613	902	11
2.41e+007	267	902	5
2.412e+007	572	902	11
2.414e+007	490	902	9
2.416e+007	319	902	6
2.418e+007	541	902	10
2.42e+007	560	902	10
2.422e+007	367	902	7
2.424e+007	477	902	9
2.426e+007	484	902	8
2.428e+007	249	902	5
2.43e+007	431	902	8
2.432e+007	585	902	11
2.434e+007	361	902	7
2.436e+007	456	902	8
2.438e+007	628	902	12
2.44e+007	213	902	4
2.442e+007	382	902	7
2.444e+007	622	902	11
2.446e+007	331	902	6
2.448e+007	550	902	10
2.45e+007	462	902	9
2.452e+007	300	902	5
2.454e+007	645	902	11
2.456e+007	465	902	9
2.458e+007	351	902	7
2.46e+007	525	902	9
2.462e+007	403	902	8
2.464e+007	288	902	6
2.466e+007	469	902	9
2.468e+007	369	902	8
2.47e+007	406	902	8
2.472e+007	320	902	6
2.474e+007	498	902	9
2.476e+007	327	902	6
2.478e+007	464	902	9
2.48e+007	598	902	12
2.482e+007	481	902	8
2.484e+007	483	902	9
2.486e+007	497	902	10
2.488e+007	226	902	5
2.49e+007	387	902	7
2.492e+007	574	902	11
2.494e+007	377	902	7
2.496e+007	461	902	8
2.498e+007	523	902	10
2.5e+007	224	902	4
2.502e+007	489	902	9
2.504e+007	440	902	9
2.506e+007	345	902	7
2.508e+007	494	902	9
2.51e+007	581	902	12
2.512e+007	392	902	8
2.514e+007	441	902	8
2.516e+007	468	902	9
2.518e+007	284	902	6
2.52e+007	409	902	8
2.522e+007	501	902	10
2.524e+007	366	902	7
2.526e+007	412	902	7
2.528e+007	510	902	10
2.53e+007	200	902	4
2.532e+007	579	902	11
2.534e+007	575	902	12
2.536e+007	281	902	6
2.538e+007	310	902	7
2.54e+007	323	902	6
2.542e+007	422	902	9
2.544e+007	556	902	11
2.546e+007	338	902	7
2.548e+007	305	902	6
2.55e+007	467	902	9
2.552e+007	338	902	7
2.554e+007	350	902	7
2.556e+007	490	902	9
2.558e+007	439	902	9
2.56e+007	458	902	9
2.562e+007	472	902	9
2.564e+007	554	902	11
2.566e+007	365	902	7
2.568e+007	511	902	10
2.57e+007	432	902	9
2.572e+007	242	902	5
2.574e+007	274	902	5
2.576e+007	469	902	9
2.578e+007	346	902	7
2.58e+007	386	902	7
2.582e+007	459	902	9
2.584e+007	375	902	7
2.586e+007	351	902	7
2.588e+007	420	902	8
2.59e+007	403	902	7
2.592e+007	317	902	6
2.594e+007	458	902	9
2.596e+007	373	902	7
2.598e+007	472	902	10
2.6e+007	350	902	7
2.602e+007	428	902	8
2.604e+007	394	902	8
2.606e+007	398	902	7
2.608e+007	493	902	10
2.61e+007	433	902	8
2.612e+007	492	902	10
2.614e+007	400	902	8
2.616e+007	461	902	9
2.618e+007	446	902	9
2.62e+007	314	902	6
2.622e+007	378	902	8
2.624e+007	532	902	11
2.626e+007	278	902	5
2.628e+007	465	902	9
2.63e+007	449	902	9
2.632e+007	438	902	8
2.634e+007	325	902	7
2.636e+007	402	902	9
2.638e+007	485	902	9
2.64e+007	269	902	6
2.642e+007	513	902	10
2.644e+007	370	902	7
2.646e+007	580	902	12
2.648e+007	274	902	6
2.65e+007	332	902	7
2.652e+007	476	902	10
2.654e+007	560	902	11
2.656e+007	161	902	4
2.658e+007	389	902	8
2.66e+007	558	902	11
2.662e+007	307	902	6
2.664e+007	415	902	9
2.666e+007	400	902	8
2.668e+007	483	902	9
2.67e+007	399	902	9
2.672e+007	368	902	7
2.674e+007	249	902	5
2.676e+007	531	902	11
2.678e+007	490	902	9
2.68e+007	381	902	7
2.682e+007	467	902	9
2.684e+007	345	902	7
2.686e+007	574	902	11
2.688e+007	225	902	5
2.69e+007	407	902	8
2.692e+007	419	902	8
2.694e+007	450	902	9
2.696e+007	320	902	6
2.698e+007	418	902	8
2.7e+007	445	902	9
2.702e+007	434	902	8
2.704e+007	431	902	8
2.706e+007	485	902	9
2.708e+007	465	902	9
2.71e+007	403	902	8
2.712e+007	352	902	7
2.714e+007	562	902	11
2.716e+007	348	902	7
2.718e+007	463	902	9
2.72e+007	367	902	8
2.722e+007	428	902	8
2.724e+007	340	902	7
2.726e+007	409	902	8
2.728e+007	306	902	6
2.73e+007	522	902	11
2.732e+007	465	902	9
2.734e+007	314	902	6
2.736e+007	490	902	10
2.738e+007	392	902	8
2.74e+007	604	902	12
2.742e+007	315	902	6
2.744e+007	420	902	9
2.746e+007	457	902	9
2.748e+007	252	902	5
2.75e+007	557	902	10
2.752e+007	325	902	7
2.754e+007	436	902	8
2.756e+007	435	902	9
2.758e+007	458	902	9
2.76e+007	498	902	10
2.762e+007	452	902	9
2.764e+007	353	902	7
2.766e+007	423	902	9
2.768e+007	389	902	8
2.77e+007	486	902	9
2.772e+007	325	902	7
2.774e+007	482	902	9
2.776e+007	288	902	6
2.778e+007	432	902	8
2.78e+007	497	902	10
2.782e+007	382	902	7
2.784e+007	412	902	8
2.786e+007	345	902	7
2.788e+007	597	902	11
2.79e+007	364	902	7
2.792e+007	517	902	10
2.794e+007	442	902	9
2.796e+007	374	902	7
2.798e+007	473	902	9
2.8e+007	337	902	6
2.802e+007	476	902	9
2.804e+007	511	902	9
2.806e+007	377	902	7
2.808e+007	401	902	8
2.81e+007	482	902	9
2.812e+007	412	902	8
2.814e+007	407	902	8
2.816e+007	436	902	8
2.818e+007	492	902	10
2.82e+007	449	902	8
2.822e+007	406	902	8
2.824e+007	421	902	8
2.826e+007	491	902	9
2.828e+007	339	902	7
2.83e+007	491	902	9
2.832e+007	465	902	9
2.834e+007	388	902	8
2.836e+007	467	902	9
2.838e+007	350	902	7
2.84e+007	394	902	8
2.842e+007	344	902	7
2.844e+007	388	902	8
2.846e+007	598	902	12
2.848e+007	284	902	6
2.85e+007	314	902	7
2.852e+007	379	902	7
2.854e+007	532	902	11
2.856e+007	406	902	8
2.858e+007	327	902	7
2.86e+007	357	902	7
2.862e+007	558	902	11
2.864e+007	285	902	6
2.866e+007	458	902	9
2.868e+007	505	902	10
2.87e+007	457	902	9
2.872e+007	471	902	9
2.874e+007	341	902	7
2.876e+007	397	902	8
2.878e+007	358	902	7
2.88e+007	327	902	7
2.882e+007	411	902	8
2.884e+007	451	902	9
2.886e+007	533	902	11
2.888e+007	370	902	7
2.89e+007	455	902	9
2.892e+007	440	902	9
2.894e+007	459	902	9
2.896e+007	478	902	10
2.898e+007	376	902	7
2.9e+007	279	902	6
2.902e+007	452	902	8
2.904e+007	267	902	6
2.906e+007	522	902	10
2.908e+007	253	902	5
2.91e+007	493	902	10
2.912e+007	473	902	9
2.914e+007	334	902	7
2.916e+007	411	902	8
2.918e+007	544	902	11
2.92e+007	390	902	7
2.922e+007	429	902	9
2.924e+007	485	902	9
2.926e+007	598	902	11
2.928e+007	242	902	5
2.93e+007	521	902	10
2.932e+007	293	902	6
2.934e+007	388	902	7
2.936e+007	443	902	9
2.938e+007	394	902	8
2.94e+007	418	902	8
2.942e+007	420	902	9
2.944e+007	465	902	8
2.946e+007	473	902	10
2.948e+007	390	902	8
2.95e+007	382	902	7
2.952e+007	597	902	11
2.954e+007	365	902	7
2.956e+007	545	902	10
2.958e+007	300	902	6
2.96e+007	466	902	8
2.962e+007	382	902	6
2.964e+007	492	902	9
2.966e+007	564	902	10
2.968e+007	361	902	7
2.97e+007	475	902	9
2.972e+007	462	902	9
2.974e+007	353	902	7
2.976e+007	560	902	10
2.978e+007	412	902	8
2.98e+007	488	902	9
2.982e+007	489	902	9
2.984e+007	425	902	8
2.986e+007	311	902	5
2.988e+007	529	902	10
2.99e+007	302	902	6
2.992e+007	520	902	10
2.994e+007	324	902	6
2.996e+007	513	902	10
2.998e+007	392	902	7
3e+007	436	902	8
3.002e+007	619	902	11
3.004e+007	441	902	8
3.006e+007	379	902	7
3.008e+007	479	902	9
3.01e+007	573	902	10
3.012e+007	303	902	6
3.014e+007	361	902	7
3.016e+007	481	902	9
3.018e+007	599	902	12
3.02e+007	185	902	4
3.022e+007	428	902	9
3.024e+007	561	902	11
3.026e+007	291	902	5
3.028e+007	477	902	9
3.03e+007	522	902	10
3.032e+007	389	902	8
3.034e+007	381	902	7
3.036e+007	381	902	8
3.038e+007	513	902	9
3.04e+007	380	902	7
3.042e+007	578	902	11
3.044e+007	191	902	4
3.046e+007	495	902	9
3.048e+007	315	902	6
3.05e+007	524	902	10
3.052e+007	448	902	8
3.054e+007	460	902	9
3.056e+007	376	902	7
3.058e+007	543	902	10
3.06e+007	277	902	6
3.062e+007	605	902	11
3.064e+007	452	902	8
3.066e+007	418	902	8
3.068e+007	455	902	8
3.07e+007	336	902	6
3.072e+007	479	902	9
3.074e+007	604	902	11
3.076e+007	213	902	4
3.078e+007	508	902	9
3.08e+007	451	902	8
3.082e+007	471	902	9
3.084e+007	379	902	7
3.086e+007	520	902	10
3.088e+007	301	902	5
3.09e+007	566	902	10
3.092e+007	417	902	8
3.094e+007	394	902	8
3.096e+007	481	902	9
3.098e+007	631	902	11
3.1e+007	332	902	6
3.102e+007	585	902	11
3.104e+007	323	902	6
3.106e+007	404	902	7
3.108e+007	477	902	9
3.11e+007	506	902	9
3.112e+007	415	902	8
3.114e+007	358	902	7
3.116e+007	520	902	10
3.118e+007	263	902	5
3.12e+007	418	902	8
3.122e+007	497	902	9
3.124e+007	351	902	7
3.126e+007	372	902	7
3.128e+007	597	902	12
3.13e+007	338	902	7
3.132e+007	440	902	9
3.134e+007	555	902	10
3.136e+007	444	902	9
3.138e+007	551	902	10
3.14e+007	240	902	5
3.142e+007	241	902	4
3.144e+007	364	902	8
3.146e+007	541	902	10
3.148e+007	467	902	9
3.15e+007	403	902	8
3.152e+007	438	902	9
3.154e+007	434	902	9
3.156e+007	370	902	8
3.158e+007	402	902	8
3.16e+007	520	902	10
3.162e+007	511	902	10
3.164e+007	335	902	7
3.166e+007	290	902	6
3.168e+007	294	902	6
3.17e+007	541	902	10
3.172e+007	419	902	9
3.174e+007	287	902	6
3.176e+007	427	902	8
3.178e+007	449	902	9
3.18e+007	613	902	12
3.182e+007	300	902	6
3.184e+007	551	902	10
3.186e+007	356	902	7
3.188e+007	380	902	7
3.19e+007	483	902	9
3.192e+007	438	902	8
3.194e+007	361	902	7
3.196e+007	346	902	7
3.198e+007	523	902	9
3.2e+007	573	902	11
3.202e+007	170	902	3
3.204e+007	489	902	9
3.206e+007	259	902	5
3.208e+007	616	902	12
3.21e+007	458	902	9
3.212e+007	470	902	9
3.214e+007	441	902	9
3.216e+007	462	902	9
3.218e+007	449	902	9
3.22e+007	365	902	7
3.222e+007	443	902	8
3.224e+007	320	902	6
3.226e+007	357	902	7
3.228e+007	421	902	8
3.23e+007	545	902	10
3.232e+007	358	902	7
3.234e+007	581	902	11
3.236e+007	372	902	7
3.238e+007	370	902	7
3.24e+007	486	902	9
3.242e+007	366	902	7
3.244e+007	530	902	10
3.246e+007	368	902	7
3.248e+007	458	902	8
3.25e+007	623	902	12
3.252e+007	246	902	5
3.254e+007	517	902	9
3.256e+007	384	902	7
3.258e+007	425	902	8
3.26e+007	497	902	9
3.262e+007	429	902	8
3.264e+007	273	902	6
3.266e+007	708	902	13
3.268e+007	529	902	10
3.27e+007	396	902	7
3.272e+007	363	902	7
3.274e+007	356	902	7
3.276e+007	429	902	8
3.278e+007	232	902	5
3.28e+007	580	902	10
3.282e+007	407	902	8
3.284e+007	435	902	8
3.286e+007	415	902	9
3.288e+007	283	902	6
3.29e+007	496	902	9
3.292e+007	484	902	9
3.294e+007	325	902	6
3.296e+007	521	902	10
3.298e+007	289	902	5
3.3e+007	486	902	9
3.302e+007	382	902	8
3.304e+007	317	902	6
3.306e+007	394	902	8
3.308e+007	597	902	12
3.31e+007	396	902	8
3.312e+007	310	902	6
3.314e+007	322	902	7
3.316e+007	507	902	9
3.318e+007	600	902	11
3.32e+007	281	902	6
3.322e+007	420	902	8
3.324e+007	513	902	10
3.326e+007	426	902	8
3.328e+007	435	902	8
3.33e+007	368	902	7
3.332e+007	456	902	9
3.334e+007	500	902	9
3.336e+007	441	902	9
3.338e+007	380	902	7
3.34e+007	360	902	7
3.342e+007	518	902	10
3.344e+007	511	902	9
3.346e+007	418	902	8
3.348e+007	271	902	5
3.35e+007	488	902	9
3.352e+007	412	902	7
3.354e+007	550	902	10
3.356e+007	482	902	9
3.358e+007	409	902	8
3.36e+007	403	902	8
3.362e+007	355	902	7
3.364e+007	543	902	10
3.366e+007	295	902	6
3.368e+007	403	902	8
3.37e+007	591	902	10
3.372e+007	318	902	6
3.374e+007	527	902	10
3.376e+007	449	902	8
3.378e+007	399	902	8
3.38e+007	352	902	7
3.382e+007	691	902	13
3.384e+007	439	902	8
3.386e+007	332	902	7
3.388e+007	409	902	7
3.39e+007	443	902	8
3.392e+007	566	902	10
3.394e+007	250	902	5
3.396e+007	487	902	9
3.398e+007	411	902	8
3.4e+007	423	902	8
3.402e+007	426	902	8
3.404e+007	430	902	9
3.406e+007	328	902	7
3.408e+007	546	902	11
3.41e+007	383	902	8
3.412e+007	369	902	7
3.414e+007	452	902	9
3.416e+007	319	902	7
3.418e+007	353	902	7
3.42e+007	566	902	11
3.422e+007	401	902	8
3.424e+007	366	902	7
3.426e+007	508	902	10
3.428e+007	462	902	9
3.43e+007	318	902	6
3.432e+007	450	902	10
3.434e+007	298	902	7
3.436e+007	460	902	9
3.438e+007	473	902	9
3.44e+007	289	902	6
3.442e+007	542	902	10
3.444e+007	497	902	9
3.446e+007	275	902	6
3.448e+007	568	902	11
3.45e+007	286	902	6
3.452e+007	477	902	9
3.454e+007	435	902	8
3.456e+007	470	902	9
3.458e+007	317	902	7
3.46e+007	398	902	7
3.462e+007	464	902	9
3.464e+007	393	902	8
3.466e+007	461	902	9
3.468e+007	442	902	8
3.47e+007	365	902	7
3.472e+007	450	902	9
3.474e+007	239	902	5
3.476e+007	512	902	10
3.478e+007	561	902	10
3.48e+007	454	902	9
3.482e+007	297	902	6
3.484e+007	552	902	10
3.486e+007	384	902	7
3.488e+007	510	902	9
3.49e+007	385	902	7
3.492e+007	252	902	5
3.494e+007	406	902	8
3.496e+007	636	902	12
3.498e+007	422	902	8
3.5e+007	361	902	7
3.502e+007	423	902	7
3.504e+007	564	902	11
3.506e+007	506	902	9
3.508e+007	468	902	9
3.51e+007	281	902	6
3.512e+007	393	902	7
3.514e+007	437	902	8
3.516e+007	353	902	7
3.518e+007	461	902	9
3.52e+007	489	902	9
3.522e+007	436	902	9
3.524e+007	206	902	4
3.526e+007	465	902	9
3.528e+007	535	902	10
3.53e+007	396	902	8
3.532e+007	379	902	7
3.534e+007	480	902	10
3.536e+007	339	902	6
3.538e+007	540	902	10
3.54e+007	516	902	10
3.542e+007	210	902	4
3.544e+007	443	902	8
3.546e+007	444	902	9
3.548e+007	543	902	11
3.55e+007	344	902	7
3.552e+007	453	902	9
3.554e+007	327	902	7
3.556e+007	558	902	11
3.558e+007	470	902	9
3.56e+007	219	902	5
3.562e+007	303	902	6
3.564e+007	602	902	12
3.566e+007	334	902	7
3.568e+007	495	902	10
3.57e+007	333	902	7
3.572e+007	345	902	7
3.574e+007	423	902	8
3.576e+007	360	902	7
3.578e+007	653	902	13
3.58e+007	309	902	6
3.582e+007	498	902	10
3.584e+007	477	902	9
3.586e+007	426	902	8
3.588e+007	441	902	9
3.59e+007	327	902	6
3.592e+007	460	902	9
3.594e+007	285	902	6
3.596e+007	398	902	8
3.598e+007	616	902	11
3.6e+007	443	902	9
3.602e+007	342	902	7
3.604e+007	479	902	9
3.606e+007	452	902	9
3.608e+007	554	902	11
3.61e+007	308	902	6
3.612e+007	285	902	6
3.614e+007	379	902	7
3.616e+007	546	902	10
3.618e+007	458	902	9
3.62e+007	391	902	7
3.622e+007	395	902	7
3.624e+007	355	902	7
3.626e+007	612	902	11
3.628e+007	515	902	10
3.63e+007	269	902	5
3.632e+007	600	902	12
3.634e+007	511	902	10
3.636e+007	396	902	8
3.638e+007	348	902	7
3.64e+007	261	902	5
3.642e+007	484	902	9
3.644e+007	412	902	8
3.646e+007	457	902	8
3.648e+007	432	902	9
3.65e+007	292	902	6
3.652e+007	707	902	12
3.654e+007	274	902	6
3.656e+007	611	902	12
3.658e+007	367	902	7
3.66e+007	403	902	8
3.662e+007	555	902	11
3.664e+007	363	902	7
3.666e+007	358	902	7
3.668e+007	251	902	5
3.67e+007	578	902	11
3.672e+007	285	902	6
3.674e+007	472	902	9
3.676e+007	439	902	9
3.678e+007	383	902	8
3.68e+007	517	902	9
3.682e+007	367	902	7
3.684e+007	570	902	11
3.686e+007	405	902	8
3.688e+007	348	902	7
3.69e+007	388	902	7
3.692e+007	287	902	6
3.694e+007	558	902	10
3.696e+007	557	902	11
3.698e+007	256	902	5
3.7e+007	520	902	10
3.702e+007	431	902	8
3.704e+007	460	902	9
3.706e+007	428	902	8
3.708e+007	350	902	7
3.71e+007	526	902	9
3.712e+007	385	902	7
3.714e+007	532	902	10
3.716e+007	483	902	9
3.718e+007	491	902	9
3.72e+007	330	902	7
3.722e+007	530	902	10
3.724e+007	358	902	7
3.726e+007	549	902	11
3.728e+007	313	902	6
3.73e+007	416	902	8
3.732e+007	267	902	6
3.734e+007	296	902	5
3.736e+007	547	902	11
3.738e+007	534	902	11
3.74e+007	280	902	6
3.742e+007	476	902	9
3.744e+007	380	902	8
3.746e+007	471	902	9
3.748e+007	434	902	8
3.75e+007	430	902	9
3.752e+007	338	902	7
3.754e+007	392	902	8
3.756e+007	343	902	7
3.758e+007	315	902	7
3.76e+007	507	902	10
3.762e+007	420	902	9
3.764e+007	253	902	5
3.766e+007	564	902	11
3.768e+007	354	902	7
3.77e+007	494	902	10
3.772e+007	510	902	10
3.774e+007	331	902	7
3.776e+007	456	902	9
3.778e+007	445	902	8
3.78e+007	575	902	11
3.782e+007	273	902	5
3.784e+007	352	902	7
3.786e+007	487	902	9
3.788e+007	416	902	8
3.79e+007	246	902	5
3.792e+007	400	902	8
3.794e+007	461	902	9
3.796e+007	451	902	9
3.798e+007	513	902	10
3.8e+007	361	902	7
3.802e+007	380	902	8
3.804e+007	309	902	6
3.806e+007	438	902	9
3.808e+007	363	902	7
3.81e+007	432	902	8
3.812e+007	370	902	7
3.814e+007	531	902	11
3.816e+007	381	902	8
3.818e+007	397	902	8
3.82e+007	409	902	8
3.822e+007	556	902	11
3.824e+007	356	902	7
3.826e+007	443	902	9
3.828e+007	477	902	10
3.83e+007	344	902	7
3.832e+007	278	902	6
3.834e+007	538	902	11
3.836e+007	374	902	8
3.838e+007	296	902	6
3.84e+007	384	902	8
3.842e+007	416	902	9
3.844e+007	208	902	4
3.846e+007	563	902	12
3.848e+007	408	902	8
3.85e+007	318	902	7
3.852e+007	350	902	7
3.854e+007	530	902	10
3.856e+007	372	902	8
3.858e+007	561	902	11
3.86e+007	396	902	7
3.862e+007	392	902	8
3.864e+007	449	902	9
3.866e+007	390	902	8
3.868e+007	545	902	11
3.87e+007	335	902	7
3.872e+007	380	902	8
3.874e+007	228	902	5
3.876e+007	455	902	9
3.878e+007	409	902	8
3.88e+007	381	902	8
3.882e+007	363	902	8
3.884e+007	576	902	12
3.886e+007	363	902	8
3.888e+007	394	902	8
3.89e+007	452	902	9
3.892e+007	374	902	8
3.894e+007	352	902	7
3.896e+007	517	902	11
3.898e+007	316	902	7
3.9e+007	273	902	6
3.902e+007	349	902	8
3.904e+007	369	902	7
3.906e+007	459	902	10
3.908e+007	417	902	9
3.91e+007	273	902	6
3.912e+007	530	902	12
3.914e+007	473	902	10
3.916e+007	328	902	7
3.918e+007	431	902	10
3.92e+007	340	902	7
3.922e+007	318	902	7
3.924e+007	318	902	7
3.926e+007	357	902	7
3.928e+007	308	902	7
3.93e+007	418	902	9
3.932e+007	412	902	8
3.934e+007	384	902	8
3.936e+007	389	902	9
3.938e+007	596	902	13
3.94e+007	318	902	7
3.942e+007	349	902	8
3.944e+007	360	902	8
3.946e+007	277	902	6
3.948e+007	406	902	9
3.95e+007	378	902	8
3.952e+007	325	902	7
3.954e+007	354	902	8
3.956e+007	402	902	8
3.958e+007	319	902	7
3.96e+007	348	902	8
3.962e+007	484	902	10
3.964e+007	481	902	10
3.966e+007	380	902	9
3.968e+007	477	902	10
3.97e+007	385	902	8
3.972e+007	273	902	6
3.974e+007	299	902	6
3.976e+007	510	902	10
3.978e+007	458	902	9
3.98e+007	318	902	6
3.982e+007	424	902	9
3.984e+007	514	902	10
3.986e+007	341	902	7
3.988e+007	437	902	8
3.99e+007	339	902	7
3.992e+007	507	902	10
3.994e+007	346	902	7
3.996e+007	393	902	8
3.998e+007	409	902	8
4e+007	411	902	8
4.002e+007	443	902	9
4.004e+007	418	902	8
4.006e+007	501	902	10
4.008e+007	398	902	8
4.01e+007	357	902	7
4.012e+007	557	902	11
4.014e+007	341	902	7
4.016e+007	236	902	5
4.018e+007	410	902	8
4.02e+007	489	902	10
4.022e+007	367	902	7
4.024e+007	395	902	8
4.026e+007	418	902	9
4.028e+007	447	902	9
4.03e+007	365	902	8
4.032e+007	434	902	9
4.034e+007	446	902	9
4.036e+007	385	902	8
4.038e+007	505	902	11
4.04e+007	348	902	7
4.042e+007	449	902	9
4.044e+007	329	902	7
4.046e+007	321	902	7
4.048e+007	330	902	7
4.05e+007	406	902	8
4.052e+007	481	902	10
4.054e+007	371	902	8
4.056e+007	329	902	7
4.058e+007	418	902	9
4.06e+007	411	902	9
4.062e+007	400	902	8
4.064e+007	347	902	8
4.066e+007	458	902	10
4.068e+007	479	902	10
4.07e+007	308	902	7
4.072e+007	282	902	6
4.074e+007	564	902	11
4.076e+007	429	902	9
4.078e+007	304	902	6
4.08e+007	324	902	7
4.082e+007	434	902	9
4.084e+007	509	902	10
4.086e+007	318	902	7
4.088e+007	357	902	7
4.09e+007	393	902	8
4.092e+007	533	902	11
4.094e+007	466	902	9
4.096e+007	336	902	7
4.098e+007	307	902	6
4.1e+007	433	902	9
4.102e+007	440	902	9
4.104e+007	357	902	8
4.106e+007	379	902	8
4.108e+007	437	902	9
4.11e+007	320	902	7
4.112e+007	369	902	8
4.114e+007	427	902	8
4.116e+007	448	902	9
4.118e+007	311	902	6
4.12e+007	468	902	10
4.122e+007	432	902	9
4.124e+007	375	902	8
4.126e+007	327	902	7
4.128e+007	439	902	10
4.13e+007	464	902	10
4.132e+007	359	902	8
4.134e+007	407	902	9
4.136e+007	333	902	7
4.138e+007	391	902	8
4.14e+007	475	902	10
4.142e+007	247	902	5
4.144e+007	420	902	9
4.146e+007	318	902	7
4.148e+007	528	902	11
4.15e+007	293	902	6
4.152e+007	425	902	9
4.154e+007	537	902	11
4.156e+007	254	902	5
4.158e+007	409	902	9
4.16e+007	601	902	8
4.162e+007	469	902	10
4.164e+007	480	902	9
4.166e+007	458	902	9
4.168e+007	439	902	9
4.17e+007	422	902	8
4.172e+007	214	902	5
4.174e+007	377	902	8
4.176e+007	334	902	7
4.178e+007	416	902	9
4.18e+007	353	902	7
4.182e+007	531	902	11
4.184e+007	454	902	10
4.186e+007	366	902	8
4.188e+007	370	902	8
4.19e+007	314	902	7
4.192e+007	484	902	10
4.194e+007	393	902	8
4.196e+007	410	902	9
4.198e+007	331	902	7
4.2e+007	265	902	5
4.202e+007	384	902	8
4.204e+007	409	902	8
4.206e+007	518	902	11
4.208e+007	326	902	7
4.21e+007	440	902	9
4.212e+007	510	902	11
4.214e+007	431	902	9
4.216e+007	375	902	8
4.218e+007	320	902	7
4.22e+007	369	902	8
4.222e+007	318	902	7
4.224e+007	413	902	9
4.226e+007	318	902	7
4.228e+007	470	902	10
4.23e+007	302	902	6
4.232e+007	525	902	11
4.234e+007	405	902	9
4.236e+007	279	902	5
4.238e+007	353	902	7
4.24e+007	421	902	9
4.242e+007	415	902	9
4.244e+007	450	902	10
4.246e+007	199	902	4
4.248e+007	629	902	13
4.25e+007	407	902	8
4.252e+007	339	902	7
4.254e+007	662	902	13
4.256e+007	251	902	5
4.258e+007	419	902	8
4.26e+007	370	902	7
4.262e+007	396	902	8
4.264e+007	260	902	5
4.266e+007	553	902	11
4.268e+007	478	902	10
4.27e+007	327	902	6
4.272e+007	511	902	10
4.274e+007	407	902	8
4.276e+007	350	902	8
4.278e+007	530	902	10
4.28e+007	467	902	9
4.282e+007	448	902	9
4.284e+007	469	902	9
4.286e+007	214	902	5
4.288e+007	351	902	7
4.29e+007	427	902	8
4.292e+007	497	902	10
4.294e+007	171	902	4
4.296e+007	490	902	10
4.298e+007	551	902	11
4.3e+007	344	902	7
4.302e+007	502	902	10
4.304e+007	338	902	7
4.306e+007	424	902	9
4.308e+007	399	902	8
4.31e+007	453	902	9
4.312e+007	193	902	4
4.314e+007	415	902	8
4.316e+007	471	902	9
4.318e+007	419	902	8
4.32e+007	400	902	8
4.322e+007	485	902	10
4.324e+007	299	902	6
4.326e+007	417	902	8
4.328e+007	527	902	11
4.33e+007	436	902	9
4.332e+007	334	902	7
4.334e+007	390	902	8
4.336e+007	262	902	5
4.338e+007	579	902	12
4.34e+007	470	902	9
4.342e+007	379	902	8
4.344e+007	389	902	8
4.346e+007	347	902	7
4.348e+007	393	902	8
4.35e+007	368	902	7
4.352e+007	333	902	7
4.354e+007	496	902	11
4.356e+007	388	902	8
4.358e+007	370	902	8
4.36e+007	467	902	10
4.362e+007	416	902	9
4.364e+007	381	902	8
4.366e+007	258	902	6
4.368e+007	465	902	9
4.37e+007	291	902	6
4.372e+007	430	902	9
4.374e+007	480	902	10
4.376e+007	476	902	10
4.378e+007	239	902	5
4.38e+007	394	902	8
4.382e+007	415	902	8
4.384e+007	314	902	7
4.386e+007	512	902	10
4.388e+007	384	902	8
4.39e+007	366	902	7
4.392e+007	475	902	9
4.394e+007	561	902	10
4.396e+007	334	902	6
4.398e+007	510	902	9
4.4e+007	426	902	8
4.402e+007	456	902	9
4.404e+007	460	902	8
4.406e+007	342	902	7
4.408e+007	427	902	9
4.41e+007	308	902	6
4.412e+007	517	902	10
4.414e+007	348	902	7
4.416e+007	430	902	9
4.418e+007	547	902	11
4.42e+007	420	902	9
4.422e+007	535	902	10
4.424e+007	321	902	6
4.426e+007	388	902	7
4.428e+007	438	902	9
4.43e+007	345	902	7
4.432e+007	428	902	8
4.434e+007	474	902	9
4.436e+007	532	902	11
4.438e+007	392	902	8
4.44e+007	386	902	8
4.442e+007	381	902	8
4.444e+007	298	902	6
4.446e+007	468	902	9
4.448e+007	392	902	8
4.45e+007	433	902	9
4.452e+007	502	902	10
4.454e+007	373	902	8
4.456e+007	308	902	6
4.458e+007	351	902	7
4.46e+007	544	902	11
4.462e+007	366	902	7
4.464e+007	429	902	9
4.466e+007	364	902	7
4.468e+007	450	902	9
4.47e+007	366	902	8
4.472e+007	501	902	10
4.474e+007	395	902	8
4.476e+007	384	902	8
4.478e+007	344	902	7
4.48e+007	386	902	8
4.482e+007	411	902	9
4.484e+007	350	902	7
4.486e+007	347	902	7
4.488e+007	593	902	11
4.49e+007	330	902	7
4.492e+007	444	902	9
4.494e+007	387	902	8
4.496e+007	440	902	9
4.498e+007	276	902	6
4.5e+007	363	902	8
4.502e+007	601	902	12
4.504e+007	401	902	8
4.506e+007	498	902	10
4.508e+007	425	902	9
4.51e+007	316	902	6
4.512e+007	295	902	6
4.514e+007	554	902	11
4.516e+007	363	902	7
4.518e+007	479	902	10
4.52e+007	503	902	11
4.522e+007	295	902	6
4.524e+007	352	902	7
4.526e+007	631	902	13
4.528e+007	219	902	5
4.53e+007	508	902	10
4.532e+007	424	902	9
4.534e+007	295	902	6
4.536e+007	335	902	7
4.538e+007	494	902	10
4.54e+007	464	902	10
4.542e+007	407	902	8
4.544e+007	398	902	8
4.546e+007	548	902	11
4.548e+007	342	902	7
4.55e+007	244	902	5
4.552e+007	512	902	11
4.554e+007	349	902	7
4.556e+007	489	902	10
4.558e+007	455	902	9
4.56e+007	505	902	10
4.562e+007	437	902	8
4.564e+007	438	902	9
4.566e+007	505	902	10
4.568e+007	364	902	7
4.57e+007	120	902	3
4.572e+007	662	902	12
4.574e+007	642	902	12
4.576e+007	391	902	7
4.578e+007	449	902	9
4.58e+007	461	902	8
4.582e+007	544	902	10
4.584e+007	393	902	7
4.586e+007	496	902	9
4.588e+007	513	902	10
4.59e+007	441	902	8
4.592e+007	575	902	11
4.594e+007	315	902	6
4.596e+007	628	902	11
4.598e+007	356	902	7
4.6e+007	459	902	9
4.602e+007	676	902	13
4.604e+007	322	902	7
4.606e+007	281	902	5
4.608e+007	505	902	10
4.61e+007	584	902	11
4.612e+007	304	902	6
4.614e+007	549	902	11
4.616e+007	494	902	10
4.618e+007	378	902	7
4.62e+007	572	902	10
4.622e+007	594	902	11
4.624e+007	264	902	6
4.626e+007	385	902	7
4.628e+007	559	902	11
4.63e+007	432	902	9
4.632e+007	431	902	8
4.634e+007	406	902	8
4.636e+007	499	902	10
4.638e+007	522	902	10
4.64e+007	502	902	10
4.642e+007	475	902	9
4.644e+007	265	902	5
4.646e+007	460	902	9
4.648e+007	486	902	9
4.65e+007	511	902	9
4.652e+007	520	902	10
4.654e+007	462	902	9
4.656e+007	421	902	8
4.658e+007	598	902	11
4.66e+007	98	902	2
4.662e+007	624	902	12
4.664e+007	549	902	11
4.666e+007	415	902	9
4.668e+007	416	902	8
4.67e+007	452	902	9
4.672e+007	336	902	7
4.674e+007	530	902	10
4.676e+007	552	902	11
4.678e+007	361	902	7
4.68e+007	509	902	10
4.682e+007	170	902	4
4.684e+007	483	902	9
4.686e+007	573	902	11
4.688e+007	375	902	7
4.69e+007	588	902	12
4.692e+007	364	902	7
4.694e+007	536	902	11
4.696e+007	447	902	9
4.698e+007	298	902	6
4.7e+007	392	902	8
4.702e+007	602	902	12
4.704e+007	398	902	8
4.706e+007	526	902	10
4.708e+007	225	902	5
4.71e+007	562	902	11
4.712e+007	424	902	8
4.714e+007	341	902	8
4.716e+007	486	902	9
4.718e+007	467	902	10
4.72e+007	539	902	11
4.722e+007	358	902	7
4.724e+007	441	902	9
4.726e+007	265	902	5
4.728e+007	453	902	9
4.73e+007	517	902	10
4.732e+007	477	902	10
4.734e+007	431	902	8
4.736e+007	459	902	9
4.738e+007	395	902	8
4.74e+007	547	902	10
4.742e+007	415	902	8
4.744e+007	435	902	9
4.746e+007	458	902	9
4.748e+007	408	902	8
4.75e+007	308	902	6
4.752e+007	464	902	9
4.754e+007	610	902	12
4.756e+007	454	902	9
4.758e+007	361	902	7
4.76e+007	588	902	12
4.762e+007	388	902	7
4.764e+007	332	902	7
4.766e+007	516	902	10
4.768e+007	466	902	10
4.77e+007	360	902	7
4.772e+007	507	902	10
4.774e+007	278	902	6
4.776e+007	377	902	8
4.778e+007	638	902	13
4.78e+007	277	902	6
4.782e+007	411	902	9
4.784e+007	450	902	10
4.786e+007	424	902	9
4.788e+007	407	902	8
4.79e+007	530	902	11
4.792e+007	319	902	7
4.794e+007	462	902	9
4.796e+007	440	902	9
4.798e+007	397	902	8
4.8e+007	675	902	13
4.802e+007	437	902	8
4.804e+007	292	902	6
4.806e+007	551	902	11
4.808e+007	238	902	5
4.81e+007	404	902	8
4.812e+007	492	902	9
4.814e+007	500	902	10
4.816e+007	416	902	8
4.818e+007	406	902	9
4.82e+007	657	902	13
4.822e+007	419	902	9
4.824e+007	361	902	8
4.826e+007	374	902	7
4.828e+007	317	902	7
4.83e+007	527	902	11
4.832e+007	385	902	8
4.834e+007	456	902	10
4.836e+007	374	902	8
4.838e+007	415	902	9
4.84e+007	472	902	10
4.842e+007	523	902	11
4.844e+007	386	902	8
4.846e+007	294	902	6
4.848e+007	493	902	11
4.85e+007	414	902	8
4.852e+007	363	902	8
4.854e+007	458	902	10
4.856e+007	404	902	8
4.858e+007	405	902	8
4.86e+007	428	902	9
4.862e+007	611	902	12
4.864e+007	394	902	8
4.866e+007	372	902	7
4.868e+007	540	902	11
4.87e+007	314	902	6
4.872e+007	374	902	8
4.874e+007	495	902	10
4.876e+007	399	902	8
4.878e+007	518	902	10
4.88e+007	355	902	7
4.882e+007	410	902	8
4.884e+007	603	902	12
4.886e+007	458	902	9
4.888e+007	190	902	4
4.89e+007	614	902	12
4.892e+007	398	902	8
4.894e+007	519	902	10
4.896e+007	467	902	9
4.898e+007	426	902	8
4.9e+007	312	902	6
4.902e+007	571	902	11
4.904e+007	415	902	8
4.906e+007	295	902	6
4.908e+007	539	902	10
4.91e+007	422	902	9
4.912e+007	403	902	8
4.914e+007	563	902	11
4.916e+007	247	902	5
4.918e+007	507	902	10
4.92e+007	411	902	8
4.922e+007	292	902	6
4.924e+007	345	902	7
4.926e+007	543	902	11
4.928e+007	466	902	9
4.93e+007	381	902	8
4.932e+007	413	902	8
4.934e+007	365	902	7
4.936e+007	457	902	9
4.938e+007	446	902	9
4.94e+007	300	902	6
4.942e+007	482	902	10
4.944e+007	371	902	8
4.946e+007	496	902	10
4.948e+007	240	902	5
4.95e+007	416	902	9
4.952e+007	390	902	9
4.954e+007	339	902	7
4.956e+007	371	902	7
4.958e+007	541	902	11
4.96e+007	287	902	6
4.962e+007	479	902	9
4.964e+007	539	902	10
4.966e+007	338	902	7
4.968e+007	584	902	11
4.97e+007	440	902	8
4.972e+007	287	902	6
4.974e+007	469	902	9
4.976e+007	434	902	9
4.978e+007	345	902	7
4.98e+007	477	902	9
4.982e+007	629	902	12
4.984e+007	302	902	6
4.986e+007	550	902	10
4.988e+007	423	902	8
4.99e+007	429	902	8
4.992e+007	451	902	8
4.994e+007	498	902	9
4.996e+007	288	902	6
4.998e+007	401	902	7
5e+007	555	902	11
5.002e+007	366	902	7
5.004e+007	438	902	9
5.006e+007	534	902	11
5.008e+007	471	902	9
5.01e+007	324	902	7
5.012e+007	407	902	8
5.014e+007	391	902	7
5.016e+007	381	902	8
5.018e+007	583	902	11
5.02e+007	483	902	9
5.022e+007	339	902	7
5.024e+007	290	902	6
5.026e+007	335	902	6
5.028e+007	482	902	9
5.03e+007	485	902	9
5.032e+007	324	902	7
5.034e+007	602	902	11
5.036e+007	490	902	10
5.038e+007	586	902	11
5.04e+007	305	902	6
5.042e+007	605	902	12
5.044e+007	452	902	9
5.046e+007	268	902	6
5.048e+007	568	902	10
5.05e+007	340	902	7
5.052e+007	432	902	8
5.054e+007	570	902	11
5.056e+007	441	902	8
5.058e+007	378	902	7
5.06e+007	455	902	9
5.062e+007	503	902	10
5.064e+007	477	902	10
5.066e+007	325	902	6
5.068e+007	362	902	7
5.07e+007	573	902	11
5.072e+007	531	902	10
5.074e+007	351	902	7
5.076e+007	337	902	7
5.078e+007	466	902	9
5.08e+007	448	902	9
5.082e+007	432	902	9
5.084e+007	452	902	10
5.086e+007	348	902	7
5.088e+007	382	902	8
5.09e+007	449	902	9
5.092e+007	418	902	8
5.094e+007	527	902	11
5.096e+007	424	902	9
5.098e+007	431	902	8
5.1e+007	219	902	5
5.102e+007	552	902	11
5.104e+007	271	902	5
5.106e+007	544	902	11
5.108e+007	489	902	9
5.11e+007	475	902	9
5.112e+007	476	902	9
5.114e+007	474	902	9
5.116e+007	518	902	10
5.118e+007	332	902	7
5.12e+007	648	902	13
5.122e+007	331	902	6
5.124e+007	418	902	9
5.126e+007	435	902	9
5.128e+007	306	902	6
5.13e+007	390	902	8
5.132e+007	556	902	11
5.134e+007	402	902	8
5.136e+007	392	902	8
5.138e+007	506	902	10
5.14e+007	397	902	8
5.142e+007	532	902	10
5.144e+007	467	902	10
5.146e+007	444	902	9
5.148e+007	348	902	7
5.15e+007	591	902	11
5.152e+007	440	902	9
5.154e+007	272	902	6
5.156e+007	522	902	10
5.158e+007	291	902	5
5.16e+007	400	902	8
5.162e+007	635	902	12
5.164e+007	428	902	8
5.166e+007	446	902	9
5.168e+007	464	902	9
5.17e+007	533	902	10
5.172e+007	405	902	8
5.174e+007	517	902	10
5.176e+007	398	902	8
5.178e+007	554	902	10
5.18e+007	459	902	9
5.182e+007	522	902	10
5.184e+007	352	902	7
5.186e+007	518	902	10
5.188e+007	443	902	8
5.19e+007	391	902	8
5.192e+007	361	902	7
5.194e+007	494	902	10
5.196e+007	404	902	8
5.198e+007	564	902	11
5.2e+007	418	902	8
5.202e+007	563	902	11
5.204e+007	367	902	7
5.206e+007	423	902	8
5.208e+007	642	902	12
5.21e+007	297	902	5
5.212e+007	463	902	8
5.214e+007	543	902	10
5.216e+007	402	902	7
5.218e+007	612	902	11
5.22e+007	409	902	8
5.222e+007	437	902	8
5.224e+007	480	902	9
5.226e+007	505	902	9
5.228e+007	614	902	12
5.23e+007	380	902	7
5.232e+007	505	902	9
5.234e+007	346	902	7
5.236e+007	526	902	9
5.238e+007	630	902	11
5.24e+007	329	902	6
5.242e+007	485	902	9
5.244e+007	592	902	11
5.246e+007	459	902	8
5.248e+007	486	902	9
5.25e+007	502	902	9
5.252e+007	617	902	11
5.254e+007	504	902	9
5.256e+007	445	902	8
5.258e+007	343	902	6
5.26e+007	580	902	10
5.262e+007	367	902	7
5.264e+007	541	902	10
5.266e+007	431	902	8
5.268e+007	443	902	8
5.27e+007	629	902	12
5.272e+007	354	902	7
5.274e+007	437	902	8
5.276e+007	600	902	11
5.278e+007	612	902	11
5.28e+007	516	902	9
5.282e+007	174	902	3
5.284e+007	547	902	10
5.286e+007	535	902	9
5.288e+007	490	902	9
5.29e+007	451	902	8
5.292e+007	421	902	8
5.294e+007	578	902	11
5.296e+007	563	902	10
5.298e+007	371	902	7
5.3e+007	636	902	12
5.302e+007	409	902	8
5.304e+007	294	902	6
5.306e+007	633	902	12
5.308e+007	341	902	7
5.31e+007	565	902	11
5.312e+007	366	902	7
5.314e+007	458	902	9
5.316e+007	366	902	7
5.318e+007	559	902	11
5.32e+007	520	902	10
5.322e+007	483	902	9
5.324e+007	350	902	7
5.326e+007	634	902	12
5.328e+007	464	902	8
5.33e+007	461	902	9
5.332e+007	444	902	9
5.334e+007	522	902	10
5.336e+007	316	902	6
5.338e+007	447	902	9
5.34e+007	547	902	10
5.342e+007	593	902	11
5.344e+007	249	902	5
5.346e+007	592	902	11
5.348e+007	390	902	7
5.35e+007	512	902	10
5.352e+007	424	902	9
5.354e+007	404	902	8
5.356e+007	408	902	8
5.358e+007	522	902	10
5.36e+007	449	902	9
5.362e+007	582	902	11
5.364e+007	391	902	8
5.366e+007	426	902	8
5.368e+007	430	902	8
5.37e+007	389	902	8
5.372e+007	563	902	11
5.374e+007	502	902	10
5.376e+007	514	902	10
5.378e+007	397	902	8
5.38e+007	346	902	6
5.382e+007	398	902	8
5.384e+007	584	902	11
5.386e+007	544	902	10
5.388e+007	393	902	8
5.39e+007	480	902	9
5.392e+007	440	902	8
5.394e+007	508	902	10
5.396e+007	360	902	6
5.398e+007	561	902	11
5.4e+007	436	902	8
5.402e+007	349	902	7
5.404e+007	649	902	12
5.406e+007	500	902	9
5.408e+007	590	902	11
5.41e+007	402	902	8
5.412e+007	406	902	8
5.414e+007	569	902	11
5.416e+007	483	902	9
5.418e+007	373	902	7
5.42e+007	450	902	8
5.422e+007	656	902	12
5.424e+007	293	902	6
5.426e+007	512	902	9
5.428e+007	408	902	8
5.43e+007	569	902	10
5.432e+007	631	902	11
5.434e+007	484	902	9
5.436e+007	373	902	7
5.438e+007	526	902	9
5.44e+007	366	902	7
5.442e+007	457	902	8
5.444e+007	427	902	8
5.446e+007	444	902	8
5.448e+007	375	902	7
5.45e+007	650	902	11
5.452e+007	553	902	10
5.454e+007	565	902	11
5.456e+007	330	902	6
5.458e+007	441	902	8
5.46e+007	540	902	10
5.462e+007	506	902	9
5.464e+007	430	902	8
5.466e+007	546	902	10
5.468e+007	478	902	9
5.47e+007	484	902	9
5.472e+007	499	902	9
5.474e+007	677	902	12
5.476e+007	401	902	7
5.478e+007	507	902	9
5.48e+007	444	902	8
5.482e+007	571	902	10
5.484e+007	425	902	7
5.486e+007	357	902	7
5.488e+007	609	902	11
5.49e+007	487	902	9
5.492e+007	401	902	7
5.494e+007	563	902	9
5.496e+007	544	902	10
5.498e+007	674	902	12
5.5e+007	354	902	7
5.502e+007	476	902	8
5.504e+007	589	902	11
5.506e+007	267	902	5
5.508e+007	634	902	12
5.51e+007	349	902	7
5.512e+007	430	902	9
5.514e+007	387	902	8
5.516e+007	512	902	10
5.518e+007	512	902	10
5.52e+007	405	902	8
5.522e+007	471	902	9
5.524e+007	348	902	7
5.526e+007	403	902	8
5.528e+007	466	902	10
5.53e+007	448	902	9
5.532e+007	451	902	9
5.534e+007	429	902	9
5.536e+007	482	902	9
5.538e+007	343	902	6
5.54e+007	576	902	12
5.542e+007	324	902	7
5.544e+007	408	902	8
5.546e+007	448	902	9
5.548e+007	392	902	8
5.55e+007	374	902	7
5.552e+007	607	902	11
5.554e+007	299	902	6
5.556e+007	445	902	9
5.558e+007	340	902	7
5.56e+007	513	902	10
5.562e+007	326	902	6
5.564e+007	504	902	10
5.566e+007	512	902	10
5.568e+007	353	902	7
5.57e+007	477	902	8
5.572e+007	516	902	10
5.574e+007	375	902	7
5.576e+007	625	902	12
5.578e+007	220	902	4
5.58e+007	573	902	10
5.582e+007	606	902	11
5.584e+007	446	902	9
5.586e+007	434	902	8
5.588e+007	507	902	9
5.59e+007	491	902	9
5.592e+007	324	902	6
5.594e+007	587	902	10
5.596e+007	355	902	7
5.598e+007	432	902	7
5.6e+007	469	902	9
5.602e+007	212	902	4
5.604e+007	430	902	8
5.606e+007	437	902	8
5.608e+007	354	902	7
5.61e+007	474	902	9
5.612e+007	348	902	7
5.614e+007	590	902	11
5.616e+007	403	902	8
5.618e+007	458	902	9
5.62e+007	246	902	6
5.622e+007	451	902	8
5.624e+007	453	902	9
5.626e+007	295	902	6
5.628e+007	443	902	9
5.63e+007	540	902	11
5.632e+007	304	902	6
5.634e+007	417	902	8
5.636e+007	505	902	10
5.638e+007	223	902	4
5.64e+007	644	902	13
5.642e+007	370	902	7
5.644e+007	394	902	8
5.646e+007	326	902	6
5.648e+007	636	902	12
5.65e+007	333	902	7
5.652e+007	417	902	8
5.654e+007	357	902	7
5.656e+007	482	902	9
5.658e+007	402	902	7
5.66e+007	652	902	13
5.662e+007	238	902	5
5.664e+007	438	902	9
5.666e+007	519	902	10
5.668e+007	342	902	6
5.67e+007	592	902	11
5.672e+007	376	902	8
5.674e+007	370	902	7
5.676e+007	438	902	7
5.678e+007	555	902	11
5.68e+007	574	902	11
5.682e+007	381	902	7
5.684e+007	460	902	9
5.686e+007	484	902	10
5.688e+007	348	902	7
5.69e+007	548	902	11
5.692e+007	250	902	5
5.694e+007	384	902	8
5.696e+007	607	902	12
5.698e+007	458	902	9
5.7e+007	270	902	6
5.702e+007	468	902	9
5.704e+007	487	902	9
5.706e+007	370	902	8
5.708e+007	536	902	10
5.71e+007	344	902	7
5.712e+007	542	902	11
5.714e+007	446	902	9
5.716e+007	237	902	5
5.718e+007	536	902	11
5.72e+007	477	902	9
5.722e+007	487	902	10
5.724e+007	400	902	8
5.726e+007	409	902	8
5.728e+007	336	902	7
5.73e+007	682	902	14
5.732e+007	346	902	7
5.734e+007	380	902	8
5.736e+007	481	902	10
5.738e+007	380	902	8
5.74e+007	421	902	8
5.742e+007	350	902	7
5.744e+007	483	902	10
5.746e+007	320	902	7
5.748e+007	520	902	11
5.75e+007	470	902	9
5.752e+007	383	902	8
5.754e+007	376	902	8
5.756e+007	440	902	8
5.758e+007	504	902	11
5.76e+007	442	902	9
5.762e+007	441	902	9
5.764e+007	471	902	10
5.766e+007	424	902	9
5.768e+007	256	902	5
5.77e+007	424	902	8
5.772e+007	427	902	9
5.774e+007	505	902	10
5.776e+007	452	902	10
5.778e+007	236	902	5
5.78e+007	593	902	12
5.782e+007	488	902	10
5.784e+007	442	902	9
5.786e+007	299	902	6
5.788e+007	449	902	9
5.79e+007	646	902	12
5.792e+007	355	902	7
5.794e+007	287	902	6
5.796e+007	508	902	10
5.798e+007	571	902	12
5.8e+007	305	902	7
5.802e+007	469	902	10
5.804e+007	315	902	7
5.806e+007	344	902	7
5.808e+007	457	902	10
5.81e+007	362	902	7
5.812e+007	552	902	12
5.814e+007	436	902	9
5.816e+007	482	902	10
5.818e+007	418	902	9
5.82e+007	218	902	4
5.822e+007	472	902	10
5.824e+007	454	902	9
5.826e+007	394	902	7
5.828e+007	574	902	12
5.83e+007	302	902	6
5.832e+007	569	902	12
5.834e+007	427	902	8
5.836e+007	408	902	9
5.838e+007	393	902	8
5.84e+007	478	902	10
5.842e+007	382	902	8
5.844e+007	341	902	7
5.846e+007	469	902	10
5.848e+007	275	902	6
5.85e+007	419	902	9
5.852e+007	394	902	8
5.854e+007	531	902	11
5.856e+007	498	902	11
5.858e+007	411	902	8
5.86e+007	325	902	7
5.862e+007	472	902	10
5.864e+007	531	902	11
5.866e+007	386	902	8
5.868e+007	327	902	7
5.87e+007	387	902	8
5.872e+007	556	902	11
5.874e+007	385	902	8
5.876e+007	436	902	9
5.878e+007	259	902	6
5.88e+007	441	902	9
5.882e+007	556	902	12
5.884e+007	316	902	7
5.886e+007	443	902	9
5.888e+007	477	902	10
5.89e+007	307	902	7
5.892e+007	499	902	10
5.894e+007	379	902	8
5.896e+007	487	902	10
5.898e+007	420	902	8
5.9e+007	498	902	10
5.902e+007	382	902	8
5.904e+007	403	902	8
5.906e+007	519	902	11
5.908e+007	295	902	6
5.91e+007	625	902	12
5.912e+007	490	902	10
5.914e+007	264	902	5
5.916e+007	526	902	11
5.918e+007	490	902	10
5.92e+007	253	902	5
5.922e+007	429	902	8
5.924e+007	505	902	10
5.926e+007	617	902	12
5.928e+007	351	902	7
5.93e+007	586	902	11
5.932e+007	293	902	6
5.934e+007	517	902	9
5.936e+007	412	902	8
5.938e+007	586	902	11
5.94e+007	416	902	9
5.942e+007	435	902	8
5.944e+007	528	902	10
5.946e+007	343	902	7
5.948e+007	485	902	9
5.95e+007	387	902	7
5.952e+007	363	902	7
5.954e+007	600	902	11
5.956e+007	547	902	10
5.958e+007	325	902	6
5.96e+007	634	902	11
5.962e+007	401	902	8
5.964e+007	567	902	11
5.966e+007	435	902	8
5.968e+007	498	902	10
5.97e+007	349	902	7
5.972e+007	412	902	8
5.974e+007	490	902	8
5.976e+007	674	902	13
5.978e+007	375	902	7
5.98e+007	547	902	10
5.982e+007	450	902	9
5.984e+007	469	902	10
5.986e+007	517	902	10
5.988e+007	296	902	6
5.99e+007	515	902	10
5.992e+007	472	902	9
5.994e+007	475	902	9
5.996e+007	386	902	7
5.998e+007	607	902	11
6e+007	423	902	8
6.002e+007	294	902	6
6.004e+007	372	902	7
6.006e+007	557	902	11
6.008e+007	546	902	11
6.01e+007	443	902	8
6.012e+007	399	902	8
6.014e+007	463	902	9
6.016e+007	521	902	10
6.018e+007	390	902	8
6.02e+007	509	902	10
6.022e+007	562	902	11
6.024e+007	206	902	4
6.026e+007	376	902	7
6.028e+007	544	902	11
6.03e+007	280	902	6
6.032e+007	477	902	9
6.034e+007	515	902	10
6.036e+007	473	902	9
6.038e+007	558	902	10
6.04e+007	547	902	11
6.042e+007	332	902	7
6.044e+007	398	902	8
6.046e+007	458	902	9
6.048e+007	625	902	12
6.05e+007	352	902	7
6.052e+007	430	902	9
6.054e+007	360	902	7
6.056e+007	414	902	8
6.058e+007	335	902	7
6.06e+007	482	902	9
6.062e+007	374	902	7
6.064e+007	521	902	10
6.066e+007	387	902	8
6.068e+007	554	902	10
6.07e+007	451	902	9
6.072e+007	446	902	9
6.074e+007	540	902	11
6.076e+007	231	902	5
6.078e+007	453	902	9
6.08e+007	505	902	10
6.082e+007	384	902	8
6.084e+007	344	902	7
6.086e+007	473	902	10
6.088e+007	415	902	8
6.09e+007	437	902	9
6.092e+007	589	902	12
6.094e+007	394	902	8
6.096e+007	481	902	10
6.098e+007	393	902	8
6.1e+007	217	902	5
6.102e+007	431	902	9
6.104e+007	460	902	9
6.106e+007	398	902	8
6.108e+007	520	902	11
6.11e+007	498	902	10
6.112e+007	337	902	7
6.114e+007	462	902	9
6.116e+007	409	902	8
6.118e+007	422	902	8
6.12e+007	344	902	7
6.122e+007	626	902	12
6.124e+007	561	902	11
6.126e+007	398	902	8
6.128e+007	392	902	8
6.13e+007	434	902	9
6.132e+007	197	902	4
6.134e+007	488	902	10
6.136e+007	475	902	9
6.138e+007	396	902	8
6.14e+007	434	902	9
6.142e+007	459	902	9
6.144e+007	227	902	5
6.146e+007	396	902	8
6.148e+007	509	902	10
6.15e+007	399	902	8
6.152e+007	281	902	5
6.154e+007	508	902	11
6.156e+007	524	902	11
6.158e+007	395	902	8
6.16e+007	289	902	6
6.162e+007	587	902	12
6.164e+007	322	902	7
6.166e+007	559	902	12
6.168e+007	246	902	5
6.17e+007	368	902	7
6.172e+007	399	902	8
6.174e+007	389	902	8
6.176e+007	642	902	13
6.178e+007	382	902	8
6.18e+007	537	902	11
6.182e+007	420	902	9
6.184e+007	424	902	9
6.186e+007	485	902	10
6.188e+007	391	902	8
6.19e+007	334	902	7
6.192e+007	527	902	10
6.194e+007	268	902	6
6.196e+007	518	902	11
6.198e+007	349	902	8
6.2e+007	323	902	7
6.202e+007	374	902	8
6.204e+007	564	902	12
6.206e+007	425	902	9
6.208e+007	391	902	8
6.21e+007	534	902	11
6.212e+007	186	902	4
6.214e+007	512	902	11
6.216e+007	483	902	10
6.218e+007	284	902	6
6.22e+007	499	902	11
6.222e+007	428	902	9
6.224e+007	386	902	8
6.226e+007	403	902	9
6.228e+007	505	902	11
6.23e+007	265	902	6
6.232e+007	371	902	8
6.234e+007	317	902	7
6.236e+007	655	902	14
6.238e+007	363	902	8
6.24e+007	358	902	8
6.242e+007	406	902	9
6.244e+007	433	902	9
6.246e+007	371	902	8
6.248e+007	405	902	9
6.25e+007	281	902	6
6.252e+007	483	902	10
6.254e+007	490	902	10
6.256e+007	342	902	7
6.258e+007	418	902	9
6.26e+007	383	902	8
6.262e+007	440	902	9
6.264e+007	394	902	9
6.266e+007	415	902	9
6.268e+007	427	902	8
6.27e+007	423	902	8
6.272e+007	403	902	8
6.274e+007	470	902	9
6.276e+007	457	902	10
6.278e+007	410	902	9
6.28e+007	392	902	8
6.282e+007	541	902	11
6.284e+007	370	902	8
6.286e+007	397	902	9
6.288e+007	400	902	9
6.29e+007	402	902	9
6.292e+007	381	902	8
6.294e+007	429	902	9
6.296e+007	295	902	6
6.298e+007	432	902	9
6.3e+007	487	902	10
6.302e+007	367	902	8
6.304e+007	483	902	10
6.306e+007	544	902	11
6.308e+007	341	902	7
6.31e+007	394	902	8
6.312e+007	381	902	7
6.314e+007	525	902	10
6.316e+007	423	902	9
6.318e+007	472	902	10
6.32e+007	362	902	8
6.322e+007	341	902	7
6.324e+007	468	902	10
6.326e+007	579	902	12
6.328e+007	365	902	7
6.33e+007	307	902	6
6.332e+007	438	902	9
6.334e+007	530	902	11
6.336e+007	434	902	9
6.338e+007	519	902	10
6.34e+007	497	902	10
6.342e+007	267	902	6
6.344e+007	413	902	8
6.346e+007	485	902	9
6.348e+007	328	902	7
6.35e+007	519	902	10
6.352e+007	446	902	9
6.354e+007	519	902	10
6.356e+007	452	902	9
6.358e+007	457	902	9
6.36e+007	441	902	9
6.362e+007	347	902	7
6.364e+007	530	902	10
6.366e+007	279	902	6
6.368e+007	467	902	10
6.37e+007	486	902	10
6.372e+007	350	902	8
6.374e+007	370	902	8
6.376e+007	443	902	10
6.378e+007	424	902	9
6.38e+007	261	902	6
6.382e+007	362	902	8
6.384e+007	474	902	10
6.386e+007	444	902	9
6.388e+007	454	902	9
6.39e+007	357	902	8
6.392e+007	570	902	11
6.394e+007	387	902	8
6.396e+007	415	902	8
6.398e+007	378	902	7
6.4e+007	547	902	11
6.402e+007	370	902	8
6.404e+007	296	902	6
6.406e+007	396	902	8
6.408e+007	467	902	9
6.41e+007	575	902	11
6.412e+007	383	902	8
6.414e+007	499	902	10
6.416e+007	568	902	11
6.418e+007	371	902	7
6.42e+007	371	902	8
6.422e+007	484	902	10
6.424e+007	463	902	9
6.426e+007	279	902	6
6.428e+007	565	902	11
6.43e+007	260	902	6
6.432e+007	650	902	13
6.434e+007	453	902	9
6.436e+007	430	902	8
6.438e+007	403	902	8
6.44e+007	330	902	6
6.442e+007	465	902	9
6.444e+007	423	902	9
6.446e+007	391	902	8
6.448e+007	539	902	11
6.45e+007	445	902	10
6.452e+007	422	902	8
6.454e+007	447	902	9
6.456e+007	443	902	9
6.458e+007	357	902	7
6.46e+007	307	902	5
6.462e+007	605	902	12
6.464e+007	456	902	9
6.466e+007	454	902	8
6.468e+007	329	902	7
6.47e+007	485	902	9
6.472e+007	568	902	11
6.474e+007	480	902	10
6.476e+007	377	902	8
6.478e+007	360	902	7
6.48e+007	370	902	8
6.482e+007	619	902	12
6.484e+007	362	902	7
6.486e+007	214	902	5
6.488e+007	464	902	9
6.49e+007	529	902	11
6.492e+007	527	902	11
6.494e+007	437	902	9
6.496e+007	313	902	6
6.498e+007	374	902	8
6.5e+007	635	902	12
6.502e+007	332	902	7
6.504e+007	368	902	8
6.506e+007	401	902	8
6.508e+007	530	902	11
6.51e+007	452	902	9
6.512e+007	235	902	5
6.514e+007	489	902	10
6.516e+007	426	902	9
6.518e+007	289	902	6
6.52e+007	488	902	10
6.522e+007	465	902	10
6.524e+007	446	902	9
6.526e+007	400	902	8
6.528e+007	288	902	5
6.53e+007	516	902	9
6.532e+007	618	902	12
6.534e+007	395	902	8
6.536e+007	466	902	9
6.538e+007	400	902	7
6.54e+007	673	902	12
6.542e+007	434	902	9
6.544e+007	183	902	4
6.546e+007	634	902	12
6.548e+007	544	902	10
6.55e+007	192	902	4
6.552e+007	692	902	12
6.554e+007	539	902	10
6.556e+007	389	902	7
6.558e+007	475	902	9
6.56e+007	624	902	11
6.562e+007	493	902	9
6.564e+007	444	902	8
6.566e+007	454	902	8
6.568e+007	548	902	9
6.57e+007	570	902	11
6.572e+007	458	902	9
6.574e+007	266	902	5
6.576e+007	675	902	12
6.578e+007	517	902	10
6.58e+007	368	902	7
6.582e+007	434	902	8
6.584e+007	472	902	9
6.586e+007	308	902	6
6.588e+007	505	902	10
6.59e+007	462	902	9
6.592e+007	502	902	10
6.594e+007	388	902	8
6.596e+007	565	902	11
6.598e+007	571	902	11
6.6e+007	193	902	4
6.602e+007	320	902	7
6.604e+007	441	902	9
6.606e+007	411	902	8
6.608e+007	624	902	13
6.61e+007	387	902	8
6.612e+007	367	902	8
6.614e+007	478	902	9
6.616e+007	399	902	8
6.618e+007	482	902	10
6.62e+007	596	902	12
6.622e+007	260	902	5
6.624e+007	432	902	9
6.626e+007	401	902	8
6.628e+007	450	902	8
6.63e+007	399	902	9
6.632e+007	571	902	11
6.634e+007	352	902	7
6.636e+007	422	902	8
6.638e+007	471	902	9
6.64e+007	535	902	10
6.642e+007	537	902	10
6.644e+007	554	902	10
6.646e+007	335	902	6
6.648e+007	472	902	9
6.65e+007	452	902	8
6.652e+007	491	902	10
6.654e+007	595	902	11
6.656e+007	255	902	5
6.658e+007	575	902	12
6.66e+007	440	902	9
6.662e+007	467	902	9
6.664e+007	457	902	9
6.666e+007	348	902	7
6.668e+007	486	902	10
6.67e+007	383	902	7
6.672e+007	315	902	6
6.674e+007	484	902	9
6.676e+007	419	902	8
6.678e+007	579	902	11
6.68e+007	473	902	9
6.682e+007	509	902	11
6.684e+007	530	902	11
6.686e+007	391	902	8
6.688e+007	390	902	8
6.69e+007	301	902	6
6.692e+007	447	902	9
6.694e+007	394	902	8
6.696e+007	537	902	11
6.698e+007	441	902	9
6.7e+007	365	902	7
6.702e+007	389	902	8
6.704e+007	391	902	8
6.706e+007	487	902	10
6.708e+007	465	902	9
6.71e+007	497	902	10
6.712e+007	279	902	6
6.714e+007	537	902	11
6.716e+007	621	902	12
6.718e+007	158	902	3
6.72e+007	382	902	8
6.722e+007	406	902	8
6.724e+007	458	902	9
6.726e+007	566	902	11
6.728e+007	412	902	8
6.73e+007	447	902	9
6.732e+007	404	902	8
6.734e+007	464	902	9
6.736e+007	521	902	10
6.738e+007	416	902	9
6.74e+007	568	902	11
6.742e+007	344	902	7
6.744e+007	266	902	6
6.746e+007	469	902	10
6.748e+007	460	902	9
6.75e+007	278	902	6
6.752e+007	534	902	11
6.754e+007	381	902	8
6.756e+007	428	902	8
6.758e+007	527	902	10
6.76e+007	484	902	9
6.762e+007	594	902	11
6.764e+007	535	902	10
6.766e+007	371	902	7
6.768e+007	496	902	10
6.77e+007	481	902	9
6.772e+007	361	902	7
6.774e+007	593	902	11
6.776e+007	382	902	7
6.778e+007	372	902	7
6.78e+007	444	902	8
6.782e+007	435	902	9
6.784e+007	564	902	11
6.786e+007	408	902	9
6.788e+007	292	902	6
6.79e+007	496	902	10
6.792e+007	400	902	8
6.794e+007	307	902	7
6.796e+007	293	902	6
6.798e+007	548	902	11
6.8e+007	515	902	11
6.802e+007	365	902	8
6.804e+007	367	902	8
6.806e+007	324	902	7
6.808e+007	373	902	8
6.81e+007	457	902	10
6.812e+007	449	902	9
6.814e+007	363	902	8
6.816e+007	590	902	12
6.818e+007	367	902	7
6.82e+007	451	902	9
6.822e+007	535	902	11
6.824e+007	376	902	8
6.826e+007	103	902	2
6.828e+007	448	902	9
6.83e+007	483	902	10
6.832e+007	293	902	6
6.834e+007	546	902	11
6.836e+007	333	902	7
6.838e+007	371	902	7
6.84e+007	420	902	9
6.842e+007	543	902	11
6.844e+007	318	902	6
6.846e+007	471	902	10
6.848e+007	520	902	11
6.85e+007	501	902	10
6.852e+007	332	902	7
6.854e+007	520	902	11
6.856e+007	194	902	4
6.858e+007	489	902	10
6.86e+007	578	902	11
6.862e+007	355	902	7
6.864e+007	346	902	7
6.866e+007	470	902	9
6.868e+007	348	902	7
6.87e+007	480	902	10
6.872e+007	560	902	11
6.874e+007	249	902	5
6.876e+007	421	902	8
6.878e+007	584	902	12
6.88e+007	341	902	7
6.882e+007	541	902	11
6.884e+007	431	902	9
6.886e+007	442	902	9
6.888e+007	626	902	12
6.89e+007	149	902	3
6.892e+007	381	902	8
6.894e+007	551	902	11
6.896e+007	334	902	6
6.898e+007	610	902	11
6.9e+007	294	902	6
6.902e+007	563	902	11
6.904e+007	556	902	10
6.906e+007	453	902	9
6.908e+007	491	902	9
6.91e+007	364	902	7
6.912e+007	645	902	12
6.914e+007	499	902	9
6.916e+007	422	902	8
6.918e+007	393	902	7
6.92e+007	428	902	8
6.922e+007	394	902	8
6.924e+007	551	902	11
6.926e+007	374	902	7
6.928e+007	458	902	9
6.93e+007	434	902	8
6.932e+007	504	902	10
6.934e+007	337	902	7
6.936e+007	617	902	12
6.938e+007	444	902	8
6.94e+007	438	902	8
6.942e+007	557	902	10
6.944e+007	622	902	12
6.946e+007	228	902	4
6.948e+007	518	902	10
6.95e+007	459	902	9
6.952e+007	436	902	8
6.954e+007	524	902	9
6.956e+007	443	902	9
6.958e+007	284	902	6
6.96e+007	624	902	11
6.962e+007	531	902	10
6.964e+007	529	902	10
6.966e+007	513	902	10
6.968e+007	480	902	9
6.97e+007	248	902	5
6.972e+007	354	902	7
6.974e+007	505	902	9
6.976e+007	610	902	12
6.978e+007	372	902	7
6.98e+007	642	902	12
6.982e+007	240	902	5
6.984e+007	542	902	10
6.986e+007	539	902	11
6.988e+007	363	902	7
6.99e+007	407	902	8
6.992e+007	451	902	9
6.994e+007	437	902	8
6.996e+007	393	902	8
6.998e+007	493	902	10
7e+007	384	902	8
7.002e+007	407	902	8
7.004e+007	576	902	11
7.006e+007	374	902	8
7.008e+007	366	902	8
7.01e+007	414	902	9
7.012e+007	376	902	8
7.014e+007	561	902	10
7.016e+007	494	902	10
7.018e+007	288	902	6
7.02e+007	486	902	10
7.022e+007	335	902	7
7.024e+007	384	902	8
7.026e+007	436	902	8
7.028e+007	598	902	11
7.03e+007	335	902	7
7.032e+007	391	902	7
7.034e+007	475	902	9
7.036e+007	714	902	13
7.038e+007	362	902	7
7.04e+007	417	902	8
7.042e+007	545	902	10
7.044e+007	425	902	8
7.046e+007	488	902	10
7.048e+007	396	902	7
7.05e+007	429	902	8
7.052e+007	305	902	6
7.054e+007	707	902	14
7.056e+007	384	902	8
7.058e+007	399	902	8
7.06e+007	426	902	8
7.062e+007	432	902	9
7.064e+007	587	902	11
7.066e+007	262	902	5
7.068e+007	578	902	11
7.07e+007	517	902	10
7.072e+007	406	902	8
7.074e+007	334	902	7
7.076e+007	321	902	6
7.078e+007	360	902	7
7.08e+007	436	902	9
7.082e+007	519	902	10
7.084e+007	445	902	9
7.086e+007	525	902	11
7.088e+007	384	902	7
7.09e+007	299	902	7
7.092e+007	437	902	8
7.094e+007	372	902	7
7.096e+007	447	902	8
7.098e+007	430	902	9
7.1e+007	522	902	11
7.102e+007	473	902	9
7.104e+007	292	902	6
7.106e+007	335	902	7
7.108e+007	588	902	11
7.11e+007	383	902	8
7.112e+007	597	902	12
7.114e+007	495	902	9
7.116e+007	384	902	8
7.118e+007	571	902	11
7.12e+007	260	902	5
7.122e+007	546	902	11
7.124e+007	560	902	11
7.126e+007	221	902	5
7.128e+007	384	902	7
7.13e+007	604	902	12
7.132e+007	374	902	7
7.134e+007	484	902	10
7.136e+007	588	902	12
7.138e+007	190	902	4
7.14e+007	344	902	7
7.142e+007	415	902	8
7.144e+007	384	902	8
7.146e+007	480	902	10
7.148e+007	327	902	7
7.15e+007	600	902	12
7.152e+007	389	902	8
7.154e+007	504	902	10
7.156e+007	233	902	4
7.158e+007	472	902	9
7.16e+007	411	902	8
7.162e+007	465	902	9
7.164e+007	471	902	9
7.166e+007	519	902	10
7.168e+007	368	902	7
7.17e+007	475	902	10
7.172e+007	442	902	9
7.174e+007	310	902	6
7.176e+007	499	902	10
7.178e+007	295	902	6
7.18e+007	561	902	10
7.182e+007	527	902	10
7.184e+007	442	902	9
7.186e+007	380	902	7
7.188e+007	593	902	11
7.19e+007	396	902	8
7.192e+007	408	902	7
7.194e+007	576	902	11
7.196e+007	504	902	10
7.198e+007	328	902	6
7.2e+007	409	902	8
7.202e+007	428	902	8
7.204e+007	399	902	7
7.206e+007	549	902	10
7.208e+007	305	902	6
7.21e+007	378	902	7
7.212e+007	584	902	10
7.214e+007	430	902	8
7.216e+007	333	902	6
7.218e+007	634	902	11
7.22e+007	116	902	2
7.222e+007	596	902	11
7.224e+007	715	902	13
7.226e+007	400	902	8
7.228e+007	423	902	8
7.23e+007	546	902	10
7.232e+007	382	902	7
7.234e+007	278	902	6
7.236e+007	792	902	14
7.238e+007	343	902	7
7.24e+007	496	902	9
7.242e+007	412	902	8
7.244e+007	437	902	8
7.246e+007	495	902	9
7.248e+007	376	902	7
7.25e+007	491	902	9
7.252e+007	398	902	7
7.254e+007	584	902	11
7.256e+007	362	902	7
7.258e+007	406	902	8
7.26e+007	652	902	12
7.262e+007	608	902	12
7.264e+007	104	902	2
7.266e+007	518	902	10
7.268e+007	581	902	11
7.27e+007	368	902	7
7.272e+007	503	902	10
7.274e+007	571	902	11
7.276e+007	320	902	6
7.278e+007	457	902	9
7.28e+007	425	902	9
7.282e+007	368	902	7
7.284e+007	533	902	11
7.286e+007	463	902	9
7.288e+007	470	902	9
7.29e+007	585	902	11
7.292e+007	263	902	6
7.294e+007	400	902	7
7.296e+007	655	902	12
7.298e+007	331	902	6
7.3e+007	401	902	8
7.302e+007	693	902	14
7.304e+007	364	902	8
7.306e+007	319	902	6
7.308e+007	527	902	10
7.31e+007	426	902	8
7.312e+007	422	902	9
7.314e+007	460	902	9
7.316e+007	433	902	9
7.318e+007	399	902	8
7.32e+007	591	902	12
7.322e+007	290	902	6
7.324e+007	354	902	7
7.326e+007	512	902	10
7.328e+007	491	902	10
7.33e+007	276	902	6
7.332e+007	577	902	12
7.334e+007	308	902	6
7.336e+007	389	902	8
7.338e+007	597	902	12
7.34e+007	516	902	10
7.342e+007	235	902	5
7.344e+007	521	902	10
7.346e+007	415	902	8
7.348e+007	405	902	8
7.35e+007	458	902	9
7.352e+007	489	902	10
7.354e+007	270	902	6
7.356e+007	519	902	11
7.358e+007	510	902	11
7.36e+007	378	902	8
7.362e+007	513	902	11
7.364e+007	371	902	8
7.366e+007	263	902	6
7.368e+007	517	902	11
7.37e+007	324	902	7
7.372e+007	394	902	9
7.374e+007	413	902	9
7.376e+007	499	902	11
7.378e+007	338	902	7
7.38e+007	355	902	8
7.382e+007	479	902	10
7.384e+007	334	902	7
7.386e+007	503	902	10
7.388e+007	525	902	11
7.39e+007	239	902	5
7.392e+007	317	902	7
7.394e+007	478	902	10
7.396e+007	434	902	9
7.398e+007	462	902	10
7.4e+007	286	902	5
7.402e+007	410	902	9
7.404e+007	533	902	10
7.406e+007	423	902	8
7.408e+007	359	902	7
7.41e+007	614	902	12
7.412e+007	388	902	7
7.414e+007	536	902	11
7.416e+007	454	902	10
7.418e+007	504	902	10
7.42e+007	363	902	7
7.422e+007	327	902	7
7.424e+007	592	902	12
7.426e+007	316	902	6
7.428e+007	457	902	9
7.43e+007	316	902	6
7.432e+007	405	902	7
7.434e+007	517	902	10
7.436e+007	488	902	9
7.438e+007	410	902	7
7.44e+007	441	902	9
7.442e+007	688	902	12
7.444e+007	321	902	6
7.446e+007	498	902	10
7.448e+007	413	902	8
7.45e+007	434	902	8
7.452e+007	457	902	9
7.454e+007	487	902	9
7.456e+007	455	902	9
7.458e+007	395	902	8
7.46e+007	485	902	9
7.462e+007	466	902	9
7.464e+007	535	902	11
7.466e+007	349	902	7
7.468e+007	306	902	6
7.47e+007	571	902	11
7.472e+007	556	902	11
7.474e+007	193	902	4
7.476e+007	600	902	12
7.478e+007	427	902	9
7.48e+007	293	902	6
7.482e+007	642	902	13
7.484e+007	592	902	12
7.486e+007	102	902	2
7.488e+007	532	902	11
7.49e+007	505	902	10
7.492e+007	244	902	5
7.494e+007	486	902	10
7.496e+007	434	902	9
7.498e+007	447	902	8
7.5e+007	471	902	10
7.502e+007	473	902	10
7.504e+007	310	902	6
7.506e+007	541	902	10
7.508e+007	578	902	12
7.51e+007	178	902	4
7.512e+007	605	902	12
7.514e+007	285	902	6
7.516e+007	370	902	8
7.518e+007	597	902	12
7.52e+007	409	902	8
7.522e+007	442	902	9
7.524e+007	454	902	9
7.526e+007	375	902	7
7.528e+007	520	902	10
7.53e+007	543	902	11
7.532e+007	438	902	9
7.534e+007	248	902	5
7.536e+007	544	902	12
7.538e+007	451	902	9
7.54e+007	337	902	7
7.542e+007	612	902	12
7.544e+007	312	902	6
7.546e+007	552	902	11
7.548e+007	426	902	9
7.55e+007	366	902	6
7.552e+007	242	902	5
7.554e+007	670	902	13
7.556e+007	308	902	6
7.558e+007	498	902	10
7.56e+007	437	902	9
7.562e+007	536	902	11
7.564e+007	401	902	8
7.566e+007	575	902	11
7.568e+007	305	902	6
7.57e+007	452	902	9
7.572e+007	568	902	11
7.574e+007	398	902	8
7.576e+007	570	902	11
7.578e+007	548	902	11
7.58e+007	243	902	5
7.582e+007	401	902	8
7.584e+007	392	902	7
7.586e+007	412	902	8
7.588e+007	569	902	11
7.59e+007	340	902	7
7.592e+007	585	902	11
7.594e+007	416	902	8
7.596e+007	489	902	10
7.598e+007	419	902	8
7.6e+007	567	902	11
7.602e+007	434	902	9
7.604e+007	631	902	12
7.606e+007	361	902	7
7.608e+007	357	902	7
7.61e+007	261	902	5
7.612e+007	513	902	10
7.614e+007	429	902	9
7.616e+007	507	902	10
7.618e+007	408	902	8
7.62e+007	390	902	8
7.622e+007	540	902	11
7.624e+007	500	902	10
7.626e+007	459	902	9
7.628e+007	367	902	7
7.63e+007	510	902	10
7.632e+007	416	902	8
7.634e+007	470	902	9
7.636e+007	508	902	9
7.638e+007	499	902	10
7.64e+007	297	902	6
7.642e+007	421	902	8
7.644e+007	512	902	10
7.646e+007	398	902	8
7.648e+007	505	902	10
7.65e+007	351	902	7
7.652e+007	467	902	9
7.654e+007	541	902	10
7.656e+007	571	902	11
7.658e+007	428	902	8
7.66e+007	504	902	10
7.662e+007	290	902	6
7.664e+007	448	902	8
7.666e+007	530	902	10
7.668e+007	416	902	8
7.67e+007	528	902	9
7.672e+007	451	902	8
7.674e+007	466	902	9
7.676e+007	513	902	9
7.678e+007	588	902	11
7.68e+007	430	902	8
7.682e+007	635	902	12
7.684e+007	482	902	9
7.686e+007	398	902	8
7.688e+007	272	902	5
7.69e+007	354	902	7
7.692e+007	550	902	10
7.694e+007	473	902	10
7.696e+007	243	902	5
7.698e+007	475	902	9
7.7e+007	498	902	10
7.702e+007	398	902	8
7.704e+007	589	902	12
7.706e+007	335	902	7
7.708e+007	495	902	10
7.71e+007	413	902	9
7.712e+007	423	902	9
7.714e+007	509	902	10
7.716e+007	349	902	7
7.718e+007	468	902	9
7.72e+007	427	902	9
7.722e+007	274	902	6
7.724e+007	591	902	12
7.726e+007	339	902	7
7.728e+007	525	902	10
7.73e+007	388	902	8
7.732e+007	347	902	7
7.734e+007	517	902	10
7.736e+007	393	902	8
7.738e+007	374	902	7
7.74e+007	453	902	9
7.742e+007	526	902	10
7.744e+007	574	902	11
7.746e+007	490	902	9
7.748e+007	433	902	8
7.75e+007	255	902	5
7.752e+007	378	902	7
7.754e+007	585	902	11
7.756e+007	389	902	8
7.758e+007	432	902	9
7.76e+007	423	902	8
7.762e+007	532	902	11
7.764e+007	455	902	9
7.766e+007	500	902	10
7.768e+007	391	902	8
7.77e+007	500	902	10
7.772e+007	395	902	7
7.774e+007	444	902	8
7.776e+007	559	902	11
7.778e+007	337	902	6
7.78e+007	406	902	8
7.782e+007	354	902	7
7.784e+007	402	902	8
7.786e+007	531	902	10
7.788e+007	625	902	12
7.79e+007	331	902	6
7.792e+007	468	902	9
7.794e+007	555	902	10
7.796e+007	531	902	10
7.798e+007	301	902	6
7.8e+007	332	902	6
7.802e+007	649	902	12
7.804e+007	355	902	7
7.806e+007	248	902	5
7.808e+007	674	902	13
7.81e+007	298	902	6
7.812e+007	486	902	10
7.814e+007	524	902	10
7.816e+007	447	902	9
7.818e+007	393	902	8
7.82e+007	621	902	12
7.822e+007	324	902	7
7.824e+007	279	902	5
7.826e+007	569	902	11
7.828e+007	546	902	11
7.83e+007	467	902	9
7.832e+007	324	902	6
7.834e+007	551	902	11
7.836e+007	472	902	9
7.838e+007	497	902	10
7.84e+007	189	902	4
7.842e+007	426	902	8
7.844e+007	488	902	10
7.846e+007	454	902	9
7.848e+007	523	902	10
7.85e+007	485	902	10
7.852e+007	334	902	7
7.854e+007	502	902	10
7.856e+007	399	902	8
7.858e+007	459	902	9
7.86e+007	420	902	8
7.862e+007	462	902	9
7.864e+007	459	902	9
7.866e+007	400	902	8
7.868e+007	562	902	10
7.87e+007	521	902	10
7.872e+007	467	902	9
7.874e+007	568	902	10
7.876e+007	367	902	7
7.878e+007	425	902	8
7.88e+007	351	902	6
7.882e+007	484	902	9
7.884e+007	398	902	7
7.886e+007	640	902	12
7.888e+007	578	902	11
7.89e+007	376	902	7
7.892e+007	495	902	10
7.894e+007	466	902	9
7.896e+007	303	902	6
7.898e+007	578	902	11
7.9e+007	436	902	8
7.902e+007	371	902	7
7.904e+007	423	902	8
7.906e+007	454	902	9
7.908e+007	489	902	9
7.91e+007	613	902	12
7.912e+007	355	902	6
7.914e+007	594	902	12
7.916e+007	222	902	5
7.918e+007	432	902	9
7.92e+007	514	902	10
7.922e+007	567	902	11
7.924e+007	314	902	6
7.926e+007	472	902	9
7.928e+007	328	902	6
7.93e+007	465	902	9
7.932e+007	505	902	9
7.934e+007	521	902	10
7.936e+007	263	902	5
7.938e+007	490	902	9
7.94e+007	665	902	12
7.942e+007	447	902	8
7.944e+007	541	902	10
7.946e+007	549	902	11
7.948e+007	205	902	4
7.95e+007	343	902	7
7.952e+007	567	902	10
7.954e+007	428	902	8
7.956e+007	496	902	9
7.958e+007	550	902	11
7.96e+007	547	902	10
7.962e+007	330	902	6
7.964e+007	490	902	10
7.966e+007	263	902	5
7.968e+007	389	902	7
7.97e+007	693	902	13
7.972e+007	528	902	10
7.974e+007	463	902	9
7.976e+007	456	902	9
7.978e+007	329	902	7
7.98e+007	567	902	11
7.982e+007	430	902	8
7.984e+007	506	902	10
7.986e+007	146	902	3
7.988e+007	746	902	14
7.99e+007	396	902	8
7.992e+007	243	902	5
7.994e+007	457	902	9
7.996e+007	567	902	11
7.998e+007	403	902	8
8e+007	575	902	11
8.002e+007	471	902	10
8.004e+007	423	902	8
8.006e+007	441	902	9
8.008e+007	474	902	9
8.01e+007	315	902	6
8.012e+007	645	902	13
8.014e+007	359	902	7
8.016e+007	426	902	8
8.018e+007	522	902	10
8.02e+007	370	902	7
8.022e+007	480	902	10
8.024e+007	325	902	7
8.026e+007	507	902	9
8.028e+007	486	902	10
8.03e+007	480	902	9
8.032e+007	478	902	10
8.034e+007	449	902	9
8.036e+007	528	902	10
8.038e+007	380	902	8
8.04e+007	260	902	5
8.042e+007	610	902	12
8.044e+007	539	902	10
8.046e+007	192	902	4
8.048e+007	486	902	10
8.05e+007	494	902	10
8.052e+007	362	902	7
8.054e+007	438	902	9
8.056e+007	363	902	7
8.058e+007	482	902	10
8.06e+007	639	902	13
8.062e+007	373	902	8
8.064e+007	346	902	7
8.066e+007	374	902	8
8.068e+007	456	902	10
8.07e+007	397	902	8
8.072e+007	462	902	10
8.074e+007	290	902	6
8.076e+007	475	902	10
8.078e+007	440	902	9
8.08e+007	324	902	7
8.082e+007	363	902	7
8.084e+007	615	902	13
8.086e+007	257	902	6
8.088e+007	546	902	12
8.09e+007	377	902	8
8.092e+007	396	902	9
8.094e+007	223	902	5
8.096e+007	492	902	10
8.098e+007	494	902	10
8.1e+007	535	902	11
8.102e+007	411	902	8
8.104e+007	345	902	7
8.106e+007	482	902	9
8.108e+007	506	902	10
8.11e+007	438	902	9
8.112e+007	350	902	7
8.114e+007	495	902	10
8.116e+007	395	902	8
8.118e+007	448	902	8
8.12e+007	497	902	10
8.122e+007	574	902	11
8.124e+007	525	902	10
8.126e+007	370	902	7
8.128e+007	730	902	13
8.13e+007	382	902	7
8.132e+007	443	902	9
8.134e+007	321	902	6
8.136e+007	572	902	11
8.138e+007	363	902	7
8.14e+007	500	902	9
8.142e+007	268	902	5
8.144e+007	418	902	8
8.146e+007	595	902	11
8.148e+007	447	902	9
8.15e+007	626	902	12
8.152e+007	380	902	8
8.154e+007	406	902	8
8.156e+007	451	902	9
8.158e+007	514	902	10
8.16e+007	492	902	10
8.162e+007	321	902	6
8.164e+007	278	902	6
8.166e+007	480	902	9
8.168e+007	585	902	11
8.17e+007	505	902	9
8.172e+007	349	902	7
8.174e+007	608	902	11
8.176e+007	424	902	8
8.178e+007	360	902	7
8.18e+007	441	902	9
8.182e+007	613	902	12
8.184e+007	416	902	8
8.186e+007	484	902	10
8.188e+007	503	902	10
8.19e+007	326	902	7
8.192e+007	472	902	9
8.194e+007	402	902	8
8.196e+007	427	902	8
8.198e+007	417	902	8
8.2e+007	260	902	5
8.202e+007	564	902	11
8.204e+007	579	902	11
8.206e+007	437	902	9
8.208e+007	463	902	9
8.21e+007	528	902	11
8.212e+007	208	902	4
8.214e+007	435	902	9
8.216e+007	476	902	10
8.218e+007	470	902	10
8.22e+007	510	902	10
8.222e+007	383	902	8
8.224e+007	478	902	10
8.226e+007	337	902	7
8.228e+007	442	902	9
8.23e+007	411	902	8
8.232e+007	296	902	6
8.234e+007	599	902	12
8.236e+007	424	902	9
8.238e+007	313	902	6
8.24e+007	614	902	13
8.242e+007	336	902	7
8.244e+007	430	902	9
8.246e+007	591	902	12
8.248e+007	382	902	8
8.25e+007	386	902	8
8.252e+007	375	902	8
8.254e+007	501	902	10
8.256e+007	373	902	7
8.258e+007	431	902	9
8.26e+007	472	902	9
8.262e+007	363	902	7
8.264e+007	376	902	8
8.266e+007	377	902	8
8.268e+007	504	902	10
8.27e+007	390	902	8
8.272e+007	578	902	12
8.274e+007	218	902	5
8.276e+007	580	902	12
8.278e+007	259	902	5
8.28e+007	407	902	8
8.282e+007	416	902	9
8.284e+007	362	902	8
8.286e+007	269	902	5
8.288e+007	620	902	13
8.29e+007	376	902	8
8.292e+007	385	902	8
8.294e+007	427	902	9
8.296e+007	433	902	9
8.298e+007	381	902	8
8.3e+007	559	902	12
8.302e+007	394	902	8
8.304e+007	364	902	8
8.306e+007	422	902	9
8.308e+007	365	902	8
8.31e+007	408	902	8
8.312e+007	626	902	12
8.314e+007	328	902	7
8.316e+007	309	902	6
8.318e+007	590	902	12
8.32e+007	395	902	8
8.322e+007	398	902	8
8.324e+007	501	902	10
8.326e+007	361	902	8
8.328e+007	492	902	10
8.33e+007	380	902	8
8.332e+007	419	902	9
8.334e+007	451	902	9
8.336e+007	423	902	9
8.338e+007	384	902	8
8.34e+007	339	902	7
8.342e+007	539	902	11
8.344e+007	422	902	9
8.346e+007	407	902	8
8.348e+007	390	902	8
8.35e+007	452	902	9
8.352e+007	563	902	11
8.354e+007	432	902	9
8.356e+007	290	902	6
8.358e+007	514	902	10
8.36e+007	687	902	14
8.362e+007	194	902	4
8.364e+007	588	902	12
8.366e+007	384	902	8
8.368e+007	563	902	11
8.37e+007	493	902	9
8.372e+007	296	902	6
8.374e+007	451	902	9
8.376e+007	270	902	5
8.378e+007	572	902	11
8.38e+007	506	902	10
8.382e+007	278	902	6
8.384e+007	664	902	13
8.386e+007	399	902	8
8.388e+007	465	902	9
8.39e+007	494	902	10
8.392e+007	452	902	9
8.394e+007	248	902	5
8.396e+007	612	902	12
8.398e+007	289	902	6
8.4e+007	396	902	8
8.402e+007	495	902	9
8.404e+007	383	902	8
8.406e+007	582	902	11
8.408e+007	488	902	10
8.41e+007	453	902	9
8.412e+007	289	902	6
8.414e+007	368	902	7
8.416e+007	498	902	10
8.418e+007	500	902	10
8.42e+007	424	902	9
8.422e+007	380	902	8
8.424e+007	553	902	12
8.426e+007	383	902	8
8.428e+007	485	902	10
8.43e+007	258	902	5
8.432e+007	585	902	12
8.434e+007	382	902	8
8.436e+007	432	902	9
8.438e+007	438	902	9
8.44e+007	419	902	8
8.442e+007	367	902	7
8.444e+007	453	902	9
8.446e+007	486	902	9
8.448e+007	499	902	9
8.45e+007	647	902	13
8.452e+007	463	902	9
8.454e+007	522	902	10
8.456e+007	352	902	7
8.458e+007	484	902	10
