11354
13084
10167
10675
10785
10334
10440
11405
10610
10040
10375
11138
11728
11375
11354
10532
12416
11037
10876
15830
12132
10304
12916
10528
10283
11084
10199
11372
12050
12252
11478
10190
10098
10053
10052
10975
11714
11162
10873
11630
10627
12801
13092
11731
11216
11193
10504
11713
11445
10964
10109
11047
10137
14243
11653
10002
10551
10450
10553
10261
11635
10506
10148
11910
11028
10130
13890
11126
10159
10002
12050
11739
11116
10179
12430
11496
12757
10008
12064
10482
10215
10058
10363
11246
10671
10838
10246
11082
11966
10033
10144
10180
11306
11019
11587
11184
10882
11899
10627
11974
10200
10435
10322
12792
11854
11094
11293
12148
10522
10002
10262
10337
10761
10883
10404
10103
10618
10789
10334
11240
10763
10700
10431
10093
10034
10062
14194
10405
11712
12172
10325
10053
10794
10633
11542
11494
10040
11015
10309
10328
10607
11354
10108
10172
11735
11900
10984
12181
10049
10153
12115
10141
10295
12623
11456
10659
10220
10377
11735
10133
10644
10824
10259
10160
10840
16005
11098
11401
10191
10139
12616
10951
12065
11043
10426
11334
10302
11629
11827
10596
10935
10600
10631
10391
10494
11511
13780
12447
10576
11197
10387
10454
11251
11179
10232
11625
12823
10353
11728
12464
10352
10608
10466
10478
10409
11185
10321
10399
11318
10122
10244
13135
10126
10753
10643
11203
11371
10536
10029
10299
14810
10495
10823
10316
10596
10843
10506
10633
12125
10631
10375
10138
12435
10258
10504
10158
10079
10173
10631
12332
11914
11519
10248
11127
10101
11533
10928
10892
10198
10007
11423
12493
10892
10376
10005
12641
10277
11487
11840
10754
12324
10025
12081
11317
12278
10383
10294
12148
10801
10422
10864
11146
10126
10274
10941
11392
10789
12578
10192
10467
11451
11093
11476
10068
11039
10042
10737
10072
10399
10511
10839
10351
10657
10382
10325
10683
11986
10357
10009
11731
11696
10359
13504
10263
14053
10188
14247
11552
10480
10089
11423
11060
11360
10913
11312
10426
15687
11351
12056
10382
12231
12652
10652
11292
10492
10250
11375
10098
10233
10497
10231
14806
11973
10372
10150
14221
11186
10094
10039
10898
10370
10206
11131
13295
10332
11390
10363
11921
11672
10350
11471
14369
10375
12195
10849
10950
10330
10139
10654
10291
11347
10247
11547
10362
10129
11240
10106
12145
11425
10274
10183
10319
10007
11101
10322
10552
10239
10267
12796
10485
10293
10135
10341
11713
10223
12055
10857
10488
10510
10763
13810
12210
10500
11397
10132
10385
10970
14126
10107
10672
10649
11390
12246
11231
11204
10610
10200
10777
10144
10920
11319
10016
12947
11458
11822
10380
11215
13375
10355
12710
11980
10143
10960
10580
10377
11714
10081
10626
10085
12613
10547
10021
13590
10282
10925
11453
10354
10281
11645
12502
10027
11687
10399
10033
10456
11415
10548
14147
10912
10699
11735
10311
10050
11654
11134
12717
11513
10929
10125
12490
10187
11590
10585
10028
11368
11083
10287
10225
10675
10533
10198
10623
10205
11611
12791
10673
11242
11580
10427
13148
12187
12156
10023
10024
10118
10293
10676
10465
10408
10368
10930
10104
11538
10955
11354
10437
10356
11457
10079
13358
10614
10465
12112
11227
10565
10713
10702
10155
11800
10482
10040
13083
10588
12740
10312
11363
10882
10398
11293
10330
10268
12488
10378
11231
10123
10664
10237
10173
10304
10267
10049
10901
11479
11727
11834
11198
10351
11791
10024
10243
10758
10803
10983
10181
10810
11001
10411
11718
10302
11300
10486
10195
11816
10601
15461
10461
11922
13765
10138
10435
10089
12636
12114
10919
10162
10517
10176
11414
12322
11463
11620
10794
11713
10516
10416
11346
10136
10830
10299
10072
10060
10034
10257
10665
10939
10855
10130
10081
12517
10144
11564
10618
10860
11819
10347
10202
10329
10781
13952
12231
10437
10661
10702
10810
10013
11159
12111
10464
10170
10136
10230
13483
11169
11308
10820
10601
11115
11187
10022
10859
10601
10220
10216
10009
11076
10606
10967
14076
12255
12781
11064
10773
11196
10936
11350
13385
11309
11763
11296
10850
11625
10168
11543
10008
10235
11121
10232
10905
11748
10146
10135
10882
10730
10184
10825
10025
11355
10417
11088
10545
10729
11714
14244
10054
10062
10042
12264
10182
10152
10556
11758
10404
10621
10670
10707
10016
10634
13343
10140
10311
10618
11934
10437
11145
11295
11636
11190
11049
10306
11859
10322
10444
10670
11603
11430
11109
11420
12342
15597
10509
10184
11689
10664
10065
11160
10485
11103
10378
10086
10998
10745
11685
11385
10110
11153
10724
10935
10216
10989
11045
10139
10559
10136
10737
11059
11760
11503
10247
10564
12130
12355
10212
11266
10428
10077
13701
10070
12574
10534
11131
11099
10267
11182
10201
11694
10959
10535
11182
11520
12239
10925
12581
10062
10381
11248
10087
10140
10397
13015
10879
10225
10251
11101
12316
10639
13406
10254
10050
10690
11151
11479
11083
10108
10105
10253
10555
10832
11111
12773
11483
11356
10105
11652
10576
10618
10744
10481
13518
10612
11577
11247
11337
10544
11803
10574
13700
11055
13605
10132
11398
11201
12907
10465
11834
10661
10603
13044
10262
11326
10493
10069
13209
11482
12025
10569
10082
10217
10741
11963
10259
11693
10107
10255
10351
10652
10258
12369
11827
11782
10793
10089
10287
10031
10198
10009
11513
10018
10480
11424
11036
10734
10294
11370
10503
10457
10352
11170
11551
10165
10951
10841
11566
10723
10137
10029
10939
10998
10443
10248
11679
10148
11112
11308
11156
10286
11575
12845
12291
10424
11915
11756
13870
10380
10712
10240
12223
10263
10335
10841
11343
10012
10922
11025
10632
10745
10317
10079
10010
11550
10321
11033
11147
10250
10298
16837
10628
10125
10718
10142
10113
10395
11369
10901
10061
12775
10488
10675
11536
10132
10277
11061
14410
11154
10521
10382
11838
11034
10721
10043
13081
11161
12050
13209
10178
12160
10753
10562
11334
10107
10522
10575
13461
10042
10406
12029
10651
11795
11119
11674
11239
11477
11957
11262
10296
14353
10081
11585
10148
11543
12410
10138
16696
11139
11963
10359
10902
10787
10385
10094
10178
10202
12566
10368
11769
11025
10787
10511
10266
10099
11283
11116
10123
10196
10992
10100
14870
10719
11381
12546
12015
10494
12521
10201
12713
10176
11622
10608
10032
10391
10880
10118
11651
10267
10001
10167
12571
11404
13822
10078
10328
10160
18622
11903
10427
12080
10213
10285
10972
10180
12375
11495
10736
10280
10370
10795
10165
10020
11801
12561
10561
10828
10368
10274
12557
10399
14236
12173
11417
10802
11100
11868
10131
10688
11034
10520
11965
10673
10118
13213
10630
10051
10459
12403
11090
10482
11331
11038
10099
10805
11056
12367
10648
11360
10660
10584
10026
11744
10155
10932
11588
10942
10469
11491
10134
12935
10615
10590
10083
12451
12143
10456
12834
10115
12073
11898
14980
10438
10833
10720
11627
10130
13777
11006
12966
12275
10281
12212
10166
10817
11275
11737
11942
10920
10799
10899
10054
10099
10149
10534
10369
10285
10090
12188
10425
10241
10368
10118
10338
10047
10287
10339
10496
10367
11010
12083
10803
13554
10682
15484
10932
10587
10522
12736
10421
10848
11155
10191
10719
10947
12257
10319
18476
10454
10508
10246
21105
10312
12313
10236
10075
11719
11144
12255
10620
10098
10206
10696
10053
11786
10031
11106
10216
10979
10032
10763
10149
13675
12924
11231
11908
10811
12521
11225
10880
10519
10667
10183
10256
13229
10126
10595
14363
10268
12357
11121
11022
10583
10444
11389
11368
11039
11553
10282
10308
10168
10125
13100
11997
10103
13627
10418
11043
10524
12106
10416
11918
13297
13700
11080
10662
10343
10903
10283
11743
10365
11708
11664
10781
10622
10060
17143
12301
11071
11160
11224
11313
11808
10161
10117
11663
11070
10687
11283
10086
10157
11145
10200
10239
10854
10823
10803
11864
10429
10417
10652
12224
10918
10591
11064
11111
11104
11101
11594
10750
10580
10044
13122
10099
10012
11829
13254
11183
10308
11127
10170
12195
10400
10621
10281
11599
10893
11103
10063
11192
10511
10016
10290
13666
10379
11914
12342
10013
11538
10630
10437
11477
10410
10545
10169
10811
10212
11093
10948
10739
11489
10394
10766
11458
10286
10945
11131
10166
14085
10602
10781
10115
10377
10595
10372
12813
11214
11408
10009
11085
10352
10041
10253
10685
11111
11225
10243
10059
12100
11864
10472
10126
10050
11041
10466
10815
10208
10927
10317
14188
10180
15365
11414
10049
10614
11397
11828
10429
10934
10415
10680
11937
10668
10095
11472
10064
10874
10689
10048
11566
11053
10208
10324
10022
10025
11407
13929
11345
10941
10191
10452
10973
11016
11163
11381
10100
13029
10439
10060
11610
12934
10220
13143
10518
11145
11247
10164
10239
10500
10491
13599
10746
10475
10743
12930
10283
10790
10781
10620
10994
10911
11050
10186
11825
10640
10344
10009
10115
11862
10305
11044
12664
11955
11909
11781
12418
11510
10349
12480
10018
10034
10920
11155
10442
10746
10770
10123
10352
11275
11767
10378
11864
10271
10316
10553
10269
11578
10081
13514
10482
11053
10112
11408
10651
11440
11265
10372
11385
10556
10421
12008
10354
10149
10178
12468
12956
11056
10300
10038
10657
10603
11079
11229
11093
10005
10308
10119
10751
12796
10704
14885
10182
10327
11812
10527
11329
10576
10126
10775
13110
10537
10066
11259
10254
12398
10287
12036
12570
11005
10721
11748
12141
10071
10724
12558
10590
10552
11342
10194
11956
11027
10584
10398
13470
10035
12026
10154
10533
11493
12049
10406
11039
10316
10713
12593
10239
11453
11041
13081
10372
10735
10154
11565
10224
11178
11274
10436
10433
10021
10206
10769
12486
11240
10271
10165
11942
12898
10950
13187
11548
10024
11173
11278
11463
11897
10630
10399
10507
10591
12624
12335
10700
11475
10354
10504
10598
11356
10110
10115
10484
10343
12790
10690
10128
15044
10958
11819
10127
10748
11092
12942
10270
10502
10258
10865
10372
10305
11018
12030
11062
10003
10185
10655
11609
10143
10430
13873
10224
11673
10211
10854
10299
10268
10660
11344
11310
10826
11533
11806
10014
10520
10342
10625
10776
10995
11805
10169
11040
10087
10156
11523
12382
12721
10420
10764
10646
10184
11181
10137
11727
14458
15038
11538
10403
11047
11215
10130
10055
10889
12575
10318
10565
10172
10778
10384
11348
10918
11660
10169
11830
11223
10204
11818
11065
11488
11351
14073
10152
10380
10575
12018
11071
10281
12266
12061
12174
10795
11970
11169
10276
12423
10773
10742
10784
10100
12559
10526
11635
10237
11336
10206
10105
10609
10274
10339
15346
11822
10219
12415
10273
12107
10567
11685
10242
10180
11917
10530
11571
10134
10757
11329
11730
10484
10657
10156
12702
10330
10252
10377
11500
10729
10371
12278
10013
10724
10527
10861
10769
10730
11230
10424
10298
13788
11513
13517
10183
10292
14108
10579
11565
10290
10121
11518
11613
11453
14558
10168
12286
10576
10665
12096
11365
11921
10920
10144
13360
11067
10962
10553
11730
10026
12042
10190
10700
11549
11250
10495
10206
10088
13758
10029
11651
10447
10811
10185
11124
10234
10965
11228
11098
10893
10278
11627
12084
11821
10849
10690
10507
10566
11967
10575
10909
11323
10088
10405
12232
11282
10341
11340
12072
11130
11423
10234
11768
11735
10831
10041
10288
10283
12875
10466
10301
10411
11562
10677
11393
10913
11179
12529
12678
10985
10091
10123
10424
10610
10731
10034
12105
10757
10151
11037
10422
10704
10624
10722
12211
12076
10038
10514
10080
10902
10485
10642
11414
12054
10486
11113
10278
10772
10129
10111
13957
10201
10776
10509
13041
10749
10281
12208
12286
10464
10306
10143
11711
15599
10229
11338
11257
12407
13155
10713
10312
10889
10309
11741
10244
13040
11938
10474
10007
10316
11152
10830
11705
11051
10183
10569
10356
10341
10474
12243
11403
10252
10596
10986
10118
10101
10328
10272
10286
12469
10201
10482
10068
10479
11142
10442
10074
10060
10707
10754
10111
10347
10024
12660
10212
15054
10493
10342
10080
11215
12318
10937
12448
10287
11382
11534
10532
10510
10042
10663
10514
10263
11475
10289
10178
10604
10106
13564
10278
10642
10554
10571
10814
12067
12548
10602
10050
10973
12042
11159
13770
10250
11192
10397
10797
10599
10623
10756
11738
10052
11509
11490
10217
10495
10174
10514
10941
10011
12827
10721
10871
11260
10452
10263
10755
10052
11830
10160
11461
14403
11352
10023
11056
11993
11554
11494
10154
11599
10127
11986
11020
10765
11761
10078
10949
12973
10397
10322
12143
13818
12307
10187
10076
12888
10374
10430
13738
11118
10329
10412
10820
10480
11031
10121
10031
12147
10048
10138
10589
10488
12090
10210
10019
10002
10075
10226
10443
10600
10866
11786
10125
11279
10243
10130
10376
10211
10702
10111
10873
11642
10232
11217
12354
10705
11665
11675
10582
10144
11105
12336
10445
10788
12386
11786
10294
11218
10392
10158
12087
10838
11065
11630
11018
11461
10354
10177
10220
10491
10054
10034
11234
10740
10347
10016
10147
11463
12205
10186
10372
10867
12319
10853
10229
10570
12929
12073
10037
10078
12045
10330
10430
10871
11837
10028
10107
10881
10195
10573
11237
12936
10226
10838
10382
10078
10878
10382
10236
10292
13076
10963
10280
12695
10049
10544
10120
10031
10640
10047
10681
11045
10230
10044
10139
11500
11172
11664
10420
10456
11349
10826
12400
10823
10395
10538
12042
10474
10327
10198
11834
10494
10893
11005
12773
10456
11896
10268
11794
10775
10181
10988
10647
14552
10586
10660
10048
14358
10231
10916
10953
12632
10592
11443
11580
10275
10302
12427
10628
10809
11686
11415
10323
14278
10374
10453
10269
10775
10046
10263
10205
11290
10209
10154
10731
10135
11945
12099
10043
10074
10675
11034
11644
12431
10342
10423
10575
10645
11186
10754
10518
10943
10084
10577
11330
11281
10992
10837
10831
11881
12282
11054
10918
10476
10293
11205
13288
13731
10551
10769
13314
10525
10099
10853
11205
11417
10299
10145
12469
10093
10392
10465
10038
10580
10254
12345
10402
10477
10241
11025
11173
10176
12808
10973
10895
11951
10052
10132
10305
10343
10737
11823
10066
10246
10530
10148
11590
10556
10296
10621
10117
11156
11697
11000
10070
12034
10656
10823
10317
13869
10854
10608
12492
19832
11518
11665
11100
10371
13036
10323
10878
10298
10147
10146
10438
10578
10106
10358
11151
10990
11822
10509
10443
12207
10340
12714
10175
10347
10283
13999
10695
10609
11709
10565
10702
10472
10351
10582
10064
10001
10308
10656
10409
10385
11460
10740
10734
11374
12448
11121
12169
11008
11537
10624
10700
10351
10827
10265
13639
10404
11916
10064
10850
10120
11126
13474
10935
10969
12293
10006
10405
10829
10771
10021
10414
10967
10180
12152
10325
12362
10812
10719
12025
11564
11194
10015
11221
11402
10528
11584
10369
10204
11395
10689
10171
11211
11663
10142
11921
11187
10842
10194
10256
10001
10417
10354
10792
11561
10710
11593
10311
11571
11427
11417
10510
10243
10391
10144
11625
10033
10219
11015
13870
10133
10453
10151
11390
10079
10164
10369
10170
11247
10495
10191
16438
10692
10334
11539
11407
10560
10157
12905
10859
10504
11174
10948
10625
10959
12479
10537
10510
10204
10666
11739
10752
10688
11049
10886
10431
11498
10390
10411
10688
12334
10846
11448
10713
10063
12487
10744
10759
10199
16146
10545
11215
10030
11735
10255
12283
10166
10451
12209
10298
14135
10791
11220
10315
12624
10638
10702
10321
10163
10236
10345
10091
10508
10880
10374
10973
10464
10164
10541
11711
11979
11430
10088
11322
10997
10280
11591
11407
10972
12643
10097
10808
10616
10779
11093
11580
10121
10603
11581
11344
10513
10817
10311
10881
10207
12647
11426
11269
10213
10252
10214
10441
11156
11512
11724
10025
14172
10204
10843
13722
10470
10380
10373
11185
10744
10348
10094
10972
11098
10815
10830
10676
10083
10412
13232
10277
10039
12172
10620
10014
10134
10205
11061
10554
11111
10115
13542
10087
11264
12012
10789
10701
11162
10163
11127
10429
10737
10001
10661
11408
11379
12461
11115
11592
10218
11756
12683
10688
10826
10630
10480
11961
10201
10100
10936
11840
10298
13129
11915
11135
10269
10569
11668
10084
11712
10760
10435
10321
10048
12004
11248
11273
10528
11004
10299
10979
10120
10538
10650
10587
11180
10698
10142
10712
10546
10330
10783
11895
10494
11802
10162
13567
10121
10492
10128
10554
10137
11259
10859
11334
11003
10141
10959
12310
11657
10635
10851
10113
10653
10062
12394
10420
12322
11275
11080
10327
10634
10753
10542
10422
11797
13210
13652
10100
11925
12111
12229
11604
11188
11279
12156
11074
10993
10112
11130
10339
10054
10286
12744
10332
11105
11356
10104
10539
10195
10119
10203
10260
10589
11694
10164
10150
10020
10462
10661
10894
10524
10971
10061
10679
12492
10719
10090
10454
10605
10587
11007
11862
10580
10332
10076
10253
13104
10041
10230
10495
10863
10492
10313
10664
12398
10029
12261
10377
10460
10800
11015
10430
12586
10188
10641
10885
10482
10569
10322
11126
11089
10730
10404
10629
11006
11365
11071
11222
10327
10866
11326
10904
12184
10503
10158
10531
10125
10703
11415
10852
10073
11549
11814
11091
11800
10454
10836
10206
10112
12719
11142
10719
11024
10445
10251
13177
10618
15706
10358
10777
11125
11105
11225
14007
10657
10060
10697
10840
11855
10192
10450
10094
10371
10366
10323
10212
10372
10245
11790
10497
10434
11144
10501
10031
14630
10108
12848
10894
11615
10549
10046
11421
10209
10200
11821
11450
10640
13887
11641
10008
12531
16158
11408
11009
10853
10639
10095
10443
10204
10262
10123
10071
10428
10092
10230
10533
10701
11550
11526
13449
13120
11722
10649
10842
10631
10433
12377
10592
10826
10460
10058
12165
10599
10445
10195
10229
10043
11206
11120
10750
10345
11732
10821
10773
10576
14462
10048
11254
10102
11212
10675
11130
12866
11758
10129
12108
11599
10067
10332
10660
14380
10822
11609
10136
10910
10663
10381
10379
11317
12895
10484
11623
10635
10649
10204
10233
11577
10580
11081
10193
10261
10960
11711
11371
10997
10562
10526
10994
11229
11472
10605
12756
11718
11454
10305
11193
10788
11178
10575
10011
10495
10447
13511
12421
10958
11082
10131
12993
10642
10794
10687
10710
10115
11040
10549
10319
10567
10092
10211
12903
10466
10284
10740
11795
11141
10168
10271
12523
10189
10349
11768
10733
10921
10059
10584
10604
14138
10327
10346
10899
11741
11217
14553
10940
11354
10624
10732
10115
10559
10212
10994
10692
10913
10182
10200
11308
10714
13324
10104
11894
10709
10037
10867
10778
11917
12158
10895
10088
10787
10350
11145
11655
10881
10001
10042
15128
10849
10477
11531
12354
10615
11180
10389
10737
11220
11159
10070
14050
10545
10084
10045
10688
11043
10042
10602
10205
11366
11015
10379
11483
10785
10847
11526
10451
10341
11228
10502
14016
10367
16831
10433
10868
10548
10021
10534
10248
12488
10587
11201
11526
13188
13764
10785
11023
10568
11334
12049
11146
10344
10031
10236
14189
10550
11156
12245
11552
10434
10778
10757
10522
11734
12096
10028
10528
10376
10899
10433
12650
10677
11305
11474
10200
10055
14478
12327
10058
10987
13177
10117
11512
11045
11247
10184
10029
10929
11182
10350
10412
10696
10012
14650
10454
11520
10085
10424
11593
10498
10925
11014
10900
10227
11313
12468
10254
10299
10936
10029
10982
11670
12572
10513
10602
12813
10141
10025
10709
10907
10150
11706
10097
11962
10277
10029
10383
12387
10551
10638
10404
10776
10351
11443
10846
10297
10858
11132
10008
12662
11305
10271
10450
11201
10985
10293
10134
12007
11831
10175
10286
10195
10208
12157
10035
10573
10958
11745
10850
10198
11275
12079
10710
10238
11603
13978
11294
10414
14798
10134
11088
11418
11312
11626
10855
10755
16429
10046
10153
10277
10439
10756
11241
10927
10278
10256
10444
10130
10083
10955
11907
11804
11219
10454
10069
14519
10360
11857
13066
10805
12790
10062
10446
11610
10138
10673
13138
10899
10473
10073
10173
10470
12200
11489
15830
10130
10803
11527
10733
11723
10852
11286
11954
11847
10505
13878
10144
11010
10077
12168
10410
10206
10381
10654
11546
10294
10561
10519
10793
10465
10925
10043
10894
10058
10273
11088
11888
10060
10331
11214
10174
10493
11700
10347
10569
10047
10727
12056
11609
10471
11041
11750
11888
10367
10211
10114
10342
10195
10326
10557
10205
10201
10025
10418
10040
14388
12240
10525
12924
10559
12098
10390
11012
11081
10292
11587
12028
10034
10848
11517
11181
13935
11402
10968
11430
10936
10397
11325
10104
10134
10508
10412
10717
10721
11368
10857
10707
10940
11110
10692
11423
11208
10439
10120
11669
10861
10368
11331
10228
11333
10135
14819
10502
11343
10121
10696
12728
10136
12570
10419
10502
10540
10871
11153
11001
10393
10866
12492
12470
10594
10462
10546
10222
10869
12061
10184
10006
11624
11189
10304
10227
10306
10833
10274
12054
10358
11125
10168
10032
10625
11280
10730
15063
10279
12047
10497
11039
10412
10224
10502
10281
10097
10100
10625
10432
10182
10088
11642
10623
13658
11452
10321
10738
12617
10559
11481
12363
11880
11404
10902
10402
10497
10712
10084
12340
10479
10094
10420
10558
10208
10705
10293
15893
11464
10468
11837
10064
10426
11084
11942
10756
11423
10599
10818
11771
10023
10489
10084
10996
10758
10573
10155
10026
11471
11188
11170
10858
10374
10222
11777
10126
10344
13763
10837
11383
10238
10868
11837
11788
10140
11842
10041
10532
10220
11406
10579
10997
12922
11836
10060
11797
10087
16771
10187
11061
11828
10308
10786
12846
10555
10503
10669
10240
10629
10537
11118
10401
11454
10543
11038
10064
10042
12158
10198
11250
11040
11047
10426
12265
11755
10072
10118
10960
10162
10136
11142
10326
10997
10169
12279
10628
10117
12822
10368
12577
10542
12741
11573
10294
11635
10356
10013
10147
10343
10130
10585
10061
10122
10875
11557
11735
10409
10134
11803
10089
11606
10610
10331
10383
11435
11856
11001
10271
10577
12522
10930
10054
12219
11796
10136
10532
10301
10452
10538
11296
10426
10218
10003
11152
10046
10266
10266
10122
10758
11678
10022
12239
11086
11016
13561
12391
10424
11260
11835
10958
10841
10246
11278
11818
11479
10098
10843
10434
10133
10432
10017
10335
10410
13156
11427
11188
10784
10075
12364
10546
10997
11201
10987
10918
10007
11528
10418
11817
10785
10773
10270
12382
10056
10770
11889
10790
11243
11847
10302
11913
10157
10062
11153
11938
10043
10098
10818
10808
10005
10191
10489
10560
11700
10681
11500
10513
12215
11140
13964
10206
10332
10697
10083
10475
11001
10252
10573
12632
11974
10293
10727
12281
11515
12094
13782
10990
10813
10504
11891
12180
10181
10420
11932
10367
10056
10143
10884
10312
10226
10025
10703
10579
10458
11678
10917
10106
10563
11165
11324
11584
10434
10881
11126
10097
10445
12088
10009
10634
10624
10412
11839
12661
11542
10238
10045
11309
11304
10337
10197
10664
10855
10070
12942
10404
10564
10301
10592
10938
10753
12294
10039
10038
10737
11297
12205
10168
11034
10213
10669
14036
10220
10858
10187
11743
10023
12471
10004
10144
13914
10292
10208
10073
10186
10798
10178
10018
12316
10715
10239
11175
12714
10148
10022
10378
10288
10839
10665
10509
10450
10886
11066
10760
12098
10015
12951
10617
12258
10356
11289
10712
11639
10653
13549
10489
11072
12911
10120
14277
10734
10057
10765
11882
11308
10342
10639
10392
10722
11209
10098
10307
10731
18030
10770
10555
11164
11009
10679
10141
11104
10216
11892
10556
10523
13807
10375
10167
12304
11208
10526
10853
11694
14286
10097
11676
10582
10808
11515
14955
10032
10789
13016
11310
10529
10075
14748
10261
10660
11836
11507
10964
10764
10295
10676
10222
10890
10379
12254
10790
10900
11362
10720
11073
12048
10916
13076
10145
11703
10475
12307
11088
10971
11986
10948
11277
11571
10338
10142
10902
13414
11137
10369
10669
10357
10162
10536
11286
10832
10333
10519
10520
11202
10249
10110
11747
10741
11341
11148
10686
10902
10182
10641
11034
10053
10201
10135
10049
10562
10244
10269
11970
10664
10345
17780
11073
12638
11870
10850
11955
10246
10264
10385
10546
10990
10608
10054
10210
11504
10331
11752
12041
11221
10615
12184
11690
12166
14422
10329
10628
10326
10543
12378
10767
10616
10895
10029
10291
11695
10230
10029
10032
10191
10857
11166
10453
10077
10900
10205
10743
11082
11371
10819
11910
10148
10969
10303
11248
10361
10525
11654
10682
10331
10251
10790
10571
10768
10166
11648
12122
10984
10967
10930
10628
12424
13928
10602
11191
11288
10492
11401
11407
10214
10691
11049
10444
10044
10595
10175
10534
10113
11590
10055
11428
10059
10659
11447
10179
10143
11064
10158
10954
11181
11665
10386
12576
11243
10368
10443
10074
10434
11178
10081
10525
10023
10585
10372
10483
10604
11957
10697
10008
11109
10457
10462
11742
10715
10414
10756
10819
13118
10400
12019
10393
10745
10789
11873
12527
11116
10535
10167
11293
11018
10012
11386
10275
11317
10224
10222
10040
10479
11041
13716
11053
10041
10297
11281
10310
13860
10303
10699
12353
11567
10805
10413
10170
10649
13320
12029
10730
15306
11322
12013
10158
10783
10123
12624
12296
10564
10504
10328
11630
10649
10061
11402
10504
10035
10735
10455
10767
10666
10705
12977
11421
10594
11201
10241
10513
11181
11060
10391
12709
10434
10772
12100
11368
11905
10006
11457
10151
10316
10239
10317
10673
10787
10369
11482
10578
10566
10863
10032
10042
10641
12307
10569
10416
10475
10331
10473
10241
11758
10775
10863
10358
10282
10835
10964
10298
10428
10941
10025
10559
10776
10410
12470
10990
10246
10513
10839
11634
10972
10606
10110
10770
10873
10449
10994
10266
10123
14309
10610
10041
11412
10588
13217
10771
12087
11079
10561
10252
10613
10569
10167
10350
11143
10457
10948
10671
11509
10563
10693
10394
10278
10045
10613
11272
10405
17560
11117
10330
10393
11352
10214
11548
10068
10684
12413
10005
10917
11432
10168
10023
10930
10110
10182
10283
10916
11714
10063
10482
11566
10935
10147
10461
11610
10718
10158
10144
10593
10235
10383
12055
10432
10196
10088
10364
10691
10384
10046
10774
11581
10177
10441
10120
10402
10181
10059
10462
10717
10262
12594
11068
10152
10970
10516
10769
10069
10031
16708
10881
15061
10470
12988
10412
10081
12237
10437
10544
16677
11505
10258
10828
12184
10172
10110
10117
11462
10539
11588
10777
11915
10927
11127
10562
11145
10738
10503
16981
11500
11632
12006
10035
12408
10599
11398
10584
11232
10312
10203
11406
11112
10995
10182
11745
11096
10385
10513
10107
10135
11054
15413
11011
10805
10938
10054
11665
11358
10814
10607
11677
10192
10072
10085
14393
10967
10362
10127
10893
11336
10386
10287
10272
10209
11494
11357
11006
10336
11780
10899
10304
10265
10076
14756
11478
10749
10827
10937
11149
10435
11706
10067
10723
10093
10224
11327
14190
10356
10101
10366
10365
10041
11507
14624
10431
10134
10209
11332
10229
10285
10431
10495
12538
11543
11084
11641
10275
10082
14321
11112
10947
10404
11913
11088
10325
11049
10253
10398
10142
10629
12380
11582
10105
10344
10010
11525
10962
10422
13615
12342
12495
10797
10533
12373
11010
10306
10629
10467
10007
12233
11156
15308
11555
10509
11444
11345
10271
10012
11849
10587
14635
11642
12927
10739
10136
11847
13221
10115
10544
10078
10651
11654
10138
10048
11160
10291
10681
10340
10137
10329
10201
10490
10027
11086
10031
10133
10569
10191
11783
10599
11525
11187
10854
10057
10841
10456
16262
12159
10676
11414
10224
11559
11726
11315
10722
10287
11048
10296
11589
12204
10383
13009
10218
13572
10931
13548
11531
10092
15904
11139
10956
10261
11366
10196
10306
10117
10099
10114
10014
10765
10515
13959
10796
10854
10501
10169
10380
10771
11767
10358
10068
14387
10480
10272
11062
11649
11421
10495
10237
10777
11439
10334
10855
13246
11073
10024
10812
10532
10054
10746
10176
11501
11025
10075
11569
10604
10312
11318
10593
11632
10460
10904
11865
10920
10020
12969
11043
10585
10432
10578
10939
10082
10255
11344
11893
12270
11090
10363
10633
10514
10051
11068
11489
10455
12572
11036
11211
10887
10080
10345
10922
10039
10393
10754
10353
10171
12258
10073
10296
10167
10416
11491
11338
11145
10938
10974
12204
11522
14958
10187
10727
10107
11666
10386
11302
10260
10287
13407
11384
10950
11425
10063
10382
12876
12938
10873
10257
15116
10234
11306
10035
11653
10419
10082
11285
10808
10610
10920
10672
10828
10804
11521
10632
11371
10930
10973
10060
12796
15721
11041
11423
10055
10429
10684
13720
10432
10356
11382
10439
11993
11456
10396
11020
12460
10198
11619
10389
10748
10182
11027
10224
10001
10748
10064
10232
12467
11041
10557
11713
10323
11360
10458
11081
10496
10200
10391
11551
11303
11014
11977
11287
11156
10903
14093
10972
11450
14940
11316
10778
10200
12076
10853
10072
10779
12118
11776
11486
10563
10808
11144
13293
10591
10653
10653
10827
10075
10098
11071
10123
12018
11205
10412
10091
12895
11697
10234
13460
10025
10244
10548
10494
10496
11225
10461
12674
10978
10054
11476
10904
10447
10036
10041
11796
10618
12399
10564
11365
11179
10231
11191
10408
12669
10624
11526
10045
12046
11595
10218
10741
10343
10108
11805
10189
10112
10669
11900
10081
10653
10817
10833
12436
10680
10902
10201
10215
11444
10555
10357
10314
10068
10695
10143
10339
10084
10394
10237
10236
15179
11659
10178
10400
10098
11267
10086
11240
10497
10277
10594
10561
11420
10883
10034
11270
11648
10440
13325
11097
10327
10211
10857
10219
10046
11927
10143
10231
10761
10650
10109
10994
10886
16428
11192
10246
11369
10630
10498
10224
10241
10648
14496
10001
10630
10482
13781
12904
10282
10001
11260
10543
10903
10388
12855
10742
10306
11011
10931
12245
10146
10324
10827
10066
10226
13883
10196
10375
12616
11926
10282
12700
12004
10964
10198
11637
10533
10617
10470
11834
10197
10193
10091
11094
10048
12135
11191
11217
10645
10070
10657
11392
10468
12765
12008
11246
11185
10856
10127
11275
11531
10061
10255
10223
11322
11186
11608
10852
10007
13300
10297
11046
10141
11264
10050
10763
14143
10318
10237
10062
10213
10506
10298
10575
11589
10297
10161
10054
11234
10048
11681
10073
13799
10556
10560
10611
11990
10265
12246
10300
10297
11079
10351
10486
12126
10151
10503
12223
10885
10405
12319
10248
12843
10768
10759
11478
10119
14683
10809
10156
10666
10097
11730
11654
13373
10450
10563
14525
10672
10971
10063
10246
13726
10212
10695
12319
10528
10349
10255
10582
11661
10374
10262
10642
10283
10441
11309
10734
11047
10594
10560
10712
11116
10846
11022
11020
10552
14276
11235
10697
10843
10556
11002
10227
10060
10366
10808
11571
10230
10866
10989
14659
10061
10051
10158
10350
10050
10430
10098
10800
10066
11055
11934
12037
11224
12005
10696
10537
10154
10048
10589
12485
10322
12596
10261
10775
10953
10456
10188
12518
10105
12194
10620
10150
10882
13109
10302
10782
10366
11714
10171
10006
10878
11324
11218
10079
10267
10080
10356
10886
10750
10204
11669
12694
10516
10063
10768
10845
10621
11079
10301
13913
16735
10331
11199
10327
10084
10104
10445
10703
10073
11084
10343
13063
10034
13128
10449
13214
10211
10674
10724
10280
12093
10185
11340
11076
10127
10056
11187
12122
11667
10471
10723
10183
12859
11210
10986
11746
11072
10149
10504
10945
10944
10800
10273
11264
10280
10224
11537
12895
10058
11223
10944
10313
11600
11124
10863
10222
11979
16553
14263
10911
12638
10653
11493
12256
12642
10971
11954
11056
10008
10841
11117
10471
11099
10933
10939
11454
10873
11439
10606
11071
11509
10116
10177
10961
11579
10449
10357
10002
13140
10813
10365
10741
11080
11889
10479
10801
10798
10371
11419
11744
11758
10437
12121
10133
10262
11009
10042
10213
10712
10584
11202
10369
10654
16034
11064
10125
10575
10563
10309
11381
11740
10103
10471
10885
10446
10195
10860
10478
10154
10206
10363
10955
10356
10592
10863
11995
12412
12353
11243
11757
10018
14834
12100
10357
13038
11409
11632
12587
10418
10500
10209
10457
10039
10594
10030
10915
10397
10700
10105
10305
11308
11023
10671
10882
10010
12001
10537
11434
10319
10364
10034
10993
10183
15302
10035
10067
11523
10827
10079
11403
10964
10726
10170
10109
10979
12095
12296
10874
10802
11143
10107
10998
10483
12429
10073
10662
10353
10421
12995
12114
12069
10673
10257
10002
11782
10130
11840
10711
12135
10123
10126
10186
10864
10703
11322
10547
10022
10996
10805
11200
10021
10540
10008
14801
10470
10124
10900
11993
12822
11571
10049
10894
12242
11615
10370
10628
10179
11486
10460
10758
12790
10732
10927
10407
10387
10455
10712
11361
10997
10531
11395
10407
10066
12001
10503
10325
10413
11032
10627
11150
10599
10187
12013
10242
11409
11981
10200
13492
10042
10202
15912
10714
10676
11105
10725
11498
10732
10594
10783
10438
11075
10035
11080
10380
10976
12036
11226
11422
11057
10341
10342
13796
10879
13211
10041
11436
10222
10276
11831
12162
11001
10279
11159
10970
10572
10184
10447
11031
10140
11048
10723
10081
10154
11280
12878
10973
10086
10595
12398
10004
11018
10795
10610
11073
10885
10304
10106
10423
11227
10725
10428
11605
10007
10158
10688
11803
10588
11146
10398
10577
10247
10332
11788
10123
10896
11042
10712
10064
10918
11019
11373
10265
10188
10941
10320
11056
13115
10698
10485
10045
11823
10739
10253
10009
10426
10092
10373
12167
10206
10596
12527
10414
10021
11159
12889
10273
10176
10152
10144
12589
10320
10688
10153
10037
10804
10268
10915
11365
10020
10071
10093
10531
10483
10756
10422
10528
10847
12355
10844
10896
10733
10735
11718
11181
10774
14564
10555
10370
10254
10283
10542
11304
10688
10596
11401
10650
11258
12680
10056
10297
11790
10742
10771
10329
10020
10608
10185
10016
11184
11941
10763
10347
11133
10009
10377
11386
10873
10112
10059
11100
10862
11406
11873
11094
10708
11382
10282
10534
13021
10253
10436
10509
10049
11552
10861
11107
11319
11451
10307
10680
12769
10874
10005
10429
14481
11927
10281
10637
11307
10646
12766
12470
10517
10604
10969
10361
12056
10351
10084
10214
10693
15119
10370
10864
10269
10147
10632
10608
10609
10003
10750
10391
13341
10767
13655
11350
11079
10095
11504
11535
10325
12965
10124
10178
10058
10261
10121
10238
10323
10647
12391
11303
10505
10104
10365
10791
12461
12541
10312
12372
11069
10643
11006
10135
10827
10588
10509
10044
10129
10580
10305
11558
13306
10773
10630
11884
10263
10003
10253
10706
10652
10192
10014
10504
10478
11960
12030
10737
10703
10582
12183
10038
10074
11972
11883
13232
10172
11537
10778
11102
12192
11046
10985
10194
11127
10606
11029
10539
11373
11028
10601
10701
10148
11504
10502
10938
10994
10910
10226
10101
13842
10488
11049
10144
11215
12309
10109
12978
10233
10012
10775
10626
11181
10476
12149
10242
11023
11964
10553
10244
11850
10955
13424
10995
10487
10231
10108
10208
13200
10651
10765
10652
10925
10048
10979
11338
10357
10387
10045
14841
10505
10350
10529
10867
10759
11811
10393
12232
11520
10500
11205
11003
12802
10671
10858
12397
11022
10478
10430
10163
10246
10576
10732
10629
10396
10388
11436
11930
11127
10464
10471
10604
12476
10232
10152
11614
11201
12819
10393
10142
11935
10104
10052
11956
11084
12260
10594
11425
10444
10990
11454
10068
10656
11504
10388
13479
11650
11334
10262
11751
10216
15657
11885
11993
11499
10139
10063
12798
11135
11096
11602
10978
10045
11173
10102
10055
11356
10824
10050
11683
10099
11038
10223
10378
10350
11757
10141
10455
10194
11261
11221
17276
10857
11835
10662
10479
10311
10071
12049
11159
10528
10645
11589
11328
10059
10779
13798
10840
10250
10212
11515
10029
12506
10129
10124
10203
10250
14216
10052
10280
10212
10034
11706
10180
15874
10033
10753
10821
12917
10786
10962
10247
10142
10488
11662
11266
10990
10306
10353
12431
11780
10016
10476
11104
12413
10472
10920
11187
11058
10010
11520
10563
11481
14005
11146
11035
10247
12777
12556
10339
11481
10257
12183
10805
10175
10683
12929
10536
10487
10690
11287
10038
10239
10910
11500
10111
13636
10733
10139
10345
11065
10634
10867
10466
12225
10993
10120
10268
10030
11128
10803
10892
11251
11941
10640
0
