16297
15037
15043
15828
15044
17063
15770
15682
15609
15395
15357
15452
16082
18625
15995
15257
20228
13140
15245
15621
15051
15565
15061
16937
16537
15126
15028
16554
15236
15046
15046
16356
15737
15456
15711
15679
15296
15047
17865
15259
13582
20136
15062
15503
16474
16217
18831
16594
14693
17268
16382
15041
15399
17677
16495
15149
16096
15450
15808
15846
15596
15388
15910
15141
15063
15358
17392
15133
18275
15168
17441
15406
15609
15047
17855
16108
15060
15541
15037
15308
16584
16629
15451
16886
16765
16920
15834
15995
15057
16001
15313
15855
16094
15546
15304
16553
15099
15672
15131
15047
15563
15447
15850
15660
18453
16096
16144
15612
16267
17922
16617
15065
15943
15235
16005
15200
15879
16685
16429
15743
16822
16406
15600
16258
16956
15175
16236
15280
16320
15835
16159
15456
16582
15265
15744
15582
15615
16985
15556
15024
15570
18118
15200
15633
15978
16932
17637
15417
16953
15989
15614
15421
16229
15008
16115
15081
15343
17299
15633
16534
18903
15975
15787
15809
15266
18976
15755
15763
15713
15831
16547
15023
17580
16194
15731
19291
15468
15171
15202
16032
17771
15652
18281
16274
16209
15047
15263
15356
15822
15627
18296
15183
16016
15854
15887
17493
16372
15095
17401
15122
15341
17229
15740
15407
16278
18710
15788
15299
15186
15681
16174
16165
15111
15663
17378
16359
15123
15407
15529
17156
15541
15651
15629
15151
15130
17573
15218
19098
16200
15379
15025
16312
15539
15780
15395
16079
15502
18192
15503
15219
15688
15402
15405
15758
15209
15279
17033
15080
17255
16481
16614
16089
15445
18046
15420
15252
15453
15311
16217
16472
15065
16004
15051
15165
15042
15216
15266
15046
16417
16761
15843
15920
16848
16983
15332
15808
15152
18135
15994
17192
17147
15353
16404
15714
16327
16945
15105
15512
15152
15258
15323
15590
16093
17692
15806
15144
16854
15536
18622
18032
16698
15450
15825
15887
15348
15075
17039
16369
20431
15342
15577
17484
15300
15201
16078
15666
15382
17133
17581
15915
15118
15643
15409
15506
17251
15628
15847
15486
15626
16083
15194
16065
15382
16821
15629
15458
17277
16084
16148
16095
15139
15816
15442
15931
15541
15826
15701
21792
15632
15734
16594
15932
15051
15579
15403
15928
15268
15560
16210
15297
18085
15861
15545
16786
15454
15935
17589
16553
16736
15388
15112
15314
15616
16940
15068
15461
16467
15480
19191
15006
15379
20283
15359
20789
16876
15205
15348
15039
15047
16001
15084
15292
20113
15190
15127
15579
16239
15397
16841
15090
15483
15305
16794
15693
18922
16655
15013
15836
16783
15669
16708
16950
15156
15175
15267
15241
15686
16426
17391
15266
15548
15453
15252
19128
18029
15247
15517
15992
15822
17030
14673
16034
15102
16126
15226
17679
16946
15604
15257
15140
15208
15817
16065
15986
16542
15061
15922
16837
15711
16231
15579
15057
17833
16570
15502
17689
15163
16488
16927
15646
15010
15637
15042
15230
15423
15928
15111
15007
15267
16785
15193
15124
15117
16116
17256
15070
15179
16572
15375
15520
16107
15017
15193
15050
18837
15667
17674
15914
19530
15715
15188
15643
15212
16663
15968
15850
15108
16679
15677
15092
15036
16551
17262
16176
15730
15547
15826
15049
17596
15168
16030
15620
15598
15346
15706
15431
15432
17111
17454
15741
15734
15350
15422
15399
18192
16139
15764
15230
15512
17366
15076
17164
17745
19872
15669
15654
15833
17134
15521
21217
15601
15379
15244
15159
17566
16118
24274
15996
17741
15164
15674
15104
15471
17161
15133
16293
15249
15547
15127
16111
15947
16660
15082
16142
16499
15556
16281
15198
15163
15454
15074
15911
15074
15559
16445
17752
15025
15791
15015
16204
15458
17185
16959
15740
16217
15299
15115
19200
15244
15075
15110
15218
16648
16029
15133
17121
15390
15144
15852
16461
17542
17060
16625
15369
15637
15740
15576
16945
16077
15047
17420
15240
15391
16569
15152
15256
15527
15718
15089
15051
15284
15390
15232
16787
17965
12842
16098
16254
17529
17213
15698
15208
15988
17657
16748
15287
15333
15251
15671
16312
15121
16719
15416
15874
16895
16525
18612
15381
17873
21682
16297
15220
16324
15361
19399
16509
15221
16712
17093
15156
15318
15170
16300
15089
16623
18174
17318
15046
15234
16189
15516
16131
15289
15707
15440
15662
17012
15730
15103
15585
16661
15095
16045
16679
20347
15081
15875
15862
15300
15799
15105
15802
15142
15159
15278
15313
15364
16261
15184
15174
16812
15280
15069
16961
19839
15419
15916
15387
15804
15752
15824
16262
16247
15818
15772
15938
15085
15933
15722
16288
15034
15719
16110
18118
16174
15168
15064
15331
16003
16124
16589
15861
16773
15379
16407
15523
15332
17439
15055
16806
15115
16697
15060
16826
16928
15311
15900
15839
15303
18741
15633
15615
16112
15120
15379
15117
15317
15160
17516
15106
16438
16000
15182
16509
15366
17754
16861
15206
15277
18273
15510
15345
16274
15194
15891
15554
15071
15332
15790
15123
16473
16420
15164
20729
15299
15412
15521
16225
15597
15360
15564
16055
16480
15154
15435
15884
16654
12843
15815
15099
16130
16507
16124
15104
15577
15705
15777
15005
15491
15321
17389
16129
16597
15623
15127
15889
15250
15625
15084
17178
16435
19292
15814
15268
15528
15870
17242
15966
17016
15393
15155
15184
16219
15073
16518
16217
18316
15729
15609
15527
15375
15626
16240
15202
15402
15232
19632
15399
15612
16777
15322
16381
15868
16046
15097
15312
16047
16756
17043
15232
16142
15980
14968
16649
15730
15278
17226
17468
15833
15469
15862
15679
15381
15104
15266
15598
15118
16686
15576
15249
15029
15069
15603
16029
15325
15073
15528
16130
15010
16041
15182
15580
15139
17453
15975
15073
15450
16344
15221
16910
13668
16944
16957
18160
15832
16305
15369
15655
15457
15754
18034
15099
16782
15243
15682
16874
15972
15299
16659
16043
18482
15399
16436
16236
15817
15066
15383
15087
20439
15933
16058
15233
16086
16529
15982
15602
15764
15153
15381
15337
15542
15069
20459
15478
15553
18461
16945
15645
15585
19562
15258
18321
15635
17376
16802
19918
15829
17232
15651
15342
15908
15323
15218
16046
17359
15671
15363
15024
17889
16501
16015
16084
15090
15109
15541
15844
15964
16078
15204
15500
16136
16345
16088
17170
15403
15544
15133
15833
17820
15198
15096
17037
16383
16159
15470
15133
15789
15683
15302
17933
15540
15023
15180
16454
16800
16958
15132
15023
15356
15309
15726
15705
15015
16046
15348
15438
16319
15100
16242
15020
15657
15079
15124
15077
15259
16964
15622
16049
15990
15233
15446
15509
15418
17569
15191
15877
16816
16380
15919
16256
15001
15251
17060
15048
16468
16138
15133
16561
15542
16836
15963
17756
15563
15190
16586
16097
15336
15075
15136
16467
15232
15473
15758
15327
15532
15568
15141
15069
15216
15557
15660
16338
17964
15207
15670
15302
15728
15742
15174
15221
15029
15363
17508
18051
15239
15223
15538
16301
15006
15703
15166
15572
16200
15450
16086
16288
15199
15022
18554
15388
15119
17417
17433
16649
15004
16146
16343
15649
15069
15580
15629
18043
17367
16279
15748
16051
16454
16301
15033
16207
17719
15032
15446
15627
15006
16686
16827
15291
12964
16107
16023
17238
15927
16025
15380
15918
15665
16668
17438
15424
15098
16043
15854
17278
15736
15274
15082
15346
15057
15016
16575
15839
16601
15372
16967
15955
15225
15620
15712
16133
15211
16194
15332
15117
15676
15034
16024
17240
15238
15509
16027
15386
15991
17295
16563
15158
15772
18031
15300
15043
16424
16334
18017
14649
15901
15427
15279
15022
16575
15262
16453
15145
15314
17205
16234
17289
15780
16000
15193
15389
16193
15934
15761
16359
15403
15383
15456
17358
15148
16600
15729
15205
15452
15218
15605
15057
15815
16910
15716
15106
15623
16594
15162
15551
15093
15979
16147
16840
16617
16369
17414
15602
15989
15272
16048
15602
15187
15179
15459
15292
15771
16308
15302
15069
15490
15232
15325
15773
16717
15417
15702
17741
15050
16827
15117
15564
15091
16799
16179
15562
15690
16963
15641
15636
17246
17755
15438
17386
18692
16501
15086
15422
15544
17681
15822
15935
16567
16293
15689
17570
15012
15224
15168
16186
17054
17281
15077
15484
15217
15573
15216
15528
15778
17424
15220
15211
15667
17692
16077
17094
19092
15393
15522
16642
15864
15426
16605
15584
16174
14945
16591
17535
15684
15555
16587
15669
15059
16415
15336
18116
15626
15263
17367
16118
16770
17139
15609
16904
17434
15131
15244
15787
16001
15329
15417
15777
15373
15255
15432
15080
16903
15049
16126
15422
16398
15523
15696
15447
16750
17781
16350
15098
15093
15002
15672
15057
15026
17046
15412
16918
15269
17882
15083
15455
15122
15086
15080
17005
16022
16068
15514
20074
15310
15366
18965
15468
15372
17478
15985
15074
16090
16208
15570
16469
15160
15279
15679
15413
17140
15295
15883
15692
16913
15429
18190
16343
15685
15215
15853
16023
16924
17943
15651
15345
18207
15411
15911
15346
15193
16706
17673
16490
15116
16130
15185
15613
15062
16169
15236
16201
16201
15505
16362
15117
15589
19071
15770
15140
16841
16194
15801
16502
15503
15407
11866
17311
15188
15273
15176
16959
15404
15962
15690
16491
16234
15504
15074
17329
16821
15241
18127
15199
16351
15386
16657
18014
15732
15040
17230
17056
15020
15308
15342
15140
16459
15113
15235
15216
17129
15882
16078
18070
15863
15894
16291
12329
16060
15145
16580
15792
17990
15875
15600
15958
18167
15744
15034
15047
15181
15355
17882
17051
15679
15237
15503
16539
15201
15020
15131
17337
16212
15614
15348
15154
15837
17563
16579
16051
15735
15029
16448
15043
15321
17738
15099
17372
15950
15172
18007
19413
15746
15307
15650
15568
16486
18313
16901
15781
15994
15040
16566
15313
15123
17019
16148
16729
15252
15310
15981
15485
16311
15928
15800
16095
19832
16678
17605
16872
15802
15836
16543
15443
15060
15328
16946
15747
16966
15218
15186
15908
15261
15544
16149
15260
15603
15369
15012
16543
15151
15189
16437
15339
15013
15349
15670
16179
16247
18051
16274
15778
15627
15179
15085
16476
15908
16201
15895
15858
15561
16252
15140
16100
17194
15020
15424
16867
15603
15871
15050
15002
17475
14683
15240
15200
15204
16241
15719
15291
15395
15832
15048
17564
15227
15260
15028
15480
15707
15159
15702
17432
15085
17729
17066
15114
16688
15516
19588
15161
15576
16302
15331
15263
15184
18008
20455
13913
16547
15715
17272
16361
15584
16044
15025
16202
16507
15353
17033
17242
15075
17414
19587
15817
16783
15691
16488
16521
15379
15929
15791
15911
16146
16255
15535
15062
15674
16527
15124
15010
16271
15246
16190
15251
15592
15761
15286
15115
16774
15529
17301
15958
15211
15082
15351
19870
17224
15043
18235
16593
15953
15867
15477
15431
15701
15308
16259
16161
17267
18306
15245
15471
15127
16607
15005
15044
15220
15084
18891
15368
19401
15142
16081
15934
16343
15687
16477
15143
16028
15194
15940
15190
15185
15429
15219
15316
15060
15309
15459
15486
17285
17276
16226
17871
15115
15253
15145
15931
15673
17048
15667
14750
16876
15152
15096
16439
15461
15566
15671
15069
15055
17058
15369
15630
17164
15037
16233
15487
15057
18334
16389
17251
16508
15155
15377
15524
16075
15164
17461
16624
15099
15215
15645
15498
15410
22577
15109
15244
16102
15198
16255
15715
16590
15717
15254
15397
15658
15112
15310
15112
15182
16995
17018
15225
15510
15870
17309
15124
15556
15781
15694
15811
15095
15985
15201
15990
16073
15484
15127
15773
17843
16600
16873
16544
15903
15408
15224
15428
15042
15306
18014
16669
15967
16658
15653
15068
15307
15138
16927
15655
16935
15095
17341
17343
17901
15839
15839
15660
15211
16105
15355
15663
15588
15463
15544
15594
16989
16173
16541
16901
15030
15304
16407
15595
15260
15549
15001
15629
17341
16322
17114
16636
16709
15290
15864
15262
15545
15545
15275
17850
15517
15026
14320
16037
15631
18390
15141
16273
16846
15070
15509
16377
17672
16113
16521
15073
15555
15839
15511
18261
15162
17153
15607
15496
15376
16181
15827
15779
19107
15236
15286
19816
15565
17705
17253
15223
15350
15536
15502
15972
15862
16644
17714
15290
17420
15675
16386
16920
16002
15065
15666
16015
15325
15385
15484
16172
16197
15169
13568
15436
16257
19029
16635
15609
15073
15143
16406
15001
17415
16748
14605
15523
17565
15028
18370
15908
15050
16326
16322
15022
15388
17890
16423
15967
15994
15541
16488
15518
15757
18364
16988
16707
15358
15013
16162
17083
15203
15315
15334
17034
18534
16690
15232
15712
17090
18732
15540
15372
15056
16194
15707
16200
15910
15335
16012
15858
17877
15085
15091
15201
15677
15446
15409
16725
15402
15048
15350
18047
15694
15638
16692
15153
15435
15057
15221
15253
16063
15303
15015
15521
15187
15407
16673
16889
15050
15839
17213
16165
16147
15750
15826
16694
15772
15576
16983
17542
16705
15792
15025
15682
15495
15179
16521
15252
16786
15387
15402
15373
23734
15962
15763
16529
15379
16202
15427
17095
15942
16094
15358
15505
16934
15774
16929
15049
19802
15350
16596
16227
16782
17674
15227
18724
15396
15052
15950
15021
16454
15094
15211
15010
19599
15428
15546
15060
22155
15220
15196
16133
15232
15986
15174
16198
16286
16028
15281
15164
17016
17647
15439
17003
16041
15943
15340
18134
15874
17847
15810
15525
17633
15249
15793
16112
15407
16414
16812
15782
15208
15163
15244
15444
15901
15692
16354
16216
16202
15799
15825
17977
15858
16168
17194
15285
15942
18030
16015
16750
16352
15689
15049
16477
15185
17138
15852
16574
15196
16256
15419
15817
15808
16832
15808
15388
15608
15086
17994
15194
15066
15276
16322
16803
15497
15268
15481
15882
15482
16260
16564
15027
18211
15038
16150
15891
15517
15170
15314
15563
17116
15431
16078
15805
15283
17875
16427
15573
15217
16829
15586
20644
16745
15840
15477
15334
16016
17184
15570
15027
16212
16748
15546
15449
16591
16658
15791
15814
16125
16242
16015
16040
15519
17781
15704
15051
16250
17266
16185
15175
15125
15439
15342
15502
15961
15522
16782
15126
15154
15166
16305
15009
16345
15080
15429
16296
15405
15573
15496
16549
15201
15250
15462
15167
15331
15303
16118
16265
16492
15661
15999
16544
17347
16842
15718
15027
15879
15609
15733
15091
13094
16031
15524
16051
16188
16587
15522
15214
15111
18657
16116
15486
17334
15818
15930
15884
16407
15313
15687
15109
15051
16165
16144
16499
16918
21275
16387
15654
18038
15310
15042
15888
15171
15045
15247
16665
15268
16325
16859
15620
15896
15288
16040
15800
15187
16614
15152
15364
15191
18422
15153
15119
15989
16674
15621
15550
16172
15735
17949
15858
15401
15088
15154
15442
16787
15540
20006
15131
18873
15583
14796
16214
15259
15612
16829
15383
18030
16709
15554
16469
16781
15377
16987
17511
15029
15339
16646
16145
15889
18904
15362
15342
15459
15179
15058
16348
15636
15247
16870
15178
16431
16192
15258
15202
15235
15734
16767
15369
16787
13991
15493
18240
17530
15385
18182
15342
16218
16049
15072
15280
20810
15146
15005
15138
15658
15148
16146
15051
15466
16560
15863
15040
16427
15040
16538
15753
15931
15910
17293
18220
15260
15562
16280
15327
15046
16062
15139
15143
15087
15326
15242
15018
12554
16375
15138
15682
15055
17262
15163
17202
18650
19033
15110
16050
15159
15763
19390
16836
16563
15341
15939
15864
15425
16944
15008
18199
15448
15737
17214
16069
16910
18485
15141
15861
15581
15075
15222
15688
15318
15243
15156
16384
16814
15204
19311
15274
15931
17376
15289
15521
15734
17096
15709
17508
15116
16256
16264
15393
16847
15012
16162
15526
15971
15173
16400
17804
15248
15080
15483
15190
15124
15811
15323
17032
15530
15067
15429
15066
20993
18187
16039
15065
15442
15029
15508
15140
15153
16202
15683
15892
17451
16428
17871
16036
15376
15782
15121
15320
17586
15339
15530
16327
18040
17202
16520
15086
16694
15737
18325
16645
15089
15132
15123
15308
17487
15629
18499
16874
15077
16280
15851
15305
15824
17086
15812
16920
15060
15831
17047
15432
15413
18336
16204
18268
17523
15891
16672
17749
15102
16251
15181
15997
15610
17607
18030
15105
13589
17671
15375
16409
16423
15562
15400
15859
15681
15767
16096
15055
19837
15884
16471
15456
16454
15316
15261
15093
15374
18825
16259
13679
15382
15906
15053
16682
15251
16240
17137
15137
16326
15816
16617
15903
15362
15121
16223
15215
15224
16274
16017
15559
15625
16021
15025
17119
15476
15165
15985
16019
16265
17425
15372
15019
16052
15828
15417
15508
15047
16810
16018
15483
15231
15868
15404
16143
15288
16897
15582
15939
15032
15176
17483
15439
17506
15262
16311
15734
15828
16168
16596
15110
15101
17288
15555
15363
15194
15261
15346
15303
15799
15065
15066
15411
16473
17188
15158
15770
15428
15261
15017
15229
15434
15661
15292
16842
15016
16002
15627
17634
16511
16071
15063
19010
15552
15100
17258
15363
15719
16950
15683
15008
16876
15003
15280
15056
15168
15724
16088
15454
15762
15422
16576
15186
15624
16069
16077
15373
15934
15282
15669
16943
15186
16608
15468
15689
15914
15032
16782
15594
15081
16253
17618
14164
18594
19099
15637
15945
15431
15286
12952
16815
15398
15370
15059
15223
15275
20519
15596
16164
16799
16197
15208
15469
15460
15488
15566
15792
15573
18566
15831
16841
15309
15515
15026
15895
15349
15439
16182
15022
15454
18955
15556
15687
15299
15576
15326
15123
15464
17896
15955
12006
17023
16948
17334
15972
15030
15229
16300
15505
17255
16382
15355
16128
16551
15720
17182
15155
15546
15725
16410
16890
20067
16105
17823
17258
15342
16154
17066
15542
17141
15043
15432
16258
15340
16419
16793
15220
16533
15194
16515
15406
15363
16037
15547
17947
16509
16059
15599
15957
16056
15793
15179
15408
15538
16109
15909
15421
16881
15783
16774
15035
15729
15101
15963
17151
16107
17058
18990
16175
15511
15951
15418
15473
16636
15122
15587
15234
16592
15255
18436
16832
15054
13196
16571
15991
15897
16422
16971
15572
15392
15542
15423
16748
15041
19837
15332
15727
16463
15098
16011
20254
15112
17560
16154
15193
15415
15300
15107
16677
17294
15297
15099
15126
16956
17403
14892
15529
15293
18059
15970
17269
19251
16294
16805
15140
16427
16798
16434
15585
17767
15278
15304
15517
15018
16976
15451
15845
15413
15256
15621
16246
16457
15688
15693
15634
15674
17402
19840
16214
17631
15868
15077
15516
15567
15623
17300
15398
15933
15385
19686
17041
15009
15164
15221
15047
17256
15724
15099
15655
15220
15810
15367
15470
20122
15584
16656
16137
15300
15549
15606
15431
15193
15387
16195
16348
15123
15273
17171
17470
15440
15846
16095
15014
15420
15039
15494
15407
15008
15284
17533
18395
15521
15086
16316
15117
15133
18454
20364
19405
15355
15427
15185
16471
15211
16322
17793
15911
15390
16579
15794
15633
15107
15548
15101
16276
15090
15164
16477
16459
15076
15545
16713
15528
17783
18115
16282
17187
15417
15477
19209
15466
15374
15738
17793
18638
15157
15923
18569
12227
15230
16486
15768
18821
16801
15555
15600
16268
15446
15708
15072
15398
16943
17166
15420
15352
16179
15683
15306
16760
15953
15541
16902
15793
15219
17036
15899
15125
16940
15246
15872
15183
15705
15221
15648
15036
16552
16058
17240
15754
17912
16540
15841
15307
15189
17506
17473
14301
15811
18239
15484
15006
15302
15521
16549
15022
16806
15710
16690
16440
18649
15829
15449
22080
15323
15387
16745
15458
15306
15228
15626
16627
15067
15289
15330
17351
15227
20065
16180
17579
17752
15569
15067
15974
18143
16638
16642
15095
15354
15276
17427
16580
15840
15029
15121
16918
15424
16171
15436
15274
13469
15013
15329
18976
15317
16853
15736
15644
15356
15800
15426
15704
17052
15795
15638
16713
15590
15306
15219
15635
15577
15125
16745
16222
15446
15105
16143
15016
15476
16364
18734
15990
21372
15173
15250
17099
16359
16069
16361
15143
15031
15196
15581
15295
15406
15577
15805
15432
15699
16390
15860
15248
15458
15358
15665
15085
15136
15086
16626
18813
15363
16090
15685
15613
17312
15323
16180
16486
15487
15160
15383
16031
15978
15962
19578
15851
16430
15826
16116
15246
16794
10817
15448
15038
16779
15004
15060
16108
15101
15334
15039
15380
19243
16222
15825
15179
16986
15251
15759
15417
15169
17120
18349
15723
13458
17232
15268
15974
15268
15980
15415
15123
17069
18845
16365
15473
15580
16557
15982
16455
17266
15728
16351
16694
15505
15231
15117
15036
15641
15626
15248
16021
15997
15726
16857
15107
16392
15196
15358
15246
15389
15039
16642
16088
18820
15725
16225
15526
15239
16236
17268
15703
16248
15983
15556
16069
16112
15165
17969
15396
15237
15600
16212
16119
15060
15580
16904
15545
16626
16510
17649
15801
15683
15663
16414
16729
15344
15076
15187
15145
20460
15461
15051
15338
17625
15206
15671
15374
15194
15462
15538
16374
15328
15135
15457
15510
17367
15042
15121
16116
15039
16909
15977
15093
16019
15021
15569
12646
16192
16998
15216
16967
16248
15406
18629
15871
15023
16737
16443
15636
15594
19232
15287
15642
15181
15410
15095
15418
16252
16421
15269
17880
15551
15054
15538
15890
16300
17461
15206
15890
16591
16367
15438
15381
15347
17366
16769
15669
16749
15634
16227
15092
16123
16370
16924
15439
15550
17785
15553
15834
15243
15624
15729
15263
16753
12170
15636
17101
15394
16849
15967
16911
15014
16024
15107
15713
15253
15541
15630
15575
15012
15086
16446
15669
15431
15271
16416
17137
15029
15069
15502
15451
20919
17201
14268
16289
15764
15863
16140
16895
15546
16594
18173
15013
15417
17915
15759
17331
15233
15258
16076
15746
16591
16395
15646
16780
15083
15194
17374
16426
16058
15014
15845
17310
15005
15420
15621
15130
17341
17293
15725
15407
17022
15456
15749
15032
15660
15446
16339
15030
16506
17538
17657
15170
18263
16192
15017
16537
15082
15168
15484
15852
15784
16712
15031
15333
15197
15395
15125
16072
15097
19810
15501
16263
16030
16223
15526
15284
16215
15094
12581
16543
15402
15842
16240
15721
16214
15711
16738
15316
15471
15233
15255
17939
16252
15825
16002
15125
16508
15688
15207
15029
17206
15677
16148
15081
15155
15302
15398
15325
16956
18438
15027
15435
15035
17679
15080
15471
15148
16236
16179
15184
15370
15601
15121
16336
16614
15603
16647
15776
15031
16136
16152
14722
19412
16528
15386
16842
15515
21844
16422
16150
17361
15301
17226
15432
15096
15313
15114
17959
15900
16873
15641
16407
15015
15401
17312
15178
16169
15778
16090
15631
16338
16190
15152
17771
15370
17104
15206
15065
15458
16682
15779
15545
15583
16034
15329
19542
15452
16080
16321
15545
16058
15138
16128
16649
19579
16281
15097
15111
16354
15637
16552
15245
15848
16711
15221
15469
16484
15472
15001
16201
19053
16674
15815
15281
15050
15292
16894
15449
17797
15866
15364
16047
15310
17168
15149
16146
16082
16293
17351
15472
15640
16226
16463
15004
16399
15422
16829
15978
17004
16300
16449
15375
15254
16140
17098
17393
16830
16956
16058
15011
15320
15543
15025
15030
16295
16802
16225
15238
15606
15986
15184
15376
16779
15276
15718
15859
16689
15505
15675
15411
15363
16472
15325
15389
15138
17179
15078
15678
19022
15869
17760
17050
16237
15256
17373
15914
21438
15853
16290
15661
15589
15626
15779
15562
17579
16111
16132
15015
16757
15499
15545
15998
17370
16994
16681
15678
16520
16450
17260
15787
16323
15271
16189
15430
15602
16002
16490
15497
16401
15789
16007
15566
17603
16694
15087
15666
15280
23590
15053
16687
15751
15603
15677
19091
15631
16367
15795
15267
18605
17163
15361
15395
15622
15312
16571
15264
16786
16515
15388
15671
16837
15349
15247
16242
15045
15680
15569
16207
15391
18903
16645
15008
16129
15336
16011
16626
16661
15570
15851
15994
15137
17429
16517
16037
15257
16852
16616
15116
16968
15003
15047
15030
17133
15560
17398
15903
15067
16355
16957
15129
18394
15640
17250
15147
15983
16176
15901
15897
15857
16825
16843
15998
15158
16652
15512
17063
18156
15659
17570
15557
17090
16316
15407
17676
16254
17256
15437
16817
13346
15440
16628
15292
16833
17894
17041
16396
15101
16283
15299
16306
15084
17210
15756
15161
15738
18020
15697
16290
15935
17041
15700
15219
17551
15148
15349
15452
15696
15185
15630
18700
15739
16731
13902
16212
15462
16827
15072
15366
17522
15609
16619
15187
15511
16153
15338
16587
15961
15102
16139
15403
15430
17438
18163
15513
15249
16071
16618
15617
17374
15506
16451
15208
15634
15546
16580
15330
16623
15143
15411
15705
15857
16211
15845
15653
16875
16687
16033
18603
15168
15205
16493
15005
16807
15082
15632
16140
15074
16389
15563
15195
15381
16264
15166
15442
15131
15398
15226
15329
15418
16111
15283
16647
15031
15193
15286
15651
15427
15294
17294
15934
20115
15544
15258
15739
15059
15176
16159
17593
15974
15379
15268
16050
16414
18848
15351
18599
16754
15005
18280
15740
16491
15026
15989
18206
15070
15372
15596
15190
15457
0
