1455
818
1380
1098
1468
1021
1310
1214
1192
1400
919
1132
834
1356
434
1397
1257
1158
938
1000
1168
1055
1139
993
1243
823
1302
986
1074
1419
884
1121
613
1371
1240
744
787
1195
1312
548
1388
1039
1160
928
1136
1184
989
1290
860
1109
1139
1075
1281
1148
1381
861
1321
1361
913
960
1048
1057
1376
685
1388
723
1179
1006
1356
1096
968
943
1287
892
1002
1088
1069
938
1201
1043
795
1351
1138
848
1005
1349
886
1020
1279
1236
864
1301
1040
844
1216
1158
964
867
1321
1091
1048
1159
1371
1232
958
1299
1101
1243
1144
1190
854
682
1379
764
1141
1001
821
1221
1052
754
1095
1201
764
1220
822
1179
1366
723
1070
1075
988
959
1339
1269
1217
1026
1358
1093
957
1242
796
1199
1144
908
1074
1332
1046
764
1238
1312
1001
883
1265
1023
1243
957
1310
829
1063
1068
1148
1152
1106
1381
671
1283
1017
915
1041
1276
1072
1272
831
1392
878
961
1175
1042
865
1360
800
1270
1261
742
1311
921
613
1394
468
1228
1169
1209
1012
914
1391
692
1409
990
1056
908
1149
1162
1029
1274
1068
1064
1048
1461
1091
1146
1216
1358
937
1280
1146
1227
723
1315
1196
510
1337
1016
1277
988
1346
1003
1213
967
1112
980
1363
788
728
1380
983
1116
921
1386
978
1227
1110
1038
1346
980
1006
1150
1267
1188
860
1395
857
1119
1385
1232
1036
1171
725
1304
928
1255
1050
1096
772
1393
865
1389
590
1364
830
999
1300
1233
1163
1219
1139
795
1274
1198
1126
1002
982
1342
1235
674
1338
881
1274
1068
1070
969
1194
922
1361
1116
1266
889
1246
1172
1008
888
1024
1297
1091
1094
1197
1068
1113
1411
677
1169
997
1160
1053
1040
1246
866
1047
1091
960
1184
1066
1195
1094
1157
1081
1113
1035
1073
1044
783
1349
932
961
1338
1126
868
1371
665
1383
710
1393
1028
856
1052
1398
708
1272
1082
901
1098
1356
887
907
992
1200
806
1187
1124
863
1316
1239
888
1048
1213
885
1079
1303
924
1064
1185
928
1110
1092
1091
1206
1206
832
1291
1105
857
1309
903
1165
929
1229
936
1214
1090
816
1335
866
1368
700
1160
1341
1101
987
1353
959
1066
1113
978
920
1334
1273
885
1201
1227
1293
1178
1179
1147
1079
1224
888
1142
1045
1090
1288
1038
867
1067
1341
1058
1252
817
1288
1000
1106
1064
1089
1336
956
756
1264
1030
1184
930
950
1263
1227
864
1070
1206
847
1026
1053
1008
1233
1323
833
1155
985
1221
1167
1016
1239
777
835
1127
1103
1129
1146
1254
1038
1367
1032
1038
995
1038
909
1371
896
956
1370
617
1366
1294
946
852
1319
1196
1276
1058
1049
879
1126
1242
981
1233
1016
1165
842
1085
1221
1026
1004
1161
1207
986
1000
1303
1126
1040
1369
795
875
1390
846
809
1260
995
1327
1158
878
1388
688
944
1095
1301
983
767
1347
1201
977
1401
1096
625
1240
1321
1067
874
1284
1245
616
1396
1201
763
1208
1037
1053
1036
1073
984
982
1428
827
1161
926
761
961
847
1228
751
1177
1085
1057
1113
1230
775
1109
1004
935
1217
1034
1108
822
1134
1116
806
1010
620
1374
775
1186
977
1391
1112
1022
1327
1231
1118
1245
846
1137
1259
1140
1095
1147
1000
1184
940
1287
1115
794
1233
1070
1178
1064
1386
891
1017
1397
858
833
1240
1097
1246
1346
1221
1263
1105
1147
1301
984
932
1263
1267
767
999
1205
1031
1080
1244
1100
920
1119
939
1127
1087
1063
1072
723
1268
1399
673
735
1375
861
815
1333
927
1279
1037
776
1013
1410
926
732
986
1204
1115
1377
613
848
1388
858
1372
596
1194
1320
1348
961
1240
681
1363
559
1231
854
877
1073
679
1097
1054
832
956
936
1404
740
1118
988
1041
1002
1122
1160
1402
771
1315
1217
1073
944
1337
926
1117
989
1210
1023
902
908
1383
928
851
688
1397
729
1360
843
883
986
1339
954
1048
910
1111
1078
1369
793
719
1218
1292
1187
965
842
971
1096
1389
931
1000
1210
1388
727
1187
714
1189
1269
982
918
1365
630
1304
1097
1084
936
766
1264
1206
736
1430
425
1374
913
1360
575
1052
1379
982
996
1319
1116
901
749
1375
960
1349
457
1222
942
1142
1088
1209
595
1392
678
1381
1258
777
1249
1007
1353
949
913
1084
869
1397
1074
840
1122
1155
1027
939
1111
1188
899
1029
1395
842
882
1197
1295
1370
986
906
1140
1402
839
1344
863
1225
1130
1009
1099
1373
1152
1209
1175
1088
1128
1130
1096
806
1279
1260
911
1018
1195
1242
873
1021
1176
1417
711
1246
1296
843
759
1334
1105
788
1208
1166
1069
851
1258
1190
1119
761
1334
1190
964
1299
1023
1062
799
1250
1240
1075
1054
951
1395
923
757
1376
997
1115
843
1209
1400
619
1227
1302
597
1048
1359
657
1039
1015
1405
654
940
1184
1096
1061
928
1353
1274
782
1260
810
1414
912
734
1070
1016
887
1152
1158
912
1385
1025
989
1141
1098
898
1368
1319
901
1010
955
845
1385
976
1145
1220
430
1363
864
874
1016
1110
1044
1027
1154
1282
940
899
1007
1388
852
953
1196
921
836
1396
977
706
1358
1370
955
648
1022
1357
848
1268
908
1402
1051
822
1282
1325
1373
1069
693
1264
1067
669
1366
1177
1024
1018
1292
1144
897
1209
1092
836
1380
709
1138
1197
1028
1150
1131
1393
744
1108
1239
1120
1043
1113
978
804
1233
1360
822
1269
1105
1065
1094
1206
858
1174
1035
1374
764
1041
1271
1077
1187
1148
590
1410
1029
1318
1046
942
1195
1182
993
874
1320
983
953
1289
1104
1045
1067
1156
1151
820
1292
1175
995
1397
1008
666
1376
1405
808
969
1400
1095
977
1211
1190
1123
1081
1100
1236
1030
1192
988
767
1237
1170
887
1239
1038
1032
1319
823
1382
784
1310
1055
1283
1116
1048
1156
1029
987
1404
852
818
1244
933
834
1358
668
1390
549
1298
906
1190
1364
857
962
1188
1155
1417
873
1012
1133
1175
1021
1293
874
1150
999
1175
1147
1116
1043
1176
1250
733
1292
1010
1099
1182
945
1159
1379
626
1374
770
1177
1384
969
1220
803
914
1381
1356
772
1309
986
1337
1008
1149
834
1081
1319
1128
989
983
1269
966
1168
1161
1008
1273
1071
1342
946
1021
1160
946
935
1301
1398
1137
912
910
1363
812
1366
840
1002
1389
863
1065
1090
819
1386
1172
963
1404
1148
964
1391
773
1391
879
777
1395
1045
977
1415
802
1105
1356
974
967
1116
1138
856
1277
1389
914
997
1350
862
1183
1390
913
1085
1026
1309
1227
1112
1041
971
1250
1039
893
1181
1353
1124
1099
935
1210
975
1163
1141
1181
1101
868
1074
1319
843
1413
933
1097
1186
1228
1309
1067
1110
1373
1031
1047
1252
1229
947
1089
1129
1346
933
925
1292
840
1079
1052
1159
911
1200
1112
1013
939
904
1235
825
1026
1081
1165
1275
842
1360
980
925
1175
999
999
1073
1292
1348
1394
733
1333
1055
982
979
1111
951
941
1147
1312
1076
1105
1291
1391
784
1049
1144
1169
1017
1362
738
1078
1277
1376
798
1113
992
1389
1067
1067
1085
1175
1103
1390
838
1295
1002
1279
850
1394
1291
823
1059
1400
846
1107
1394
515
1395
900
1133
1329
1005
1383
890
845
1421
1108
1056
1397
670
1435
846
1326
1389
968
988
1379
1017
1335
1100
1153
1224
1136
1143
1057
1066
988
1402
1055
739
1238
1031
1029
801
1231
884
1413
554
1420
1320
650
1227
1381
1369
708
1372
1279
1150
990
1371
1012
1417
966
1198
899
1345
909
861
1324
1038
1042
1116
1055
953
1413
897
606
1268
1301
647
1073
1072
1272
721
1199
1239
1023
1085
1225
962
1024
1322
1133
1077
1113
1157
1068
1130
1006
885
1271
863
1246
1212
1160
713
1293
1214
1082
804
1041
1363
547
963
1162
1286
1288
904
1411
941
966
1259
967
923
960
1114
1290
968
765
1408
1129
911
1229
1171
933
1207
1168
1231
1426
470
1315
971
1178
1241
912
782
1281
869
1395
1045
975
1191
708
1319
835
1273
864
862
1178
1038
1190
1076
958
1030
1130
1069
1243
860
1276
570
926
1356
884
1188
1262
1118
952
1014
1233
1106
1067
1140
1302
603
1308
1264
705
1119
1357
900
1064
821
1405
1292
966
1072
909
1099
1148
925
1405
441
1389
1289
889
888
1281
733
1085
1392
1217
998
859
1322
886
1169
1394
1063
1031
1115
1403
779
961
1415
952
1062
873
1238
1253
1271
694
1179
976
960
1406
1024
1389
982
636
1402
1105
764
1212
868
1366
639
1171
1033
1358
998
1105
1118
1009
1289
1360
752
977
1066
1263
1072
1149
721
1415
1095
1192
1100
900
1353
1064
1003
1386
415
1390
1242
690
1396
928
1244
983
931
1188
1148
971
1082
768
1227
1392
682
1278
840
1080
1337
1279
925
1392
1273
952
861
957
1156
1360
1018
1287
1305
916
1295
846
913
1046
1299
1229
707
1133
1155
1072
1011
1062
1280
1327
956
1023
1028
1255
1307
1170
1134
1073
1051
935
1289
1204
1120
1211
1144
832
1159
1364
1082
932
1022
1399
980
909
1401
887
1277
921
1048
1366
877
1179
1369
441
1102
1213
1124
1286
810
1413
895
963
1139
1333
586
1397
735
1039
1262
1316
1273
974
1082
889
1086
1006
1417
685
1318
961
976
1357
1191
942
1390
839
1232
1100
1276
865
1363
1053
830
1007
1372
549
1382
1096
1027
1226
1066
870
843
1420
1209
969
1201
991
1283
1056
1231
1364
737
1200
991
1303
1094
1200
880
1251
1044
1101
1062
1347
944
1038
1184
910
1390
1072
1094
896
1034
1374
621
1372
873
1105
1018
603
1365
1152
871
1204
823
1228
1373
791
1218
783
1239
959
1373
773
995
1257
531
1236
1415
1253
901
979
852
1188
1368
1139
929
654
1153
1256
1075
1027
949
880
1236
1395
1003
1079
918
959
1174
1420
825
815
1264
1077
1130
1110
995
1338
1025
741
1087
1376
980
1004
1384
1000
1391
916
849
1388
797
1358
1014
1000
1026
993
1343
1356
1072
1010
930
1192
1246
1044
724
1127
1093
1092
742
1367
1482
1056
995
1231
760
1406
1386
880
945
1224
1176
1132
945
1199
932
1207
1129
1015
875
1357
1161
809
1039
1087
1073
1383
908
1416
1054
1060
819
1208
1321
874
1236
629
1292
1059
1162
1374
859
1240
1096
711
1236
1078
1079
1012
1203
998
884
1250
931
1358
815
1000
1051
1407
1418
813
805
1120
1386
1276
590
1100
1366
993
982
1201
1211
749
1423
845
1250
977
885
1386
963
982
922
1267
1322
1126
1034
1364
501
1287
1292
1358
914
826
806
1329
1341
1123
934
1024
932
1132
1133
1036
1322
744
1210
924
969
1343
761
1376
778
819
1374
934
1095
941
1241
1219
1003
1191
907
1420
968
1391
919
663
1404
830
1418
1187
914
955
902
1399
892
1378
980
1114
869
1307
1397
1030
1122
969
833
1389
890
1333
956
854
1334
1406
579
1314
931
971
1376
1098
738
1270
948
875
1411
910
783
1118
1033
1391
822
1038
862
1300
1358
861
1047
1137
915
1409
741
1054
1404
1093
1020
1140
794
1308
922
809
1157
1395
1189
870
1322
1284
934
1085
1104
897
991
959
1389
1004
1345
651
1375
1176
1255
1015
1181
1326
1006
789
678
1376
1391
946
658
1310
762
1233
1364
856
1094
1175
1020
1378
951
704
1202
1218
1126
1072
1090
674
1047
1339
980
1215
1199
1085
1007
735
1377
1003
960
1363
928
1397
906
1078
978
1035
903
1397
1066
1178
1015
866
1142
1257
373
1383
1225
553
1129
1371
1018
975
937
1054
858
1302
1206
996
936
1309
838
1018
1402
1041
874
1115
1009
1218
1363
1108
1030
1286
860
845
1367
1215
907
969
984
1184
1362
1123
859
1202
1065
899
1274
1079
1180
992
1180
707
1189
1369
889
820
1365
1058
702
810
1363
1115
1170
685
1244
947
1179
1001
1151
883
1360
879
1375
1061
1186
960
705
1389
941
1193
1006
782
1390
914
1021
1187
1133
1039
1354
1055
1154
1094
966
1419
881
994
1023
1117
1036
1070
840
1290
1356
651
1384
875
1014
947
1086
1066
1336
1002
929
1405
1001
710
1397
937
916
1381
1133
1019
1180
1091
1330
785
1364
908
1002
901
1403
1038
924
1348
1170
903
1194
740
1094
1389
1131
1184
915
1049
1099
1224
953
1105
1053
1364
962
1129
1180
966
1210
1272
969
987
1357
1008
1006
1233
1242
706
1159
1306
1106
978
875
1144
1370
962
1156
838
1354
736
1226
1202
1243
1097
770
1223
1333
1096
1079
954
1251
1109
1093
1177
1044
1228
1078
766
1108
1373
1328
778
973
940
1057
1413
1131
1027
762
1417
1372
817
1133
1225
829
1155
1398
1251
570
1169
1249
1033
1217
1107
1307
849
1122
1385
938
1387
730
1189
1169
1134
1402
350
1373
932
880
1189
1348
1010
870
1144
1130
1420
624
1387
810
938
1227
1371
845
1340
761
1230
690
1236
1257
1221
707
1417
948
1389
866
1326
812
1375
1009
971
1075
1169
1374
629
891
1299
1025
1154
1312
861
1044
1241
1293
900
768
1244
1190
936
1119
1340
1145
902
1153
1258
1275
746
1372
967
1225
1078
1126
1016
1372
906
1318
819
1066
1210
1179
1050
1016
1079
1076
1377
782
1316
1234
1118
1126
763
1356
1241
776
1319
802
1304
790
991
1187
1328
988
853
1196
1313
1266
1047
798
1030
1384
972
1112
1035
1297
746
1157
1362
782
942
1358
1013
1024
1398
847
1164
1222
933
1361
1038
1256
1096
988
1407
723
837
1423
1247
1031
1038
1050
1376
840
998
1374
1036
1069
886
1338
985
1232
1055
1188
943
1377
1071
1317
1056
908
1012
1321
1231
652
1322
1352
819
995
1362
1078
864
1387
1069
1313
1171
1191
674
1285
1171
948
1341
975
1177
1360
740
1309
1055
1302
804
1396
837
1195
935
922
1347
1127
1161
928
1391
798
951
1391
1192
952
1236
1061
1177
870
1208
1392
845
955
1423
851
962
1379
789
1024
1349
909
1110
1225
1296
1159
1280
1003
1304
1036
1104
1386
878
1259
1356
832
1416
1061
775
1386
837
1300
1149
1313
949
1208
1134
1279
890
1321
1112
1166
1108
1182
1064
1062
1144
1016
1051
1284
751
1104
1298
1087
949
1187
1257
879
926
1378
1018
868
1371
1236
722
1171
904
1401
625
1402
1096
1024
720
1393
947
961
1008
1279
911
1102
1360
807
1375
1012
1059
1161
1123
885
1416
888
1081
1220
983
969
1373
1032
1011
980
1153
724
1399
894
967
1209
1170
1251
1333
619
1370
1225
1117
972
1391
678
1051
1203
967
1065
1114
1235
877
1376
1343
931
1248
1280
1064
1285
1131
1339
859
1259
1204
1251
1011
1414
952
902
1171
866
1391
973
863
1255
1396
818
739
1373
1232
1135
732
1214
1393
837
1191
1030
903
1365
982
1161
1401
1005
1090
719
1313
1223
1030
930
1308
1206
759
1405
1156
892
1398
897
1041
1389
747
1019
1380
696
1080
1395
905
1199
1262
735
1232
1223
1067
1059
1187
1187
1019
942
1341
713
1387
644
1322
1395
876
1150
1109
951
1154
797
1350
1017
891
1408
984
739
1361
756
1119
1317
867
1385
988
721
1319
963
1111
1285
1097
983
1013
1395
1076
848
1376
906
689
1406
656
1277
1371
1226
1267
899
1110
1389
947
806
1000
1266
1397
838
853
1368
980
1055
1160
1408
1013
1180
1253
981
741
1403
1068
1023
916
1403
715
1144
1190
910
1164
1367
650
1376
820
1364
909
1247
819
1384
1221
864
990
1370
866
1246
1158
945
1385
1284
750
1094
1166
1027
1091
1196
1145
1265
647
1307
1388
912
1027
1164
1376
1123
1400
480
1320
1333
1153
594
1360
773
1318
870
1242
1069
1129
1144
1087
1153
866
1367
964
1426
947
1039
1370
1075
1157
887
1016
1272
1394
1082
805
1309
974
1183
976
1128
970
1008
1316
682
942
1415
925
984
1271
865
1402
961
673
1054
1338
1199
848
838
1383
752
1136
1288
885
1122
1096
1004
982
1097
654
1360
1037
1260
899
1299
954
1222
844
1128
1226
1276
1015
905
1160
1165
936
1275
1272
1109
1090
1028
1071
1091
1065
1024
880
1411
1002
711
1120
1233
1380
863
952
1329
874
985
1324
982
681
1361
1016
924
1143
1134
1029
1133
895
1365
802
1378
1117
1372
887
1036
1234
1222
826
1091
1142
997
1359
856
1202
1061
1142
1145
811
1299
1111
1025
1168
902
1301
982
1107
1112
975
1144
1302
943
953
1119
1117
1047
864
1070
1226
640
1384
1119
870
1144
1237
1089
846
1167
1088
1115
1062
1081
1014
1260
1069
1132
901
1147
1323
1000
1164
944
1050
1394
834
750
1422
797
1176
1060
874
1229
782
1406
963
994
1197
741
1412
1223
722
1364
504
1086
1226
647
1394
819
1052
1048
1057
1313
1170
1147
907
933
1401
873
1367
858
972
1328
863
1275
1229
1168
1132
1122
1188
1145
1066
1354
1027
979
1358
1105
1127
836
1394
1135
818
1374
972
926
1267
1108
1241
869
1252
874
1030
963
1353
1006
1373
945
1066
1133
1081
994
1309
1138
852
1192
709
1167
1208
1094
1204
883
989
1383
733
1292
1380
1127
903
1206
924
1051
1095
1202
1096
1328
790
1360
717
1192
1380
1315
703
1219
834
1376
1040
830
1026
913
1417
879
814
1371
1410
780
1155
892
1359
943
1226
1204
958
1163
1404
881
1025
1075
1307
961
1263
1020
1370
891
998
1066
1175
993
1267
861
1244
844
755
1226
980
1250
905
1272
1219
1001
895
1252
1144
1102
914
1193
1385
1077
950
1190
746
1309
925
1059
1424
934
1067
1070
1102
1052
924
1223
822
1399
1053
1308
806
654
1222
999
1064
1242
968
1135
1031
1037
695
972
1405
1049
971
1046
1234
728
1101
718
1412
908
1367
582
