836
255
478
314
381
170
576
564
417
358
111
331
463
327
346
972
199
106
228
397
419
257
229
503
368
274
254
279
641
569
346
211
414
94
290
362
421
266
349
102
447
325
232
403
685
184
56
177
708
397
325
225
535
395
273
371
291
423
259
413
233
312
286
263
371
274
468
315
187
547
234
295
406
381
318
376
284
402
310
400
242
297
226
168
189
594
391
160
452
319
209
275
165
476
649
310
495
326
394
393
391
442
385
111
130
203
494
598
436
351
384
116
241
171
381
353
158
109
381
517
291
217
303
503
330
58
239
65
233
580
514
445
252
294
334
225
334
462
292
236
461
202
255
562
167
429
631
56
216
174
490
159
340
436
514
307
310
241
252
345
320
319
338
340
250
341
378
43
471
451
435
327
404
172
397
211
460
704
123
264
216
419
462
644
162
298
468
351
459
109
213
348
387
398
237
388
263
339
491
377
184
196
233
875
219
218
192
284
243
410
492
224
124
185
295
675
331
112
494
238
115
469
399
272
329
425
229
408
219
286
399
166
155
296
320
225
427
345
489
211
229
293
147
200
385
312
254
325
401
238
365
332
336
340
203
345
226
414
467
272
173
458
279
160
295
158
485
264
432
522
401
167
266
227
219
265
116
253
376
555
478
515
165
236
225
423
361
191
280
351
313
355
440
341
262
515
106
105
461
304
339
300
585
155
214
602
88
258
311
300
349
405
345
400
358
446
276
285
341
169
414
176
220
431
361
458
450
471
106
181
566
237
293
229
361
442
410
431
291
366
355
396
399
169
232
481
473
318
191
497
388
249
499
317
460
245
197
394
423
221
263
631
196
183
243
286
248
115
311
747
417
153
245
218
256
452
295
322
226
260
452
283
214
375
283
281
295
477
309
287
270
128
313
241
166
348
500
346
188
463
242
446
181
156
299
294
464
162
445
419
121
174
370
416
282
338
257
496
435
372
219
340
250
317
267
326
228
418
186
313
224
367
242
279
322
494
300
293
411
235
278
504
311
569
350
165
216
493
311
272
515
504
190
304
455
301
170
107
508
306
209
374
400
282
212
296
224
167
509
574
178
275
401
401
61
281
442
399
219
172
230
272
338
688
398
147
282
194
206
360
501
170
500
173
506
512
182
182
218
525
212
256
119
404
322
273
499
263
467
279
169
297
230
539
289
109
496
566
524
208
226
241
350
299
166
311
291
556
332
226
353
160
392
565
466
182
101
348
414
291
282
694
412
398
135
341
555
114
608
412
189
360
431
364
181
414
226
328
286
643
287
274
443
403
110
366
562
276
238
283
369
349
400
582
343
343
125
153
519
283
378
111
338
400
697
281
44
217
438
154
64
490
564
357
100
337
290
519
303
280
270
642
384
118
296
230
214
278
454
568
321
244
358
229
111
369
665
354
315
168
247
351
217
527
292
378
431
297
290
404
386
259
171
353
290
273
288
395
430
442
342
158
194
334
487
327
480
539
282
98
232
296
361
498
394
224
178
411
616
120
390
330
313
431
419
124
201
242
325
443
383
312
272
325
182
343
152
600
303
338
368
419
598
297
349
388
283
401
368
385
307
215
372
552
451
169
288
492
338
305
227
282
517
349
149
522
353
150
527
539
228
183
367
155
400
584
352
272
158
464
97
149
166
432
459
420
352
267
122
436
337
276
420
362
241
435
243
285
472
410
276
400
246
240
372
181
274
557
239
179
305
240
418
285
553
214
191
258
416
333
523
169
177
432
180
252
296
596
667
390
181
193
316
371
525
214
479
300
261
470
626
342
274
408
410
281
346
376
245
273
510
199
368
468
366
348
415
263
351
396
313
287
281
301
187
330
504
397
400
579
237
288
593
167
171
340
399
341
388
363
375
116
113
440
245
114
431
410
491
561
368
220
302
519
111
373
475
188
278
574
191
282
170
259
540
351
346
219
241
190
623
521
99
325
256
299
206
400
283
283
408
235
430
306
453
794
202
291
300
170
467
805
66
182
344
372
366
447
281
197
328
293
371
349
340
315
536
221
458
484
215
235
360
445
217
278
458
434
391
242
440
191
368
230
221
547
245
304
291
304
445
324
388
191
430
351
288
293
689
117
242
505
366
341
110
521
469
237
340
286
501
367
339
403
275
98
218
473
352
330
230
287
425
345
114
403
543
226
217
632
403
337
213
261
298
238
369
421
501
442
409
215
293
418
381
290
410
172
172
297
269
479
372
211
319
403
282
124
307
519
277
333
221
307
341
234
300
560
245
426
239
304
294
258
436
295
288
115
295
526
365
366
303
209
496
330
241
313
662
541
243
56
421
254
346
295
376
242
589
63
267
305
574
533
351
45
112
528
389
109
242
619
380
208
165
384
355
383
223
252
279
295
264
223
225
335
356
413
444
317
259
451
340
224
537
427
377
395
202
160
472
364
264
326
299
348
167
487
274
392
334
241
394
271
339
353
210
220
386
437
392
114
110
333
280
468
303
355
186
345
403
232
209
197
620
345
217
170
175
551
279
221
223
519
318
296
542
262
178
269
363
227
515
371
170
238
364
295
572
472
350
316
296
46
191
600
376
348
337
354
590
330
226
362
165
400
243
496
244
342
284
381
226
399
219
181
347
455
158
426
633
399
98
378
417
218
301
510
338
107
407
492
329
255
227
188
118
420
542
269
383
285
344
272
345
349
222
310
316
328
500
292
351
273
211
259
161
424
298
373
257
339
381
374
217
166
420
287
356
256
360
383
261
356
495
322
275
423
225
470
293
349
240
406
282
322
318
55
293
443
307
344
468
274
45
389
452
405
232
350
406
267
395
467
287
356
303
275
625
222
279
336
390
261
368
238
367
335
267
360
436
237
178
260
341
289
373
377
327
321
149
264
462
403
251
332
352
177
265
576
460
265
313
305
213
411
462
364
270
218
283
309
334
120
490
582
422
219
223
304
301
228
691
346
490
177
282
531
453
249
328
182
66
502
699
182
190
308
538
247
344
278
152
240
480
349
261
226
417
222
383
311
575
397
305
171
403
467
288
330
163
259
401
185
391
345
316
448
334
169
154
718
240
318
284
393
469
324
322
290
184
343
437
276
217
341
354
301
204
670
195
225
344
340
158
396
260
480
369
271
451
279
346
246
100
712
414
51
173
515
392
226
179
506
276
444
275
213
415
500
367
474
262
221
317
327
497
360
286
109
449
163
255
468
425
336
283
549
231
262
224
458
315
280
165
588
51
473
391
459
171
382
461
237
331
286
437
497
162
390
207
371
376
393
260
206
230
443
369
380
104
634
548
291
353
422
337
290
161
319
313
267
204
438
204
255
521
374
582
316
403
230
331
152
327
291
380
288
390
220
406
405
364
60
228
399
624
102
365
157
537
454
234
186
173
282
271
335
594
218
193
287
385
439
180
318
160
511
403
441
287
401
169
303
460
216
156
356
441
336
582
170
231
322
633
117
221
323
441
197
405
490
461
362
225
170
433
96
500
552
250
196
342
426
131
419
398
223
269
444
222
243
401
378
400
237
311
422
522
511
185
304
47
212
303
452
549
421
324
272
279
57
216
509
366
325
182
491
500
324
278
223
295
183
539
47
377
664
219
132
539
348
168
335
402
379
211
220
231
609
281
407
352
395
181
182
405
366
168
516
525
253
238
264
530
168
413
217
491
327
329
341
166
304
474
326
222
284
280
271
212
483
214
217
266
628
153
189
384
349
434
299
136
225
223
266
509
398
405
226
225
402
338
330
301
373
331
577
403
229
235
593
223
45
239
459
338
452
239
357
430
266
122
291
241
570
692
467
391
245
496
279
180
336
325
362
268
539
232
284
241
491
394
425
532
396
230
286
283
119
486
630
326
160
218
299
188
335
215
264
269
585
291
266
358
425
249
315
205
337
230
317
98
234
549
393
277
355
478
100
268
277
295
166
343
476
530
453
335
188
440
57
75
435
455
283
291
391
631
320
160
283
236
221
518
340
102
355
411
445
236
292
505
339
270
331
233
118
294
691
509
454
347
227
179
232
337
436
227
309
715
272
225
347
264
155
337
497
219
255
325
422
210
318
501
161
163
270
434
153
296
391
430
431
202
155
452
226
403
520
143
298
429
318
120
427
376
264
368
213
237
332
406
422
234
193
386
114
274
329
447
295
587
370
114
265
405
320
103
343
316
548
333
198
379
523
63
288
483
220
349
499
223
277
175
273
220
379
532
299
309
110
583
399
367
492
302
183
277
399
480
259
223
176
338
257
392
243
282
333
358
374
328
289
210
612
427
394
285
158
386
353
261
389
363
240
245
182
337
442
544
442
280
434
406
252
255
343
295
562
171
171
363
316
496
312
475
265
381
255
607
116
343
244
243
271
339
344
268
433
552
103
278
252
391
171
283
422
369
292
288
459
474
346
224
185
190
341
519
290
367
290
278
110
761
309
305
367
302
319
167
122
609
357
220
425
619
191
431
415
308
295
361
352
459
406
411
223
227
539
109
64
309
400
416
282
637
284
124
175
506
229
66
468
538
262
375
120
587
443
55
244
494
390
221
372
798
279
406
192
364
604
357
215
278
372
294
572
243
123
526
444
353
379
61
388
409
335
296
222
422
216
419
287
341
232
456
458
136
324
410
299
284
201
758
215
197
342
460
103
230
270
329
239
379
266
502
262
197
388
245
342
202
327
594
433
222
292
433
257
570
222
219
530
336
324
304
206
392
295
310
174
278
608
345
100
676
245
288
323
852
441
576
339
100
408
447
447
670
271
98
230
413
45
228
330
496
444
262
173
378
226
561
314
271
183
450
412
301
279
186
280
295
308
431
811
444
226
181
347
102
335
237
168
225
228
356
558
274
314
182
342
325
368
269
819
335
101
282
304
308
232
567
440
355
423
445
173
329
459
573
95
220
173
163
299
331
444
345
303
547
229
284
353
592
182
427
513
439
289
339
204
290
112
225
366
267
695
97
279
105
431
526
260
354
278
113
284
280
310
175
336
213
450
171
127
213
550
293
241
231
413
452
109
215
153
354
466
209
46
328
332
385
212
638
174
430
474
368
108
400
285
260
287
216
451
133
436
106
326
400
477
234
320
467
210
235
243
461
331
168
175
671
542
284
129
218
325
346
363
467
273
555
350
312
340
287
344
246
234
179
775
274
262
226
410
228
358
150
366
476
100
346
415
491
287
304
270
426
212
393
231
102
286
458
82
447
623
559
408
112
340
221
388
348
45
279
175
245
840
378
158
107
271
702
385
177
382
207
301
274
105
400
310
166
370
270
175
275
461
392
315
170
241
537
601
216
174
111
118
165
497
465
358
217
386
414
174
274
237
500
522
160
164
400
283
159
385
639
137
325
498
336
512
99
176
336
506
344
332
179
326
150
381
253
291
223
390
152
156
575
389
491
318
553
430
170
161
295
236
187
325
372
548
232
236
437
552
416
207
316
373
418
379
335
159
164
536
269
207
264
400
211
313
396
502
269
99
236
401
277
375
438
442
209
111
356
255
534
451
270
276
490
428
213
276
374
420
109
348
307
104
299
405
182
308
412
380
420
469
151
177
336
713
278
317
221
103
368
148
272
505
513
260
205
157
329
429
280
603
180
102
53
456
298
233
508
399
343
233
441
233
251
181
170
639
629
340
282
163
357
307
343
281
316
286
303
62
259
530
553
462
166
555
238
243
454
327
369
54
116
284
390
531
120
189
373
313
319
398
267
210
305
306
308
208
483
394
348
55
298
107
573
459
281
189
52
422
387
513
320
287
469
382
340
336
213
170
166
390
430
367
211
314
307
515
326
339
333
276
506
226
232
232
437
305
337
244
390
168
264
227
491
352
598
313
319
330
273
178
435
273
375
364
264
385
372
361
379
271
307
452
147
214
160
450
384
379
213
326
425
434
121
121
222
184
444
210
633
272
556
452
246
190
314
451
173
236
373
469
199
430
540
168
347
357
418
341
291
188
456
337
241
265
415
175
359
306
472
347
218
435
462
238
328
336
264
552
266
191
347
439
361
492
419
174
368
116
379
227
364
269
475
305
367
528
413
421
275
398
388
268
422
589
408
171
244
247
229
278
260
114
486
466
275
164
398
523
342
225
345
227
179
150
489
163
427
473
287
283
404
479
287
179
393
424
198
199
340
364
274
247
356
363
353
175
164
130
691
448
161
285
340
347
245
288
289
425
530
197
172
401
380
99
399
517
333
400
385
400
232
204
309
242
203
270
597
381
397
225
214
348
293
246
184
218
304
435
436
229
366
421
532
334
447
345
203
56
537
273
485
453
283
343
510
343
260
185
145
309
407
439
383
323
372
262
315
410
217
161
341
302
294
402
552
364
231
174
209
354
373
369
331
151
357
263
399
273
427
518
238
352
175
363
227
325
438
234
400
255
93
320
538
679
159
159
208
437
415
240
151
412
474
379
288
410
343
270
201
389
409
61
340
300
583
232
303
562
458
361
286
327
239
355
231
518
519
520
153
157
371
60
97
240
279
323
447
379
290
496
114
271
439
287
193
268
154
276
387
311
550
456
678
121
123
166
191
286
391
566
392
179
415
172
490
110
230
395
337
204
348
223
373
552
448
204
495
347
322
176
190
236
395
282
321
428
229
411
219
286
473
745
223
381
149
209
217
189
523
324
218
340
398
229
373
226
283
101
337
279
299
402
427
439
163
154
425
217
399
346
693
509
289
221
335
408
301
292
417
365
79
547
341
170
174
215
384
557
364
459
222
340
688
217
181
388
332
385
247
386
344
151
330
347
48
206
348
491
396
376
206
349
415
151
180
452
406
546
270
158
352
158
130
753
578
390
215
253
246
115
455
335
331
285
162
442
223
334
198
222
395
375
279
246
330
364
414
299
357
208
632
362
384
202
195
349
286
258
121
275
290
375
326
272
453
315
222
324
300
353
225
259
318
302
374
253
167
350
454
274
275
274
506
496
406
322
231
351
183
120
328
233
434
410
341
338
282
458
345
285
295
379
208
180
241
302
280
375
283
332
448
338
448
230
172
249
287
536
303
220
266
459
387
475
402
384
294
279
294
302
220
230
488
239
552
336
309
379
275
298
542
412
387
269
355
90
361
234
220
527
524
576
245
247
100
64
360
455
359
447
345
470
282
167
377
402
308
177
295
168
369
576
497
163
159
359
250
480
169
301
358
175
385
234
456
237
372
477
50
430
359
354
442
269
367
150
281
212
241
509
319
214
444
245
337
339
369
312
464
345
285
463
314
220
174
527
439
372
163
157
418
61
362
410
263
361
390
381
338
371
264
291
461
224
300
115
112
409
468
259
372
169
275
337
206
221
344
350
461
506
450
398
46
287
356
228
277
271
369
413
247
295
433
228
236
477
253
384
275
238
104
321
259
575
285
331
119
218
648
184
232
352
235
431
540
218
501
314
158
414
281
326
285
249
227
447
283
239
404
289
327
355
233
374
209
302
349
436
331
202
48
256
462
504
399
263
265
155
510
102
361
506
351
407
175
109
207
402
642
327
274
319
334
524
276
404
262
212
218
428
163
214
486
406
366
328
372
286
267
223
315
346
321
477
441
222
424
389
412
307
229
170
227
375
500
525
204
189
161
352
580
171
268
323
366
605
245
171
222
355
540
185
297
294
329
392
534
465
351
358
289
228
180
367
580
431
564
185
499
485
233
223
207
378
216
236
116
290
253
430
713
204
277
261
224
338
181
286
290
561
349
231
178
332
570
559
126
196
353
482
290
161
187
484
368
339
285
497
282
521
221
210
165
563
299
179
311
279
541
328
101
187
491
211
340
490
407
325
354
187
260
529
466
259
291
119
463
470
264
401
427
351
472
301
116
288
172
243
548
344
513
211
295
169
361
436
505
226
539
173
400
380
378
322
334
258
355
237
410
293
254
334
456
399
314
358
268
340
331
574
402
458
232
181
158
442
263
157
353
296
385
439
150
307
246
440
327
163
229
450
357
436
176
160
219
269
567
509
243
231
143
307
475
457
222
558
175
167
543
344
178
185
412
496
384
296
159
405
359
358
354
409
341
191
374
292
234
445
352
439
306
237
234
369
368
453
212
250
478
411
218
639
363
113
188
298
334
307
333
299
367
397
175
342
247
273
239
625
123
273
481
444
131
311
341
489
112
538
292
350
289
304
155
218
365
416
304
444
339
394
401
389
167
131
316
391
426
366
307
325
372
107
274
322
310
155
426
557
227
454
127
295
227
327
410
239
463
446
463
169
347
119
548
577
307
183
225
285
372
401
209
397
391
549
354
301
418
404
208
293
490
220
203
250
331
466
161
444
358
413
385
371
570
195
252
216
341
549
397
308
241
351
278
423
387
464
272
500
107
297
223
409
320
311
288
352
313
411
163
304
410
446
338
177
298
445
499
301
133
307
454
267
249
321
481
468
332
173
236
279
287
479
212
383
466
300
95
394
285
473
580
232
333
468
163
450
450
454
304
154
171
552
395
172
375
361
268
291
240
403
120
360
296
512
118
297
489
503
245
123
398
659
375
139
601
388
223
218
229
240
234
216
409
332
495
289
322
295
360
260
385
546
334
244
255
164
170
337
383
289
360
788
436
270
275
444
377
114
390
402
237
252
125
430
482
430
416
335
349
399
193
120
333
374
317
432
409
226
442
191
249
398
200
193
276
402
461
508
182
389
186
310
115
355
849
466
269
134
333
344
220
371
336
792
299
294
280
387
178
347
226
449
357
485
187
433
56
229
421
462
116
559
286
326
368
214
274
383
476
203
433
419
109
319
500
425
65
320
238
319
239
357
501
290
364
386
466
342
102
344
452
181
293
344
514
330
390
272
410
112
117
217
394
334
287
697
329
238
324
258
387
348
343
331
285
357
253
179
347
409
297
473
329
311
355
244
348
344
579
358
155
266
318
343
379
289
493
292
311
321
270
251
137
289
665
615
175
293
365
401
410
473
470
222
286
441
309
129
345
270
296
335
470
220
171
390
420
398
397
353
455
411
216
120
485
414
211
295
381
422
298
396
171
350
416
309
473
542
286
124
184
409
366
247
572
451
287
358
263
293
649
304
443
221
526
583
150
269
335
303
330
287
242
286
481
405
222
477
401
272
343
399
170
376
428
163
362
380
324
520
395
198
526
111
528
289
247
347
286
332
164
305
276
266
580
268
515
382
286
290
114
531
192
184
153
592
557
295
105
283
431
174
275
451
224
236
407
212
374
463
284
179
219
446
109
292
162
365
297
426
351
290
525
84
303
501
223
55
271
441
252
223
289
355
393
485
126
238
408
169
180
412
215
225
613
113
185
279
518
390
130
264
459
298
382
194
374
493
440
244
484
176
363
254
563
242
114
881
299
409
227
357
227
220
304
285
621
225
153
333
297
402
443
456
388
384
299
571
389
232
117
311
429
418
172
433
171
336
362
225
249
436
308
182
259
406
208
285
494
186
238
337
299
515
306
175
571
217
406
366
492
334
277
276
400
227
455
211
387
370
292
556
240
690
283
471
119
307
120
424
296
314
291
400
386
314
620
280
420
543
130
472
595
277
220
161
415
406
238
317
285
504
226
499
388
274
458
347
378
51
371
355
378
477
117
225
222
502
512
377
403
170
426
233
350
355
236
110
280
383
430
394
359
558
361
114
242
227
560
602
302
113
349
304
419
399
423
283
222
355
258
439
453
295
370
179
79
270
671
715
395
226
368
239
419
105
177
469
355
187
353
480
488
302
297
240
396
462
245
492
387
443
223
176
176
560
240
461
261
316
449
418
169
292
296
186
617
520
258
431
248
217
524
698
281
180
357
313
176
182
283
401
232
672
363
345
389
381
246
283
337
517
493
234
121
251
237
513
633
281
169
504
243
468
371
410
275
819
300
541
354
250
456
276
24
702
375
443
346
243
306
307
250
518
315
363
234
245
299
319
230
543
350
312
369
325
302
393
305
334
247
333
393
228
207
622
365
264
442
152
371
226
487
651
619
260
179
351
238
131
285
354
457
360
365
376
52
575
233
343
388
133
235
342
491
234
310
167
263
229
572
484
440
462
154
255
616
363
407
408
368
361
129
350
256
476
306
359
301
310
632
368
402
400
429
124
174
233
262
367
558
342
520
341
299
553
244
355
339
353
231
161
670
230
469
224
375
239
283
347
349
483
169
125
494
472
320
412
210
102
345
391
179
451
483
407
278
340
224
51
343
619
316
218
502
315
281
382
213
338
485
201
286
289
481
391
297
211
175
314
223
400
688
389
276
233
162
435
216
173
222
193
638
367
195
589
429
301
251
171
296
243
330
434
305
179
395
499
357
307
263
56
343
151
302
418
420
291
453
428
539
461
128
325
389
315
328
291
490
282
466
190
421
326
223
295
635
344
215
311
295
290
343
341
285
269
238
460
214
306
236
582
468
235
250
389
385
401
276
283
494
336
319
206
303
343
372
329
348
384
107
236
375
338
361
215
104
449
473
238
296
405
399
189
245
266
354
254
361
315
337
438
381
323
337
164
182
447
156
262
288
111
329
357
763
433
213
162
163
166
259
287
240
325
471
283
251
454
310
395
371
352
240
436
155
342
182
629
351
479
645
344
165
223
293
330
279
332
332
359
165
457
354
391
149
206
291
487
280
159
228
378
401
345
292
460
276
236
419
267
98
264
402
336
308
588
218
257
242
563
280
331
241
199
425
493
299
353
241
374
216
294
424
435
418
234
346
413
349
227
419
566
349
381
357
509
229
349
621
357
222
269
309
326
546
291
283
361
291
348
284
453
221
285
274
280
276
517
441
23
243
263
369
225
292
498
543
204
257
292
354
327
212
308
269
593
151
272
267
170
263
381
214
438
338
102
216
461
468
391
399
213
165
265
367
415
237
208
308
140
403
209
319
345
439
337
305
421
176
276
566
239
381
215
217
491
380
108
238
458
307
185
368
318
311
340
458
329
153
99
395
313
399
326
167
505
277
102
608
315
160
515
376
354
251
273
236
275
157
543
451
464
242
363
78
508
374
261
214
454
277
444
272
153
215
421
327
398
330
376
285
178
287
493
283
192
405
546
529
401
202
237
220
427
361
296
513
470
159
446
348
237
59
282
503
264
176
322
281
447
338
219
402
235
193
280
520
164
194
167
452
533
288
360
411
273
356
469
127
385
171
154
320
341
408
233
339
219
659
174
171
195
397
224
293
332
273
333
203
351
323
501
200
207
202
206
567
393
374
513
218
445
233
276
270
167
236
233
509
405
215
376
451
236
104
123
289
285
321
263
340
458
431
392
418
400
279
75
374
321
342
343
111
419
553
342
486
213
193
322
587
253
153
287
696
473
287
180
418
535
44
226
204
314
487
377
427
424
424
351
185
215
405
358
228
439
457
554
372
249
163
302
216
421
285
223
411
279
476
50
428
280
415
246
470
214
125
561
551
342
173
270
384
280
275
303
106
508
232
425
298
623
428
165
344
271
226
354
291
300
743
376
159
321
293
174
181
163
580
519
481
233
325
357
174
401
354
289
581
213
301
219
103
695
392
348
283
47
176
354
527
335
185
280
261
309
163
373
523
470
475
233
96
410
138
463
269
192
676
494
170
196
392
366
405
354
196
320
446
360
238
122
287
390
120
460
472
351
266
188
287
522
398
344
290
167
445
154
378
478
180
246
173
358
623
349
607
474
136
183
452
266
402
340
319
330
360
340
312
225
336
493
345
412
243
340
607
167
216
407
594
328
178
234
123
394
463
684
385
360
281
111
266
299
549
384
273
384
158
471
313
120
442
441
326
322
223
103
261
267
400
274
454
176
325
430
502
157
296
398
114
287
508
220
215
173
244
232
535
195
436
464
404
345
285
181
183
245
294
220
478
374
241
183
380
191
176
299
469
436
475
356
287
415
514
294
355
327
352
537
445
263
306
375
430
380
218
350
364
186
181
114
249
118
583
355
215
362
235
592
641
450
403
161
115
668
376
341
388
373
315
184
105
417
311
246
458
345
367
283
174
262
296
336
271
274
346
356
416
389
371
361
495
300
231
132
173
603
411
224
235
289
298
387
289
224
202
414
325
253
357
234
98
426
356
279
324
393
512
353
363
309
605
193
157
360
211
183
528
372
334
289
274
373
533
428
272
210
438
250
380
484
336
246
546
107
214
458
347
298
339
346
113
277
364
287
500
366
369
384
305
342
360
390
286
175
292
178
608
336
591
286
102
145
341
125
279
335
266
375
294
508
459
371
461
398
45
105
127
532
441
165
173
457
405
205
490
576
202
310
248
227
445
212
285
497
322
356
272
283
398
426
493
99
154
116
593
208
432
288
407
435
519
237
240
351
266
257
309
494
338
414
470
246
228
216
544
284
207
454
309
338
470
452
114
439
431
441
152
505
302
398
418
417
421
76
346
224
306
483
171
481
314
340
399
445
262
318
98
270
99
424
392
392
303
135
194
575
406
168
111
431
425
284
220
468
285
337
483
350
475
246
252
300
289
48
340
635
367
278
185
183
335
339
221
456
229
367
282
570
559
313
288
299
455
295
449
432
179
236
343
294
177
410
244
364
486
307
462
483
314
437
170
365
473
431
376
269
180
366
356
249
394
153
381
315
310
403
315
470
287
223
344
609
349
291
357
243
402
282
352
240
161
294
379
265
594
415
378
181
172
243
314
521
417
287
273
426
272
444
409
230
301
288
398
460
241
292
237
215
294
310
384
276
119
387
233
601
328
277
447
401
350
242
365
363
314
394
343
323
188
241
172
499
493
248
278
453
414
203
574
164
318
397
581
393
227
111
298
452
376
138
418
229
265
102
340
619
288
342
528
215
235
438
410
239
268
251
416
169
522
550
222
159
487
150
217
535
509
273
295
167
418
499
420
293
471
212
405
228
237
257
387
233
477
293
321
171
310
361
592
338
283
391
201
292
246
469
294
343
183
242
321
222
362
375
418
417
367
223
183
537
546
344
122
140
365
398
394
200
399
288
391
105
342
55
309
507
536
368
344
393
421
310
207
284
386
363
506
228
241
356
424
409
324
282
541
431
393
348
157
274
253
562
293
289
254
183
44
333
547
371
326
274
228
816
389
348
307
159
168
425
282
214
254
399
492
232
248
161
212
256
368
457
644
235
404
348
453
214
300
291
369
164
317
185
351
324
214
232
245
404
403
323
160
509
592
375
239
386
342
182
179
519
235
276
235
321
137
523
348
446
278
226
156
391
420
337
242
392
151
129
337
481
366
169
231
551
277
295
236
644
494
170
178
431
388
223
445
286
310
274
218
394
125
398
262
402
296
302
466
499
498
250
160
310
215
174
293
110
390
181
286
699
415
106
298
348
228
305
474
359
282
349
291
284
220
306
219
511
430
279
172
152
584
222
236
226
551
219
371
437
418
286
456
285
270
307
319
169
399
471
295
366
537
336
300
161
493
168
369
573
284
182
174
242
287
255
337
755
349
234
322
120
268
633
168
339
517
435
65
302
439
358
260
260
103
589
313
238
317
471
381
286
327
549
421
352
237
477
272
320
333
129
272
210
321
244
223
519
319
292
328
616
310
346
332
375
125
270
254
257
335
331
283
631
126
212
389
270
425
283
128
412
487
341
322
195
528
600
260
278
351
429
168
244
358
168
619
386
240
297
217
237
463
342
461
661
192
350
281
323
226
168
152
286
507
415
463
278
279
248
270
555
241
401
484
303
292
219
223
462
448
464
172
186
610
274
175
298
307
341
347
244
315
353
285
204
398
447
352
386
451
366
220
368
314
125
230
488
267
290
237
350
240
270
220
333
287
334
399
319
656
386
217
100
377
358
399
401
309
215
356
400
418
212
171
357
314
179
284
233
330
532
311
417
394
390
364
175
234
445
340
394
106
277
353
442
219
443
527
353
184
348
341
404
292
457
514
273
318
251
179
311
562
357
239
328
341
291
319
243
480
500
283
220
283
391
449
174
283
338
336
340
222
267
342
331
357
179
210
383
266
284
252
319
404
343
419
405
274
246
351
441
509
327
238
234
272
297
368
171
110
219
549
229
531
357
823
452
359
363
220
330
303
46
576
329
199
350
531
562
351
343
557
420
224
150
218
231
210
263
439
409
566
162
220
354
231
213
353
479
110
282
225
520
277
332
381
327
273
437
44
267
474
371
347
229
526
87
279
451
387
175
169
319
240
409
297
300
129
386
666
379
443
237
225
160
229
411
277
397
248
218
250
340
624
159
278
357
441
306
276
455
258
351
342
335
252
461
455
364
126
195
262
524
182
434
246
380
339
436
518
542
225
111
445
280
312
170
293
189
97
427
462
600
157
314
638
329
238
275
370
418
274
198
345
343
266
394
185
319
548
336
241
333
420
181
277
462
228
293
269
449
337
316
257
255
153
292
395
314
223
553
298
109
459
391
212
360
109
353
549
323
277
237
137
306
557
397
261
327
243
181
272
284
228
574
359
280
341
152
517
193
257
428
333
227
437
219
156
343
631
267
461
297
290
327
258
360
110
347
474
478
368
138
282
454
305
468
287
300
318
285
286
712
695
174
109
286
131
459
230
391
476
465
290
179
409
190
335
601
317
417
331
232
302
375
177
282
358
309
290
294
375
626
352
527
258
345
347
365
419
349
185
376
354
173
295
635
131
309
423
121
354
465
295
234
432
469
380
375
148
240
441
182
374
438
515
218
234
277
244
55
535
515
516
80
386
305
337
594
360
269
352
238
289
377
247
224
179
604
493
242
329
520
422
75
385
295
353
358
246
282
452
60
230
343
257
370
321
469
411
500
273
187
358
110
292
213
111
466
631
209
317
179
549
232
169
238
612
767
326
101
232
292
359
243
421
419
270
560
441
100
172
648
342
449
241
283
177
128
268
345
644
279
114
280
384
340
393
559
396
288
277
182
111
442
413
390
610
269
336
222
335
404
553
358
378
319
276
254
61
62
241
492
519
381
327
351
346
330
354
236
385
288
159
129
361
341
425
206
177
342
424
460
284
380
320
234
118
246
377
175
398
582
109
78
430
771
320
536
243
245
320
307
332
336
171
490
334
239
440
485
266
322
287
365
241
168
432
368
280
320
46
254
464
244
206
485
272
320
256
276
128
526
473
314
277
249
411
195
300
368
473
269
198
122
456
503
167
450
292
269
455
505
264
480
389
174
235
388
304
216
416
325
551
338
212
99
358
348
447
286
195
267
121
284
217
627
407
278
315
576
436
167
431
302
129
280
232
286
399
459
376
44
234
264
376
263
473
352
397
505
344
177
487
49
429
280
324
214
352
539
176
267
307
385
424
597
239
168
226
542
235
170
176
281
460
170
333
360
389
389
260
281
216
350
270
329
565
325
331
491
149
277
100
248
232
404
281
309
377
442
267
393
236
345
233
417
373
350
219
437
300
186
325
459
471
285
219
202
373
300
234
298
549
398
463
185
297
108
422
318
217
659
404
298
231
217
407
448
718
242
389
337
280
358
484
125
348
344
272
280
393
369
456
202
218
371
612
355
373
302
335
466
257
322
416
163
384
508
201
175
307
230
560
396
202
389
551
158
50
154
770
397
418
327
380
368
107
178
252
520
277
222
322
282
595
325
370
209
390
386
311
153
307
352
222
318
379
349
320
318
162
152
426
489
330
374
455
189
362
169
334
353
179
261
393
277
545
316
273
162
318
289
377
244
166
443
328
378
469
279
208
548
155
254
340
345
333
327
333
388
256
357
485
220
461
496
346
386
303
410
453
127
248
344
240
372
379
355
297
378
118
178
308
120
412
390
423
424
467
279
217
482
222
306
308
366
139
419
295
372
295
168
386
417
213
572
329
151
516
440
336
307
236
228
387
695
308
184
181
184
583
154
288
211
418
544
278
317
275
378
352
121
162
551
260
372
404
168
241
166
575
314
167
261
226
242
269
563
374
398
516
394
389
178
263
339
47
252
351
206
527
444
481
255
266
178
269
197
221
270
253
238
363
273
531
403
335
267
285
387
424
169
275
108
357
200
387
381
444
117
397
411
428
227
406
334
421
252
330
276
531
172
84
446
301
567
388
267
313
186
261
463
466
347
153
211
158
457
281
363
368
286
310
312
322
233
259
325
368
377
445
356
101
264
458
401
423
309
288
335
491
358
114
465
294
357
613
350
303
155
227
383
402
110
419
529
510
165
239
459
239
355
487
519
234
138
399
435
292
466
116
388
430
461
296
298
131
189
406
232
371
308
795
272
242
178
109
302
242
385
236
280
320
340
347
473
196
343
252
419
508
233
377
272
262
536
439
103
454
315
381
550
171
239
286
273
425
524
360
218
111
394
155
258
305
402
230
312
408
344
326
293
324
407
212
343
166
634
561
283
338
153
632
135
116
492
276
617
412
367
164
61
255
279
164
574
509
515
381
232
178
164
242
431
283
406
459
449
354
271
276
195
361
285
604
389
238
175
319
296
411
288
621
416
315
158
247
158
282
413
626
493
221
248
236
326
302
489
168
239
322
491
418
430
316
285
226
177
250
429
195
344
420
442
202
575
380
275
270
302
361
405
294
439
368
430
340
216
413
421
475
348
528
322
366
281
512
293
252
318
217
290
352
286
226
541
338
240
461
295
323
272
285
390
393
443
260
374
107
389
303
285
628
600
174
286
224
615
224
222
300
429
390
156
392
291
378
415
165
555
556
463
185
207
275
407
440
367
232
338
397
444
211
285
280
440
221
280
334
140
619
341
359
230
306
476
217
365
105
274
406
224
371
233
480
266
358
391
428
242
276
481
587
319
178
375
411
172
345
306
320
388
414
203
237
274
265
351
415
240
234
298
247
529
460
236
113
231
386
377
358
305
418
291
219
334
284
548
250
211
457
337
285
192
294
117
274
312
305
366
426
503
442
164
353
537
289
382
265
308
165
418
295
686
274
110
312
260
476
297
226
434
319
279
503
323
171
263
418
295
216
550
290
347
267
391
292
154
216
204
564
440
232
219
471
388
338
304
516
450
173
59
334
357
367
394
261
326
336
169
344
312
286
320
266
627
306
411
397
311
193
373
398
281
120
274
381
439
372
405
445
222
344
635
120
128
226
63
402
516
316
228
469
348
222
253
292
229
223
533
408
364
381
345
332
438
312
273
235
221
164
164
266
561
514
629
93
115
296
354
488
363
277
436
740
283
289
451
434
234
367
110
357
232
242
479
300
343
403
496
208
299
373
187
571
479
277
137
325
177
340
118
616
452
246
230
411
353
277
507
509
159
777
63
47
209
743
417
270
143
506
486
212
233
281
452
236
211
170
489
309
496
531
351
56
297
288
277
329
193
380
324
171
341
402
349
548
382
305
163
102
268
444
679
341
363
214
168
299
302
278
78
254
501
545
312
715
178
102
436
182
178
518
572
287
123
368
159
55
697
327
302
231
230
357
446
430
220
312
515
429
292
424
396
302
232
46
124
545
488
237
294
422
346
585
494
442
110
233
381
378
695
192
49
143
366
376
281
421
533
385
397
169
129
330
276
410
465
232
241
202
320
464
347
316
778
391
160
249
337
370
175
485
326
361
358
396
264
107
451
354
285
289
316
319
431
219
352
290
183
577
279
304
177
695
410
219
428
281
297
290
253
114
528
178
417
474
167
400
484
271
148
229
468
233
229
531
187
272
344
590
232
297
264
244
419
225
319
270
162
129
274
520
485
304
274
360
346
232
685
230
457
323
567
410
287
385
226
188
509
220
293
501
221
360
243
307
280
228
466
296
315
291
479
449
261
460
335
222
229
355
485
457
214
268
239
334
238
309
399
465
213
230
462
352
248
262
339
455
289
221
308
365
260
328
515
292
282
272
294
309
778
416
170
186
463
541
314
163
556
443
179
333
351
422
233
390
434
421
174
141
561
293
510
455
461
242
345
274
194
466
421
406
46
384
737
345
371
156
136
359
289
62
422
393
291
304
286
553
448
242
533
553
225
203
133
250
413
178
373
407
284
533
358
177
344
340
624
477
288
152
388
181
241
168
359
293
443
46
552
670
319
233
296
276
334
391
327
305
168
277
384
345
347
421
445
123
137
171
508
344
303
626
218
439
513
266
61
362
458
100
207
766
489
283
411
473
399
354
335
214
671
302
301
109
476
398
360
227
520
294
397
442
315
117
214
535
606
421
99
325
520
490
314
161
268
287
552
117
396
579
218
413
525
323
109
241
478
176
159
198
498
529
378
508
330
411
267
389
301
349
435
321
469
218
355
219
509
519
269
351
215
385
378
224
171
226
458
389
235
249
473
490
348
300
438
183
231
393
469
561
170
424
324
222
308
473
333
350
468
166
235
524
246
361
352
474
100
511
345
414
235
260
288
435
166
484
608
271
388
338
307
208
444
360
193
344
349
279
286
502
463
497
213
155
290
201
364
568
318
341
420
353
415
347
288
178
297
456
174
242
460
536
566
346
170
102
337
420
228
459
296
444
187
169
390
382
433
470
336
245
184
296
437
506
259
242
289
190
318
107
266
471
330
212
353
442
306
274
400
150
231
281
487
451
233
330
353
216
460
548
174
531
532
285
152
362
307
289
281
526
298
290
229
553
473
392
109
398
120
279
610
434
346
47
514
165
156
392
510
238
290
295
284
267
312
52
332
349
240
461
534
235
338
220
471
423
238
139
343
235
321
345
270
416
449
102
277
499
223
302
284
405
512
533
289
355
301
279
173
190
479
505
236
423
226
301
289
246
171
459
542
358
212
232
365
243
199
453
334
465
583
225
119
374
282
372
410
743
338
221
513
117
279
245
357
293
342
438
541
289
177
102
386
232
351
374
347
225
543
284
364
300
180
107
308
371
373
394
372
395
173
364
477
580
269
345
290
340
309
567
318
304
442
240
264
778
363
259
412
329
307
226
347
546
423
417
253
181
194
510
302
185
582
272
373
513
196
438
189
384
662
413
186
588
105
224
328
168
283
300
551
531
412
50
441
313
552
239
325
578
245
323
253
471
448
112
391
320
339
244
420
328
368
246
296
210
353
524
234
321
217
296
612
292
358
274
167
304
411
449
294
364
232
185
575
409
292
349
394
375
472
47
260
261
361
474
225
331
218
395
167
447
354
220
420
164
286
349
397
381
271
170
165
423
625
62
494
332
456
248
397
378
255
421
137
303
420
306
331
250
555
394
120
470
283
259
272
280
210
437
566
319
274
239
387
226
279
415
282
398
406
560
310
353
222
277
291
209
221
527
367
151
369
370
199
392
354
382
243
346
153
260
497
705
378
173
421
342
384
224
177
326
149
405
616
331
528
472
225
248
177
343
327
339
215
417
571
278
299
394
223
287
342
286
415
160
286
690
385
140
388
236
283
433
410
331
238
425
357
171
346
422
183
345
383
492
374
430
286
300
264
472
494
639
371
110
228
233
248
304
457
476
239
351
170
301
373
387
290
169
236
375
581
348
215
292
290
405
168
282
325
261
322
371
372
330
398
237
289
117
671
547
368
164
111
410
268
423
240
296
510
294
281
366
369
420
110
87
638
468
282
286
499
439
167
94
238
387
491
477
315
412
433
349
555
207
270
307
278
242
426
721
287
318
174
191
294
508
101
218
459
289
343
466
107
283
347
360
350
228
407
520
415
286
300
411
390
191
630
327
352
406
420
346
448
237
404
369
601
334
108
520
428
244
315
177
484
354
377
497
168
196
262
485
601
222
358
324
153
263
321
358
449
281
457
414
242
244
222
235
307
596
303
247
283
295
400
653
346
218
245
307
231
303
412
450
378
287
174
225
177
387
664
267
280
365
206
300
339
265
417
543
249
123
499
630
545
169
408
285
383
181
169
574
339
304
414
508
393
221
181
431
457
381
187
123
367
320
505
336
278
657
275
210
165
474
166
277
460
214
53
366
557
170
226
315
465
246
310
459
350
164
235
193
494
462
232
312
504
460
169
324
288
389
265
279
642
162
162
220
171
466
361
423
422
207
421
356
180
223
372
239
343
170
386
285
445
557
359
285
244
193
257
244
220
173
487
750
299
345
159
287
265
195
609
283
437
433
55
144
311
604
237
231
209
297
485
443
285
399
334
338
325
298
486
776
164
330
311
126
227
338
442
362
493
236
551
240
344
477
418
171
236
466
238
470
425
163
368
452
398
169
410
338
306
280
133
416
342
396
351
253
123
422
314
471
305
288
270
398
329
333
236
325
395
263
403
435
383
232
111
206
225
573
171
514
497
269
46
340
473
543
420
537
442
161
227
241
210
358
519
341
211
503
237
321
279
328
408
378
203
282
245
308
311
366
389
457
215
266
412
222
292
128
422
539
468
328
407
346
221
189
196
286
839
316
566
227
178
327
488
231
327
389
347
472
404
178
243
605
586
275
382
175
279
191
181
409
294
512
309
400
232
196
332
340
328
296
540
320
288
301
456
236
250
244
413
283
286
420
307
426
410
213
560
278
406
196
274
302
230
273
441
425
348
366
299
190
252
304
300
349
399
553
119
136
398
294
473
367
593
233
298
462
504
300
122
299
474
360
544
286
53
263
351
103
519
535
429
289
210
312
350
372
332
112
304
311
346
213
328
470
236
334
349
463
468
154
396
334
226
390
295
535
529
182
111
230
463
222
326
484
314
214
316
289
577
411
346
430
212
221
308
154
232
428
520
262
317
443
388
396
189
513
177
163
355
437
657
338
349
427
130
635
151
202
397
133
224
504
298
543
273
297
308
311
482
397
275
296
419
316
294
266
113
444
216
564
230
469
533
298
112
164
227
672
426
291
118
383
305
306
476
456
370
243
184
424
274
308
350
312
318
184
255
652
457
275
284
419
335
229
250
404
436
311
58
316
336
653
458
172
115
233
338
378
410
380
482
156
383
193
222
380
648
116
376
394
422
460
356
280
185
169
184
396
392
325
245
589
228
338
334
292
339
468
279
230
344
269
496
373
169
375
699
289
165
103
182
237
431
348
380
252
171
218
575
475
376
168
176
235
412
188
262
522
253
242
296
222
652
607
392
301
262
240
368
479
365
175
297
447
170
577
299
389
294
457
320
193
464
226
163
254
291
414
230
352
359
369
46
352
165
373
599
350
162
125
512
436
347
327
309
225
417
143
219
597
317
113
354
506
391
431
156
408
188
311
363
302
265
167
364
282
543
443
428
120
464
444
334
434
272
201
453
179
105
408
360
504
684
158
164
496
358
252
725
397
232
437
362
339
307
495
354
293
423
450
462
416
328
501
60
260
358
365
270
224
568
383
294
288
344
276
548
162
335
193
462
213
332
390
119
269
449
479
152
205
526
382
522
181
115
335
227
404
279
240
460
509
574
441
183
111
298
357
323
160
449
431
336
162
411
224
205
864
275
104
242
506
344
99
275
226
236
340
295
186
344
698
206
443
533
236
80
424
276
161
234
486
218
505
604
399
120
219
465
131
428
269
403
663
280
217
167
212
482
237
455
163
307
562
321
185
334
439
164
415
165
201
366
472
368
159
150
626
448
251
307
388
202
260
502
368
307
225
185
321
574
442
336
154
201
428
437
406
285
364
171
200
345
277
383
263
306
482
246
389
165
347
447
360
208
592
209
221
447
231
121
282
500
553
350
332
284
263
332
274
305
475
438
356
409
377
307
274
422
335
164
302
341
342
441
344
215
249
606
164
199
496
417
282
332
304
287
102
284
451
300
356
163
290
645
416
404
295
230
244
259
211
127
291
417
334
269
273
515
457
213
357
646
350
163
212
334
440
386
283
307
519
180
154
370
466
269
282
175
554
325
445
288
261
203
266
101
298
350
289
470
644
272
254
309
297
353
391
450
248
337
443
242
217
331
341
205
246
366
371
289
275
361
352
182
325
465
495
315
203
274
565
298
344
334
109
559
270
299
369
708
330
299
190
311
324
343
407
334
600
103
357
471
533
157
241
175
422
350
248
234
265
451
296
329
234
368
364
490
446
226
338
286
267
271
371
284
443
462
202
342
353
220
401
477
90
452
268
234
254
344
455
325
322
435
268
230
236
336
163
628
458
154
203
44
267
337
604
566
213
260
218
110
389
374
451
223
273
393
374
168
151
435
242
476
269
346
487
274
506
212
111
332
320
333
334
278
289
346
214
269
321
358
379
324
322
368
414
371
208
221
301
489
164
249
473
498
153
120
120
239
489
482
530
120
357
512
281
224
216
367
294
393
276
223
362
232
464
274
168
426
331
62
433
294
472
352
213
247
285
386
263
433
354
220
431
268
357
110
391
456
182
233
256
283
384
366
337
333
389
389
336
381
257
266
347
354
305
297
495
357
229
486
259
285
209
272
446
274
346
254
404
490
243
203
219
335
325
278
299
529
497
277
222
167
220
466
104
330
389
465
520
338
113
215
99
532
489
376
344
334
206
330
269
436
320
361
392
221
220
374
471
543
383
282
249
231
225
111
497
441
398
334
303
173
204
351
349
297
506
364
339
402
233
277
256
427
709
451
118
277
259
440
311
588
437
206
297
52
377
652
488
380
283
215
213
220
426
281
444
356
145
207
514
272
212
342
468
281
446
154
225
326
330
306
389
392
222
174
452
202
349
483
497
405
282
152
107
332
209
492
221
278
698
285
232
221
469
270
235
464
478
270
179
250
177
238
373
464
306
352
531
423
218
256
516
331
326
535
159
377
232
295
382
264
391
404
173
115
639
332
229
318
232
372
504
463
322
225
216
451
284
219
390
525
369
288
321
304
383
382
395
110
171
536
328
276
241
271
388
614
356
409
356
379
164
270
479
356
526
225
219
469
267
169
484
516
353
188
343
295
348
370
396
285
385
240
289
263
184
255
403
408
354
175
218
298
568
175
231
109
282
433
230
402
279
495
315
161
300
399
340
561
241
329
385
172
166
257
282
517
123
325
675
228
311
372
288
298
388
235
121
429
453
367
218
213
346
344
218
212
354
228
279
354
374
198
233
220
226
289
403
309
421
497
161
241
341
459
152
289
474
431
510
180
277
223
223
263
452
331
290
670
362
62
311
476
191
321
301
181
780
536
193
393
408
274
244
196
358
403
434
182
546
193
363
308
182
331
297
241
406
353
270
574
359
325
284
561
226
426
221
380
233
117
311
409
634
275
132
234
135
269
374
357
361
511
423
377
299
403
314
345
238
224
284
360
341
225
49
354
305
418
664
405
229
392
354
220
332
276
163
358
388
226
525
208
339
485
239
390
289
334
258
179
154
284
369
512
412
214
307
361
791
301
224
175
442
426
287
170
246
395
250
352
291
487
634
241
177
156
470
590
165
311
469
175
425
298
172
363
452
222
426
619
219
281
340
303
117
332
341
319
412
157
464
331
162
407
485
418
452
279
280
396
292
409
395
122
489
505
321
353
239
350
190
396
165
336
377
131
460
363
313
264
457
366
411
395
170
253
311
689
160
191
213
363
342
160
549
274
402
171
207
268
546
365
339
232
277
233
354
283
328
348
393
373
237
238
426
366
300
555
468
243
191
306
326
348
239
483
109
116
463
351
420
258
360
360
161
374
375
294
235
212
458
373
166
412
463
311
518
212
254
128
434
417
340
234
311
444
219
468
333
228
231
354
521
428
395
78
446
300
156
421
430
323
473
252
175
306
384
289
293
390
272
166
504
280
397
299
287
214
274
402
195
447
422
117
328
280
355
357
292
333
203
433
294
257
466
283
476
226
489
288
344
169
295
173
344
220
203
274
174
770
382
188
388
262
291
260
553
525
298
368
199
358
105
437
308
435
227
190
335
341
274
534
158
223
347
172
340
409
397
590
523
227
424
393
282
373
325
547
185
304
380
392
382
464
226
102
332
284
449
310
239
187
280
301
408
578
360
248
416
377
412
404
159
242
285
165
