1455
1461
1358
1407
1354
1404
1391
1438
1397
1394
1409
1387
1409
1379
1369
1397
1417
1378
1358
1375
1390
1353
1382
1430
1393
1382
1357
1434
1386
1419
1411
1355
1413
1370
1391
1390
1409
1405
1402
1391
1390
1377
1371
1390
1448
1368
1358
1363
1379
1368
1397
1389
1365
1386
1377
1372
1417
1366
1366
1416
1397
1372
1379
1389
1392
1392
1359
1409
1380
1392
1365
1386
1386
1391
1397
1374
1383
1404
1414
1365
1404
1357
1402
1424
1462
1393
1422
1347
1395
1420
1379
1395
1378
1364
1392
1374
1403
1359
1370
1413
1403
1362
1395
1399
1397
1378
1413
1352
1390
1411
1392
1386
1381
1366
1368
1369
1357
1384
1352
1380
1379
1429
1399
1388
1416
1390
1398
1384
1418
1397
1368
1422
1363
1363
1376
1363
1393
1377
1411
1398
1400
1380
1393
1370
1361
1281
1377
1289
1373
1409
1414
1395
1374
1408
1404
1368
1384
1408
1357
1402
1367
1374
1379
1369
1393
1400
1402
1406
1411
1371
1393
1377
1376
1422
1409
1385
1400
1389
1401
1381
1375
1371
1385
1379
1396
1395
1360
1393
1430
1376
1404
1401
1388
1382
1414
1369
1400
1390
1365
1405
1405
1409
1396
1409
1381
1382
1378
1420
1393
1369
1399
1362
1363
1395
1378
1401
1381
1385
1417
1374
1366
1373
1343
1394
1412
1383
1380
1369
1397
1396
1412
1364
1396
1399
1402
1393
1386
1397
1408
1370
1382
1381
1401
1382
1368
1394
1328
1407
1400
1387
1402
1390
1401
1368
1367
1409
1383
1363
1368
1374
1370
1379
1376
1418
1383
1372
1371
1361
1377
1389
1414
1368
1397
1387
1406
1380
1383
1362
1396
1365
1402
1394
1401
1404
1391
1399
1370
1369
1407
1412
1398
1396
1417
1391
1372
1395
1372
1392
1358
1357
1408
1415
1397
1357
1373
1386
1417
1401
1377
1400
1416
1390
1371
1364
1375
1392
1407
1387
1394
1367
1388
1418
1430
1375
1381
1389
1353
1380
1362
1388
1368
1414
1414
1392
1385
1358
1342
1365
1378
1379
1379
1392
1395
1390
1368
1363
1376
1388
1364
1382
1386
1367
1355
1376
1408
1344
1370
1380
1432
1394
1396
1383
1355
1370
1399
1421
1392
1402
1369
1335
1410
1338
1400
1363
1380
1418
1402
1394
1360
1379
1417
1427
1394
1410
1399
1363
1386
1412
1353
1368
1358
1383
1380
1404
1381
1398
1379
1258
1406
1372
1366
1403
1383
1397
1373
1413
1395
1355
1394
1375
1401
1405
1357
1375
1369
1373
1329
1362
1405
1377
1396
1382
1426
1404
1391
1384
1374
1383
1405
1392
1358
1358
1346
1414
1402
1363
1407
1390
1373
1413
1439
1386
1377
1402
1391
1394
1402
1367
1412
1375
1393
1387
1359
1380
1368
1376
1388
1395
1365
1387
1380
1397
1408
1433
1361
1429
1365
1420
1385
1406
1310
1411
1395
1407
1364
1419
1444
1443
1387
1369
1384
1369
1412
1391
1345
1377
1381
1365
1398
1370
1362
1409
1370
1378
1396
1357
1325
1399
1243
1359
1396
1360
1367
1384
1418
1335
1381
1366
1386
1404
1402
1401
1368
1381
1381
1403
1380
1363
1371
1368
1384
1396
1406
1401
1407
1372
1396
1395
1378
1364
1424
1364
1407
1367
1388
1394
1357
1405
1399
1404
1372
1394
1424
1368
1372
1363
1392
1433
1387
1358
1389
1390
1360
1364
1397
1407
1418
1377
1359
1399
1396
1419
1412
1413
1406
1375
1373
1375
1405
1425
1360
1371
1387
1399
1412
1400
1411
1362
1404
1411
1355
1404
1405
1308
1378
1400
1412
1362
1399
1383
1396
1382
1395
1382
1373
1371
1383
1410
1357
1372
1379
1402
1360
1401
1362
1407
1386
1381
1395
1382
1368
1386
1361
1376
1409
1378
1422
1384
1383
1364
1392
1408
1370
1383
1406
1413
1407
1380
1394
1393
1449
1404
1386
1382
1400
1377
1398
1398
1386
1359
1414
1367
1385
1371
1379
1410
1407
1323
1367
1365
1403
1395
1405
1409
1381
1399
1363
1367
1423
1409
1416
1345
1410
1415
1364
1390
1378
1408
1387
1384
1374
1355
1367
1373
1373
1409
1383
1401
1146
1384
1390
1386
1392
1390
1401
1387
1394
1392
1401
1409
1399
1370
1382
1395
1423
1379
1363
1415
1389
1417
1395
1367
1425
1360
1373
1417
1402
1401
1406
1379
1393
1404
1388
1361
1400
1367
1355
1409
1370
1420
1379
1400
1402
1391
1406
1377
1365
1419
1371
1412
1388
1393
1390
1367
1402
1409
1430
1363
1414
1361
1382
1413
1354
1371
1383
1391
1401
1378
1413
1383
1412
1364
1396
1382
1366
1365
1358
1402
1384
1369
1373
1379
1391
1386
1389
1378
1386
1383
1371
1396
1386
1385
1375
1395
1389
1382
1374
1387
1391
1362
1393
1377
1360
1406
1409
1405
1429
1367
1360
1376
1397
1373
1355
1404
1406
1400
1406
1384
1388
1368
1385
1406
1401
1381
1378
1374
1389
1384
1407
1357
1414
1376
1389
1379
1381
1375
1368
1399
1386
1389
1363
1398
1391
1371
1412
1392
1408
1395
1402
1380
1371
1402
1412
1367
1375
1378
1383
1376
1375
1398
1391
1381
1412
1365
1402
1369
1381
1410
1377
1426
1411
1354
1364
1358
1399
1390
1397
1372
1379
1386
1382
1425
1411
1389
1393
1377
1377
1395
1373
1414
1389
1385
1385
1396
1386
1419
1424
1402
1377
1383
1377
1391
1402
1379
1355
1417
1409
1372
1377
1411
1385
1363
1408
1364
1365
1409
1428
1404
1422
1415
1377
1396
1408
1408
1404
1401
1386
1406
1382
1364
1362
1386
1378
1360
1401
1359
1387
1399
1383
1384
1360
1367
1368
1383
1378
1370
1363
1410
1413
1409
1371
1368
1398
1359
1407
1405
1387
1381
1393
1410
1360
1408
1389
1378
1373
1421
1385
1366
1406
1401
1407
1359
1392
1403
1435
1407
1355
1369
1361
1384
1414
1402
1362
1372
1405
1421
1405
1383
1368
1356
1368
1384
1412
1380
1406
1367
1410
1400
1411
1366
1359
1375
1406
1378
1404
1378
1428
1382
1380
1403
1416
1405
1394
1392
1409
1391
1397
1382
1400
1389
1363
1408
1371
1387
1410
1379
1368
1396
1412
1362
1401
1392
1395
1364
1378
1368
1383
1425
1358
1400
1396
1356
1403
1397
1392
1390
1404
1418
1390
1372
1389
1397
1411
1397
1381
1407
1391
1412
1397
1381
1398
1395
1377
1405
1382
1416
1398
1415
1431
1394
1394
1368
1387
1371
1418
1386
1345
1381
1376
1373
1402
1403
1389
1402
1398
1358
1374
1398
1369
1412
1403
1369
1375
1372
1407
1374
1401
1392
1365
1402
1364
1383
1426
1363
1382
1368
1435
1400
1367
1408
1401
1382
1398
1401
1395
1364
1382
1380
1410
1415
1357
1402
1375
1319
1387
1365
1402
1377
1429
1367
1363
1376
1369
1466
1386
1407
1402
1407
1377
1391
1353
1412
1428
1412
1411
1398
1431
1407
1412
1406
1365
1371
1402
1382
1365
1376
1395
1401
1363
1406
1421
1368
1354
1369
1404
1388
1367
1406
1378
1392
1405
1367
1373
1365
1369
1367
1378
1379
1397
1395
1376
1389
1398
1368
1399
1358
1414
1389
1363
1391
1395
1395
1393
1396
1403
1392
1394
1396
1406
1363
1389
1373
1395
1373
1389
1389
1427
1392
1391
1415
1369
1400
1412
1368
1414
1392
1375
1413
1396
1399
1394
1385
1401
1416
1378
1365
1396
1374
1377
1405
1412
1430
1414
1389
1411
1379
1399
1369
1395
1396
1406
1412
1364
1373
1412
1400
1394
1398
1424
1395
1412
1381
1414
1360
1372
1381
1369
1355
1392
1423
1380
1406
1419
1406
1399
1415
1382
1376
1362
1413
1379
1356
1356
1382
1365
1371
1418
1409
1375
1380
1381
1426
1378
1395
1394
1423
1402
1431
1382
1386
1384
1376
1402
1393
1363
1366
1419
1381
1360
1383
1371
1385
1407
1385
1474
1384
1400
1405
1357
1409
1411
1377
1377
1379
1426
1361
1375
1395
1395
1349
1419
1352
1376
1367
1399
1369
1402
1370
1414
1361
1370
1368
1379
1391
1406
1395
1377
1371
1400
1397
1378
1401
1395
1360
1362
1361
1369
1399
1424
1418
1385
1386
1402
1385
1415
1416
1361
1359
1399
1417
1391
1419
1402
1356
1398
1369
1390
1397
1373
1395
1411
1380
1403
1425
1369
1377
1389
1397
1378
1383
1398
1370
1378
1389
1383
1405
1399
1363
1375
1419
1411
1372
1425
1379
1358
1412
1397
1363
1419
1392
1393
1366
1384
1357
1364
1397
1377
1364
1389
1356
1352
1396
1322
1406
1397
1373
1389
1397
1379
1374
1379
1426
1394
1373
1391
1388
1358
1366
1376
1406
1399
1372
1407
1400
1416
1405
1357
1388
1274
1370
1367
1390
1386
1405
1383
1399
1337
1393
1372
1397
1381
1368
1368
1392
1379
1382
1358
1401
1386
1413
1412
1391
1381
1399
1414
1406
1390
1352
1363
1420
1375
1392
1395
1394
1363
1366
1370
1400
1410
1367
1391
1379
1371
1387
1381
1411
1414
1403
1370
1413
1404
1382
1372
1359
1411
1412
1398
1374
1372
1383
1421
1408
1395
1369
1397
1382
1398
1413
1375
1397
1361
1432
1395
1379
1382
1394
1398
1363
1400
1409
1401
1387
1384
1388
1395
1370
1379
1393
1401
1361
1353
1400
1390
1400
1422
1363
1366
1379
1379
1364
1381
1396
1355
1380
1358
1375
1408
1390
1387
1337
1405
1419
1430
1387
1420
1393
1352
1419
1389
1402
1369
1368
1411
1404
1393
1337
1378
1386
1406
1377
1392
1365
1399
1359
1385
1389
1366
1417
1425
1414
1405
1421
1283
1403
1413
1380
1370
1386
1411
1398
1392
1377
1376
1362
1396
1379
1391
1367
1405
1411
1396
1419
1400
1385
1403
1377
1416
1360
1375
1382
1412
1392
1402
1392
1403
1384
1375
1386
1389
1362
1362
1373
1391
1364
1356
1366
1369
1414
1395
1368
1379
1282
1377
1423
1377
1406
1381
1390
1375
1376
1356
1379
1376
1377
1343
1371
1415
1376
1404
1410
1356
1369
1406
1369
1353
1371
1345
1434
1421
1390
1362
1407
1407
1377
1410
1407
1424
1410
1407
1364
1395
1353
1390
1356
1362
1380
1379
1389
1398
1372
1359
1407
1378
1370
1405
1409
1353
1392
1366
1376
1366
1378
1370
1405
1397
1354
1405
1352
1411
1398
1367
1357
1404
1404
1371
1425
1399
1378
1367
1396
1442
1373
1405
1360
1384
1397
1426
1394
1380
1393
1425
1374
1366
1406
1378
1371
1355
1359
1364
1394
1387
1367
1138
1397
1418
1377
1409
1374
1378
1365
1402
1419
1360
1388
1417
1385
1408
1396
1336
1389
1401
1367
1366
1396
1397
1398
1372
1372
1409
1389
1407
1383
1381
1387
1398
1407
1403
1375
1386
1385
1369
1398
1409
1367
1368
1371
1385
1394
1382
1411
1423
1396
1394
1371
1380
1376
1352
1434
1395
1391
1393
1392
1359
1380
1358
1383
1388
1371
1388
1375
1390
1362
1396
1395
1401
1411
1362
1382
1385
1384
1367
1216
1358
1425
1408
1411
1377
1389
1408
1377
1412
1397
1418
1384
1400
1362
1421
1370
1355
1394
1371
1358
1370
1403
1360
1405
1387
1346
1404
1410
1393
1406
1353
1380
1363
1399
1385
1396
1364
1394
1384
1377
1359
1372
1388
1394
1394
1411
1378
1387
1401
1387
1329
1367
1409
1368
1390
1354
1381
1367
1370
1392
1403
1381
1412
1389
1399
1370
1402
1360
1426
1394
1414
1403
1393
1370
1377
1377
1375
1400
1427
1363
1380
1396
1371
1419
1375
1412
1368
1387
1363
1372
1385
1368
1401
1369
1414
1410
1365
1357
1392
1395
1404
1388
1380
1372
1415
1409
1410
1440
1397
1398
1379
1408
1407
1434
1413
1386
1383
1401
1377
1388
1359
1381
1406
1382
1391
1398
1382
1386
1379
1368
1403
1376
1387
1401
1401
1417
1412
1365
1405
1368
1409
1412
1389
1387
1366
1424
1385
1373
1373
1380
1386
1370
1403
1416
1379
1310
1396
1393
1400
1389
1356
1388
1408
1398
1392
1405
1414
1370
1401
1416
1415
1370
1390
1393
1374
1389
1386
1385
1386
1366
1386
1373
1416
1379
1369
1388
1402
1401
1386
1383
1421
1397
1358
1411
1414
1422
1470
1372
1411
1426
1377
1382
1393
1405
1387
1383
1360
1393
1374
1383
1397
1414
1394
1423
1407
1416
1356
1420
1396
1387
1366
1402
1388
1377
1404
1425
1402
1389
1397
1399
1369
1360
1403
1368
1374
1332
1367
1358
1383
1415
1351
1386
1427
1412
1401
1374
1416
1410
1407
1383
1403
1379
1361
1379
1396
1360
1398
1411
1383
1389
1384
1389
1359
1385
1408
1408
1388
1402
1388
1368
1415
1404
1409
1392
1372
1369
1361
1375
1399
1364
1390
1416
1380
1376
1417
1410
1378
1403
1366
1402
1400
1401
1393
1364
1374
1394
1361
1396
1406
1367
1359
1417
1367
1331
1436
1424
1410
1414
1398
1402
1397
1413
1372
1373
1382
1293
1415
1391
1417
1422
1419
1383
1399
1391
1399
1392
1396
1408
1363
1397
1404
1410
1389
1429
1354
1412
1405
1416
1385
1396
1400
1396
1409
1368
1387
1413
1377
1399
1376
1400
1371
1419
1382
1406
1369
1387
1243
1418
1409
1404
1400
1384
1395
1393
1375
1374
1421
1386
1383
1388
1361
1384
1405
1395
1394
1395
1365
1375
1405
1370
1388
1360
1392
1392
1390
1416
1385
1376
1429
1357
1377
1392
1374
1413
1398
1365
1419
1398
1416
1371
1397
1407
1381
1373
1389
1374
1369
1361
1386
1367
1392
1390
1370
1364
1422
1374
1383
1354
1416
1414
1382
1410
1366
1390
1375
1398
1390
1357
1411
1356
1390
1370
1388
1425
1389
1381
1383
1366
1400
1359
1402
1378
1432
1403
1373
1409
1413
1433
1398
1383
1410
1403
1424
1400
1380
1390
1417
1362
1400
1376
1397
1398
1377
1389
1360
1411
1418
1409
1360
1371
1420
1405
1359
1376
1381
1393
1373
1416
1366
1366
1372
1379
1384
1364
1364
1362
1136
1387
1400
1359
1383
1409
1391
1382
1368
1356
1391
1359
1374
1358
1383
1428
1383
1402
1388
1383
1365
1372
1413
1420
1425
1392
1414
1389
1397
1420
1368
1350
1377
1407
1378
1394
1379
1380
1357
1390
1391
1382
1359
1397
1374
1382
1397
1361
1366
1369
1395
1407
1381
1362
1385
1397
1410
1365
1362
1402
1397
1402
1378
1397
1400
1372
1384
1364
1365
1407
1397
1383
1405
1409
1404
1413
1411
1368
1382
1428
1377
1392
1290
1410
1374
1406
1362
1378
1379
1378
1389
1401
1373
1379
1387
1402
1400
1427
1417
1331
1385
1378
1436
1416
1391
1392
1391
1404
1375
1417
1369
1414
1362
1398
1369
1358
1380
1420
1381
1364
1363
1395
1407
1358
1385
1410
1409
1388
1374
1372
1391
1404
1376
1405
1400
1376
1397
1374
1420
1387
1387
1389
1367
1409
1388
1397
1386
1389
1372
1391
1408
1232
1379
1387
1423
1393
1373
1390
1414
1384
1387
1419
1400
1386
1429
1376
1392
1380
1388
1418
1394
1377
1384
1409
1415
1358
1409
1432
1368
1427
1395
1374
1408
1383
1381
1387
1407
1404
1359
1354
1379
1396
1402
1403
1391
1388
1364
1388
1365
1424
1413
1374
1355
1403
1404
1370
1399
1360
1411
1384
1357
1415
1400
1388
1367
1257
1402
1387
1412
1401
1366
1436
1377
1367
1383
