1294
1326
1295
1332
1299
1306
1293
1315
1326
1316
1296
1292
1329
1297
1302
1322
1304
1202
1317
1294
1292
1312
1304
1312
1315
1292
1324
1290
1316
1316
1309
1301
1290
1317
1298
1298
1296
1330
1309
1302
1335
1337
1318
1332
1300
1293
1311
1300
1290
1314
1293
1293
1311
1331
1293
1291
1300
1323
1292
1290
1316
1298
1298
1333
1298
1292
1295
1290
1295
1296
1291
1296
1290
1320
1339
1301
1301
1303
1290
1298
1333
1326
1292
1300
1329
1292
1302
1291
1344
1317
1301
1299
1291
1293
1303
1291
1327
1292
1315
1338
1300
1303
1314
1294
1299
1309
1308
1291
1297
1300
1321
1323
1330
1290
1296
1323
1293
1299
1298
1295
1291
1300
1291
1294
1313
1307
1304
1295
1294
1293
1336
1302
1290
1291
1328
1295
1302
1301
1331
1290
1314
1291
1294
1297
1323
1295
1292
1290
1297
1293
1298
1325
1301
1297
1292
1298
1298
1290
1293
1302
1299
1293
1295
1294
1294
1312
1295
1291
1303
1292
1332
1303
1292
1300
1293
1295
1294
1298
1296
1297
1293
1295
1323
1295
1296
1338
1300
1303
1290
1292
1299
1298
1298
1294
1299
1315
1336
1292
1295
1291
1295
1327
1321
1324
1344
1294
1290
1296
1297
1303
1291
1300
1303
1290
1308
1326
1312
1312
1334
1295
1296
1291
1294
1314
1291
1329
1323
1294
1313
1296
1298
1293
1309
1295
1310
1297
1298
1302
1294
1293
1314
1291
1290
1332
1298
1316
1294
1301
1323
1295
1296
1295
1300
1299
1297
1294
1303
1328
1305
1306
1311
1292
1323
1292
1227
1304
1294
1292
1318
1329
1294
1339
1300
1307
1300
1329
1300
1295
1290
1292
1291
1302
1323
1298
1291
1290
1295
1296
1291
1343
1291
1294
1297
1303
1315
1292
1319
1295
1316
1301
1292
1291
1292
1294
1343
1310
1293
1318
1316
1299
1296
1294
1296
1293
1293
1314
1296
1292
1296
1296
1294
1293
1292
1301
1303
1291
1293
1297
1292
1290
1293
1295
1315
1337
1308
1303
1293
1307
1296
1296
1338
1335
1304
1337
1297
1295
1302
1306
1312
1334
1290
1302
1321
1294
1312
1294
1317
1296
1295
1290
1296
1297
1311
1303
1301
1333
1291
1298
1296
1314
1299
1311
1300
1290
1318
1294
1290
1294
1340
1302
1302
1293
1314
1296
1336
1313
1292
1315
1294
1322
1341
1295
1292
1293
1297
1291
1302
1307
1299
1290
1319
1294
1293
1305
1292
1293
1307
1298
1313
1296
1295
1292
1319
1298
1298
1306
1296
1332
1290
1292
1328
1301
1291
1294
1291
1306
1313
1337
1333
1303
1291
1298
1290
1293
1310
1304
1299
1303
1299
1294
1307
1298
1290
1299
1296
1300
1313
1297
1331
1311
1241
1301
1327
1315
1294
1303
1297
1297
1300
1295
1292
1302
1306
1297
1303
1296
1303
1294
1293
1301
1300
1292
1297
1290
1334
1290
1296
1310
1331
1292
1346
1325
1309
1304
1328
1293
1299
1304
1291
1300
1296
1294
1290
1294
1295
1323
1313
1302
1310
1314
1304
1298
1291
1298
1290
1292
1333
1345
1332
1291
1292
1309
1290
1314
1303
1303
1341
1290
1329
1306
1313
1295
1300
1292
1322
1298
1290
1317
1292
1344
1297
1335
1291
1316
1294
1292
1308
1290
1299
1295
1307
1296
1290
1300
1295
1291
1297
1300
1292
1296
1298
1327
1291
1314
1296
1294
1297
1298
1290
1338
1295
1298
1314
1299
1295
1300
1292
1308
1301
1317
1301
1327
1337
1291
1311
1290
1296
1304
1321
1296
1295
1297
1324
1293
1303
1309
1291
1296
1292
1293
1298
1291
1293
1294
1291
1303
1342
1330
1296
1306
1293
1296
1298
1301
1337
1293
1298
1328
1299
1335
1298
1310
1302
1297
1303
1299
1290
1313
1297
1291
1303
1335
1311
1318
1336
1302
1290
1303
1319
1301
1343
1299
1322
1292
1293
1303
1299
1314
1338
1330
1303
1293
1305
1295
1324
1293
1339
1290
1293
1290
1310
1323
1307
1309
1324
1319
1294
1319
1296
1297
1292
1321
1339
1309
1297
1292
1292
1290
1291
1294
1301
1301
1297
1300
1295
1309
1292
1302
1301
1303
1295
1293
1296
1322
1299
1298
1330
1315
1293
1295
1297
1320
1301
1291
1302
1297
1266
1292
1292
1296
1294
1298
1300
1294
1272
1314
1291
1309
1298
1299
1297
1304
1301
1291
1315
1296
1295
1300
1295
1299
1296
1298
1335
1290
1310
1293
1333
1323
1304
1290
1299
1300
1301
1341
1295
1314
1297
1293
1310
1305
1299
1299
1321
1327
1316
1317
1328
1293
1302
1309
1291
1304
1301
1300
1315
1298
1304
1298
1268
1307
1298
1301
1291
1312
1305
1299
1290
1296
1309
1315
1290
1293
1301
1295
1308
1291
1337
1290
1300
1290
1291
1319
1296
1291
1296
1294
1336
1319
1296
1308
1312
1311
1298
1304
1303
1294
1297
1302
1316
1292
1325
1320
1332
1291
1290
1286
1293
1295
1294
1298
1311
1296
1338
1309
1297
1317
1291
1291
1290
1295
1295
1293
1317
1332
1296
1302
1299
1330
1300
1340
1299
1293
1329
1313
1302
1308
1294
1295
1298
1302
1332
1336
1296
1307
1275
1295
1337
1295
1297
1301
1298
1308
1333
1298
1295
1316
1295
1291
1314
1295
1329
1293
1292
1320
1301
1293
1290
1291
1318
1299
1291
1237
1305
1291
1302
1333
1304
1292
1337
1301
1300
1303
1292
1301
1290
1344
1296
1299
1338
1295
1299
1320
1296
1315
1323
1296
1298
1293
1293
1324
1297
1293
1290
1300
1292
1294
1301
1311
1332
1324
1292
1291
1294
1296
1297
1291
1311
1309
1295
1300
1290
1312
1292
1315
1308
1301
1326
1292
1290
1299
1306
1306
1293
1299
1335
1309
1290
1332
1315
1298
1295
1314
1302
1301
1300
1319
1293
1299
1295
1301
1290
1321
1337
1293
1339
1295
1295
1291
1319
1293
1306
1300
1290
1347
1295
1345
1290
1337
1290
1300
1299
1316
1328
1293
1293
1309
1291
1333
1300
1314
1291
1291
1301
1304
1291
1296
1292
1302
1307
1291
1316
1333
1295
1296
1314
1311
1294
1339
1294
1333
1313
1295
1326
1290
1290
1303
1292
1275
1301
1295
1296
1292
1309
1300
1292
1322
1319
1303
1290
1292
1325
1296
1308
1301
1296
1302
1298
1294
1291
1293
1292
1294
1297
1292
1299
1296
1292
1314
1292
1317
1293
1298
1301
1297
1296
1325
1308
1291
1297
1296
1323
1315
1316
1301
1291
1293
1291
1296
1292
1292
1299
1325
1326
1191
1293
1300
1304
1300
1300
1292
1298
1321
1301
1293
1304
1304
1300
1296
1306
1290
1295
1328
1310
1293
1309
1293
1300
1297
1295
1295
1290
1303
1295
1302
1301
1300
1320
1297
1303
1291
1309
1308
1297
1296
1331
1330
1290
1298
1320
1300
1291
1293
1310
1307
1295
1308
1295
1293
1311
1326
1300
1298
1329
1293
1292
1299
1290
1300
1291
1302
1322
1320
1291
1300
1305
1315
1292
1295
1294
1313
1291
1308
1290
1306
1327
1339
1293
1302
1257
1308
1292
1310
1302
1293
1296
1297
1306
1309
1339
1306
1297
1335
1338
1298
1315
1296
1290
1300
1325
1295
1338
1293
1291
1317
1292
1294
1295
1298
1291
1302
1296
1291
1300
1297
1322
1310
1295
1298
1309
1298
1295
1305
1332
1302
1307
1308
1301
1338
1305
1335
1313
1293
1297
1328
1303
1329
1298
1338
1296
1296
1292
1301
1292
1293
1291
1298
1323
1293
1290
1295
1311
1304
1297
1300
1300
1300
1295
1326
1290
1337
1301
1291
1298
1303
1299
1309
1293
1296
1294
1292
1335
1302
1317
1291
1296
1297
1318
1293
1298
1306
1295
1298
1295
1298
1303
1296
1290
1296
1306
1334
1291
1295
1308
1303
1314
1333
1313
1305
1332
1331
1292
1292
1310
1298
1302
1330
1300
1337
1292
1298
1299
1308
1292
1344
1338
1312
1296
1294
1304
1310
1300
1297
1312
1301
1299
1294
1300
1296
1339
1291
1221
1297
1301
1318
1295
1301
1310
1308
1322
1300
1317
1291
1325
1302
1309
1292
1312
1316
1333
1296
1320
1305
1303
1339
1293
1294
1308
1333
1299
1329
1324
1315
1290
1290
1308
1294
1330
1296
1336
1295
1297
1335
1297
1290
1296
1303
1326
1300
1302
1302
1312
1296
1304
1331
1306
1321
1300
1319
1293
1300
1296
1295
1313
1293
1293
1311
1317
1326
1295
1315
1340
1334
1339
1299
1311
1302
1342
1307
1296
1298
1332
1292
1340
1291
1299
1295
1292
1290
1327
1305
1344
1304
1332
1290
1337
1294
1297
1290
1291
1298
1292
1297
1325
1297
1298
1327
1320
1294
1306
1326
1293
1290
1335
1325
1334
1296
1291
1291
1300
1297
1309
1290
1294
1300
1330
1323
1344
1295
1290
1297
1294
1290
1326
1291
1322
1330
1290
1298
1335
1292
1300
1298
1299
1297
1297
1296
1336
1302
1292
1337
1297
1335
1301
1311
1297
1294
1301
1297
1298
1316
1293
1311
1292
1323
1332
1300
1291
1290
1296
1293
1331
1294
1319
1290
1303
1304
1318
1290
1291
1329
1298
1310
1290
1335
1340
1301
1297
1300
1290
1290
1291
1307
1317
1320
1327
1320
1290
1303
1301
1291
1334
1298
1305
1297
1301
1312
1295
1302
1324
1291
1291
1292
1299
1294
1319
1292
1302
1301
1318
1290
1290
1321
1296
1294
1293
1293
1290
1310
1293
1292
1297
1320
1291
1321
1296
1299
1302
1336
1295
1294
1295
1294
1298
1297
1304
1293
1304
1292
1297
1316
1301
1292
1330
1291
1295
1296
1338
1336
1303
1299
1300
1294
1291
1295
1294
1294
1297
1294
1292
1297
1300
1319
1300
1337
1313
1292
1291
1332
1291
1317
1305
1295
1301
1297
1294
1336
1298
1311
1295
1324
1297
1297
1322
1300
1300
1304
1304
1320
1333
1297
1302
1305
1296
1293
1295
1337
1292
1296
1293
1294
1305
1294
1303
1296
1306
1321
1293
1300
1310
1221
1297
1301
1292
1290
1318
1337
1328
1295
1335
1291
1290
1296
1305
1327
1293
1296
1291
1320
1290
1336
1296
1332
1309
1295
1299
1345
1295
1295
1331
1299
1292
1295
1329
1329
1294
1339
1298
1302
1293
1301
1317
1302
1293
1333
1294
1292
1295
1294
1295
1340
1332
1301
1290
1305
1306
1299
1327
1323
1296
1324
1307
1292
1296
1313
1301
1301
1297
1323
1300
1322
1301
1301
1300
1292
1291
1291
1298
1295
1294
1291
1313
1306
1297
1300
1329
1301
1291
1170
1290
1291
1298
1320
1328
1308
1298
1304
1291
1291
1338
1294
1299
1313
1290
1300
1298
1297
1304
1335
1299
1325
1304
1296
1296
1292
1329
1292
1295
1294
1290
1296
1308
1325
1293
1308
1313
1298
1294
1335
1319
1317
1301
1297
1316
1312
1293
1302
1304
1328
1310
1311
1292
1312
1296
1290
1294
1293
1294
1313
1341
1302
1316
1293
1291
1332
1296
1291
1313
1313
1317
1291
1301
1293
1305
1306
1295
1329
1300
1330
1329
1310
1296
1298
1292
1316
1299
1339
1330
1304
1323
1294
1304
1311
1328
1295
1291
1324
1304
1290
1299
1291
1299
1303
1302
1314
1299
1299
1296
1290
1297
1302
1307
1301
1260
1292
1318
1298
1291
1301
1296
1296
1292
1299
1283
1293
1297
1302
1293
1304
1296
1292
1344
1320
1330
1298
1298
1307
1297
1304
1300
1290
1335
1290
1324
1292
1299
1335
1290
1296
1298
1306
1317
1293
1298
1318
1294
1324
1293
1293
1293
1299
1293
1292
1335
1313
1293
1301
1321
1294
1310
1305
1292
1293
1311
1309
1297
1290
1323
1294
1304
1291
1298
1292
1333
1310
1296
1297
1291
1300
1291
1345
1334
1307
1291
1314
1294
1297
1298
1307
1295
1335
1321
1310
1296
1291
1291
1341
1296
1320
1300
1295
1321
1329
1299
1302
1291
1295
1294
1293
1300
1298
1304
1300
1294
1303
1297
1290
1308
1307
1290
1326
1320
1290
1296
1344
1332
1330
1305
1295
1292
1301
1297
1325
1300
1322
1345
1304
1291
1345
1294
1303
1309
1308
1293
1297
1298
1340
1335
1309
1268
1307
1344
1297
1308
1298
1290
1302
1298
1334
1339
1311
1291
1298
1320
1303
1227
1291
1291
1309
1291
1303
1297
1290
1290
1291
1297
1310
1295
1295
1304
1295
1295
1311
1297
1292
1296
1296
1291
1293
1298
1294
1306
1297
1341
1292
1328
1298
1300
1339
1333
1306
1302
1296
1300
1307
1304
1312
1291
1306
1296
1327
1291
1293
1309
1296
1314
1328
1304
1294
1306
1300
1309
1290
1293
1299
1294
1335
1294
1293
1293
1297
1302
1303
1306
1294
1300
1324
1295
1301
1299
1330
1294
1318
1294
1297
1290
1291
1293
1298
1291
1329
1311
1308
1300
1302
1305
1292
1318
1301
1345
1309
1317
1307
1298
1295
1294
1304
1296
1338
1297
1292
1306
1311
1293
1298
1291
1295
1291
1291
1095
1290
1333
1307
1290
1294
1310
1322
1293
1298
1292
1295
1336
1312
1296
1311
1293
1338
1291
1292
1312
1297
1295
1344
1299
1295
1304
1319
1292
1295
1300
1319
1308
1290
1338
1334
1292
1291
1315
1296
1299
1295
1290
1297
1295
1294
1293
1293
1329
1310
1295
1298
1304
1296
1326
1291
1294
1300
1333
1295
1297
1318
1295
1293
1290
1309
1292
1300
1297
1291
1296
1296
1295
1322
1328
1292
1300
1297
1294
1294
1302
1324
1290
1337
1292
1291
1322
1292
1301
1296
1294
1340
1310
1333
1292
1297
1327
1303
1292
1316
1295
1299
1302
1327
1302
1307
1296
1303
1300
1299
1306
1290
1290
1293
1302
1292
1334
1290
1320
1296
1320
1323
1314
1300
1341
1294
1301
1294
1304
1304
1303
1316
1321
1301
1303
1315
1301
1303
1319
1317
1303
1295
1291
1342
1292
1316
1291
1294
1293
1293
1294
1329
1293
1303
1323
1312
1312
1338
1291
1293
1296
1292
1295
1331
1291
1316
1291
1323
1299
1297
1302
1295
1292
1300
1291
1290
1295
1295
1317
1316
1292
1304
1297
1303
1304
1293
1299
1301
1327
1295
1303
1324
1312
1294
1295
1292
1297
1291
1302
1296
1301
1300
1333
1301
1343
1295
1301
1303
1297
1299
1298
1293
1293
1325
1320
1323
1291
1313
1300
1297
1291
1292
1296
1305
1334
1297
1294
1297
1291
1335
1301
1238
1328
1294
1296
1300
1216
1292
1297
1293
1320
1296
1301
1338
1314
1312
1323
1331
1295
1298
1333
1298
1292
1295
1305
1336
1311
1314
1295
1340
1290
1296
1317
1294
1290
1309
1312
1329
1296
1296
1295
1317
1298
1303
1301
1303
1294
1315
1294
1297
1298
1304
1310
1308
1300
1293
1291
1291
1291
1292
1292
1290
1300
1290
1304
1291
1293
1338
1295
1299
1303
1298
1294
1298
1293
1294
1299
1290
1297
1313
1294
1301
1292
1293
1291
1316
1330
1296
1342
1295
1290
1294
1298
1292
1294
1296
1298
1343
1290
1302
1309
1342
1299
1301
1339
1337
1300
1299
1304
1301
1297
1301
1294
1314
1305
1292
1297
1340
1317
1326
1303
1295
1341
1318
1299
1292
1309
1320
1318
1306
1310
1296
1298
1291
1293
1301
1315
1294
1296
1322
1294
1297
1332
1315
1329
1333
1338
1301
1307
1304
1318
1336
1297
1310
1310
1294
1318
1299
1293
1291
1301
1326
1291
1297
1293
1329
1297
1322
1290
1343
1310
1332
1308
1293
1339
1300
1297
1310
1303
1326
1299
1317
1299
1296
1292
1309
1298
1291
1294
1297
1291
1333
1337
1336
1307
1299
1300
1292
1302
1297
1296
1319
1294
1291
1317
1299
1294
1292
1321
1308
1301
1294
1291
1290
1314
1304
1307
1326
1300
1307
1319
1300
1297
1320
1294
1292
1333
1315
1303
1332
1316
1296
1292
1320
1291
1299
1294
1293
1319
1296
1319
1294
1336
1291
1312
1299
1290
1302
1291
1309
1301
1326
1295
1315
1307
1312
1325
1295
1293
1292
1318
1309
1313
1294
1306
1316
1312
1294
1290
1290
1293
1299
1340
1335
1302
1307
1294
1302
1296
1290
1294
1302
1292
1297
1283
1334
1296
1291
1303
1339
1308
1290
1291
1296
1300
1325
1290
1290
1290
1323
1303
1327
1294
1302
1293
1295
1298
1295
1298
1295
1317
1300
1307
1328
1310
1313
1304
1295
1324
1304
1294
1294
1337
1296
1293
1306
1303
1292
1294
1303
1330
1290
1297
1292
1311
1297
1308
1292
1304
1296
1294
1315
1312
1294
1298
1222
1300
1305
1339
1325
1301
1298
1294
1338
1313
1301
1292
1326
1293
1316
1297
1301
1333
1290
1299
1300
1301
1295
1321
1322
1320
1337
1294
1337
1296
1315
1312
1308
1301
1345
1307
1291
1305
1293
1322
1303
1314
1292
1295
1308
1295
1293
1303
1290
1294
1295
1329
1320
1291
1332
1294
1303
1296
1335
1292
1327
1300
1341
1294
1297
1295
1291
1291
1291
1338
1295
1290
1293
1290
1296
1299
1303
1295
1334
1292
1296
1299
1291
1315
1292
1298
1298
1292
1315
1325
1306
1298
1331
1295
1307
1325
1293
1293
1305
1291
1321
1297
1296
1293
1296
1331
1299
1330
1293
1311
1290
1296
1323
1293
1338
1323
1296
1307
1290
1291
1296
1290
1306
1297
1300
1294
1290
1329
1308
1295
1325
1292
1297
1328
1295
1302
1294
1297
1319
1296
1304
1317
1296
1292
1299
1300
1297
1298
1332
1316
1325
1324
1291
1308
1315
1295
1320
1343
1308
1307
1299
1298
1296
1299
1303
1311
1301
1310
1296
1302
1290
1274
1297
1295
1295
1295
1173
1290
1299
1326
1298
1295
1295
1322
1295
1314
1290
1298
1304
1339
1308
1310
1318
1329
1293
1296
1297
1291
1294
1332
1338
1330
1294
1290
1308
1311
1303
1301
1322
1298
1295
1321
1290
1293
1325
1314
1296
1303
1340
1317
1298
1295
1318
1296
1293
1296
1314
1317
1303
1297
1296
1295
1303
1318
1320
1310
1311
1301
1308
1298
1291
1298
1293
1293
1303
1295
1298
1328
1293
1298
1305
1290
1333
1337
1295
1299
1297
1317
1293
1309
1302
1295
1295
1290
1296
1317
1298
1296
1303
1293
1304
1293
1310
1293
1337
1306
1303
1290
1312
1301
1291
1302
1291
1304
1294
1337
1296
1290
1308
1301
1302
1294
1292
1294
1296
1291
1293
1300
1301
1299
1290
1292
1292
1294
1301
1295
1310
1291
1293
1297
1314
1317
1299
1290
1308
1298
1294
1290
1344
1304
1294
1294
1300
1302
1294
1290
1299
1292
1297
1294
1334
1315
1300
1290
1292
1302
1290
1319
1292
1294
1298
1296
1307
1290
1300
1290
1313
1293
1321
1296
1292
1298
1321
1307
1301
1310
1304
1323
1291
1297
1296
1308
1297
1323
1320
1299
1295
1309
1297
1296
1319
1307
1292
1297
1300
1291
1295
1305
1320
1295
1298
1324
1321
1299
1293
1290
1329
1294
1293
1311
1315
1318
1296
1296
1299
1294
1304
1296
1306
1303
1294
1300
1309
1292
1291
1301
1316
1291
1297
1338
1294
1339
1291
1294
1296
1292
1301
1306
1313
1290
1309
1303
1292
1309
1332
1297
1290
1293
1302
1291
1302
1295
1308
1304
1292
1296
1292
1297
1294
1299
1294
1293
1334
1272
1308
1291
1292
1291
1293
1295
1296
1301
1309
1305
1291
1316
1290
1291
1293
1293
1312
1291
1292
1296
1305
1317
1298
1297
1290
1290
1294
1290
1290
1296
1302
1326
1295
1305
1308
1257
1295
1301
1290
1297
1315
1296
1303
1294
1297
1302
1299
1297
1303
1296
1294
1296
1296
1333
1301
1303
1298
1297
1326
1295
1291
1293
1337
1298
1291
1316
1303
1261
1297
1294
1301
1307
1300
1295
1302
1331
1340
1295
1301
1303
1265
1309
1298
1338
1295
1337
1324
1301
1332
1294
1297
1302
1306
1308
1301
1338
1310
1314
1297
1297
1290
1300
1323
1298
1301
1329
1307
1300
1323
1291
1316
1293
1320
1336
1290
1298
1292
1314
1306
1294
1330
1303
1298
1295
1295
1327
1308
1295
1322
1312
1305
1303
1297
1292
1292
1299
1298
1295
1294
1308
1298
1329
1305
1297
1329
1294
1321
1320
1294
1296
1292
1296
1301
1306
1296
1335
1291
1295
1298
1300
1321
1325
1327
1295
1292
1292
1297
1327
1291
1322
1290
1295
1298
1291
1303
1290
1290
1304
1294
1290
1333
1320
1295
1291
1298
1308
1291
1319
1323
1299
1296
1296
1300
1307
1308
1292
1297
1301
1294
1309
1294
1313
1301
1320
1295
1290
1294
1304
1301
1307
1312
1291
1301
1296
1310
1317
1299
1311
1295
1319
1291
1303
1313
1290
1332
1297
1290
1294
1337
1294
1307
1295
1291
1299
1317
1298
1294
1295
1333
1269
1304
1291
1325
1298
1325
1327
1298
1300
1323
1307
1303
1315
1327
1304
1314
1325
1291
1294
1313
1294
1291
1301
1309
1301
1293
1301
1293
1299
1295
1330
1300
1292
1291
1302
1298
1338
1310
1295
1290
1295
1299
1303
1331
1295
1309
1315
1329
1309
1291
1337
1301
1290
1305
1339
1306
1333
1323
1308
1292
1314
1290
1317
1331
1293
1297
1326
1299
1305
1290
1327
1307
1323
1296
1292
1297
1317
1306
1311
1315
1299
1297
1321
1294
1332
1292
1290
1338
1295
1295
1295
1296
1293
1299
1297
1299
1297
1292
1326
1295
1302
1301
1295
1306
1290
1296
1302
1302
1206
1290
1303
1293
1320
1292
1293
1336
1316
1298
1314
1303
1303
1296
1291
1327
1309
1308
1292
1303
1300
1290
1299
1294
1294
1293
1319
1296
1320
1294
1307
1321
1290
1301
1292
1337
1293
1285
1301
1296
1295
1326
1340
1308
1294
1303
1306
1297
1303
1302
1296
1296
1300
1306
1294
1302
1340
1342
1295
1301
1319
1298
1308
1298
1293
1319
1293
1316
1324
1339
1309
1298
1297
1328
1339
1303
1296
1304
1296
1297
1315
1303
1336
1328
1300
1325
1294
1297
1302
1302
1299
1292
1291
1307
1290
1317
1315
1322
1291
1309
1292
1292
1290
1327
1291
1295
1308
1293
1292
1292
1305
1293
1315
1293
1299
1294
1293
1299
1292
1291
1291
1293
1316
1290
1298
1338
1310
1301
1328
1293
1296
1292
1291
1327
1292
1305
1292
1290
1295
1290
1296
1326
1341
1293
1336
1301
1290
1317
1256
1291
1298
1296
1290
1307
1292
1296
1290
1292
1339
1292
1307
1311
1336
1292
1292
1321
1309
1294
1292
1292
1294
1316
1296
1294
1309
1293
1290
1315
1297
1336
1290
1305
1296
1295
1327
1300
1295
1323
1291
1290
1292
1295
1300
1299
1307
1305
1300
1297
1297
1291
1295
1291
1297
1306
1303
1296
1290
1336
1303
1297
1293
1295
1336
1301
1294
1300
1290
1302
1337
1307
1300
1328
1319
1296
1309
1299
1303
1291
1291
1301
1298
1307
1297
1309
1298
1297
1291
1300
1294
1304
1291
1338
1316
1293
1335
1308
1299
1334
1291
1322
1300
1339
1297
1295
1307
1309
1305
1301
1294
1329
1330
1299
1312
1293
1293
1291
1297
1302
1323
1290
1339
1308
1312
1293
1301
1296
1306
1340
1318
1328
1298
1293
1311
1326
1298
1295
1290
1293
1293
1290
1290
1295
1306
1304
1291
1301
1325
1306
1298
1299
1302
1297
1317
1307
1291
1324
1298
1335
1303
1302
1320
1300
1311
1311
1299
1323
1338
1319
1298
1294
1328
1338
1322
1291
1291
1295
1336
1323
1297
1307
1315
1294
1292
1291
1290
1320
1306
1298
1312
1307
1303
1298
1298
1293
1298
1305
1291
1321
1314
1315
1299
1321
1302
1306
1298
1299
1306
1298
1293
1292
1294
1305
1299
1330
1297
1329
1296
1293
1297
1319
1297
1315
1321
1309
1296
1295
1296
1323
1296
1316
1299
1297
1292
1307
1295
1290
1302
1292
1291
1292
1294
1297
1333
1294
1297
1290
1325
1295
1294
1295
1298
1292
1296
1300
1295
1314
1292
1294
1301
1303
1312
1316
1294
1298
1292
1302
1316
1300
1291
1330
1295
1293
1297
1300
1290
1290
1298
1292
1326
1340
1310
1321
1299
1296
1292
1297
1290
1320
1324
1296
1299
1302
1291
1321
1294
1308
1291
1308
1297
1303
1292
1298
1303
1295
1292
1296
1291
1297
1302
1323
1300
1292
1309
1304
1325
1293
1311
1291
1296
1339
1306
1309
1304
1315
1294
1309
1295
1297
1291
1329
1299
1291
1290
1292
1296
1309
1298
1292
1298
1324
1294
1321
1311
1294
1294
1301
1314
1295
1290
1337
1296
1294
1292
1304
1296
1315
1292
1294
1334
1292
1332
1296
1295
1301
1334
1331
1295
1295
1306
1317
1303
1293
1320
1298
1302
1299
1294
1291
1302
1323
1296
1317
1301
1297
1339
1326
1296
1302
1313
1343
1315
1309
1291
1299
1296
1290
1299
1295
1299
1298
1299
1322
1337
1297
1290
1292
1330
1293
1292
1291
1296
1294
1294
1297
1336
1337
1294
1305
1301
1297
1303
1313
1319
1290
1304
1337
1337
1295
1300
1305
1308
1311
1335
1297
1327
1290
1312
1294
1329
1296
1296
1282
1290
1303
1291
1304
1296
1300
1297
1300
1291
1316
1304
1336
1301
1335
1290
1293
1300
1295
1304
1297
1302
1293
1306
1295
1292
1305
1334
1339
1295
1293
1296
1323
1291
1301
1291
1323
1296
1303
1295
1323
1328
1304
1291
1304
1290
1291
1307
1215
1307
1295
1331
1293
1326
1296
1293
1297
1315
1296
1310
1343
1291
1308
1292
1304
1302
1298
1297
1293
1293
1306
1293
1315
1301
1303
1323
1297
1305
1306
1339
1299
1293
1290
1307
1299
1301
1292
1308
1318
1294
1298
1291
1334
1312
1292
1306
1292
1297
1309
1302
1308
1306
1293
1294
1296
1304
1292
1337
1290
1292
1297
1293
1308
1328
1330
1320
1297
1293
1292
1290
1322
1294
1293
1291
1297
1342
1290
1321
1321
1297
1295
1300
1293
1312
1293
1305
1309
1320
1298
1342
1297
1306
1301
1290
1335
1312
1319
1303
1327
1335
1300
1325
1334
1301
1301
1298
1293
1292
1337
1292
1301
1217
1296
1334
1304
1294
1307
1323
1309
1332
1317
1342
1304
1291
1297
1292
1292
1294
1291
1291
1306
1303
1301
1305
1293
1319
1295
1321
1292
1331
1323
1299
1295
1302
1327
1293
1303
1297
1295
1294
1308
1295
1302
1307
1298
1296
1345
1336
1305
1294
1296
1302
1297
1320
1296
1318
1291
1290
1293
1307
1292
1297
1290
1297
1291
1301
1295
1298
1301
1307
1292
1333
1318
1295
1328
1306
1302
1291
1290
1337
1294
1342
1293
1323
1292
1302
1296
1319
1328
1295
1335
1294
1301
1316
1297
1323
1294
1303
1329
1300
1293
1298
1290
1300
1295
1295
1307
1312
1296
1293
1298
1291
1322
1295
1299
1305
1292
1322
1313
1290
1316
1329
1318
1326
1296
1294
1334
1333
1301
1218
1300
1304
1307
1299
1327
1228
1309
1322
1326
1309
1295
1299
1270
1298
1292
1301
1328
1298
1292
1296
1298
1305
1296
1304
1327
1291
1317
1305
1297
1299
1292
1298
1294
1319
1302
1301
1340
1301
1290
1294
1297
1340
1293
1312
1291
1303
1307
1293
1299
1292
1304
1306
1310
1292
1295
1297
1290
1297
1339
1327
1295
1317
1334
1291
1291
1328
1297
1294
1341
1295
1291
1303
1303
1291
1328
1336
1297
1301
1311
1296
1313
1297
1326
1297
1291
1302
1315
1311
1294
1309
1336
1336
1341
1295
1291
1291
1332
1304
1297
1290
1299
1299
1317
1294
1339
1293
1299
1300
1306
1295
1315
1298
1295
1318
1296
1298
1311
1291
1338
1309
1309
1305
1297
1330
1291
1290
1293
1293
1291
1336
1326
1298
1341
1302
1290
1314
1305
1297
1327
1322
1299
1310
1341
1292
1298
1306
1335
1295
1303
1290
1295
1313
1300
1296
1337
1318
1300
1297
1316
1323
1293
1308
1293
1336
1300
1329
1296
1331
1329
1317
1295
1328
1299
1327
1296
1297
1314
1290
1307
1290
1335
1299
1297
1168
1292
1292
1298
1298
1316
1291
1322
1304
1292
1317
1293
1291
1304
1293
1294
1297
1338
1338
1327
1308
1294
1295
1297
1339
1311
1298
1303
1291
1339
1290
1158
1301
1323
1290
1298
1297
1294
1292
1335
1292
1300
1322
1295
1300
1291
1291
1296
1296
1307
1308
1297
1294
1300
1301
1297
1292
1313
1327
1293
1295
1291
1301
1292
1317
1294
1295
1329
1310
1328
1297
1325
1331
1298
1290
1292
1291
1290
1297
1303
1290
1293
1331
1292
1291
1293
1316
1296
1298
1343
1298
1307
1317
1296
1293
1296
1306
1297
1328
1305
1296
1293
1318
1316
1304
1300
1301
1297
1290
1306
1298
1343
1309
1315
1292
1294
1316
1296
1290
1292
1309
1292
1296
1305
1301
1275
1301
1329
1300
1300
1291
1301
1295
1297
1298
1295
1307
1321
1312
1297
1334
1290
1291
1295
1292
1308
1339
1301
1296
1298
1304
1303
1297
1290
1339
1293
1291
1296
1340
1295
1317
1328
1301
1293
1302
1298
1307
1313
1337
1296
1302
1298
1293
1293
1297
1325
1315
1291
1294
1341
1297
1327
1292
1296
1306
1291
1343
1344
1343
1300
1291
1319
1295
1296
1294
1301
1321
1291
1338
1292
1295
1318
1298
1332
1334
1292
1339
1306
1308
1294
1331
1327
1303
1300
1300
1292
1292
1295
1299
1324
1328
1310
1298
1292
1296
1322
1342
1299
1292
1317
1303
1336
1291
1293
1299
1290
1291
1290
1316
1297
1293
1300
1296
1309
1296
1295
1292
1312
1302
1295
1338
1321
1299
1295
1296
1294
1294
1313
1292
1312
1291
1296
1304
1336
1316
1294
1341
1307
1304
1296
1293
1337
1296
1296
1290
1297
1290
1185
1324
1296
1294
1290
1297
1302
1304
1334
1290
1295
1312
1293
1308
1295
1328
1299
1342
1294
1296
1298
1292
1300
1291
1298
1318
1341
1320
1300
1303
1302
1340
1293
1328
1303
1291
1308
1341
1306
1316
1324
1291
1292
1339
1301
1296
1295
1296
1308
1293
1291
1300
1291
1293
1301
1290
1315
1298
1133
1322
1303
1300
1297
1334
1305
1311
1307
1296
1294
1310
1300
1303
1312
1327
1292
1296
1338
1313
1331
1329
1302
1297
1309
1295
1295
1304
1300
1296
1324
1291
1298
1293
1290
1297
1296
1316
1332
1299
1296
1313
1305
1338
1296
1305
1302
1317
1309
1291
1313
1336
1292
1291
1294
1292
1306
1293
1300
1297
1298
1291
1297
1306
1291
1290
1334
1307
1323
1314
1298
1290
1297
1291
1290
1300
1303
1295
1291
1298
1297
1291
1295
1296
1293
1298
1290
1330
1297
1307
1292
1332
1295
1290
1335
1296
1335
1307
1308
1306
1296
1302
1301
1292
1292
1292
1320
1291
1298
1301
1290
1295
1300
1310
1291
1290
1301
1298
1302
1296
1296
1310
1291
1294
1298
1291
1293
1333
1318
1291
1304
1336
1312
1304
1307
1312
1302
1336
1231
1298
1300
1299
1298
1301
1328
1318
1308
1298
1295
1294
1303
1295
1337
1295
1318
1291
1291
1298
1294
1295
1290
1298
1294
1296
1331
1293
1337
1290
1338
1295
1308
1298
1290
1330
1330
1295
1295
1332
1337
1302
1303
1331
1295
1290
1298
1314
1296
1291
1294
1300
1304
1291
1303
1316
1290
1300
1297
1295
1299
1311
1297
1338
1290
1291
1303
1316
1308
1300
1299
1299
1291
1315
1295
1301
1292
1302
1291
1293
1291
1303
1298
1303
1296
1290
1292
1292
1326
1300
1294
1311
1297
1294
1290
1306
1315
1334
1299
1295
1292
1315
1338
1303
1302
1325
1294
1307
1290
1297
1310
1292
1314
1299
1292
1303
1308
1299
1295
1298
1302
1310
1293
1337
1312
1307
1337
1301
1300
1295
1319
1290
1290
1315
1294
1300
1331
1299
1307
1290
1293
1325
1290
1291
1303
1293
1291
1293
1300
1300
1291
1300
1298
1305
1202
1291
1296
1324
1316
1303
1294
1298
1301
1301
1298
1294
1290
1328
1308
1298
1331
1295
1298
1292
1294
1295
1291
1292
1293
1336
1297
1291
1300
1344
1300
1303
1291
1313
1296
1336
1291
1302
1321
1297
1304
1304
1335
1297
1299
1300
1297
1295
1324
1312
1290
1307
1297
1301
1307
1297
1295
1297
1296
1306
1293
1291
1301
1296
1310
1290
1304
1319
1313
1324
1295
1312
1293
1321
1312
1291
1300
1296
1297
1301
1335
1296
1301
1302
1292
1309
1297
1302
1303
1298
1342
1293
1294
1332
1297
1301
1298
1323
1315
1327
1296
1305
1333
1290
1317
1301
1311
1301
1296
1298
1309
1291
1334
1325
1301
1297
1292
1291
1290
1293
1315
1300
1295
1295
1291
1290
1304
1300
1304
1303
1299
1292
1299
1334
1296
1318
1300
1301
1319
1307
1293
1297
1302
1292
1336
1309
1307
1290
1313
1331
1342
1290
1316
1346
1340
1297
1324
1329
1300
1309
1302
1331
1223
1290
1301
1293
1297
1320
1321
1298
1304
1295
1311
1293
1293
1293
1321
1299
1315
1301
1290
1293
1305
1336
1298
1291
1290
1327
1317
1307
1302
1338
1294
1303
1299
1325
1292
1316
1298
1297
1291
1310
1295
1291
1325
1295
1292
1323
1291
1337
1291
1340
1291
1291
1336
1298
1295
1322
1296
1331
1313
1332
1299
1343
1303
1340
1298
1292
1326
1297
1295
1335
1300
1297
1302
1304
1299
1293
1317
1334
1312
1297
1318
1296
1317
1331
1320
1292
1303
1337
1292
1300
1320
1309
1297
1290
1316
1292
1292
1307
1304
1291
1303
1315
1303
1301
1308
1304
1292
1302
1180
1291
1340
1295
1290
1292
1304
1293
1290
1299
1290
1330
1325
1336
1295
1291
1296
1295
1293
1315
1331
1303
1305
1300
1296
1305
1293
1296
1305
1293
1328
1306
1303
1305
1306
1290
1290
1331
1296
1296
1321
1304
1295
1293
1332
1295
1316
1292
1290
1298
1314
1336
1290
1330
1291
1300
1338
1331
1335
1292
1291
1295
1292
1298
1298
1290
1292
1301
1296
1294
1300
1293
1297
1292
1296
1330
1319
1291
1293
1305
1291
1312
1290
1312
1296
1308
1308
1292
1295
1292
1290
1333
1293
1296
1310
1291
1297
1307
1301
1302
1336
1321
1329
1309
1316
1293
1308
1301
1295
1196
1305
1298
1297
1307
1300
1293
1306
1290
1294
1292
1313
1292
1293
1311
1304
1309
1305
1292
1304
1293
1294
1301
1298
1295
1318
1304
1293
1293
1295
1329
1300
1294
1311
1306
1319
1301
1328
1335
1299
1313
1312
1295
1292
1294
1320
1305
1298
1295
1315
1303
1309
1296
1312
1296
1319
1302
1335
1295
1339
1303
1294
1291
1292
1298
1316
1302
1331
1319
1292
1340
1304
1303
1298
1293
1290
1327
1292
1337
1316
1296
1298
1328
1301
1332
1345
1296
1292
1296
1295
1290
1336
1296
1339
1335
1304
1325
1199
1294
1297
1307
1301
1292
1290
1305
1327
1297
1302
1334
1330
1298
1338
1331
1319
1329
1297
1296
1290
1304
1293
1290
1295
1291
1291
1297
1295
1298
1296
1304
1294
1302
1305
1290
1293
1304
1298
1299
1340
1297
1334
1290
1297
1304
1325
1291
1291
1299
1327
1292
1301
1301
1295
1340
1291
1295
1296
1296
1318
1295
1295
1322
1325
1291
1291
1299
1291
1293
1297
1296
1334
1163
1294
1306
1294
1315
1302
1334
1291
1297
1305
1299
1338
1298
1297
1290
1292
1297
1298
1308
1313
1295
1313
1303
1290
1290
1294
1293
1294
1339
1295
1299
1302
1342
1302
1292
1304
1303
1302
1301
1303
1334
1294
1304
1291
1326
1290
1291
1305
1293
1296
1302
1294
1293
1295
1297
1291
1302
1308
1317
1294
1334
1300
1321
1290
1298
1303
1293
1295
1316
1307
1290
1317
1251
1323
1303
1329
1301
1293
1297
1292
1316
1295
1315
1298
1333
1292
1298
1290
1319
1305
1299
1297
1290
1291
1298
1315
1318
1301
1311
1297
1313
1291
1309
1300
1310
1322
1293
1320
1292
1299
1337
1296
1309
1297
1300
1318
1337
1298
1296
1318
1293
1290
1313
1291
1342
1297
1291
1294
1299
1311
1302
1310
1300
1291
1324
1294
1302
1339
1296
1295
1295
1322
1295
1294
1290
1296
1315
1290
1298
1301
1293
1296
1305
1292
1306
1295
1290
1306
1299
1301
1296
1304
1344
1296
1300
1293
1295
1340
1314
1293
1302
1342
1290
1298
1291
1304
1300
1304
1304
1293
1296
1321
1339
1328
1312
1315
1299
1324
1297
1317
1292
1298
1310
1297
1297
1294
1303
1298
1290
1332
1291
1312
1296
1293
1304
1320
1291
1304
1321
1324
1306
1297
1291
1290
1296
1293
1298
1313
1295
1294
1296
1319
1292
1301
1297
1331
1299
1307
1299
1297
1317
1292
1322
1315
1300
1295
1301
1308
1299
1290
1291
1296
1308
1339
1327
1290
1295
1339
1304
1290
1293
1316
1296
1291
1297
1319
1318
1297
1294
1293
1331
1298
1303
1308
1295
1305
1310
1324
1300
1326
1294
1293
1297
1300
1319
1304
1290
1298
1296
1340
1293
1295
1335
1292
1303
1291
1335
1300
1297
1294
1307
1299
1307
1294
1301
1336
1294
1293
1290
1294
1294
1309
1296
1302
1316
1301
1300
1295
1334
1301
1342
1292
1308
1339
1291
1301
1296
1335
1297
1298
1335
1290
1290
1316
1344
1314
1301
1336
1294
1342
1333
1290
1298
1294
1294
1290
1306
1332
1339
1301
1298
1295
1298
1294
1321
1298
1291
1339
1291
1317
1292
1305
1304
1290
1290
1321
1301
1304
1293
1313
1291
1340
1312
1291
1315
1296
1295
1299
1298
1293
1333
1332
1320
1293
1293
1294
1300
1300
1331
1330
1321
1292
1333
1291
1323
1298
1307
1305
1295
1301
1297
1320
1290
1330
1297
1322
1316
1314
1303
1297
1290
1292
1293
1329
1316
1332
1296
1293
1316
1295
1306
1306
1290
1290
1295
1297
1313
1298
1296
1305
1326
1337
1293
1331
1293
1295
1345
1290
1290
1301
1294
1331
1293
1293
1332
1296
1326
1337
1326
1300
1306
1333
1294
1347
1303
1291
1293
1337
1333
1326
1300
1312
1290
1292
1303
1308
1297
1299
1302
1318
1291
1341
1297
1291
1305
1324
1292
1311
1299
1337
1291
1295
1296
1301
1309
1292
1296
1292
1312
1295
1290
1326
1295
1298
1304
1298
1294
1316
1291
1293
1306
1291
1310
1309
1293
1313
1317
1292
1299
1297
1291
1291
1298
1296
1323
1303
1297
1291
1295
1291
1326
1310
1297
1305
1294
1303
1314
1316
1328
1295
1295
1292
1294
1315
1308
1343
1303
1292
1291
1297
1308
1294
1290
1292
1324
1308
1303
1294
1294
1291
1325
1336
1321
1303
1304
1300
1298
1339
1304
1297
1299
1295
1290
1296
1319
1295
1318
1294
1310
1295
1295
1321
1310
1290
1290
1304
1295
1292
1314
1291
1297
1302
1299
1293
1294
1290
1321
1298
1312
1291
1293
1326
1293
1325
1290
1291
1299
1298
1310
1332
1303
1300
1297
1292
1291
1306
1301
1321
1298
1302
1299
1295
1292
1315
1321
1300
1294
1307
1292
1296
1290
1332
1339
1303
1295
1330
1295
1330
1301
1304
1295
1331
1322
1321
1298
1298
1320
1308
1335
1301
1313
1292
1321
1300
1300
1309
1299
1317
1298
1290
1292
1297
1290
1299
1293
1296
1290
1332
1295
1301
1312
1300
1292
1296
1329
1315
1308
1339
1312
1293
1292
1300
1296
1291
1298
1294
1300
1295
1294
1293
1290
1302
1300
1291
1298
1337
1291
1290
1339
1295
1339
1304
1294
1304
1302
1327
1291
1303
1295
1304
1341
1291
1294
1321
1297
1304
1309
1329
1319
1316
1316
1295
1292
1334
1246
1298
1291
1291
1296
1330
1291
1319
1307
1291
1331
1304
1292
1337
1328
1303
1296
1320
1290
1321
1301
1339
1293
1303
1338
1298
1320
1290
1300
1292
1318
1290
1299
1299
1325
1295
1304
1321
1295
1321
1323
1292
1341
1291
1291
1298
1292
1293
1330
1328
1295
1297
1335
1309
1338
1331
1337
1305
1291
1294
1300
1292
1299
1294
1298
1334
1294
1290
1304
1299
1314
1291
1337
1302
1292
1306
1323
1292
1334
1301
1294
1295
1321
1294
1297
1295
1322
1333
1323
1303
1333
1337
1290
1333
1291
1299
1291
1333
1307
1295
1291
1296
1298
1299
1290
1292
1316
1298
1332
1334
1326
1312
1290
1298
1337
1313
1317
1291
1293
1293
1297
1300
1294
1293
1290
1295
1295
1291
1294
1323
1306
1304
1298
1291
1327
1291
1303
1291
1293
1298
1331
1304
1296
1291
1331
1305
1310
1299
1296
1297
1293
1305
1293
1303
1301
1301
1294
1318
1300
1294
1295
1295
1320
1340
1293
1298
1290
1297
1306
1294
1296
1308
1335
1293
1304
1297
1323
1291
1297
1299
1307
1321
1311
1290
1298
1297
1290
1295
1306
1293
1330
1301
1313
1293
1297
1296
1335
1303
1300
1297
1328
1304
1295
1302
1318
1326
1328
1306
1293
1302
1299
1290
1296
1326
1296
1309
1331
1342
1294
1310
1290
1292
1315
1341
1303
1291
1290
1292
1294
1292
1298
1298
1312
1292
1291
1307
1296
1302
1291
1341
1293
1307
1303
1291
1301
1317
1297
1310
1331
1292
1306
1298
1317
1300
1305
1295
1298
1293
1302
1304
1296
1335
1292
1334
1300
1187
1292
1290
1293
1296
1308
1320
1300
1334
1296
1318
1296
1308
1299
1311
1305
1313
1295
1300
1292
1292
1312
1290
1325
1307
1301
1339
1290
1308
1298
1300
1295
1290
1294
1315
1310
1295
1291
1322
1330
1300
1294
1301
1294
1292
1315
1313
1339
1300
1306
1301
1303
1294
1294
1306
1326
1302
1326
1340
1311
1295
1297
1301
1309
1336
1291
1291
1302
1296
1337
1297
1294
1299
1301
1291
1291
1291
1301
1301
1299
1291
1308
1342
1301
1308
1292
1302
1295
1296
1291
1301
1278
1292
1294
1299
1303
1297
1300
1300
1325
1290
1321
1302
1325
1298
1298
1299
1293
1311
1307
1313
1327
1304
1294
1298
1292
1335
1293
1290
1302
1329
1291
1290
1306
1323
1312
1297
1298
1320
1313
1294
1298
1294
1297
1293
1297
1296
1297
1295
1306
1339
1290
1292
1329
1300
1281
1290
1301
1294
1301
1302
1294
1304
1324
1291
1295
1268
1325
1297
1275
1292
1293
1303
1293
1295
1203
1332
1316
1312
1312
1317
1333
1326
1290
1342
1312
1291
1241
1290
1291
1300
1291
1290
1298
1297
1317
1289
1298
1281
1315
1296
1298
1292
1300
1293
1291
1295
1334
1331
1304
1310
1285
1322
967
1175
1340
1322
1296
1184
1323
1178
1330
1294
1321
1278
1279
1301
1293
1315
1299
1301
1292
1344
1291
1301
1063
1273
1343
1230
1040
1205
1225
1344
1296
1292
1070
1293
1232
1291
1297
1290
1245
1269
1298
1023
1290
1195
1206
1300
1330
1290
1297
1184
1295
1277
1027
1240
1159
1315
1306
1302
1021
1136
1120
797
1298
1331
1075
1310
813
1266
1179
1291
1039
1299
1142
1061
1163
1314
1054
1235
1249
1026
776
1292
1017
1185
1052
1100
1057
1295
979
1206
1173
1093
689
1100
830
1079
742
919
735
1024
1057
988
1070
1050
971
973
839
886
925
923
1156
920
875
755
793
744
700
613
952
709
857
628
829
600
556
783
599
548
622
716
694
602
786
542
553
815
583
527
482
647
313
531
578
742
567
620
486
434
609
295
394
387
541
420
315
338
424
345
307
203
274
257
429
110
180
176
183
177
189
169
255
216
277
387
245
204
248
322
177
189
151
279
263
302
202
250
126
79
188
32
124
123
112
214
171
147
140
55
55
120
151
163
123
122
52
84
34
44
153
107
66
97
119
85
94
35
84
51
88
28
66
83
100
182
46
52
128
41
81
111
106
45
75
116
77
100
58
87
152
33
81
115
6
2
60
8
7
75
27
100
4
20
98
159
136
151
32
13
98
2
115
34
62
26
11
47
7
6
33
19
42
0
13
63
7
116
-1
-3
19
87
47
43
22
-1
1
0
12
51
54
51
-9
46
-1
-5
50
23
-2
